Cluster centers 

[-0.94113891 -0.49896127 -1.12450578 -0.83249016]
[ 1.08392185 -0.97721303  0.82214515  0.71133649]
[-0.9893976   0.28942514  0.0583839   0.9445299 ]
[ 1.09421553 -0.04661552 -0.42831016  0.0125018 ]
[-1.03435265  0.99164463  0.87909838  0.40725714]
[ 1.10288456 -0.36613336  0.38078857 -0.81846658]
[ 0.8341879   1.15145225 -1.14261579  1.11222774]
[-1.04891465 -0.27546687 -0.22411503 -2.61544922]
[-0.94474601 -0.75157757 -1.02011738  0.43670603]
[-1.01899857 -0.45072459  0.39726905  1.11997166]
[-0.99012307  2.39214964  0.94146756 -0.48242536]
[-0.95479985 -0.28689986  1.97156913  0.79961942]
[ 1.0480891   0.56239568 -0.51424806  1.15209625]
[ 0.44964545  0.99444609 -2.06690906 -0.89384359]
[ 0.95764455 -1.4098299   1.37322337  0.04389996]
[ 0.93176736 -0.89885613  1.56952519 -1.62199202]
[ 0.64342887  2.86473507 -0.30873396  0.32304946]
[-0.99531648 -1.73569132  0.25118912  0.31533274]
[ 0.98686162  0.75559635  2.32220103  0.8211139 ]
[-0.34148432  1.1486311  -2.04601565 -2.22027157]
[ 0.89986944  0.53514841 -1.35402694  0.49293572]
[-1.02167827 -1.00906129 -0.51118485 -0.74155754]
[-1.03310523 -1.24158807  0.4744155  -1.74863735]
[ 1.13038834 -0.4385476   0.1436863   0.70408473]
[-0.95302933  0.96341911 -0.48310762 -4.08552314]
[-1.06357731  1.9598719   1.54306303 -0.46201694]
[-1.02271379  0.44878986  1.79990997  0.42880622]
[-0.89738176  1.11952278 -0.22550975  0.68392829]
[-0.80041328 -0.15954517 -1.49169982  0.63364586]
[-1.0222887   1.45689413  2.77911667 -0.6046376 ]
[-1.03926112  0.48925575  1.00867453  0.63633204]
[ 1.06607295 -0.4025682   0.84392673 -1.47367478]
[ 1.01818983  0.41204864 -0.77522336 -0.86801461]
[ 1.08453613 -0.9118356   0.7378773   0.11769014]
[-1.00190381 -0.61198103 -0.75013462 -1.28637427]
[-0.77924972 -2.33311533  1.3523616  -0.16633025]
[ 1.04385888 -0.97335584  0.98866248 -0.42260359]
[ 1.09072152  0.10686663  0.07606264 -1.4074157 ]
[-1.02377636 -1.35049515 -0.25791058 -0.1410278 ]
[-0.94690711 -0.23736028 -0.5927694   1.08255312]
[ 1.11997745 -0.4885587   0.70258767  1.21605015]
[ 0.95668134 -1.18630908  1.6089595   1.25170356]
[ 1.0182515   0.2655368  -0.93642128  0.19340837]
[-1.02176984 -0.05688698  1.34331461  0.82132805]
[ 0.87589644  1.57469267 -0.66492617  1.05465915]
[-0.69671935  1.04718947 -1.09115781  0.92620166]
[-0.75094184 -0.04362201 -1.7464606  -0.52224368]
[ 1.1006769  -0.05687078 -0.18892577 -0.58146941]
[ 0.79000282 -1.87760531  1.79397256  0.5518547 ]
[ 1.12533046  0.33637142  0.40267659  1.2888574 ]
[ 0.8782383   0.61253271 -1.39971817 -0.3587326 ]
[ 1.0735877   0.12989089  0.67762991 -2.20862776]
[-1.02443788  0.19060056  0.54396179  0.88954306]
[-1.02070201  1.60193394  0.89306376  0.04477841]
[-0.99302736  0.94351704  0.35923334  0.59603581]
[-0.97159738 -0.64333568 -0.58120845  1.02062408]
[-0.89227682  0.28234411 -1.16884308 -2.33160617]
[ 1.0996339  -0.65569405  0.55099614 -0.34592456]
[-1.05641582  1.10179053  1.52576192  0.1184269 ]
[-1.00808621 -1.24780277  0.15121104  1.05343817]
[ 1.05165496  0.2108871  -0.74639621  0.72005263]
[ 0.8275972   1.04101968 -1.22831587 -1.78391494]
[-0.92694106 -0.08090738 -1.11967969 -1.7678791 ]
[-0.92713325 -0.63340177 -1.17823164 -0.14283204]
[ 0.98640831  0.52534572 -0.95015437  0.96226937]
[ 1.00839017  1.75357371  0.17083489  0.88561876]
[ 1.02521457 -0.82772601  1.10331192 -1.01664819]
[-0.88550222 -1.66081465  1.36160922  1.25215357]
[-1.04486545 -0.91253419 -0.19892703 -1.50395347]
[ 0.61336505  0.81602969 -1.97573232  0.07597406]
[-0.99293765 -0.86270141  1.04570186  1.17200355]
[ 1.12101164 -0.29886622 -0.0961262   0.24055869]
[-0.85055524  3.46030986  0.83727361 -1.16114597]
[ 0.40163751  1.42666727 -1.79038979  0.97569137]
[-1.07599718  2.96496901  2.14156897 -1.49879144]
[ 1.02493995 -0.11922035  1.24093803 -2.46179634]
[ 1.11822975 -0.68133967  0.4172048   0.36843257]
[-1.00580944 -1.17535575 -0.45383076  0.56491277]
[ 1.11866534 -0.03589947 -0.11659343  1.04449422]
[-0.56764295  0.27315019 -1.99600568  0.51197053]
[-0.7069494   0.44727332 -1.73157702 -1.71821142]
[-0.97514709  0.43479192  0.52188601  0.80537652]
[-1.01542207 -0.44158635 -0.6149126  -1.83917871]
[ 0.96877291 -0.54290891  1.48078315 -2.10136811]
[-0.79904448  0.82888839 -1.20266508 -3.08398308]
[-0.93539479  0.26079997 -0.43100602  1.02719846]
[-1.06178132  1.37542107  2.02347924 -0.25055921]
[-0.93093163  1.73745998  0.27789075  0.20758694]
[ 1.08231223  0.97568669  0.18847209  1.17430392]
[ 0.01161945  0.81166498 -2.40920273 -0.14560752]
[ 0.99590951  2.77583365  1.05771818  0.0559073 ]
[-0.99603258 -0.96114788 -0.7581593  -0.22988607]
[ 1.05854895  0.19481027 -0.61636379 -0.50745445]
[-1.02745602 -1.45279615  0.08035778 -0.66246378]
[-0.72977971  0.55552838 -1.28265224  1.01676754]
[ 1.11563788  0.90923988  0.9321674   1.10139133]
[ 1.09504078 -0.02579104 -0.47254646  0.53829369]
[ 0.29909966  2.29552263 -1.02472688  0.6855448 ]
[-0.84074288 -0.07682122 -1.47734253 -1.13869118]
[ 1.11703883 -0.36177478  0.10674713 -0.2427279 ]

Populations

0.00213362154593
0.429205615957
0.0699329490942
0.498727813403

State labels

0
1
2
3

Eigen uncertainty

2.13818707832e-11
0.0158079801006
0.159528628018
0.0384209617365

Eigen values

1.0
0.764524143802
0.140610585915
0.117792968699

Left eigenvectors

[ 0.00213362  0.00196928  0.0453626   0.00821134]
[ 0.42920562 -0.43249894  0.04150444 -0.23708692]
[ 0.06993295 -0.06746962 -0.04415722  0.24195107]
[ 0.49872781  0.49799928 -0.04270981 -0.01307549]

Right eigenvectors

[  1.           0.92297417  21.26084437   3.84854467]
[ 1.         -1.00767306  0.09670059 -0.55238541]
[ 1.         -0.96477591 -0.63142222  3.45975789]
[ 1.          0.99853922 -0.08563752 -0.02621769]
