Cluster centers 

[-0.99604273  0.48415564  0.17770137 -1.70001998]
[ 1.09293379 -0.46665945 -0.24863594 -0.10767913]
[-0.81349338  0.22070724 -0.43332243  1.59438045]
[-0.89000488 -2.59120586 -0.79878607 -0.10215335]
[ 1.13225012  0.90939139  0.24540299 -0.44317186]
[-1.0210642   1.15691698  0.42775101 -0.12005342]
[ 0.95757915 -1.76075593  1.96097942 -1.06973744]
[ 0.23890752 -0.331926   -2.26265396  0.88675366]
[-1.05900951 -0.77940392  1.87468144  1.98123198]
[-0.98496082  0.99330912 -0.68494416 -0.48267956]
[ 1.00258542 -0.18498817  1.34110468 -1.27688077]
[ 1.04170797  0.9472422  -0.61892209  0.68360355]
[ 0.81094838 -0.42748967  0.33827485  3.05957735]
[-0.96790191 -0.70497179 -0.90778173 -0.75662673]
[-0.96003665  0.02009394 -1.0426459  -0.74642534]
[ 0.13958113  0.39288914 -1.81117468  1.75019717]
[-1.03151909  0.7055308   1.23222776  0.48005993]
[ 1.02276106  0.22773319  2.72702776  1.63857475]
[ 1.09502504 -1.04485114  0.9021109  -0.67309157]
[-1.01337063 -0.2565455   0.19438628 -1.62075992]
[-0.97874329  1.51827209  0.70059869 -0.9601916 ]
[ 0.046545    1.71768244  2.39242854 -1.7326913 ]
[-1.02613038  0.82388999  0.54816518  0.44263574]
[-0.90079839  0.6842591  -0.56999844  0.82130969]
[-0.73558035 -0.40297207 -1.76427652 -0.05969576]
[-0.80369408  0.69811485 -1.09742514  0.8120035 ]
[ 0.85542448 -0.24376841 -1.40894536  0.57007886]
[-0.89983432 -3.45530272 -0.40475812  0.10390047]
[-1.02170066 -1.95909205 -0.18754582 -0.80981816]
[ 1.01145722 -1.1270355  -0.60578197  0.25224731]
[-0.9770694   0.03877127  0.4936246   1.54350805]
[ 0.43546019 -0.26755227 -0.57064281  2.91881708]
[ 1.12224196  0.03839448  0.01883955 -0.36036075]
[ 1.08155077  0.9335244   0.80129233 -0.95147662]
[ 0.94795979  0.57259488 -1.13352107  0.6547512 ]
[-1.02771685 -0.34335681  1.22353287  1.74963576]
[ 1.12514193  1.16124274 -0.02809609  0.17490974]
[-1.01164765  0.93421436 -0.44656186 -1.025144  ]
[-0.9991804   0.85467501  0.04717518  0.46241715]
[-0.82073456  0.37132486 -1.57295622 -0.11332851]
[-1.05573416 -1.62185594  2.17940974  2.69453144]
[ 1.04831473 -1.23411845  1.35314017 -0.89841301]
[ 1.01417235  1.75440109  1.43359055 -0.64926116]
[-0.94823228  1.23251771  0.50457082 -1.697489  ]
[-0.6557965  -1.83314909 -1.6288122   0.2120217 ]
[ 0.71855541 -1.23147499 -1.50730577  0.70547309]
[-0.97441132 -1.22721947 -0.77114827 -0.7074932 ]
[-0.90140049 -0.31915414  0.34131893  2.05583033]
[-0.94935586  0.96376037  1.8698785   0.02042754]
[ 0.52391851  0.13094684 -1.98978728  0.99482227]
[ 1.07925101 -1.96225249  1.23378191 -0.49148004]
[ 1.1068007  -1.4120995   0.60518415 -0.34361048]
[-1.04426522  0.16649347  1.25544489  1.14548096]
[ 1.08600037  0.04867601 -0.46226577 -0.02870688]
[-1.02172921 -1.25386708  0.49223014 -1.50067617]
[-1.02925922 -0.72805187 -0.17149475 -1.27158262]
[-0.99049246  1.04137469 -0.30158646  0.06421593]
[ 1.10292228  1.02847068  0.48144954  1.13642984]
[-1.0291593  -2.77320274  0.06776555 -0.58577998]
[-1.01315874 -0.06964069 -0.54975568 -1.13804409]
[-0.95501289  0.45692277 -1.06210491 -0.64900012]
[ 1.10330485  0.60025568 -0.40815396  0.01194751]
[ 1.11832899 -0.53919376  0.38691956 -0.49723012]
[-0.55941734  0.49538786 -1.94416518  0.67388754]
[ 0.81673602  0.71947669 -1.21112318  1.3288437 ]
[-1.01069854  0.47346336 -0.57260575 -1.10520654]
[-0.90898148  0.46215059  0.7875706  -2.08401083]
[-1.01523448  1.28311935 -0.05072184 -0.6485729 ]
[ 0.20301138 -1.04369858 -2.20708814  0.85317787]
[ 0.96222396  0.1543059   0.3805601   2.4027865 ]
[-1.03234116 -1.23302212 -0.17078377 -1.11170368]
[ 0.99140759 -0.44205121 -0.90906862  0.29175154]
[ 0.80227854 -1.08246973  0.82955575  3.62160381]
[ 1.09684424 -0.41973262  0.80477981 -0.8141258 ]
[-1.04734278 -0.51724282  2.39112918  1.53322832]
[ 0.89052419 -0.93097096  1.83014117 -1.39403597]
[-0.89328183  0.74377738 -1.23710069 -0.13582393]
[ 1.1241872   1.41394646  0.6212806  -0.20129621]
[-1.01762759  0.50562716 -0.24588066 -1.37048899]
[-1.0034277   0.44331043  0.44473862  1.01856977]
[-0.905491   -0.18101083 -1.29684607 -0.51986894]
[-1.00670042  1.07369194 -0.48535111 -0.77193018]
[-0.88603681 -1.65192157 -1.09106693 -0.30943257]
[-0.9203044   0.9168938  -0.92957242  0.0867483 ]
[-1.03798026  0.21630133  1.79695085  0.93116159]
[ 0.75333268  0.34989439 -0.65331506  2.21464473]
[ 0.97485438 -3.48804252  2.3365536  -0.34667248]
[-0.69063563  0.55799834 -1.26967721  1.16597411]
[-0.83586364 -1.36330362  0.82000673  3.06459013]
[ 1.0602507   0.62321699 -0.6910772   0.27509159]
[ 1.10384974 -1.02318692  0.12619482 -0.19393403]
[ 0.98878518 -2.0374415  -0.31341488  0.3935932 ]
[ 0.0402868  -2.15942324 -1.91520646  0.89273944]
[ 1.13047754  0.63094904  0.01535875 -0.32564416]
[-1.00978015  1.23915438 -0.02334218 -1.12463409]
[-1.00828953  1.30080921  0.77939464 -0.3838368 ]
[ 0.99735551  0.79668652 -0.25826164  1.50090321]
[-0.84899629 -0.82463317 -1.40336096 -0.32899831]
[-0.39105879 -0.10737242 -2.26548588  0.56480183]
[ 1.09168681  0.25429252  0.76775846 -0.93682347]

Populations

0.0032301997885
0.498342414603
0.0128620406346
0.485565344974

State labels

0
1
2
3

Eigen uncertainty

5.60434470501e-11
0.0176318098828
0.176889618115
0.0773073585852

Eigen values

1.0
0.746655388945
0.216941795773
0.11859785392

Left eigenvectors

[ 0.0032302   0.00409765 -0.05659411 -0.00028557]
[ 0.49834241  0.49583164  0.06435677 -0.00253834]
[ 0.01286204 -0.01354113  0.00031814 -0.11186217]
[ 0.48556534 -0.48638816 -0.0080808   0.11468608]

Right eigenvectors

[  1.           1.26854329 -17.52031269  -0.0884075 ]
[ 1.          0.99496175  0.12914167 -0.00509356]
[ 1.         -1.05279773  0.02473514 -8.69707799]
[ 1.         -1.00169455 -0.01664205  0.23619083]
