Cluster centers 

[ 1.0561355   0.86233     1.12427842 -0.65504138]
[-0.95240305 -1.0813304   0.64078694  0.28646829]
[-1.03139117  1.22265409 -1.87899491 -0.46075269]
[ 1.08544761 -1.26389279 -1.25491526 -0.94496455]
[ 0.69450061 -0.4396416  -0.2690033   2.08549055]
[ 1.11071084 -0.04985473  0.29712734  0.47781983]
[-1.02393916  0.34182847  1.44187115  0.20988692]
[-0.89269118 -2.22978669 -0.95205624 -0.41042442]
[-1.02075052  1.63108478 -0.02883652 -0.73822789]
[ 1.09846922 -0.37466903 -0.05808313 -0.95361075]
[ 0.97313909  0.93300672 -1.46433404  1.32856984]
[ 0.78825682  0.61061836 -1.72939628  1.73413107]
[ 0.79539966 -1.04064139 -0.40602344  1.51072595]
[-1.01572691  1.00978336  0.09131022  0.24464888]
[ 1.10147118  0.77085694  0.13158679  1.03547477]
[ 0.96878304 -0.50124818 -0.50642142 -2.31755418]
[ 1.0698473  -0.79407908 -0.36133461  0.2214934 ]
[-1.03114816 -0.29968255  1.42291681 -0.97908836]
[ 1.11360895 -0.31700931  0.09972574  0.05788192]
[-1.04855864 -0.81755057  0.91737085 -0.74000165]
[-0.95620493 -1.50604314  0.15358315 -0.0719266 ]
[ 1.11590331  0.58439404  0.82837969 -0.19790093]
[-0.72914959 -0.90257901  0.49444876  1.37205411]
[-1.0455882   1.7300436  -2.45586079 -1.72972128]
[-1.0128828   1.09178174 -0.71192965  0.08527763]
[ 1.05496177 -0.21783275  0.12029787  0.96498523]
[ 0.97349     1.13077539 -2.68028488  0.79507501]
[-0.85249353 -3.02200193 -2.64053136 -1.2067603 ]
[ 1.00984264  0.46436343  0.89596414 -1.21163644]
[-1.02635082  0.85651174  1.11831425  0.14233372]
[-0.81627075 -1.43957838  0.21509341  0.71937899]
[-0.97962841  0.18647601  1.08920516  0.67924785]
[-1.03455913  1.18023913 -3.46174217 -1.14375763]
[ 0.92365611 -1.08024246 -1.87006175 -3.22972182]
[ 1.09474486  1.03536612 -0.29464161  1.02422393]
[-0.91170248 -2.54898895 -1.61319763 -0.87446613]
[-0.23882953 -1.04309813 -0.07607052  2.10361807]
[-0.97316475  1.44623082  1.42969681 -0.68131084]
[-0.92189414  0.84498667 -2.00550379  0.28008039]
[ 0.98326628  1.69514783  1.29209757 -0.73621234]
[-1.04083195  1.33515559 -1.04460591 -0.4200026 ]
[ 0.92514448  0.25534971  0.66645478 -1.84592746]
[-0.78347606  0.24817578 -0.12121417  1.40366037]
[-1.02406017 -0.15221771  1.41650513  0.03874189]
[ 1.08744847 -0.90336034 -0.89566037 -1.46279135]
[-1.00873566 -0.5459753   1.08013724 -1.64526959]
[-1.02211999  1.76343648 -0.77987287 -1.10790385]
[ 0.97439741  2.36391969 -0.41097298 -0.95231353]
[-0.94978999  0.51460668  0.45651837  0.84713984]
[ 1.09559353  0.19484595  0.59023406 -0.66920519]
[ 0.86880163  1.04693245  1.47959287 -1.46129368]
[-1.02807991 -0.5478686   1.18460622 -0.17077211]
[ 0.8203787  -1.81608934 -1.37545429  0.55111911]
[-1.01576175 -1.67043796 -0.16749345 -0.75086763]
[-0.95122276  0.91244724 -2.73137152 -0.15039939]
[-1.05790364 -1.21338324  0.35495968 -1.20798666]
[ 1.04235539 -0.93000874 -1.16110922 -2.15221015]
[-0.55372652 -2.91570108 -2.13819243 -0.04180815]
[ 1.0471876  -0.33473297 -0.10716821 -1.57871356]
[ 0.45634792 -1.25206267 -0.4414782   1.97885457]
[ 1.13351536  0.5522668   0.65357397  0.29709064]
[ 0.37915507  0.39608642 -2.60876226  1.7409398 ]
[-1.02232184  0.97167498  0.55260223  0.22357382]
[ 1.04496996  0.07916419  0.46650648 -1.25476658]
[ 0.94198541 -0.47795849 -0.08416605  1.41038668]
[ 0.80087253 -1.47105879 -0.84059194  1.05845626]
[-1.04932563  1.26584531 -2.64719735 -0.88704283]
[-0.96627751  0.81654455 -0.3131724   0.57249957]
[ 0.25732816 -0.05434527 -0.8913109   2.33176815]
[ 1.0106552   0.21161443  0.03186631  1.4447269 ]
[-1.0329878   1.22423801 -0.1542564  -0.09198262]
[-1.02778654  1.36313678  0.6327122  -0.33972385]
[ 1.10723213 -0.72441845 -0.43671379 -0.62600396]
[ 1.12714027  1.58959977 -0.69709227  0.35465095]
[-0.88340974 -0.05324373  0.75981043  1.15865161]
[-0.95193897 -0.52877291  1.02103119  0.61922825]
[ 0.12279093 -1.98606513 -0.93459935  1.46597621]
[-0.80132134 -1.95594455 -0.44424498  0.30271415]
[-1.03577973 -2.07048939 -0.95505554 -1.34991111]
[-0.89899612  0.77481889 -1.3774253   0.5809635 ]
[-1.0298319  -1.23513076  0.45107291 -0.55381281]
[-0.55075977 -1.46865967  0.01017723  1.46462489]
[ 1.12463589  0.0929836   0.46547844 -0.11039145]
[ 1.06389817 -1.11880303 -0.81071618 -0.16420587]
[-1.02129261  0.54419443  1.75921793 -0.37642575]
[ 1.11483562 -0.26916259  0.11664192 -0.49147668]
[ 1.11467586  0.44452752  0.40692083  0.79980078]
[ 0.97359442 -0.88365061 -0.35072355  0.91473179]
[ 1.0509833   0.98054228 -0.7252145   1.20906581]
[ 1.13571257  1.1565119   0.45348237  0.42144027]
[-1.03743122  1.74483501 -1.56570256 -1.34483685]
[ 0.96051946 -0.12042525  0.13224571 -2.01733275]
[ 1.08351753 -0.63663826 -0.48367236 -1.36430432]
[ 0.89541211  0.42739238 -0.60830536  1.79059518]
[-0.79564982  0.47295977 -0.79802011  1.18471922]
[ 1.10306949  1.26847648  0.92976636 -0.12511489]
[-0.72254942  1.05687004  2.29719561 -1.65793707]
[ 1.04792859  1.25929433 -1.61775393  0.83929385]
[-1.01737417 -0.88700213  0.86653671 -0.15919368]
[ 0.02444959  0.18431406 -1.66388836  2.02286823]

Populations

0.451337331675
0.438193598083
0.0380619888978
0.0724070813439

State labels

0
1
2
3

Eigen uncertainty

nan
0.0114189403949
0.0291034387756
0.0255192020381

Eigen values

1.0
0.821996360998
0.0892550577245
0.0689602677764

Left eigenvectors

[ 0.45133733  0.46253875 -0.15923217  0.09129602]
[ 0.4381936  -0.42984509 -0.12817844 -0.21209304]
[ 0.03806199  0.03732882  0.16192229 -0.09487363]
[ 0.07240708 -0.07002249  0.12548832  0.21567065]

Right eigenvectors

[ 1.          1.02481829 -0.3528008   0.2022789 ]
[ 1.         -0.98094789 -0.29251555 -0.48401675]
[ 1.          0.9807375   4.25417309 -2.49260829]
[ 1.         -0.96706682  1.7330946   2.97858503]
