Cluster centers 

[-0.93817645  0.43198903  0.61557845  0.75916986]
[ 1.11972615 -0.30760204 -0.38867079 -0.27457661]
[-1.02927615  3.00409229 -0.79453992 -3.08407582]
[-1.04901251 -1.14691077 -1.00862429 -0.26857128]
[ 0.98462947 -0.52114404  1.07201256  0.18631942]
[-1.01622269  1.68292795  0.25858108 -0.83603309]
[-1.03218187 -0.2990635  -0.93004459  1.37469462]
[ 0.9449497   2.18061564  1.7609772  -1.41043423]
[-0.95241419 -1.49347185  0.18868505 -1.04146837]
[ 1.0646264   0.85907544 -1.07106947  1.21540739]
[-0.99491349  1.5796453  -1.16204043  0.21755054]
[-0.94798114 -0.90574482  0.28212954  0.91669225]
[ 1.06315498 -0.26323095 -1.23581128 -1.18510563]
[-1.02810173 -1.4416625  -0.35133011 -2.31258624]
[ 1.07046648  0.41629015  0.83294339  0.90660494]
[-0.97270928  0.93885423  0.49078207  0.23874974]
[-1.00800954  2.08373652 -0.96735349 -0.76528611]
[-1.01886725  0.62410688 -0.10151011  0.85983269]
[ 1.12749414  0.01556583 -0.33394792  0.61345324]
[ 0.50778566 -1.13840524  2.0158782  -0.40129117]
[ 0.94116388  0.15490839 -1.88129726  0.47672624]
[ 0.91703054 -0.11145969 -1.81650834 -3.83560221]
[-1.04935633 -1.26504005 -0.86669946 -0.9406917 ]
[ 1.10626676 -0.4942585  -0.35394404 -1.58876063]
[-1.04518963  2.21147783 -0.17185333 -1.62997551]
[-0.80968512  1.00621736  1.37827507 -0.26370791]
[ 1.08211289  1.96953198  0.90450783 -0.42882407]
[-0.70654053 -1.66649644  1.05331057 -2.91580552]
[-0.37827938 -1.31692423  1.85028029  0.1646871 ]
[ 0.97256725  2.84119015 -0.96432384 -0.79794309]
[ 1.05481373 -0.61524453  0.58825438 -0.55265421]
[-1.01933012 -0.21245338 -0.30857746  1.34306521]
[-1.01612786 -1.19962555 -0.31491351  0.13625186]
[ 0.10726149  0.74342982 -2.9008825   1.24054882]
[-1.02545952  0.95175716 -0.78363253  0.8244446 ]
[-0.81449368 -1.62706438  0.81992673 -1.50108964]
[ 1.10628803 -0.2260683   0.26833075  0.3841343 ]
[ 0.92287832  0.69367535  1.62979018  0.59942875]
[-0.95347789 -0.17840363 -1.89230209  1.43564853]
[-1.03100444 -0.92769354 -0.57290115  0.75549861]
[-1.03182379  0.39742934 -0.62914425  1.23149975]
[ 0.76725072  1.23265842  2.04240316 -0.15639933]
[ 1.08930513 -0.22289024 -1.02167943 -0.51550552]
[-1.02118121  1.42223434  0.1182498  -0.29218592]
[-1.04357939  1.98062312 -0.31149224 -1.04326363]
[-1.01537365 -0.82218857 -1.53271452  0.52250978]
[-0.57349859  0.62126002  1.90915368  0.09311765]
[-0.80890463 -1.03220192  0.92929332  0.74371311]
[ 0.41223967 -0.42068607  2.25674171  0.68593569]
[-1.03786601  1.595586   -0.45285258 -0.24260396]
[-0.57301546  1.23941832  2.11426371 -0.94850728]
[ 1.07705416  0.17879211 -1.13065456  0.71103466]
[ 0.91269638 -0.78699479  1.26606998 -0.37704099]
[-0.77189199 -1.5167311   0.98310569 -0.49292775]
[-1.00916058 -0.97114078 -1.76304231 -0.44064205]
[-0.92272915 -1.36038595  0.35924161 -0.09315774]
[-0.91751555 -0.45285771  0.5411427   1.16433173]
[ 1.0455539  -0.15319654  0.86493788  0.6492309 ]
[ 0.69733563  1.68881301  2.38935726 -1.08452304]
[ 1.12955692  1.79164051  0.19064218  0.23006708]
[-0.94634153  1.73163793  0.90334952 -1.32864021]
[-1.04666438  2.48087207  0.06831767 -2.46337515]
[ 1.02757244  1.08455629  1.23018757  0.47433796]
[ 1.05836147 -0.31725508 -1.18646439 -2.09375844]
[ 0.90882274 -0.96016642  1.15403803 -1.84793556]
[ 1.09516478 -0.06835859 -0.96639375  0.18671278]
[-0.96082298 -1.13745946  0.14686413  0.51667356]
[-0.99668516  2.44099018 -1.04412406 -1.44018157]
[-1.01225376 -0.72718114 -0.2789701   1.09510757]
[ 1.11679548  0.08057997  0.24633804  0.79102784]
[ 1.11145321 -0.36993045 -0.62044981 -0.95165916]
[-0.99463837 -1.40579733 -0.10039153 -0.73123878]
[-0.46034725 -0.51525113  1.92422659  0.80896949]
[ 0.61300518  0.18835209  2.17685236  0.62088762]
[-1.00378561  0.19518155 -1.34895853  1.48744825]
[-0.81796511 -0.01952403  1.0980358   0.93354755]
[ 0.89673217 -0.11172539 -2.16132405 -1.34653493]
[-0.98222719  2.35995121  0.81299933 -2.72828281]
[-1.02923388  1.11946561 -0.20777617  0.33898888]
[ 1.12679541  0.89129792  0.26890295  0.92438169]
[-1.01647975  2.09847702  0.42201003 -1.80687413]
[-0.90444119 -1.48754075  0.47224624 -4.32741301]
[-1.0422569  -1.36694786 -0.58127076 -1.39717841]
[-0.96481304 -1.53527072  0.12863168 -1.86276521]
[-0.85286376  1.91542567  1.40669443 -2.01397082]
[-1.00713011 -1.33209086 -0.22127756 -0.38473485]
[ 1.12368288 -0.22441305 -0.16651066  0.17262089]
[-0.50504347 -1.66818288  1.52139867 -1.51222779]
[ 0.63222997 -0.8007999   1.94155807  0.26582223]
[ 1.09500125 -0.40229253  0.31938008 -0.02312037]
[-0.94046621  1.22048529  0.80098148 -0.33019951]
[ 0.99005001 -0.07386796 -1.70948325 -0.3362164 ]
[ 1.10747261 -0.50572559 -0.03302481 -0.88818027]
[ 1.11592362  1.66613674 -0.34359944  0.60918789]
[ 0.89211156 -0.17621644  1.54095736  0.70854335]
[ 1.12756599  0.41746161 -0.41243943  1.01789593]
[-1.01825054  1.8972706   0.331201   -1.30829233]
[-1.03172944 -0.71644873 -1.21185088  0.94559264]
[-1.04298899 -1.0621439  -0.86949578  0.24636487]
[-0.99304236  0.01267019  0.08337096  1.19775822]

Populations

0.0143695633511
0.0235471831882
0.00168084162279
0.0092904770543
0.0135927979423
0.0105655035633
0.0142730101056
0.00228312542649
0.0109243325933
0.010508025396
0.00903523126845
0.0112250141029
0.0164437932526
0.00598324189043
0.017303616495
0.0170284302007
0.00483501905532
0.0140704740201
0.0204508875385
0.0106063254159
0.00954238781751
0.00228375734417
0.00810560988964
0.0109116359252
0.00483504374875
0.00602074407994
0.00487187318618
0.00391087606023
0.00607674126447
0.00202993876711
0.010858008112
0.012691405947
0.0138871624317
0.00202029841643
0.0134788199861
0.00741980626882
0.0164441333601
0.00887769817949
0.00468869581589
0.0133453884359
0.0118949147737
0.00795912263406
0.021520926169
0.0129312443089
0.0088835637992
0.00509202609164
0.00371002209482
0.0109273520494
0.00576391617961
0.0119489588653
0.0030112921314
0.0182184007087
0.00866656932692
0.0107322264291
0.00266917927719
0.0127542529416
0.0136396297569
0.016794007023
0.00354419588558
0.00355102605568
0.00873815776008
0.00414183688589
0.00958853667622
0.0132480480667
0.00329588526703
0.0247671072026
0.0137916233739
0.0039977156204
0.0143790287345
0.0214163512325
0.0150709063658
0.00949779445465
0.00402056968788
0.00622628106364
0.00740212657042
0.00771076239914
0.00766401837999
0.00325855771945
0.0154539909008
0.0130921295523
0.00404714363961
0.0021269172745
0.00726656479163
0.00855403112012
0.0039963433694
0.0105757375857
0.018622328497
0.00287980406798
0.0107372269594
0.0157841298362
0.0114998391289
0.0147688953612
0.0140081736542
0.00350228270315
0.0136404391205
0.0179143825557
0.00607322005403
0.00805165781293
0.0121095064259
0.0125502031066

State labels

0
1
2
3
4
5
6
7
8
9
10
11
12
13
14
15
16
17
18
19
20
21
22
23
24
25
26
27
28
29
30
31
32
33
34
35
36
37
38
39
40
41
42
43
44
45
46
47
48
49
50
51
52
53
54
55
56
57
58
59
60
61
62
63
64
65
66
67
68
69
70
71
72
73
74
75
76
77
78
79
80
81
82
83
84
85
86
87
88
89
90
91
92
93
94
95
96
97
98
99

Eigen values

1.0
0.9546095346
0.229006603673
0.0939814171162
0.0907585920167
0.0889656125648
0.0832477714874
0.0811258447868
0.0786697170122
0.075113955988
0.0720325525665
0.0713197816798
0.0706221726452
0.0656723905019
0.0638590872726
0.0604147508117
0.0574938121871
0.0563570518171
0.0555573886596
0.0535908922158
0.0520549097129

Left eigenvectors

[ 0.01436956  0.01409753  0.01629123  0.01558001  0.00804509 -0.02479619
  0.00844801 -0.00486716  0.01012283  0.00470144 -0.00254614 -0.00239242
 -0.02604533  0.00533394 -0.02262596  0.01719063 -0.0072876   0.01256138
  0.01220272 -0.0077692   0.00549175]
[  2.35471832e-02  -2.43882210e-02   4.13544417e-05   2.31070716e-03
  -1.20109555e-02   1.16914177e-03   2.14720565e-02  -8.98304791e-03
   1.60068588e-02   4.10879390e-04   1.36815634e-02   1.97492451e-02
   2.72126127e-03   4.29824232e-03  -1.05779423e-02  -3.60273315e-02
   2.85542442e-03  -2.30462228e-02   2.85975502e-03   3.60894550e-02
   2.02701987e-02]
[  1.68084162e-03   1.59886308e-03   3.47930974e-03  -4.26094263e-03
   3.58069601e-03   4.66323862e-03   2.67103953e-03  -2.78698333e-04
  -2.24831148e-03   4.12065662e-03  -1.00428343e-03  -2.07996049e-04
  -1.52052285e-03  -1.41802264e-03  -4.87730817e-04  -6.01525354e-03
  -1.51184032e-03   2.23587893e-03  -5.34966139e-04   8.15272767e-04
   6.11362257e-06]
[ 0.00929048  0.00932447 -0.01203639  0.00816454  0.00583937 -0.00075105
  0.00511193 -0.00593956  0.01080884  0.00682939 -0.00919953 -0.0034983
 -0.00956761  0.00958117  0.00430066  0.00060934  0.00722014  0.0078718
  0.010198   -0.00686092  0.00878916]
[  1.35927979e-02  -1.35200119e-02  -1.34185336e-03   9.29272159e-03
  -1.38239123e-02   2.68498188e-03  -7.78294990e-03   7.14115722e-03
  -7.85381349e-03   6.58874170e-03  -9.24247121e-03   3.22093092e-06
  -2.23516436e-02   6.01631181e-03   1.45145599e-03  -1.33448862e-02
  -2.32922188e-03  -5.29245519e-03   6.46828106e-03   3.67683521e-03
   4.35233793e-03]
[ 0.0105655   0.0105072   0.01515523 -0.00915334 -0.01060733 -0.00331489
 -0.0166237  -0.0202578  -0.00855278 -0.008957    0.00038597  0.00357497
  0.00540278 -0.00360817 -0.02300522 -0.00965409 -0.0208367  -0.00699421
 -0.01202725 -0.01135068  0.00689187]
[ 0.01427301  0.01431188 -0.00401903 -0.00415345  0.00270968  0.01089833
 -0.00180562 -0.0129843   0.02413599 -0.01184035 -0.01480904 -0.00792734
 -0.0216253   0.01513853  0.00316961 -0.00086174 -0.01282904  0.01885491
  0.00333789  0.03231578 -0.01358365]
[ 0.00228313 -0.00232403  0.00022889 -0.00060317  0.00379941  0.00120051
 -0.00339836 -0.0006729  -0.00233057  0.00010377 -0.00110945 -0.00093977
  0.0014583   0.00068554 -0.00183391 -0.00142933 -0.00143645 -0.00082413
  0.00340342 -0.0017798   0.00147391]
[ 0.01092433  0.01089055 -0.0183116  -0.00385701 -0.00051268  0.01294182
  0.00524483  0.00601608 -0.00061534  0.00058608 -0.00725891  0.01537138
  0.00698286  0.00338715 -0.01810191  0.00272295 -0.0082662  -0.00251627
 -0.00715664 -0.0032764  -0.00952611]
[ 0.01050803 -0.01104855  0.00089258 -0.00082426  0.01697017  0.00276212
 -0.00555075 -0.00161608  0.00430805  0.00229963  0.00054321  0.00233334
  0.00275625 -0.00106815 -0.00496271 -0.00440072  0.00982288 -0.00982345
 -0.00412166  0.01378624  0.00608368]
[ 0.00903523  0.00896453  0.0098379  -0.00315389 -0.00084784  0.00470342
 -0.00742954  0.00651166  0.00771748 -0.01210762 -0.00657965  0.00192424
  0.00815644  0.01937304 -0.00069842  0.00163499  0.00621232 -0.00664957
  0.01538104 -0.00448019 -0.00229288]
[  1.12250141e-02   1.05953609e-02  -1.10437016e-02  -3.46465614e-03
   4.29280795e-04   3.84611792e-03  -4.66635474e-03   2.88538315e-02
   6.99073446e-03  -1.93890875e-02   1.41208936e-02   6.71830489e-05
  -1.22061980e-02  -1.84571150e-02   4.21255719e-03  -1.91665467e-03
  -1.51067361e-03  -5.93703791e-03   2.56259397e-04   2.67338045e-03
  -1.39783396e-02]
[ 0.01644379 -0.01720064  0.00117565 -0.01258085 -0.00301877 -0.00163464
  0.02104419 -0.00931621  0.00021302 -0.01470854  0.00469786  0.00061611
  0.00855784  0.00045221  0.00174264  0.03076236  0.01234966  0.00582719
  0.00483677  0.01912626  0.01972014]
[ 0.00598324  0.00588082 -0.01083635  0.0020823   0.00020823 -0.00739186
 -0.00233336  0.00659814 -0.00558242 -0.00483816  0.00511754 -0.00205904
  0.00920571  0.00276338  0.00638521 -0.00021887  0.00130232 -0.00316288
  0.0028683  -0.00224323  0.00470583]
[ 0.01730362 -0.01787972  0.00082148 -0.01492516  0.00596908 -0.00487917
  0.01110355 -0.00063459  0.006997   -0.00374452 -0.0010633  -0.0075735
  0.00465201 -0.00705714  0.01886913  0.00311169 -0.00357884  0.02589981
  0.0043649  -0.03948786 -0.02784469]
[ 0.01702843  0.01703149  0.02835875 -0.01233595 -0.00777416  0.01943563
 -0.00235946  0.00966992  0.00961659  0.01008008  0.02928936 -0.02358703
 -0.00424669  0.01107756  0.01202633  0.00967149  0.01885982 -0.00683585
  0.00358277  0.00110195 -0.01781703]
[ 0.00483502  0.00499304  0.00693921 -0.00436621 -0.00166726  0.01004263
 -0.00072353  0.00720878  0.00465041  0.00257115  0.01027733 -0.00423434
 -0.0045673  -0.01193639 -0.01188127 -0.00264095  0.01596967  0.01019083
  0.00773962 -0.00971802 -0.00059401]
[ 0.01407047  0.01442563  0.02011194  0.00648789  0.00246138  0.00221941
  0.00041136 -0.01430013  0.01138759 -0.00135082 -0.01752516 -0.00063704
 -0.00382865 -0.00080051  0.02595371 -0.00513331 -0.00363737 -0.00520541
 -0.02574576 -0.00179564  0.01736571]
[ 0.02045089 -0.02113908  0.00049771  0.01269965 -0.0029777  -0.002055
 -0.01812954  0.01089742  0.01257999  0.01232293 -0.02251939 -0.02078242
  0.02164255 -0.01641808 -0.01518035 -0.00229101  0.00745082 -0.01729925
  0.00498923  0.00511995 -0.00108472]
[ 0.01060633 -0.00704246 -0.00281814 -0.01961358 -0.01502572 -0.00075361
 -0.00267191  0.00578264 -0.02493443 -0.00781934  0.00682386  0.01820652
 -0.02726872  0.01241919  0.00240709  0.02125483  0.00015432  0.00428004
 -0.00986703  0.00822561  0.00901717]
[ 0.00954239 -0.00995597  0.00023705 -0.00089287  0.0215211   0.00346889
 -0.0092113  -0.00333763 -0.00614426 -0.01012444  0.00060132 -0.00736505
  0.01237127 -0.00226837  0.00182259  0.02988949  0.0052535   0.01273032
  0.00018409 -0.00157695  0.00654494]
[ 0.00228376 -0.00244414  0.00016695  0.00284923 -0.00190915  0.00465011
  0.00781669 -0.00370894 -0.00012081 -0.00752996 -0.00138745 -0.00824886
  0.00749775 -0.00420313 -0.00213077  0.00619284 -0.00110137  0.00092342
  0.0042914   0.00261695  0.00201933]
[ 0.00810561  0.00809344 -0.01568213  0.00248746 -0.00028383  0.00474305
  0.00557597 -0.00896936 -0.00424209  0.02144117  0.00077526 -0.00905035
  0.01166679  0.02273532  0.02091642  0.00184222  0.01609639 -0.0043059
  0.00339425 -0.00050762 -0.00205756]
[ 0.01091164 -0.01134304  0.00031836  0.0071711  -0.01108826  0.00703223
  0.01145186  0.00080776 -0.00571801 -0.00819638 -0.00432384 -0.00382887
 -0.00943424  0.00317068  0.00088561 -0.00346198  0.00769054 -0.01474966
  0.00440401 -0.02048784 -0.00379593]
[ 0.00483504  0.00493174  0.00893938  0.00369168  0.00011121 -0.0054626
  0.00402231 -0.00432087 -0.00247549  0.00157588  0.00331584 -0.00369195
  0.00094627  0.01350242 -0.01388475 -0.00139493 -0.00012704 -0.00035033
 -0.0101758  -0.00070083 -0.00124653]
[ 0.00602074  0.00611222  0.00927153  0.00376263  0.00838488  0.00510787
  0.01731035  0.00469951 -0.0072631   0.02189369 -0.00148512  0.00404966
 -0.00617022 -0.01721008  0.00590734  0.00328603  0.00556658  0.00592467
  0.01218826  0.00971427  0.00339861]
[  4.87187319e-03  -5.09562605e-03   8.71517759e-04  -9.61747417e-03
  -1.15354136e-02  -5.84087848e-03   2.28537046e-02  -7.70873198e-03
   1.11904411e-02  -7.34679454e-03   1.23106093e-02   1.19501043e-02
   3.37264058e-03   3.87793130e-03   1.75810306e-03  -7.33233466e-03
   9.69139447e-05   2.08924465e-03   3.33610074e-03  -3.06118397e-03
   3.48321547e-03]
[ 0.00391088  0.0035406  -0.00785037 -0.01029313 -0.00716377  0.00424632
 -0.00611986 -0.00838588 -0.00347409  0.00460482  0.01403653 -0.01063466
  0.00173463  0.00059679 -0.01032916 -0.00254812 -0.00725153 -0.00273176
  0.00258647  0.00361828 -0.00219435]
[ 0.00607674  0.00239647 -0.00846692  0.00893404  0.00225567 -0.01421099
 -0.00684099  0.0043527  -0.00255571  0.00133506 -0.0021467  -0.00717394
  0.00111532  0.00841197  0.01737662 -0.00429304 -0.00200702  0.00688948
  0.01495467 -0.00100118  0.01161312]
[ 0.00202994 -0.00210891  0.00055561 -0.01477815  0.02335366  0.0016338
  0.00107898 -0.00417418 -0.00836029 -0.00208343 -0.00285029 -0.0036139
 -0.00644401  0.00416532 -0.00260913 -0.01306918 -0.00366796 -0.0069087
  0.0044861  -0.00292276 -0.00124837]
[ 0.01085801 -0.01108352  0.00080368 -0.00455723  0.01051489 -0.00104842
  0.00535409 -0.00269314  0.01072704 -0.00049535  0.01009525  0.00412956
  0.00161812  0.00467163 -0.00108496 -0.00582176 -0.00386371 -0.01355485
  0.00564019  0.00954555  0.00689704]
[ 0.01269141  0.01278964 -0.00043723  0.00808895  0.01096146 -0.00125121
  0.02498939  0.02129984 -0.01103944  0.0156043   0.01008426 -0.00861477
  0.01492057  0.02618356 -0.00806513 -0.00816822  0.00773751 -0.00126165
 -0.02042693 -0.00062159 -0.00232267]
[ 0.01388716  0.01414997 -0.02295603  0.00600716  0.00334321 -0.00087704
 -0.00335111 -0.01735068  0.00594929 -0.00984531 -0.00864933  0.00662831
 -0.00497399 -0.01060289 -0.01609633 -0.01362718  0.02224336  0.00909073
  0.00404022 -0.00530143 -0.00221453]
[  2.02029842e-03  -1.35770441e-03   7.82800032e-04  -3.25738337e-03
   8.08477262e-03   2.14811448e-03   1.95842278e-03   9.56499240e-04
  -8.08633390e-04  -2.37601647e-03  -2.63113316e-03   5.64400252e-04
   4.51850105e-04   2.92660443e-03  -6.02208811e-05  -7.60851362e-05
   2.61674917e-03  -2.16363119e-03   3.88677182e-03   4.37578776e-03
   7.70475782e-03]
[ 0.01347882  0.0135259   0.01292315 -0.00037046  0.00603521 -0.00169738
  0.00668789  0.0157877   0.00273494  0.00080524 -0.00280388  0.00223548
  0.01075151 -0.01327992  0.01121871  0.00277118 -0.01738905 -0.02663951
 -0.00247853 -0.02043827  0.0270948 ]
[ 0.00741981  0.00695611 -0.0145466  -0.00183926 -0.00286835  0.00231293
  0.00225384 -0.00738514 -0.00934064  0.01609152  0.01095166 -0.01538092
  0.0072177   0.00012533  0.01142699 -0.00466246 -0.00752736  0.00283864
 -0.01281514  0.00317561  0.0048658 ]
[ 0.01644413 -0.01726689  0.00040693 -0.00038597  0.01415659  0.00575724
 -0.00530295  0.0005611  -0.00703678 -0.00770644 -0.02037039 -0.02568685
  0.01423044 -0.01418361 -0.01089777  0.01713654  0.0074274  -0.00034815
 -0.01822447  0.00667346 -0.01184771]
[ 0.0088777  -0.00898905  0.00096481 -0.01072005 -0.00415199 -0.00855293
  0.01000426 -0.00383577  0.00778031 -0.00419986  0.01360282  0.01722838
 -0.00343162  0.00824345  0.00660042  0.00118811  0.00856845 -0.00345162
 -0.00066083 -0.00694629  0.00700425]
[ 0.0046887   0.00481348  0.00044118 -0.00306071  0.0011144   0.01259242
  0.00431052 -0.00204013  0.01008148  0.0065732  -0.00969905  0.00139498
 -0.00474606  0.00182544  0.01287954  0.00566912 -0.00580976 -0.00123623
 -0.0035368   0.01299849 -0.01052133]
[ 0.01334539  0.01316882 -0.01207023  0.00215359 -0.00024042 -0.00680866
 -0.01395407 -0.00632014 -0.00125359 -0.01708067  0.01169711 -0.00415557
 -0.00958124 -0.02060035 -0.00139943 -0.01107068  0.02315026  0.00363643
 -0.00281783 -0.01281972  0.01722921]
[  1.18949148e-02   1.22593810e-02   9.55721118e-03  -5.16070721e-03
  -9.25475484e-04   1.13621297e-02   3.10108146e-03  -7.65917093e-03
  -5.83452393e-03   8.94349913e-03   5.77847340e-05   1.53859914e-02
  -4.64785626e-03  -4.02964247e-02   5.92955569e-03   6.88039449e-03
  -8.66220110e-03  -2.06819138e-02   8.54115908e-03   1.73134806e-03
  -1.26535034e-02]
[  7.95912263e-03  -7.57359368e-03   2.88184818e-05  -3.09055765e-02
   1.29478369e-02  -2.43871179e-02   6.41150400e-04  -1.94030323e-03
   1.23325579e-02   2.24364391e-03   1.37642689e-03  -3.14689438e-03
   1.09775381e-02  -1.45509284e-03   4.28047519e-03  -2.27754894e-03
  -4.52831401e-03  -5.30245117e-05   1.26165812e-02  -1.28593665e-02
  -8.48182306e-03]
[ 0.02152093 -0.02258594  0.0007112   0.00967289 -0.00159776  0.00676432
  0.00601601 -0.00371373  0.00873884 -0.00861004  0.00332821 -0.00699504
  0.02162355 -0.01413397 -0.00497416  0.01599994  0.01333527 -0.00172642
 -0.02106724  0.0200722   0.00139058]
[ 0.01293124  0.01304624  0.0170585   0.00046525 -0.00656565 -0.00228012
 -0.01080073 -0.00690006 -0.00303989 -0.01236793 -0.0079786   0.01050194
  0.01722291  0.00646766 -0.00079482 -0.00068639 -0.0023711  -0.00868187
  0.00722917 -0.01065346 -0.00966211]
[ 0.00888356  0.0090375   0.02356453 -0.00033893 -0.00053485  0.00124759
  0.00048393  0.00715651 -0.00990485  0.00821751  0.00953825 -0.00931066
  0.00690086 -0.00535944  0.01516511 -0.0127326   0.01018149  0.00835455
 -0.00906573 -0.00178016  0.01222988]
[ 0.00509203  0.005031   -0.00643336  0.00054142 -0.00026892 -0.00241973
 -0.00352125 -0.00142762  0.00677516 -0.00671203 -0.00472049 -0.00139263
  0.0010414   0.00420444  0.00137792  0.00412359 -0.00928326 -0.00510531
 -0.0043008  -0.00576955  0.0108284 ]
[ 0.00371002  0.00309203  0.00560007  0.00781035  0.0040162  -0.01389988
  0.00673505  0.00651912 -0.0014969   0.00601383  0.00103692 -0.0077102
 -0.00481348  0.00273587 -0.00373247  0.00301598 -0.00950373  0.00218396
 -0.00499111 -0.00049788  0.01030602]
[  1.09273520e-02   1.02950270e-02  -1.22490376e-02  -7.98639085e-03
  -1.29129458e-02  -3.51093597e-04  -1.15864524e-02  -3.31341638e-02
  -1.26003407e-02   1.42653494e-02  -1.56500460e-03  -4.60633271e-05
   3.95122669e-03  -1.42087191e-03  -8.64958108e-03   2.29201998e-03
  -1.32822983e-02   1.58294681e-02  -4.55196740e-03  -2.43088054e-03
   8.94927852e-03]
[ 0.00576392 -0.00421874 -0.00138068 -0.0008334  -0.00276834 -0.01236456
 -0.00721276  0.0018473   0.00552681  0.00145383 -0.00377026 -0.00339438
  0.01439898 -0.00247293 -0.00010766  0.00973438 -0.00160975 -0.00229839
  0.01000866 -0.01203366 -0.0004787 ]
[ 0.01194896  0.01211252  0.0199803  -0.00501265 -0.00940507 -0.00125492
 -0.01466298 -0.02561475 -0.01524835 -0.00573734 -0.00936792  0.00884683
  0.0052996   0.0095349   0.00678998 -0.01572076  0.01122027  0.01630422
 -0.00438959  0.01427652  0.00224712]
[ 0.00301129  0.00264259  0.00525404  0.00097713 -0.00327254 -0.00217107
 -0.00423842 -0.00606187 -0.00802471  0.00351678  0.00470143 -0.00064903
  0.00273603  0.00746705  0.0049891   0.00623545  0.01229955 -0.00814064
  0.00934005  0.00377637 -0.01236778]
[ 0.0182184  -0.01888384  0.00053733  0.04681787  0.02806058  0.02857432
 -0.0228219  -0.01416265 -0.00844058 -0.01163783  0.03311838  0.00332691
  0.01854652  0.0055418   0.00533556  0.01715844 -0.02799986  0.02190913
  0.0116348  -0.00567075  0.00741427]
[ 0.00866657 -0.00813066 -0.00136666 -0.00150641 -0.00816325  0.00107213
  0.00025969  0.00771102 -0.01004245  0.00177752 -0.0125087  -0.01135817
 -0.00164257  0.00284763  0.00470363 -0.00881516 -0.0113293   0.01130339
  0.01414465  0.00625939  0.00387211]
[ 0.01073223  0.01016854 -0.01853957  0.00364471  0.00129574 -0.01215727
  0.00638617  0.00154285 -0.02364767 -0.00274239  0.00662469  0.00553953
  0.01114959 -0.01023438  0.0081241  -0.01353122  0.00802627 -0.00402768
 -0.00275841  0.00603765  0.00145209]
[  2.66917928e-03   2.71498584e-03  -5.85681708e-03   3.28075878e-03
   1.39722954e-03  -7.93541832e-03   4.51910490e-06  -1.10177735e-03
  -5.48778292e-03  -4.31429031e-03   5.30065393e-03   5.37835000e-04
  -3.81387260e-03  -1.23163565e-02   1.66398899e-03  -3.31973297e-03
   1.67442202e-03   8.59104474e-04   7.72386617e-03   6.56249715e-03
  -2.84345317e-03]
[  1.27542529e-02   1.25234665e-02  -2.02413414e-02   1.25125997e-02
   4.81782847e-03  -8.66061335e-03   1.61210976e-02  -8.61919232e-03
  -1.08537551e-02   1.80068045e-02  -1.74917739e-03   5.87853012e-03
   8.40746290e-03   5.35235518e-05  -2.10698183e-02   3.51672480e-03
   1.11496857e-02   6.76545696e-03   1.36965171e-02  -1.08839437e-02
  -2.07276899e-04]
[ 0.01363963  0.01336751 -0.0061081  -0.0165359  -0.01009735  0.02118579
 -0.01117418  0.01319102 -0.01449338  0.00502004  0.00233534  0.01017728
  0.02185314  0.00231818 -0.00994563 -0.00299509  0.0063538  -0.0013342
  0.00237793  0.00513362 -0.00155509]
[ 0.01679401 -0.01722029 -0.00046375  0.02015936 -0.01640882  0.00180056
 -0.02048872  0.01523258 -0.00538723  0.01153221 -0.01024668  0.00443271
 -0.01925706  0.003571    0.00844075 -0.01330446  0.00167369 -0.0072537
  0.00705807 -0.02168383 -0.0103275 ]
[ 0.0035442  -0.00309285  0.00021102  0.00274608  0.00028689  0.00031985
 -0.00323706  0.00313696  0.0017933   0.00198701 -0.0044603  -0.00461575
  0.00406961  0.00232484  0.00256306 -0.00426103 -0.00274132  0.00681641
  0.00897654 -0.00081633  0.00433978]
[  3.55102606e-03  -3.60990379e-03   4.19518302e-04  -6.14206891e-03
   1.13860445e-02   4.21898484e-03   9.10949267e-05   7.89085595e-05
  -9.02366594e-03  -1.34020580e-03   1.20743004e-03   5.58140139e-03
  -1.06326359e-02   3.29798530e-03   4.83470585e-03   7.50423142e-03
   6.22098840e-04   4.18447231e-03  -6.43642612e-04  -1.70806664e-03
   9.62225249e-04]
[ 0.00873816  0.00896778  0.01386588 -0.00748472 -0.00436285  0.01892868
 -0.00761515 -0.00622426  0.01444511 -0.00062329 -0.01196048  0.00478185
 -0.00238744 -0.01058678  0.00774932 -0.00174365  0.01096877  0.01345728
 -0.00214636 -0.00176907  0.01370811]
[  4.14183689e-03   4.31755787e-03   1.21821930e-02   4.27445629e-03
   1.52408272e-03  -5.09184872e-03   5.90796677e-03   9.91691899e-03
   1.83292821e-03  -2.23612454e-04   7.18251378e-03  -6.25552041e-03
  -2.07750837e-03   1.15311164e-02  -1.40138617e-02   4.11739704e-03
  -2.78611551e-03   1.97659428e-03  -9.90455498e-03  -1.93156436e-05
  -8.77388194e-03]
[ 0.00958854 -0.00976905  0.00011175  0.01776942 -0.0022165   0.01306176
 -0.00982922  0.00235564 -0.0156464  -0.00405222  0.0070851   0.00969211
 -0.01874357  0.01234504  0.00814706 -0.00194103 -0.00211522 -0.00703846
  0.00728636 -0.02031792 -0.00623612]
[  1.32480481e-02  -1.39745292e-02   1.13838435e-03  -7.87160571e-03
   2.90365849e-02   3.00212116e-03  -7.25596787e-03  -6.76514727e-03
  -2.87650641e-03  -6.02338671e-04   1.16304572e-02   1.36680273e-02
  -3.71405540e-03   1.83295384e-03   3.52043181e-05   3.21705958e-03
   9.29463644e-03  -1.77512807e-03  -1.93312836e-02  -2.91948521e-03
  -4.22019121e-03]
[ 0.00329589 -0.0032329  -0.00056514 -0.00431359 -0.00161802 -0.00647213
 -0.00672722  0.00412613  0.00745504  0.0098194  -0.00417824  0.00032979
  0.00191497 -0.00041558 -0.00400955 -0.00536502  0.00202761 -0.00797943
  0.00595538  0.0087522   0.00460848]
[ 0.02476711 -0.02581406  0.00030902  0.0004497  -0.03312398 -0.0124454
  0.01472954  0.00228128  0.01496538  0.01288957 -0.00433499 -0.00808901
  0.0039405  -0.00818615  0.00105494 -0.03090425 -0.01297664  0.00794509
 -0.0079707   0.00028859 -0.01687157]
[ 0.01379162  0.01349878 -0.02108009  0.00229355  0.00475726 -0.01041404
 -0.00939991  0.01761134  0.01346711 -0.03554903 -0.0002745  -0.00258541
 -0.00352752 -0.00419112  0.01642192 -0.00475479  0.00603118  0.00058766
 -0.01887406  0.00329867 -0.00024531]
[ 0.00399772  0.00409979  0.00692033 -0.00023715  0.00046358  0.00277327
  0.00333806  0.01026279 -0.00101572  0.00464497  0.00595055 -0.00273424
  0.00222532  0.00271196 -0.00685341 -0.00016376  0.00535177  0.00443076
  0.00012614 -0.00508709  0.00577293]
[ 0.01437903  0.01413852 -0.00672558  0.01036254  0.01082653 -0.01454057
  0.0150491   0.02182677 -0.01115066 -0.00705079 -0.01797459  0.02354836
  0.00752572 -0.0080445   0.01722443  0.00277082 -0.01965973 -0.0052371
 -0.01379212  0.00378727  0.00387548]
[  2.14163512e-02  -2.22751888e-02  -4.33621087e-05  -6.93467721e-03
  -1.01013080e-02   3.79174400e-03   2.13435330e-02  -1.82450850e-03
  -1.79822869e-02  -9.29297204e-03  -1.40279743e-02  -1.63164631e-02
  -1.59720066e-02   4.75650487e-03  -5.85995933e-04  -2.11591371e-02
  -5.65465991e-03  -5.19967032e-03   7.18332681e-03  -4.88864400e-03
   2.62073011e-03]
[ 0.01507091 -0.0157834   0.00077252 -0.0013492  -0.00524417  0.00545599
  0.02085102 -0.00588214  0.00038603 -0.01748501 -0.01457367 -0.02507258
  0.00990003 -0.00798928 -0.01471705  0.0070569   0.01218087 -0.02399199
  0.00723994  0.0038301   0.00749627]
[ 0.00949779  0.0093241  -0.01988727 -0.00640027 -0.00192763  0.01498074
 -0.00127292  0.00483803  0.01472863 -0.00027624 -0.00159284 -0.0021207
 -0.00451621  0.00264408 -0.00606184  0.00170062 -0.00567904  0.00314336
 -0.01176629  0.00168184  0.00071837]
[ 0.00402057  0.00259472 -0.00280141 -0.01082925 -0.00354689  0.00264092
 -0.00405541  0.00650731  0.0036991   0.00520794  0.00386428 -0.00179117
 -0.00239631  0.00380492  0.00333204  0.0061688  -0.01344889 -0.00827165
  0.01361825  0.00248238  0.00210616]
[ 0.00622628 -0.00530804 -0.00127767 -0.00638701 -0.01083461  0.0049305
  0.01073764  0.00058149 -0.0076165   0.00238366 -0.01439237 -0.01180843
  0.00019316 -0.00469513  0.00391471 -0.00347063 -0.01393653  0.02163765
  0.0013012  -0.01210602 -0.01343285]
[  7.40212657e-03   7.61321545e-03   2.97481826e-03   5.16986540e-03
  -4.67009790e-04  -2.30561446e-03  -1.48068184e-03  -1.71148079e-02
   5.89117382e-03  -5.13407732e-05  -4.81169890e-03  -5.21495765e-04
  -3.73554397e-04  -5.10155647e-03   8.55745672e-03   4.01760459e-03
   1.89222387e-03  -2.06130107e-02  -1.07033413e-02  -1.73186159e-02
   1.48857474e-03]
[ 0.00771076  0.00722847  0.00036981 -0.0015511  -0.00189214  0.00192896
  0.0007491   0.00168383 -0.00012247 -0.00271852  0.00628179 -0.00104953
  0.00047014  0.00028015 -0.00215559  0.01149426 -0.01991073 -0.00256813
  0.00608376  0.01140211 -0.01337987]
[ 0.00766402 -0.00811518  0.00063127  0.00096683  0.00118554  0.01007712
  0.01541675 -0.00774583 -0.00347528 -0.01186699  0.00912039  0.00248181
  0.00016766  0.00202975  0.00398624 -0.00196674 -0.01094437  0.01674935
  0.00279284 -0.00270135 -0.000815  ]
[ 0.00325856  0.00320033  0.00514586 -0.00143185 -0.00175962 -0.00481237
 -0.00561846  0.00411175 -0.00155857 -0.01075332  0.00981818 -0.00876081
  0.00209708 -0.00125588  0.01123779 -0.00814813  0.00425031  0.00323903
 -0.00520802  0.00769629 -0.0080328 ]
[ 0.01545399  0.01542659  0.02577611 -0.00793086 -0.00318033  0.01743326
 -0.00198787  0.01875284 -0.00108116 -0.00647955 -0.02674575  0.03102085
  0.02082613  0.0002063  -0.00529353 -0.00147278 -0.00213644  0.01426512
  0.01499573  0.00272891  0.00479945]
[  1.30921296e-02  -1.35307723e-02   1.51977418e-04  -7.44095200e-03
   3.94589481e-03  -4.56524181e-03  -9.66086950e-04   4.39826661e-03
  -3.47643643e-03   1.78005268e-03  -1.10044127e-02  -1.10178860e-02
  -4.60165375e-03  -1.04312565e-02  -6.95509358e-05   5.28855327e-03
   7.07865646e-03   6.15462562e-03  -2.32328844e-02  -4.76331392e-03
  -1.66381434e-02]
[ 0.00404714  0.00418248  0.00308019  0.00551907  0.00193507 -0.00477534
  0.0014244  -0.004395   -0.00173035 -0.00181175 -0.00325347  0.00430633
  0.00182588 -0.0013867   0.00528934  0.00353974  0.00767954 -0.00576944
  0.01070071  0.001677   -0.01439445]
[  2.12691727e-03   2.09663253e-03  -3.00357330e-03  -3.35772863e-03
  -7.79844661e-05   4.65389168e-03  -3.64256292e-03   7.44048750e-03
   5.64663547e-03  -2.11978105e-03   4.39068589e-03  -9.25238332e-03
  -1.04876270e-03   3.86288087e-03   3.52727544e-03  -5.52957312e-03
   1.28553510e-03   3.54049987e-03   1.15538651e-03   2.12203844e-06
   6.59732621e-03]
[ 0.00726656  0.0072537  -0.00979829 -0.00044536  0.00067749  0.00419351
  0.00790814 -0.01233181 -0.00078635  0.01621994  0.00347937 -0.00442665
 -0.00775337 -0.01345159  0.01201058  0.00660437 -0.00658236 -0.00761493
 -0.0120916  -0.00584519  0.00580624]
[  8.55403112e-03   8.30542308e-03  -1.43702684e-02  -1.02162357e-02
  -3.39685791e-03   1.29667111e-02  -5.61091746e-05   1.20240076e-02
   4.18438317e-03   6.25399264e-03   1.40631241e-02   5.43632764e-04
  -8.29652179e-04   6.42889766e-04  -7.66222919e-03   1.59766842e-02
  -9.08713518e-03  -1.44725044e-02  -7.43316761e-04  -9.07009501e-03
  -2.53402191e-03]
[ 0.00399634  0.00404599  0.00998274  0.00167431 -0.00165735 -0.01126729
 -0.00624242 -0.01211828  0.00295093 -0.00850336  0.0033797  -0.00971698
 -0.00400666  0.00619058  0.00224698 -0.00081448 -0.00609283 -0.00498066
 -0.00189401  0.00183754 -0.00275217]
[ 0.01057574  0.01051995 -0.01397579  0.01011458  0.00762102 -0.00776824
  0.01101257 -0.00273741 -0.00454594 -0.00509999 -0.01799397  0.01860065
  0.01285602  0.01808073 -0.00464537 -0.00471398  0.00680406  0.00099679
 -0.0056157   0.00822301 -0.03011005]
[ 0.01862233 -0.01926664  0.00116722  0.02724268 -0.01119117  0.01629457
 -0.00398027  0.00138402 -0.00551736 -0.00108002 -0.00207249 -0.00473007
 -0.00746394  0.00359595 -0.00696053 -0.00697991 -0.00257352 -0.01481456
  0.01328212  0.01297498  0.01097718]
[ 0.0028798   0.00209146 -0.00438006 -0.00526786 -0.0057966  -0.00023182
 -0.00703525  0.00714691 -0.00963087 -0.00765526  0.00066409  0.00348842
  0.00898694  0.00240869 -0.00346303 -0.00269702 -0.00638357  0.00303556
  0.00259945  0.00157403  0.00345337]
[ 0.01073723 -0.00945742 -0.00132599 -0.01694029 -0.00878963 -0.01746569
 -0.02174985  0.01182058 -0.0182368   0.01540492 -0.02089602 -0.00167931
 -0.01791443  0.00345099 -0.00801966  0.01756226  0.01452065 -0.00030843
 -0.01076831  0.00621156  0.00822294]
[ 0.01578413 -0.01641403  0.00067457  0.00974719  0.00729833  0.00166949
 -0.01907836  0.00578026  0.00769399  0.0133038   0.00633556  0.01542444
 -0.01149419 -0.00200447  0.00031464 -0.00787968  0.00214432 -0.00502355
 -0.01469343 -0.01158199 -0.01816914]
[ 0.01149984  0.01166856  0.015414    0.00979363  0.00501387 -0.0237752
  0.00657697  0.01198893 -0.01364932 -0.00676953  0.00958538  0.00092687
 -0.01126523 -0.01979682 -0.00980669 -0.00181973 -0.01452743  0.00941558
  0.00936817  0.01905825 -0.00705605]
[ 0.0147689  -0.0155148   0.00091549  0.01606773  0.00724345  0.00546515
 -0.01041172  0.00092537  0.00674662  0.01181343  0.00265856 -0.00406145
  0.00250841 -0.00764719 -0.01038809 -0.01731372 -0.01250153 -0.00675958
 -0.02161746  0.01153195 -0.01738919]
[ 0.01400817 -0.01468309  0.00070364  0.01035415  0.01426952 -0.00191347
 -0.02019037 -0.00255875  0.02029919  0.02339746  0.01930418  0.02931298
  0.00855246  0.00188341 -0.00215002 -0.00580573 -0.00753653  0.01665221
  0.0029103   0.01227051  0.00923148]
[ 0.00350228 -0.00367842  0.00028831 -0.00415929  0.00212547 -0.01013469
 -0.00580079  0.00054555  0.01382659  0.01011925  0.00598409  0.00842141
  0.00700311 -0.00281401  0.00296822 -0.00225013 -0.00257751  0.00913416
 -0.00014878 -0.00399181 -0.00773654]
[  1.36404391e-02  -1.33868108e-02  -1.00750696e-03  -1.89849559e-02
  -1.14149312e-02  -2.38029462e-02  -8.12637506e-03   5.73566854e-03
  -3.94066369e-04   1.16941324e-02  -3.66744651e-03   6.19797263e-03
   1.47747439e-03  -1.19647280e-05   5.61382699e-03   2.32841416e-02
   7.55803564e-03   1.18301098e-02  -1.21075427e-02   1.18508579e-02
   6.48298400e-03]
[ 0.01791438 -0.0187052   0.00037115  0.00282412 -0.02601491  0.00011278
  0.01673935 -0.00304782 -0.00119458 -0.01069736  0.01579808  0.02139184
 -0.01231805  0.00772552  0.00613698  0.00982927  0.00554772 -0.00239434
 -0.00610242 -0.01066939  0.00308553]
[ 0.00607322  0.00603833  0.00531874  0.00208293 -0.00265175 -0.00820319
 -0.0031903  -0.01053757 -0.00054438  0.00348269  0.00542891 -0.00663727
 -0.00536452 -0.00131132  0.00439322  0.01150279 -0.00878593 -0.01128258
  0.01098921  0.00700938 -0.00484397]
[ 0.00805166  0.00817653 -0.00532169  0.00206131  0.0002828  -0.00335294
 -0.00165771 -0.00829689  0.00180588 -0.00105499  0.00670583 -0.00293517
 -0.01042917 -0.01028826 -0.02108934 -0.00165743  0.01461596  0.00827231
  0.00493555 -0.00630371  0.00243477]
[ 0.01210951  0.01183355 -0.0169935   0.0039963   0.00628232 -0.00132799
 -0.00054542 -0.00033979  0.02510515 -0.00555102 -0.00742172 -0.00799936
 -0.02660455  0.00798232 -0.00637361  0.00642766  0.00686584  0.00502869
  0.00943621  0.00837812 -0.0007426 ]
[ 0.0125502   0.01239996  0.00591038  0.00386469  0.00314814  0.00270719
  0.00311702  0.00472919  0.01341325  0.0006375  -0.0129963   0.00509223
 -0.00246108  0.01111658 -0.01016468  0.00370149 -0.00210264 -0.00116031
 -0.00011921 -0.01675791  0.00762049]

Right eigenvectors

[ 1.          0.98106849  1.13373202  1.08423668  0.55987046 -1.72560501
  0.58791016 -0.3387131   0.70446325  0.32718067 -0.1771899  -0.16649215
 -1.81253449  0.37119714 -1.57457505  1.19632264 -0.50715527  0.87416581
  0.84920626 -0.54067078  0.38217946]
[ 1.         -1.03571713  0.00175624  0.09813094 -0.51008035  0.04965102
  0.91187368 -0.3814914   0.67977807  0.01744919  0.5810276   0.83870945
  0.11556632  0.18253743 -0.44922326 -1.530006    0.12126395 -0.97872525
  0.12144786  1.53264426  0.86083327]
[ 1.          0.95122768  2.06998071 -2.53500543  2.13029947  2.77434742
  1.58910839 -0.1658088  -1.33761054  2.45154366 -0.59748843 -0.12374518
 -0.90461994 -0.84363846 -0.2901706  -3.57871524 -0.89945436  1.33021393
 -0.31827278  0.48503842  0.00363724]
[ 1.          1.00365855 -1.29556168  0.87880744  0.62853326 -0.08084117
  0.55023357 -0.63931679  1.16343182  0.73509579 -0.99021059 -0.3765468
 -1.02983027  1.03128929  0.46291006  0.06558784  0.77715479  0.84729719
  1.09768328 -0.73848939  0.94603971]
[  1.00000000e+00  -9.94645249e-01  -9.87179658e-02   6.83650388e-01
  -1.01700271e+00   1.97529743e-01  -5.72578945e-01   5.25363303e-01
  -5.77792263e-01   4.84722993e-01  -6.79953550e-01   2.36958641e-04
  -1.64437401e+00   4.42610259e-01   1.06781253e-01  -9.81761537e-01
  -1.71357059e-01  -3.89357306e-01   4.75860900e-01   2.70498777e-01
   3.20194411e-01]
[ 1.          0.99448199  1.43440689 -0.86634246 -1.00395912 -0.31374699
 -1.57339385 -1.91735316 -0.80950043 -0.84775898  0.03653072  0.3383625
  0.51136068 -0.34150432 -2.17738969 -0.91373687 -1.97214464 -0.66198577
 -1.13835127 -1.07431467  0.65229908]
[ 1.          1.00272366 -0.28158262 -0.291       0.18984613  0.76356202
 -0.12650614 -0.90970981  1.69102335 -0.82956201 -1.03755536 -0.55540782
 -1.51511838  1.06064046  0.22206996 -0.06037549 -0.89883237  1.32101843
  0.23386019  2.26411836 -0.95170157]
[ 1.         -1.01791623  0.10025211 -0.26418463  1.66412535  0.52581947
 -1.48846619 -0.29472924 -1.02077964  0.04545024 -0.48593282 -0.4116176
  0.63873172  0.30026476 -0.8032443  -0.62603916 -0.62916071 -0.36096657
  1.49068543 -0.77954359  0.64556835]
[ 1.          0.99690793 -1.676221   -0.35306625 -0.04693046  1.18467847
  0.48010557  0.55070426 -0.05632773  0.05364924 -0.66447173  1.40707743
  0.63920279  0.31005547 -1.65702679  0.24925566 -0.75667759 -0.23033654
 -0.6551098  -0.29991766 -0.87200835]
[ 1.         -1.05143953  0.08494305 -0.07844061  1.61497226  0.26285813
 -0.52823871 -0.15379478  0.409977    0.21884509  0.05169453  0.22205324
  0.26229952 -0.10165085 -0.47227799 -0.41879598  0.93479801 -0.93485218
 -0.39223922  1.3119723   0.57895604]
[ 1.          0.99217456  1.08883727 -0.34906523 -0.09383731  0.52056494
 -0.82228601  0.72069695  0.85415402 -1.34004503 -0.72822101  0.21297108
  0.90273759  2.14416642 -0.07729969  0.18095717  0.68756595 -0.73595971
  1.70234023 -0.49585765 -0.25377073]
[ 1.          0.94390625 -0.98384746 -0.30865495  0.03824323  0.34263814
 -0.41571037  2.57049401  0.6227818  -1.72731075  1.25798448  0.00598512
 -1.08741049 -1.64428435  0.37528302 -0.17074853 -0.134581   -0.5289114
  0.02282932  0.23816277 -1.24528481]
[ 1.         -1.04602612  0.07149488 -0.765082   -0.1835812  -0.099408
  1.27976511 -0.56654889  0.01295473 -0.89447344  0.28569191  0.03746739
  0.52043001  0.02750035  0.10597565  1.87075831  0.75102258  0.35437023
  0.29413977  1.16312938  1.19924517]
[ 1.          0.98288238 -1.8111172   0.34802228  0.03480224 -1.23542792
 -0.38998241  1.10277022 -0.93300936 -0.80861792  0.85531229 -0.34413439
  1.538583    0.46185303  1.06718274 -0.03658134  0.21766085 -0.52862357
  0.47938953 -0.37491958  0.78650205]
[ 1.         -1.03329378  0.04747467 -0.86254547  0.34496133 -0.28197384
  0.64168974 -0.03667392  0.4043662  -0.21640072 -0.06144959 -0.43768335
  0.2688461  -0.40784178  1.09047303  0.17982895 -0.20682598  1.49678568
  0.25225385 -2.28205803 -1.60918342]
[ 1.          1.0001799   1.66537673 -0.72443236 -0.45654003  1.14136343
 -0.13856007  0.56786922  0.56473746  0.59195607  1.72002682 -1.38515558
 -0.24938803  0.65053347  0.70625009  0.56796163  1.10754923 -0.40143745
  0.21039903  0.06471257 -1.04631065]
[ 1.          1.03268246  1.43519883 -0.90303788 -0.34483049  2.07706134
 -0.14964459  1.49095183  0.96181901  0.53177666  2.1256038  -0.87576523
 -0.94462906 -2.46873729 -2.45733687 -0.54621197  3.30291704  2.10771194
  1.60074154 -2.00992342 -0.12285504]
[ 1.          1.02524141  1.42937168  0.46109991  0.17493228  0.15773531
  0.02923563 -1.01632149  0.80932507 -0.09600356 -1.24552751 -0.04527513
 -0.27210531 -0.05689285  1.84455141 -0.3648288  -0.25851082 -0.36995236
 -1.82977227 -0.1276175   1.23419526]
[ 1.         -1.03365115  0.02433698  0.62098268 -0.14560231 -0.10048441
 -0.88649155  0.53285821  0.61513175  0.60256213 -1.10114509 -1.01621132
  1.0582694  -0.80280518 -0.74228322 -0.1120248   0.36432755 -0.84589231
  0.24396166  0.25035344 -0.0530402 ]
[ 1.         -0.66398684 -0.26570333 -1.84923382 -1.41667555 -0.07105269
 -0.25191668  0.54520637 -2.35090165 -0.73723348  0.64337674  1.71657174
 -2.5709865   1.17092307  0.2269487   2.00397713  0.01455004  0.40353624
 -0.930297    0.77553777  0.85016899]
[ 1.         -1.04334174  0.02484144 -0.09356929  2.25531615  0.36352423
 -0.9653035  -0.34976837 -0.64389175 -1.06099664  0.06301589 -0.77182494
  1.296454   -0.23771493  0.19099983  3.13228593  0.55054332  1.33408141
  0.0192915  -0.16525763  0.68588089]
[ 1.         -1.07022797  0.07310302  1.24760658 -0.83596854  2.03616823
  3.42273418 -1.62405026 -0.05289902 -3.29718088 -0.60752985 -3.61196849
  3.28307477 -1.84044306 -0.93300879  2.71168883 -0.4822637   0.40434144
  1.87909772  1.14589569  0.88421271]
[ 1.          0.99849847 -1.93472557  0.30688168 -0.03501637  0.58515636
  0.68791512 -1.10656258 -0.52335242  2.64522618  0.09564527 -1.11655415
  1.43934817  2.80488683  2.58048672  0.22727658  1.98583345 -0.53122518
  0.41875292 -0.06262532 -0.25384442]
[ 1.         -1.03953628  0.02917631  0.65719721 -1.01618632  0.64447073
  1.04950898  0.07402751 -0.52402854 -0.75115941 -0.39625916 -0.35089831
 -0.86460375  0.29057806  0.08116217 -0.31727415  0.70480176 -1.35173716
  0.40360675 -1.87761416 -0.3478791 ]
[ 1.          1.01999818  1.8488723   0.76352654  0.02299996 -1.12979379
  0.83190724 -0.89365717 -0.5119892   0.32592872  0.68579226 -0.76358245
  0.19571154  2.79261681 -2.87169068 -0.28850418 -0.02627582 -0.07245657
 -2.10459305 -0.14494841 -0.25781189]
[ 1.          1.01519335  1.53993018  0.62494376  1.39266474  0.84837911
  2.87511804  0.78055344 -1.2063464   3.63637615 -0.24666702  0.67261733
 -1.02482765 -2.85846478  0.98116384  0.54578509  0.92456743  0.98404347
  2.02437784  1.613467    0.56448314]
[ 1.         -1.04592748  0.17888761 -1.97408138 -2.36775737 -1.19889789
  4.69094816 -1.58229323  2.29694835 -1.50800201  2.52687391  2.45287672
  0.69226773  0.79598363  0.36086799 -1.50503397  0.01989254  0.42883806
  0.68476757 -0.62833819  0.71496431]
[ 1.          0.90532125 -2.00731672 -2.63192413 -1.83175635  1.08577187
 -1.5648312  -2.14424607 -0.88831428  1.17743923  3.58910063 -2.71925165
  0.44353929  0.15259637 -2.64113661 -0.65154699 -1.8541957  -0.69850414
  0.66135255  0.9251851  -0.5610888 ]
[ 1.          0.39436812 -1.39333254  1.470203    0.37119713 -2.33858758
 -1.12576569  0.71628856 -0.42057276  0.21970068 -0.35326558 -1.18055753
  0.18353903  1.38428933  2.85952898 -0.70647059 -0.3302787   1.13374594
  2.46096816 -0.16475606  1.91107732]
[  1.          -1.03890178   0.27370763  -7.28009465  11.50461494
   0.80485109   0.53153484  -2.05630951  -4.11849606  -1.02635203
  -1.40412486  -1.78030032  -3.1744845    2.05194243  -1.2853231
  -6.43821589  -1.8069291   -3.40340397   2.20996894  -1.43982515
  -0.61498092]
[ 1.         -1.02076939  0.07401694 -0.41971154  0.96839986 -0.09655729
  0.49310038 -0.24803267  0.98793786 -0.0456203   0.92975194  0.38032353
  0.14902574  0.43024781 -0.09992289 -0.53617175 -0.35584004 -1.24837326
  0.51945002  0.87912492  0.63520289]
[ 1.          1.00773989 -0.03445066  0.63735658  0.86369182 -0.09858692
  1.96900075  1.67828847 -0.86983608  1.22951701  0.79457375 -0.67878797
  1.17564381  2.06309407 -0.63547951 -0.64360271  0.6096653  -0.09940956
 -1.60950878 -0.04897696 -0.18301134]
[ 1.          1.01892439 -1.6530396   0.43256918  0.24074079 -0.06315486
 -0.24131012 -1.24940413  0.4284022  -0.70895019 -0.62282952  0.47729747
 -0.35817193 -0.76350304 -1.15908017 -0.98127877  1.60172082  0.65461396
  0.290932   -0.38175056 -0.15946598]
[ 1.         -0.67203161  0.38746753 -1.61232784  4.0017715   1.06326593
  0.96937302  0.47344453 -0.40025443 -1.17607204 -1.30234877  0.27936479
  0.22365513  1.44860007 -0.02980791 -0.03766035  1.29522904 -1.07094634
  1.92386025  2.16591159  3.81367315]
[ 1.          1.00349289  0.9587749  -0.02748425  0.44775515 -0.12592969
  0.49617755  1.17129706  0.20290617  0.05974086 -0.20802147  0.1658515
  0.79765983 -0.98524377  0.83232112  0.20559484 -1.29010206 -1.97639747
 -0.18388362 -1.51632515  2.01017578]
[ 1.          0.93750498 -1.96050891 -0.24788526 -0.38658005  0.31172408
  0.3037599  -0.9953278  -1.25887946  2.16872523  1.47600391 -2.07295411
  0.97276114  0.01689105  1.54006625 -0.62837994 -1.0144953   0.38257537
 -1.72715234  0.42799056  0.65578579]
[ 1.         -1.05003314  0.02474595 -0.02347168  0.86089018  0.35010902
 -0.32248272  0.03412131 -0.42792045 -0.46864364 -1.23876313 -1.56206752
  0.86538089 -0.86253312 -0.66271469  1.04210649  0.4516748  -0.02117149
 -1.10826596  0.40582609 -0.72048233]
[ 1.         -1.01254327  0.10867764 -1.20752584 -0.46768788 -0.96341741
  1.12689774 -0.43206809  0.87638846 -0.47307927  1.53224581  1.94063622
 -0.38654375  0.92855748  0.74348361  0.13383142  0.96516566 -0.38879626
 -0.07443757 -0.78244243  0.7889718 ]
[ 1.          1.02661452  0.09409395 -0.65278553  0.23767853  2.68569774
  0.91934325 -0.43511663  2.15016725  1.40192472 -2.06860284  0.29752036
 -1.01223468  0.38932714  2.74693385  1.20910275 -1.23909933 -0.26366257
 -0.75432586  2.77230384 -2.24397846]
[ 1.          0.98676925 -0.90444967  0.16137304 -0.01801529 -0.51018847
 -1.04561003 -0.47358202 -0.09393453 -1.27989287  0.87649061 -0.31138615
 -0.71794385 -1.54363042 -0.10486232 -0.82955078  1.73470088  0.27248603
 -0.21114636 -0.96061049  1.29102386]
[ 1.          1.03064051  0.80347034 -0.43385828 -0.0778043   0.955209
  0.26070649 -0.64390297 -0.49050574  0.75187585  0.00485794  1.29349321
 -0.39074313 -3.38770184  0.49849501  0.57843159 -0.72822725 -1.73871895
  0.71805131  0.14555363 -1.0637742 ]
[  1.00000000e+00  -9.51561376e-01   3.62081138e-03  -3.88303811e+00
   1.62679198e+00  -3.06404600e+00   8.05554116e-02  -2.43783558e-01
   1.54948711e+00   2.81895884e-01   1.72937012e-01  -3.95382070e-01
   1.37923972e+00  -1.82820758e-01   5.37807418e-01  -2.86155780e-01
  -5.68946380e-01  -6.66210513e-03   1.58517236e+00  -1.61567638e+00
  -1.06567312e+00]
[ 1.         -1.04948736  0.03304684  0.44946435 -0.07424218  0.31431378
  0.27954249 -0.17256349  0.40606252 -0.4000776   0.15464972 -0.3250344
  1.00476834 -0.65675452 -0.23113119  0.74345984  0.61964223 -0.08022061
 -0.97891861  0.9326827   0.06461512]
[ 1.          1.00889311  1.31916909  0.03597887 -0.50773559 -0.17632666
 -0.83524265 -0.53359573 -0.23508073 -0.95643772 -0.61700135  0.81213715
  1.33188331  0.50015774 -0.06146484 -0.0530797  -0.18336234 -0.67138717
  0.55904693 -0.82385432 -0.74719101]
[ 1.          1.0173278   2.65259868 -0.038152   -0.06020711  0.14043748
  0.05447501  0.80558975 -1.11496386  0.92502396  1.07369607 -1.04807737
  0.77681242 -0.60329838  1.70709722 -1.43327603  1.14610406  0.94045011
 -1.02050577 -0.20038807  1.37668614]
[ 1.          0.98801503 -1.26341935  0.10632795 -0.05281128 -0.47520082
 -0.6915226  -0.28036469  1.33054319 -1.31814561 -0.92703497 -0.27349302
  0.20451665  0.82569121  0.2706027   0.80981292 -1.82309701 -1.00260902
 -0.84461391 -1.13305574  2.12654129]
[ 1.          0.83342582  1.50944399  2.10520247  1.08252667 -3.74657499
  1.81536655  1.7571643  -0.40347546  1.62096892  0.27949289 -2.07820964
 -1.29742718  0.73742821 -1.00605056  0.81292709 -2.56163668  0.58866413
 -1.34530526 -0.13419763  2.77788617]
[ 1.          0.94213374 -1.12095204 -0.73086241 -1.1817086  -0.0321298
 -1.06031656 -3.0322226  -1.15310101  1.30547175 -0.14321902 -0.00421542
  0.3615905  -0.13002893 -0.79155325  0.20975072 -1.21550933  1.44860969
 -0.41656637 -0.22245833  0.81897961]
[ 1.         -0.73192307 -0.2395393  -0.14458918 -0.48028753 -2.14516728
 -1.25136409  0.32049314  0.95886415  0.25222941 -0.65411374 -0.58890104
  2.49812463 -0.42903621 -0.01867788  1.68884907 -0.2792813  -0.39875469
  1.73643407 -2.08775777 -0.08305183]
[ 1.          1.01368865  1.67213726 -0.4195051  -0.78710335 -0.1050237
 -1.22713426 -2.14368071 -1.27612387 -0.48015371 -0.78399476  0.74038504
  0.44351987  0.79796883  0.56824881 -1.31565975  0.93901684  1.36448858
 -0.36736199  1.19479208  0.18805954]
[ 1.          0.87755943  1.74477978  0.32448708 -1.08675746 -0.72097469
 -1.40750811 -2.01304499 -2.66487229  1.16786463  1.56126654 -0.21553272
  0.90858898  2.47968266  1.65679858  2.07068957  4.08447515 -2.70337231
  3.10167462  1.25407089 -4.10713505]
[ 1.         -1.03652588  0.02949381  2.56981233  1.54023314  1.56843192
 -1.25268432 -0.77738161 -0.46329958 -0.63879551  1.81785347  0.18261271
  1.01801008  0.30418679  0.2928665   0.94181912 -1.53690021  1.20258242
  0.63862921 -0.31126521  0.40696583]
[ 1.         -0.93816402 -0.15769322 -0.1738183  -0.94192445  0.12370896
  0.02996459  0.88974363 -1.15875728  0.20510076 -1.44332783 -1.31057252
 -0.18952891  0.32857599  0.54273233 -1.01714474 -1.30724192  1.3042521
  1.63209326  0.7222451   0.44678687]
[ 1.          0.94747742 -1.72746773  0.33960461  0.12073401 -1.1327817
  0.59504658  0.14375863 -2.20342666 -0.25552822  0.61727038  0.51615848
  1.03888878 -0.95361219  0.75698142 -1.26080291  0.74786614 -0.37528839
 -0.25702122  0.56257235  0.13530179]
[  1.00000000e+00   1.01716129e+00  -2.19423893e+00   1.22912642e+00
   5.23467852e-01  -2.97298064e+00   1.69306908e-03  -4.12777575e-01
  -2.05598139e+00  -1.61633591e+00   1.98587408e+00   2.01498268e-01
  -1.42885592e+00  -4.61428598e+00   6.23408478e-01  -1.24372799e+00
   6.27317181e-01   3.21860911e-01   2.89372326e+00   2.45861985e+00
  -1.06529119e+00]
[ 1.          0.98190514 -1.58702681  0.98105312  0.3777429  -0.67903729
  1.2639782  -0.67578966 -0.85099105  1.41182746 -0.13714464  0.46090744
  0.65918897  0.00419653 -1.65198373  0.27572958  0.87419355  0.53044714
  1.07387843 -0.853358   -0.01625159]
[ 1.          0.98004941 -0.44781994 -1.21234201 -0.74029467  1.5532528
 -0.81924335  0.96710992 -1.06259331  0.36804813  0.17121724  0.7461552
  1.60217992  0.16995891 -0.72917157 -0.21958702  0.46583354 -0.09781801
  0.17434005  0.37637559 -0.11401253]
[ 1.         -1.02538281 -0.0276138   1.20039015 -0.97706413  0.10721445
 -1.22000158  0.9070247  -0.32078262  0.68668598 -0.61013921  0.26394591
 -1.14666274  0.21263549  0.50260478 -0.79221455  0.09965976 -0.43192195
  0.42027325 -1.29116452 -0.61495167]
[ 1.         -0.87265261  0.05954012  0.77480979  0.08094639  0.09024527
 -0.91334013  0.885097    0.50598301  0.56063747 -1.25847885 -1.30234005
  1.14824549  0.65595829  0.72317025 -1.20225546 -0.7734684   1.92326065
  2.53274471 -0.23032736  1.22447489]
[ 1.         -1.01658048  0.11814002 -1.72966033  3.20640973  1.18810304
  0.02565313  0.02222134 -2.54114326 -0.37741368  0.34002286  1.57177145
 -2.99424327  0.92874151  1.36149546  2.11325721  0.17518848  1.17838401
 -0.18125539 -0.48100651  0.27097105]
[ 1.          1.02627792  1.58681914 -0.85655584 -0.49928674  2.1662095
 -0.87148223 -0.71230846  1.65310744 -0.07132985 -1.36876433  0.54723778
 -0.27322023 -1.21155756  0.88683737 -0.19954455  1.25527214  1.54005863
 -0.245631   -0.20245355  1.56876464]
[ 1.          1.04242586  2.9412537   1.03201947  0.36797266 -1.22936969
  1.42641223  2.39432871  0.44253993 -0.05398872  1.73413729 -1.51032515
 -0.50159106  2.78405856 -3.38348953  0.99409927 -0.6726763   0.47722649
 -2.39134356 -0.00466355 -2.11835526]
[ 1.         -1.01882639  0.01165443  1.85319414 -0.23116166  1.36222627
 -1.02510149  0.24567291 -1.63178142 -0.42261071  0.73891306  1.01080136
 -1.95478962  1.28747911  0.84966658 -0.20243285 -0.2205985  -0.73404899
  0.75990302 -2.11897988 -0.65037199]
[ 1.         -1.05483684  0.08592846 -0.59417098  2.19176325  0.22660857
 -0.5477009  -0.51065238 -0.21712681 -0.04546622  0.87789969  1.03170122
 -0.28034737  0.13835652  0.00265732  0.24283272  0.70158535 -0.13399167
 -1.45917976 -0.22037097 -0.31855192]
[ 1.         -0.98089038 -0.17146811 -1.30877994 -0.49092127 -1.96369989
 -2.0410964   1.2519027   2.26192363  2.97929153 -1.26771328  0.10005996
  0.58101715 -0.12609196 -1.21653263 -1.62779204  0.61519416 -2.42102779
  1.80691449  2.65549294  1.39825128]
[ 1.         -1.04227205  0.01247683  0.01815724 -1.3374181  -0.50249715
  0.59472185  0.09210939  0.60424423  0.52043086 -0.17503028 -0.32660287
  0.15910197 -0.3305252   0.04259457 -1.24779424 -0.52394641  0.32079202
 -0.32182602  0.0116521  -0.68120889]
[ 1.          0.97876627 -1.52847086  0.16630001  0.34493839 -0.75509904
 -0.6815666   1.27695893  0.97647051 -2.57758128 -0.01990364 -0.18746209
 -0.25577281 -0.3038885   1.19071683 -0.34475915  0.43730729  0.04261022
 -1.36851621  0.23917901 -0.01778719]
[ 1.          1.02553215  1.73107229 -0.05932115  0.11596104  0.69371246
  0.83499142  2.56716416 -0.25407469  1.16190533  1.48848694 -0.68395093
  0.55664837  0.67837828 -1.71433036 -0.04096234  1.33870717  1.10832347
  0.03155339 -1.27249863  1.44405822]
[ 1.          0.98327371 -0.46773553  0.72067006  0.7529388  -1.01123436
  1.04660051  1.51795845 -0.77548067 -0.49035203 -1.25005586  1.63768762
  0.52338147 -0.55946032  1.19788562  0.19269861 -1.36725035 -0.36421775
 -0.9591827   0.26338828  0.26952315]
[ 1.         -1.04010196 -0.00202472 -0.32380293 -0.47166335  0.17704902
  0.99659988 -0.08519231 -0.83965222 -0.43391948 -0.65501234 -0.76186942
 -0.74578561  0.22209688 -0.02736208 -0.98798983 -0.2640347  -0.24278974
  0.3354132  -0.22826689  0.12237052]
[ 1.         -1.04727633  0.05125906 -0.08952375 -0.34796623  0.36202168
  1.38352807 -0.39029779  0.02561413 -1.16018274 -0.96700656 -1.66364088
  0.6568969  -0.53011285 -0.97652065  0.46824631  0.80823718 -1.59194089
  0.48039186  0.25413896  0.49739976]
[ 1.          0.98171197 -2.09388319 -0.67386899 -0.20295603  1.57728595
 -0.13402271  0.50938481  1.55074219 -0.02908468 -0.1677066  -0.2232836
 -0.475501    0.27838933 -0.6382364   0.17905449 -0.59793221  0.33095719
 -1.23884459  0.17707641  0.07563512]
[ 1.          0.64536171 -0.69676887 -2.69346251 -0.88218663  0.65685272
 -1.00866669  1.61850369  0.92004457  1.29532443  0.96112737 -0.44550167
 -0.59601285  0.94636429  0.82874829  1.53430913 -3.34502174 -2.05733319
  3.38714497  0.61741923  0.52384576]
[ 1.         -0.8525211  -0.20520584 -1.02581476 -1.74014124  0.79188465
  1.72456703  0.09339341 -1.22328212  0.38283798 -2.31155146 -1.89654631
  0.03102385 -0.75408286  0.62873888 -0.55741552 -2.23833871  3.4752128
  0.20898445 -1.9443417  -2.15744361]
[ 1.          1.02851733  0.40188698  0.69842975 -0.0630913  -0.31148001
 -0.20003466 -2.31214743  0.79587586 -0.00693595 -0.65004278 -0.07045215
 -0.05046582 -0.68920146  1.15608084  0.54276356  0.25563247 -2.78474172
 -1.44598193 -2.33968113  0.20110096]
[ 1.          0.93745225  0.0479605  -0.20116039 -0.24538972  0.2501646
  0.09714929  0.21837451 -0.01588361 -0.35256156  0.8146778  -0.1361125
  0.06097239  0.03633239 -0.27955641  1.49067752 -2.58219982 -0.3330583
  0.78899582  1.47872689 -1.73522069]
[ 1.         -1.05886797  0.08236767  0.12615181  0.15468905  1.31486086
  2.0115752  -1.01067506 -0.45345437 -1.54840303  1.19002753  0.32382579
  0.02187661  0.26484097  0.52012336 -0.25661979 -1.42801988  2.18545239
  0.36440871 -0.35247128 -0.10634047]
[ 1.          0.98213211  1.57918242 -0.4394137  -0.54000034 -1.47684107
 -1.72421738  1.26183129 -0.47830198 -3.30002432  3.01304453 -2.68855374
  0.643561   -0.38540891  3.4487004  -2.50053267  1.30435226  0.99400811
 -1.59825863  2.36187069 -2.46513881]
[ 1.          0.99822663  1.6679261  -0.51319179 -0.20579372  1.12807507
 -0.1286318   1.21346254 -0.06995974 -0.41928017 -1.73066969  2.00730338
  1.34762115  0.01334904 -0.34253458 -0.09530113 -0.13824526  0.92307032
  0.97034674  0.17658257  0.31056375]
[ 1.         -1.03350431  0.0116083  -0.56835307  0.30139442 -0.34870124
 -0.07379143  0.33594738 -0.26553636  0.13596357 -0.8405365  -0.84156561
 -0.35148245 -0.79675781 -0.00531242  0.40394905  0.54068029  0.47010119
 -1.77456878 -0.36383034 -1.27085081]
[ 1.          1.03344     0.76107676  1.36369391  0.47813117 -1.17992906
  0.35195076 -1.0859518  -0.42754758 -0.44766252 -0.80389336  1.06404238
  0.45115227 -0.34263789  1.30693172  0.87462611  1.89752032 -1.42555933
  2.64401433  0.41436642 -3.55669371]
[  1.00000000e+00   9.85761201e-01  -1.41217213e+00  -1.57868323e+00
  -3.66654910e-02   2.18809247e+00  -1.71260207e+00   3.49824960e+00
   2.65484490e+00  -9.96644806e-01   2.06434258e+00  -4.35013784e+00
  -4.93090499e-01   1.81618764e+00   1.65839804e+00  -2.59980639e+00
   6.04412365e-01   1.66461569e+00   5.43221180e-01   9.97706146e-04
   3.10182549e+00]
[ 1.          0.99822895 -1.34840746 -0.06128949  0.09323428  0.57709662
  1.08829091 -1.69706233 -0.10821533  2.23213379  0.47881956 -0.60918021
 -1.06699262 -1.85116178  1.6528546   0.90887148 -0.90584229 -1.0479404
 -1.66400551 -0.80439582  0.79903564]
[ 1.          0.97093674 -1.67994109 -1.19431827 -0.3971061   1.51585971
 -0.00655938  1.40565394  0.48917091  0.73111642  1.64403471  0.06355282
 -0.09698961  0.07515635 -0.89574483  1.86773744 -1.06232197 -1.69189289
 -0.08689666 -1.06032991 -0.29623716]
[ 1.          1.01242241  2.49796802  0.41896156 -0.41471716 -2.81939874
 -1.56203206 -3.03234093  0.73840803 -2.12778532  0.8456987  -2.43146789
 -1.00258245  1.54906229  0.56225807 -0.20380658 -1.52460069 -1.24630487
 -0.47393521  0.45980512 -0.68867113]
[ 1.          0.99472476 -1.32149545  0.9563948   0.72061398 -0.73453432
  1.04130501 -0.25883903 -0.42984626 -0.48223472 -1.70143864  1.75880423
  1.21561416  1.70964259 -0.43924786 -0.4457355   0.64336487  0.09425216
 -0.53099799  0.77753582 -2.84708712]
[ 1.         -1.03459894  0.06267874  1.46290422 -0.6009544   0.87500149
 -0.21373624  0.07432047 -0.29627656 -0.05799598 -0.1112906  -0.25399997
 -0.40080584  0.19309884 -0.37377359 -0.37481421 -0.13819544 -0.79552698
  0.71323629  0.69674294  0.58946343]
[ 1.          0.72625001 -1.52095783 -1.82924304 -2.01284456 -0.08049716
 -2.44296096  2.4817334  -3.34427834 -2.65825687  0.23060394  1.21133835
  3.12067625  0.83640899 -1.20252206 -0.93652729 -2.21666952  1.05408666
  0.90264818  0.54657493  1.19916948]
[ 1.         -0.88080701 -0.12349477 -1.57771584 -0.81861276 -1.62664838
 -2.02564914  1.10089701 -1.69846454  1.43472057 -1.94612847 -0.15640041
 -1.66844131  0.32140454 -0.74690232  1.63564195  1.35236531 -0.02872494
 -1.00289486  0.57850662  0.76583468]
[ 1.         -1.03990716  0.042737    0.61753125  0.46238384  0.10577026
 -1.2087049   0.36620685  0.48745115  0.84285934  0.4013878   0.97721204
 -0.72821211 -0.12699252  0.01993398 -0.49921567  0.13585264 -0.31826616
 -0.93089906 -0.73377422 -1.15110208]
[ 1.          1.01467144  1.34036698  0.85163216  0.43599491 -2.06743792
  0.57191837  1.04253052 -1.18691403 -0.58866329  0.83352268  0.08059825
 -0.97959854 -1.72148655 -0.85276752 -0.1582397  -1.26327232  0.81875727
  0.81463502  1.65726207 -0.61357848]
[ 1.         -1.05050521  0.06198769  1.08794392  0.49045276  0.37004485
 -0.70497596  0.06265655  0.45681246  0.79988576  0.18001045 -0.275
  0.16984383 -0.51779003 -0.70337651 -1.17230985 -0.84647728 -0.45769027
 -1.46371548  0.78082712 -1.1774199 ]
[ 1.         -1.04818021  0.05023101  0.73915047  1.01865693 -0.13659694
 -1.44132764 -0.18266097  1.4490963   1.67027219  1.37806576  2.09256273
  0.61053333  0.13445066 -0.15348302 -0.41445292 -0.53800913  1.18874921
  0.20775755  0.87595394  0.6590066 ]
[ 1.         -1.0502918   0.08232072 -1.18759535  0.60688088 -2.89373983
 -1.65628891  0.15577069  3.94787885  2.88933058  1.70862517  2.40454993
  1.99958499 -0.80347977  0.84750939 -0.64247439 -0.73595231  2.60805783
 -0.04248211 -1.13977361 -2.20899921]
[  1.00000000e+00  -9.81406148e-01  -7.38617686e-02  -1.39181413e+00
  -8.36844847e-01  -1.74502785e+00  -5.95756118e-01   4.20490022e-01
  -2.88895662e-02   8.57313485e-01  -2.68865722e-01   4.54382193e-01
   1.08315750e-01  -8.77151236e-04   4.11557644e-01   1.70699355e+00
   5.54090347e-01   8.67282185e-01  -8.87621184e-01   8.68803256e-01
   4.75276781e-01]
[ 1.         -1.04414422  0.02071811  0.15764516 -1.45218003  0.00629557
  0.93440845 -0.17013281 -0.0666826  -0.59713794  0.88186557  1.19411532
 -0.68760672  0.43124688  0.34257272  0.54868047  0.30967973 -0.13365446
 -0.34064358 -0.595577    0.17223754]
[ 1.          0.99425536  0.87576976  0.34297003 -0.43663052 -1.35071514
 -0.52530635 -1.73508723 -0.08963633  0.57345055  0.89390909 -1.092875
 -0.88330775 -0.21591861  0.7233761   1.89401837 -1.44666734 -1.85775882
  1.80945375  1.15414478 -0.79759549]
[ 1.          1.01550831 -0.66094306  0.25601115  0.03512277 -0.41642905
 -0.20588481 -1.03045677  0.22428696 -0.13102754  0.83285143 -0.36454223
 -1.2952829  -1.27778135 -2.6192541  -0.20584971  1.81527386  1.02740459
  0.61298586 -0.78290832  0.30239409]
[ 1.          0.97721174 -1.40331864  0.33001325  0.51879249 -0.10966469
 -0.04504073 -0.02805982  2.07317736 -0.45840178 -0.61288388 -0.66058551
 -2.19699715  0.65917792 -0.52633074  0.53079483  0.56697939  0.41526765
  0.77923955  0.69186271 -0.06132399]
[ 1.          0.98802895  0.47093936  0.30793865  0.2508434   0.21570918
  0.24836423  0.37682147  1.06876729  0.05079634 -1.03554489  0.40574897
 -0.19609906  0.88576931 -0.8099219   0.29493449 -0.16753866 -0.09245344
 -0.00949829 -1.33527009  0.60720085]
