Cluster centers 

[-0.72946296  0.83047748  0.10027847  1.18991146]
[ 1.1597179   0.79452965  0.70427098 -0.045076  ]
[ 0.67448421 -0.94841192  0.46149908 -0.74418303]
[-0.05965256 -0.36510855 -2.77256664 -0.25641999]
[-1.28473324  0.60093622  0.80421593 -0.34733494]
[-1.60976367 -0.63122737  0.49535151 -0.278904  ]
[ 1.07777175 -0.07785332  0.72952205  0.67571824]
[ 0.71385038 -1.37467864  0.52821519  0.96264651]
[ 1.29702166  1.4402951  -1.33550954 -1.87254313]
[-0.26443586  0.4030105  -1.51245199  0.42990154]
[ 0.35304261 -2.96342403 -0.34877065 -0.29994708]
[-0.526118    1.26232101 -0.2181695   0.27148742]
[-1.43947839 -0.0600686   0.4781962  -1.96625006]
[ 0.74773078  0.39497357  0.81491035 -0.9687642 ]
[ 1.14674516 -0.35156025  0.62056041  1.74516855]
[ 1.04867028  1.85407701 -0.32189315 -1.4344303 ]
[-1.19059141 -0.55650004  0.67222534  1.84814087]
[  1.74315205e-03   8.03304515e-01  -1.94639969e+00  -1.10040340e+00]
[ 1.21842808  0.35489512  0.67432307  0.59371751]
[-1.62588859 -0.57592975  0.46142468 -0.66951335]
[ 0.18905807 -1.28265183 -2.6109726   1.73372905]
[-0.40770502  0.73397304 -0.85344967  0.67693706]
[ 0.5530539  -2.00526921  0.20440655  0.24732072]
[ 1.39416993  1.43172532 -0.07565307 -0.66176109]
[-0.26816572  1.16438833 -0.93645253 -0.27178668]
[-1.18560018  0.28312203  0.70268409  1.09197183]
[-1.7915178  -1.59009787 -0.00711498 -0.89830944]
[-0.57204783  0.49796282 -0.29829865  1.60035092]
[ 1.70993792  0.96869086 -0.63964407 -0.37144613]
[-1.57391787 -0.613164    0.54183121  0.04210397]
[ 0.92555712 -0.09276425  0.76050603 -0.03100888]
[ 1.92214448 -0.99773642 -1.84046936  1.79453527]
[ 0.45333673  1.6828669   0.82947714 -1.51922281]
[-0.64756487  1.1390135   0.00261229  0.6154996 ]
[-1.81077007 -1.49775717 -0.15009243 -1.80410483]
[ 0.20464406  0.13206627  0.58607725 -2.42760026]
[ 1.6621583   0.37993828 -0.09447246  1.09746131]
[ 0.28309611  0.57399712 -2.70038313 -2.08347618]
[ 0.86650143 -0.54436572  0.6803577   0.15863624]
[-1.37624754  0.20232598  0.75702659  0.17342255]
[ 0.47806557 -2.41035316 -0.13189634 -0.59011518]
[-1.66560079 -0.70302508  0.28745625 -1.46448093]
[ 0.03606228 -0.62155635 -3.44412613 -1.12446669]
[-0.37472453  1.39900324  0.90554838 -1.89333   ]
[ 0.90778834 -0.8432522   0.51469745  2.84128848]
[ 1.09094569  1.60243662  0.40237017 -0.85916713]
[ 0.43416154  0.52636126  0.78814296 -1.76572776]
[-0.16873348  0.22348204 -1.99484345  0.0106147 ]
[ 1.91675933  0.54369953 -1.87940226 -1.21172159]
[-1.40216905  0.21754997  0.6559732  -1.35381585]
[-1.61610228 -1.14566213  0.3821395   0.23964481]
[ 1.34739568  0.108088    0.4781588   1.32749685]
[ 0.88060441  0.26342757  0.80114283 -0.48361544]
[ 1.48629851  1.34712888 -1.13427227 -1.50620025]
[ 0.69570793 -1.13542059  0.4492299  -0.37088676]
[-1.53191431 -0.84013719 -0.06579251 -3.01651615]
[ 0.64228331 -1.63127027  0.38711225  0.48743309]
[-1.43746346 -0.65633774  0.62077734  0.94129495]
[-0.92808211  1.35543213  0.81272408 -0.58092702]
[-0.90662464  0.92272657  0.47648487  0.88790616]
[ 0.68114161 -1.43171095  0.41988852  0.1819541 ]
[-0.96179537  1.09899507  0.62921125  0.33320942]
[-0.53764813  1.58605291  0.13668999 -0.18100416]
[ 1.11033294  0.43484845  0.74517266  0.14654951]
[ 0.82709762 -0.335285    0.69816236 -0.30996886]
[ 0.46422868 -2.3273324  -0.26849625 -1.42994789]
[-0.0927855   0.12454345 -2.35554201 -0.43630327]
[ 1.42041714  0.56921449  0.41502938  0.72651028]
[ 0.02388167  1.53278309 -1.00997693 -1.1501227 ]
[ 1.79081708  0.68024776 -0.60260168  0.18440819]
[ 0.60013533 -0.31736405  0.59751987 -1.36380524]
[-0.02827853 -0.66351208 -3.02240176 -0.16387589]
[-0.42472525  0.34291779 -0.7600576   1.4975271 ]
[-1.51477964 -0.09449062  0.62872907 -0.67145719]
[-0.33005681  0.21405126 -1.15813034  1.27219223]
[ 1.25151169  1.1979601   0.48602574 -0.29224385]
[-0.16678842 -0.25145752 -1.79374991  1.22598303]
[ 0.53708922 -1.91970057  0.02481165 -0.96513399]
[ 1.45439463 -0.19395263  0.11246012  2.16735636]
[-0.66925486  0.99611899 -0.01189225  0.85430774]
[ 0.59163683 -1.79476527  0.37310587  0.85152912]
[-0.47634222  0.97825773 -0.53981929  0.54785326]
[-1.60102971 -0.4126603   0.45496823 -1.15134471]
[ 0.43033948 -2.53946544 -0.0736183   0.02835564]
[-1.11825555  0.84225083  0.82446239 -1.4446363 ]
[-1.54132349 -0.28923701  0.41157385 -1.78225124]
[-0.87426181  1.33451778  0.63149258  0.00603972]
[-0.03233317 -0.07732784 -2.73068286 -0.74915649]
[-0.84833166  0.55359803  0.33953418  1.58032892]
[ 0.67743098 -1.45506975  0.54316921  1.39371453]
[-0.15703468 -0.13709151 -2.11068726  0.50337748]
[ 0.80628883 -1.08239509  0.61128713  1.05046479]
[ 0.81249988  1.09228421  0.84149961 -0.9649325 ]
[-1.19981092  0.51979599  0.7518579   0.655041  ]
[-0.11751607  0.99828401 -1.47441538 -0.6992488 ]
[-0.88695145  0.18288924  0.43104729  1.99426592]
[ 0.75588976 -1.10168518  0.5381974   0.23656944]
[-1.70423072 -0.89707953  0.26316281 -1.11091565]
[ 0.85591105 -0.83547391  0.65065602  0.70174279]
[-0.00543196 -0.64041087 -3.22156533 -0.61268643]

Populations

0.0991287980218
0.410858521509
0.15619098311
0.333821697359

State labels

0
1
2
3

Eigen uncertainty

1.55583382619e-10
0.0739406240063
0.0683089647668
0.0778474098639

Eigen values

1.0
0.424097839071
0.40447768012
0.249626693324

Left eigenvectors

[ 0.0991288  -0.22682382  0.03669764  0.19106678]
[ 0.41085852 -0.15744659 -0.3204056  -0.33853304]
[ 0.15619098  0.23515663 -0.15633615  0.22815724]
[ 0.3338217   0.14911378  0.44004411 -0.08069098]

Right eigenvectors

[ 1.         -2.28817284  0.3702016   1.92745991]
[ 1.         -0.38321364 -0.7798441  -0.82396501]
[ 1.          1.50557112 -1.00092944  1.46075806]
[ 1.          0.44668691  1.31820104 -0.24171879]
