Cluster centers 

[ 1.09637639  0.22330854 -0.39996353 -0.13154961]
[-0.97011904 -1.24302417 -0.61539492 -0.04872972]
[-1.0216573   0.67908462  1.73806257 -0.62771696]
[ 0.6825944  -1.38960249  0.77813976  1.52862869]
[-0.9980405   0.3799015  -0.97088778  0.99044496]
[-0.96626535 -0.08345866  1.27999592 -0.34437917]
[  1.05565846e+00   1.78532361e+00  -3.11827999e-04   6.59732432e-01]
[-1.1189183   2.2127729  -0.90259506  0.89406242]
[-0.87995914 -1.09588451  0.39838577  0.12962775]
[ 1.04137079 -1.0610519   1.39827452  0.24174599]
[ 1.13813945 -1.00749327  0.03270652 -0.59601467]
[ 0.99764842 -0.74573878  0.25720392  1.11321504]
[ 1.12136776 -0.10117525  1.71087494 -1.14915012]
[-1.06013688  0.05090463  0.54525891 -1.600025  ]
[-1.10825465  1.07460301 -1.414352    0.09477147]
[ 1.07928217 -0.44980514 -0.55857008 -0.9252224 ]
[-1.02183989 -0.27342701 -1.16061832  0.44872568]
[-0.36551816 -0.93049048  0.03411544  2.05565103]
[ 0.86376168  0.94854665  3.56953142  0.58185593]
[-1.04636575  1.48754469  2.30651447 -0.66822067]
[ 0.90327517  1.55918261 -0.82012115 -0.86464758]
[ 0.65934993 -0.52168571 -1.16789126 -2.64140464]
[-1.05927368 -0.60813484 -1.39460728 -0.32932504]
[-0.76064065 -0.70315771 -0.53450063  1.42240326]
[-1.03691727 -1.1106463  -0.75842306 -0.84621988]
[-0.8217185   1.62758979 -0.2052706   2.22691497]
[-1.0375611   1.64614958  1.49021409 -2.2303843 ]
[ 1.08037322  0.77619645 -0.04250215  0.71898167]
[ 0.90587825  0.37990913 -1.05751437 -1.40489359]
[-1.07461454  0.45864444 -1.28644026  0.37292439]
[ 0.31720454 -0.85517228  0.4227741   2.29030017]
[-0.37997155  0.20933375  0.03135356  2.52815005]
[ 1.12700106 -0.66648889 -0.24016737 -0.3586187 ]
[-0.90221607  0.80317515  2.28864945  0.01986644]
[-1.05351499  0.09383922  0.95577571 -1.04535   ]
[ 1.13936756 -1.01129025  0.77775149 -0.57538833]
[ 1.11321502 -1.16686721  0.38204243  0.09288068]
[ 1.04979481  1.01245115 -0.48402406 -0.22253076]
[-0.59198678 -0.27519796  2.01539867  0.81070316]
[-1.04732318 -0.68131511 -0.09451462 -1.27661268]
[-0.69680549 -1.33688075  0.53116035  0.74931558]
[ 0.84348476  0.0038103   0.38415682  1.90870624]
[ 1.10615953  0.02298681 -0.18368505  0.31039085]
[-0.9740461   0.12344091  0.13870663 -2.38808643]
[ 0.94779958  2.62231037 -0.32729393 -0.18634574]
[ 0.9971148   0.81604752 -0.74316362 -0.73081383]
[-1.07752849  0.88492102  1.32609026 -1.52251678]
[-0.8513519   0.03516318  1.76782364  0.16606502]
[-1.12134064  3.4626376  -0.30473344  1.55787371]
[ 0.80168865 -0.27412918  2.63285008  0.75829716]
[-0.93400063 -0.71511585 -1.04036636 -2.09518501]
[-1.07298663 -0.131221   -1.65937749 -0.6443849 ]
[ 0.7276605   1.32597636 -1.23109508 -1.53096166]
[-1.03972254 -0.2800005   0.66036949 -0.93093631]
[-0.96956482 -0.71713326  0.56799335 -0.36696895]
[ 1.04428277 -1.13234961  0.37124057  0.69619956]
[-1.07451159  0.99666014 -1.11243174  0.72267674]
[-0.8858339  -1.13093113 -0.65687979  0.65848851]
[-0.86434968 -0.61684395  1.07701661  0.11839158]
[ 0.56404869 -0.0591854   0.47632867  2.44552334]
[ 0.05969977  0.13904647 -0.33277292 -3.82162959]
[-0.39307278 -0.98672851  1.5861311   1.16876981]
[ 1.03675523  0.15402938 -0.72389211 -0.84174654]
[-0.98043202 -1.05964822  0.00415361 -0.38029674]
[ 1.08917091  0.62845497 -0.31822474  0.11054946]
[-1.04190593 -0.89379628 -1.36964755 -1.24555151]
[ 0.98249784 -0.3182189  -0.87007928 -1.4729128 ]
[ 1.07093826  0.2590719  -0.56786689 -0.48493804]
[-1.03781662  1.28855566 -0.85620714  1.17961963]
[-0.91282143  0.05634878 -0.7980619   1.26294216]
[-1.03841644  2.02080549  2.78963127 -0.46632413]
[ 0.99962057  0.18140667  0.21375479  1.37153405]
[ 1.09242688  1.10276295  1.23774089 -0.31198443]
[ 1.02841624  1.56152095 -0.40735861 -0.11598092]
[ 0.92983525  2.04705537 -0.60217496 -0.54339328]
[ 1.0864341  -0.4367154   1.95237312 -0.21137907]
[ 0.68887291  3.17180676 -0.74087051 -1.00340582]
[-0.89661812 -0.65416593 -0.8073781   0.95844665]
[ 1.10963981  0.8659542   2.58035178 -1.15054341]
[-0.87008749  1.2516999  -0.41507585  1.94340676]
[-0.89381415  1.58968365  2.89769981  0.08717473]
[-1.0699443   2.68157933 -0.44876338  1.58528363]
[-1.05667373  0.42327933  1.26980705 -1.01441363]
[-0.69212533 -1.370344   -0.15972612  1.10146949]
[-1.05502729 -0.85743508 -1.35165848 -0.67256293]
[-1.0127631  -0.84634324 -1.10398979  0.10223105]
[ 0.9987851  -1.33191628  0.9682843   0.60417578]
[-0.76192864  2.5464928   0.21314899  2.67283832]
[-0.81111377  0.50073735 -0.49383038  1.8343807 ]
[ 1.10834226 -0.62831922 -0.02192911  0.32990531]
[-1.07142163  0.03300431 -1.38412289  0.08022844]
[ 1.05075932 -0.29717175  0.10189891  0.94821531]
[-1.03250491  1.94947361 -0.60392867  1.51246355]
[-0.66270768 -0.94144234  1.1999398   0.71646816]
[-0.63647029 -0.40562241 -0.33866978  1.89638351]
[ 1.10710357 -0.31727234 -0.42653237 -0.44676266]
[-1.05675853  0.44846767 -1.82346657 -0.87549351]
[-1.09879576  1.78588591  1.95897375 -1.55812755]
[ 1.07188925 -0.86994    -0.28894258 -1.41585185]
[-0.97457053  0.67628011 -0.82780457  1.26997638]

Populations

0.0090323004168
0.487470811253
0.0148266911347
0.488670197196

State labels

0
1
2
3

Eigen uncertainty

nan
0.0287978587355
0.100764151555
0.0831167399542

Eigen values

1.0
0.60535697502
0.132294926406
0.120996943095

Left eigenvectors

[ 0.0090323  -0.00968113 -0.08432697 -0.04178464]
[ 0.48747081 -0.49029366  0.08630389  0.04479716]
[ 0.01482669  0.01428621  0.05324218 -0.1075548 ]
[ 0.4886702   0.48568858 -0.0552191   0.10454228]

Right eigenvectors

[ 1.         -1.07183425 -9.33615627 -4.62613489]
[ 1.         -1.0057908   0.17704423  0.09189712]
[ 1.          0.96354646  3.59096813 -7.25413386]
[ 1.          0.99389851 -0.1129987   0.21393218]
