Cluster centers 

[ 1.09554436 -1.69151732  0.99466512 -0.13408032]
[-0.9793946   0.85702009  0.2854853   0.45420782]
[ 0.94492875  0.50788129 -1.01656128 -0.52474843]
[-1.0180524  -0.84085497 -0.76992863  0.65760606]
[-1.01521804  0.25983194  2.57980655 -1.30893035]
[ 1.16279187  0.41284144 -0.06497284  0.79582349]
[-0.9900843   0.69407731  1.36396476 -0.21175563]
[ 0.81198624  1.45275513  0.6266927  -1.94655926]
[-1.02007115 -2.33218709  0.44816093  0.31594586]
[-0.95465874 -1.08105565 -1.21788745 -0.61012616]
[-0.94484407  0.96586091  0.1550915  -0.49792299]
[-0.91859635  0.44504926 -0.09648066  1.81032424]
[ 1.07116805 -0.8932292  -0.02811966 -0.52210216]
[-0.91670088  0.69372598 -1.22090386  0.1585005 ]
[-1.00996543 -2.42701998 -0.31596635 -1.58166612]
[ 1.12698652  0.99248233  1.03517855  1.79088083]
[ 1.11820373 -0.75246661  0.15853161  0.02578706]
[ 0.98592245  1.30754203 -0.54773789 -0.47393438]
[ 0.63241583  0.28005776 -1.550805   -1.28049532]
[-0.94944424  0.68686587  1.32680053 -1.63827425]
[-0.98058905  0.08412752 -0.67810594  1.32126179]
[ 0.36040499  1.39591651 -1.35104105 -1.49778381]
[ 1.09814091 -1.0903768   0.83356996  0.78363208]
[ 0.91816781  0.18881262  1.10967835  2.55014283]
[-1.03300014 -0.26186826  3.46151857 -2.87366136]
[ 1.14688397  1.21188182  0.03320663  0.34386571]
[-0.97053647 -1.46488156  0.00171059  1.12922192]
[ 1.1447154   0.55488615 -0.26822858  0.51706774]
[-0.74136732  0.26896495  0.39946535  2.61117938]
[-1.05174414 -1.84512255 -0.23508783  0.03004094]
[-0.9916072  -0.39682305 -1.17982868  0.37020354]
[-0.9406427   0.72812922  1.1718472   0.75984063]
[ 1.0703504  -2.20829313  1.45173305 -0.42417791]
[-0.77694238 -0.29096954 -1.77544328 -0.80042696]
[ 1.09609025  1.40004784  0.12815002 -0.22329637]
[ 0.88345044  0.92503666  2.82993447  1.7526817 ]
[ 1.07883257  0.146742   -0.52861364 -0.0585167 ]
[ 1.03475061 -1.85730793  1.44654597  0.51223714]
[-0.88867158 -3.27771834  0.31499079 -2.93889229]
[ 0.2657211   1.44798682 -0.03331015 -2.49555171]
[-0.56934048  0.62036636  1.71480768  2.38029921]
[ 1.15741403  1.3115823   1.62304455 -0.25771877]
[-0.9914789  -0.38978055 -0.69417756  1.20828479]
[-0.97826383  0.5457265  -0.79880132  0.86656611]
[-0.8236675   0.65143626  1.40077616 -2.67499997]
[ 1.14731096 -0.23410163  0.14090859  0.68138129]
[ 0.95046508 -0.70057967 -0.54365897 -1.03999425]
[ 1.13406246  0.22875089  0.47739499  1.6039748 ]
[ 0.51211295 -0.67145327 -1.30954956 -1.93655439]
[-1.00790873  0.478896    2.00003272 -1.06743651]
[-0.95932569  0.78812479  0.69944816  0.79784498]
[-0.70951205  0.67718744 -1.72973677 -0.60028965]
[-0.98285218  0.83059701  0.73220718 -0.03577717]
[ 0.94039343  0.96888804 -0.9535805  -0.46627449]
[ 1.09001849 -0.41405421 -0.23812322 -0.16712931]
[ 1.06828061 -1.52969973  0.46107453 -0.84208322]
[-0.95342107  0.61630258  1.71848174  0.25396127]
[-0.99663602  0.6755498   1.40924049 -0.72029705]
[-1.02235126 -1.90446739 -0.59892517 -0.88625332]
[ 1.09542962  0.82150585 -0.50919934  0.14238092]
[-0.95755487  0.83280997 -0.66803843  0.36720229]
[-0.94053296  0.88241771  0.6780993  -1.06770566]
[ 0.1112067   0.10393223 -1.9536627  -1.64213208]
[-1.02310719  0.13249304  2.76646179 -1.95257811]
[-0.81072227  1.09207537 -0.80631051 -0.72758317]
[-0.98735934 -0.85338833 -0.43260593  1.2232619 ]
[-0.94918926 -0.46777438 -1.39283023 -0.11797652]
[-0.97318643  0.70962154 -0.27649459  1.02697518]
[ 1.16251647  0.22858337  0.16890611  1.08430762]
[-1.02021667 -1.08464375 -0.90000634  0.08029685]
[-1.00956016 -1.79789226  0.05262056  0.65945383]
[-0.98592058  0.48030213  2.10627858 -0.4458241 ]
[-0.99500056 -0.08023595 -1.03560523  0.7876909 ]
[-1.07433703 -2.51346366  0.21713562 -0.55050752]
[ 0.69054876  0.97307656 -1.40500846 -1.02262274]
[ 1.12427757 -0.20791621 -0.15107022  0.21375478]
[-0.76588423 -1.50029022 -1.27727334 -1.7732974 ]
[ 1.02641303 -1.41338286  1.2183934   1.02445676]
[-1.0217088  -1.28276455 -0.40273854  0.71769326]
[-1.00594544 -0.18596477  3.66690384 -1.57508514]
[-1.03898247 -1.44324411 -0.59517349  0.08302409]
[ 0.98827639  1.50399278  0.33913095 -1.0255573 ]
[ 1.10588999 -1.31724792  0.55458444 -0.22978446]
[ 1.17955837  0.84720673  0.26862505  1.13014893]
[-0.74526597  1.12481969 -0.12809269 -1.53514345]
[-0.79504117  0.54579562  2.20770714  1.09867489]
[ 1.12602237 -0.90186115  0.44626351  0.32359382]
[ 0.90044103 -0.21077505 -0.91715272 -0.94122726]
[ 1.13621781 -0.4927236   0.39762079  0.84747521]
[-0.97063964  0.2676831   2.74098233 -0.60743163]
[-0.97329125  0.90967097  0.0538046   0.15434425]
[ 1.00145228  0.00719102 -0.7524681  -0.49271199]
[-0.86514366 -0.27714005 -0.07114274  2.11816279]
[ 1.10594552 -1.28004435  0.81394361  0.36929181]
[ 0.22145858  0.13160327 -1.16996714 -0.61026093]
[-0.93453897  0.73066396  0.3676423   1.3335185 ]
[ 1.17458113  0.97501866  0.08842823  0.78489608]
[-0.9419848   0.21604037 -1.38207432  0.26461184]
[ 1.08912067 -0.62669886  0.73252125  1.33371515]
[-1.01085924 -1.34488599 -0.90654811 -0.3880449 ]

Populations

0.293713016922
0.331007971016
0.369984767135
0.00529424492757

State labels

0
1
2
3

Eigen uncertainty

nan
0.0456960032926
0.0473565606742
0.198772448347

Eigen values

1.0
0.389548111915
0.278465041418
0.183940544925

Left eigenvectors

[ 0.29371302 -0.44052952 -0.08486758 -0.07859334]
[ 0.33100797  0.29436548 -0.36674807 -0.01692655]
[ 0.36998477  0.13374321  0.43367367  0.16472989]
[ 0.00529424  0.01242083  0.01794198 -0.06921   ]

Right eigenvectors

[ 1.         -1.49986381 -0.28894729 -0.26758549]
[ 1.          0.88930028 -1.10797354 -0.05113638]
[ 1.          0.36148303  1.17213926  0.44523426]
[  1.           2.34610001   3.3889593  -13.07268593]
