Cluster centers 

[-1.58060044 -0.77301139  0.45987603 -0.28317915]
[ 1.15698684 -0.40799729 -0.01195123 -0.53187259]
[-0.79185914  3.23825815  0.55307251  0.71968666]
[-0.55817568 -0.12031939 -1.43583153 -0.36743338]
[ 0.24690593  0.02770419  1.05678656 -1.82755601]
[ 1.17949162 -0.65681632 -0.01370463  0.67315017]
[-2.04058737  0.2386467   2.75879603  1.30956492]
[-0.57281778  1.53906978 -0.73264923  0.02827408]
[ 1.61694946  1.28511365 -0.1255632   0.8672964 ]
[-0.88482544 -1.16785934 -0.62246523  0.32492104]
[ 0.1549419   0.34587018  2.28436541 -0.42659053]
[ 0.61108966 -0.87968319  0.63280093  1.53956045]
[ 0.90819906  2.87669293  0.12716084 -1.91888141]
[ 0.84146019 -0.29576058  0.30254112 -1.22584305]
[-1.63389468 -0.63808708  1.08636069  0.49764185]
[ 0.64319868 -0.20949617  0.624327   -1.35954867]
[-1.0989314  -1.06827051 -0.60869917 -0.32514487]
[ 0.60795771 -0.80627005 -0.72941392  1.83428377]
[-0.29279112  0.25133528 -1.16449712  0.68363206]
[ 0.44843965 -0.04898152  1.23239674 -1.08762511]
[-0.70747824  2.70624799  0.10772122  0.48236637]
[-0.76457008 -0.59264115 -1.39645475 -0.94005772]
[ 0.88599598 -0.39973236  0.57073006 -0.44343377]
[-1.14848124 -1.05711639  0.26400508  0.73088193]
[ 1.13703991 -0.2340946  -0.25516041 -1.210956  ]
[ 1.31730123  0.67812802 -0.34508457  1.84069782]
[-0.73221652 -0.94513249 -1.16430209 -0.08633904]
[-0.44018589  0.79287663 -1.04703681  0.2946624 ]
[-0.27451592  1.31252264 -0.60320255  1.11076825]
[-0.60898942  0.36101073 -1.4610396  -1.4425601 ]
[ 0.66078187 -0.48201786  1.16363869  0.71556499]
[-2.61205242  0.89063791  3.18501352  0.0632355 ]
[-1.45386138 -0.79062103 -0.11609575 -1.19440999]
[-0.22073555  0.59068896  2.2029475  -1.67128989]
[ 1.50505353  0.1782917  -0.48263197  1.14341559]
[-0.08767275 -1.17948783  0.27144581  1.88452776]
[-0.27826335 -0.678076   -1.23380784  0.82735387]
[ 0.42124959 -0.1573364   0.12979017 -2.35018812]
[ 1.58554508  1.95980019  0.21718632  0.83669875]
[-2.05852885 -0.11305974  1.84676013  0.18806934]
[-0.58472712  1.16639462 -1.010686   -0.42052852]
[ 0.97883397 -0.61547738  0.4562764   0.44939869]
[-2.26050644  0.8492736   3.67300856  1.6864729 ]
[ 1.17366229  1.73352114  0.21199293  2.21031805]
[ 0.40441476 -0.00722624  1.78726568 -0.10592874]
[-0.31700264  0.37406421  1.57432849 -2.32353159]
[-0.86320434 -1.19689458 -0.2243655   0.80959075]
[-0.54641782  1.89242954 -0.42171099  0.50033644]
[ 0.94591584 -0.90469307 -0.14105172  1.52136913]
[ 1.00245957 -0.09706113 -0.6584932   1.97283191]
[ 1.41354805 -0.35447748 -0.43764251  0.91228775]
[-1.45794909 -0.6692457   1.27236895  1.08803194]
[-0.56606187  0.56806151 -1.29240774 -0.57485822]
[-0.70829865  2.23825878 -0.3960633  -0.37649961]
[ 0.12158324  0.29460678  1.87585978 -1.21081169]
[ 0.6973217  -0.25165554  0.82407081 -0.84143806]
[-0.35099715  1.82822505 -0.29191376  1.17852301]
[ 1.49801067  0.66868773 -0.57082812 -0.95102428]
[-1.8153805  -0.26263945  1.90795025  0.96737381]
[-0.65260542  1.84399496 -0.63772802 -0.37222027]
[-0.61666344  0.01221437 -1.47768852 -0.88228987]
[ 1.61169175  0.67891521 -0.36808507  0.80063809]
[-1.27067762 -0.99394293 -0.32191494 -0.47646723]
[ 0.37197906  0.05171217  1.62645051 -0.71019414]
[ 1.2002542  -0.69454581 -0.29030553  1.21139084]
[ 1.16618116 -0.5786869   0.07414874  0.26465415]
[ 0.83824735 -0.08609523 -0.48376113 -2.21106395]
[ 0.17776146 -1.02184056  0.66736668  1.92860821]
[ 0.3602169  -1.15229565 -0.05619054  1.87243595]
[-1.86937693 -0.36851276  1.4915063   0.32673912]
[-1.57985307 -0.19137323  2.28319902  1.6850511 ]
[ 0.46537206 -0.10125419  0.8711679  -1.52583593]
[-1.35308571 -0.8928992   0.6452288   0.67081792]
[-0.93804281 -1.05808092 -0.90875014 -0.30151489]
[-0.39819962  0.30149454 -1.22298744  0.33889416]
[-0.63748178  2.02375037 -0.4369155   0.07515449]
[-2.39835157  0.55995223  2.93133332  0.57403564]
[-1.44564821 -0.89864879  0.21616133 -0.1641343 ]
[ 1.29627911 -0.10632236 -0.44087649 -1.05266538]
[-0.74303526 -0.39246494 -1.47561651 -1.8612298 ]
[ 1.53116551 -0.05610977 -0.48027499  0.51885249]
[ 1.2887592  -0.43961495 -0.16636523 -0.08830897]
[ 0.98150501 -0.53912017  0.46304339  0.11989122]
[-0.39694122 -1.06459052 -1.02066998  0.87493284]
[-0.78148703  3.03478427  0.33807875  0.46170033]
[-0.4712635  -0.55905083 -1.33664256  0.26705097]
[ 1.63971046  0.80872094 -0.38403291  0.21928216]
[-1.19733683 -0.9185519  -0.67960867 -1.14516207]
[ 0.57371108 -0.15668541  1.12187432 -0.79252535]
[-0.97362359  3.76255693  0.84336979  0.2337519 ]
[-0.46447261  0.09554523 -1.33352105  0.05225758]
[-1.19643799 -1.07153442 -0.16355827  0.09671261]
[-0.52380727  1.18894381 -0.90855207  0.06644203]
[-0.14458647 -0.39119732 -1.20448716  1.04355709]
[ 1.27170008 -0.30629281 -0.56125951  1.57840092]
[ 1.49887472 -0.06649134 -0.47510717 -0.13222726]
[ 0.71730588 -0.3242898   1.01832249 -0.20341826]
[-0.43409772  1.39403081 -0.68015373  0.62262981]
[ 0.65311855 -0.21449447  0.41763991 -1.61004197]
[ 1.53656815  1.20958931 -0.1137478   1.36464131]

Populations

0.0817725024418
0.126548593724
0.459951362649
0.331727541184

State labels

0
1
2
3

Eigen uncertainty

nan
0.145908561362
0.126031226791
0.0829158085613

Eigen values

1.0
0.650090979094
0.55569224889
0.515872778746

Left eigenvectors

[ 0.0817725   0.26000824 -0.02231806  0.08356661]
[ 0.12654859  0.02137995  0.31424521 -0.10642788]
[ 0.45995136 -0.0476323  -0.31248731 -0.38532966]
[ 0.33172754 -0.2337559   0.02056016  0.40819094]

Right eigenvectors

[ 1.          3.17965375 -0.27292862  1.0219402 ]
[ 1.          0.16894658  2.48319795 -0.84100405]
[ 1.         -0.10355943 -0.67939208 -0.83776176]
[ 1.         -0.70466231  0.06197906  1.23050059]
