Cluster centers 

[-1.34722946  1.09548328  0.95804637  0.57446968]
[ 1.07634015  0.61658277  0.17349735 -0.31715508]
[-0.73844363 -0.5618177  -1.86697244 -0.28767421]
[-0.79325948 -1.04611723  0.83638742  0.20476043]
[-1.38824916  0.39856529  0.34487023  1.87477627]
[ 1.15604034 -0.36887041  0.52469672 -0.20645548]
[ 0.86428825  1.4149899  -2.113351    1.05087533]
[-0.79585055 -0.38446392  0.17154389 -1.35418667]
[-0.33719142 -1.66773329 -0.12902108 -0.84582852]
[ 0.93447136 -0.50705757  1.2039663   1.09400043]
[ 0.7866387   1.83571991 -1.23023927  0.26071693]
[-1.01453927  0.99358451 -1.17951351 -1.01439464]
[ 0.89731116  0.23054878  1.35272942  0.99065644]
[ 0.86020617 -2.0545686  -0.35115868  0.02210582]
[ 1.15332318 -0.42913912 -0.39609663  0.06582022]
[ 0.90173853  1.19307851  1.30791908 -0.44405145]
[-1.52006769  0.59327123 -0.11646872  2.78801045]
[-1.1074031  -0.07729812  0.93851163  0.21760542]
[-0.79840813 -0.29489019 -0.82107028 -1.0255274 ]
[ 0.40644293 -1.02161909 -0.02660398  3.89011747]
[ 0.8073587   1.79989995  0.09558137 -0.55830641]
[-1.06555014  1.20035789  1.16821227 -1.45580358]
[ 1.04226491  0.56617564 -1.42047246  0.60210794]
[ 0.80423239 -1.8655459  -1.37373755  0.47919132]
[-0.76561946 -0.57988344 -3.87603264  1.50696413]
[-1.40069907  0.77660499  0.61141459  1.35258415]
[ 0.99880165 -0.07192446  1.32431821  0.49444116]
[ 0.69020734  2.03318393  0.92731972 -0.86684699]
[-0.64894961 -0.87186426 -0.28811627 -1.10740615]
[ 0.68080251 -1.19309847  0.7294567   2.26637825]
[ 1.10673834 -1.1496702  -0.62197584  0.20301921]
[-0.57786835 -1.29199539  0.61669154 -0.84831721]
[ 1.03950595 -0.66462882  1.18463096  0.4168578 ]
[-1.58696903  1.36290798  0.20245973  2.27823306]
[-1.07058462  0.18396822  1.10238782 -0.59060773]
[-0.33563705 -1.81799466  0.15402969  2.55089565]
[ 1.05328163  0.6975343  -0.70836453  0.10902438]
[-1.22127863 -0.4449517  -0.11163807  2.77107204]
[ 0.99415946  1.03841569  0.60963501 -0.52660621]
[ 1.10528098  0.02344557  0.99905442 -0.20208818]
[-0.8765921  -0.08339677 -2.09304662 -0.21371389]
[-0.92681775  0.34917505 -0.87710231 -1.11959905]
[ 0.90698698 -1.51647943  1.00042612  0.74317424]
[-0.5128844  -1.16750382 -2.30708996  0.22700463]
[ 0.97164587  1.19210566 -0.18391197 -0.27442272]
[-0.90035718  0.22444992 -0.2673887  -1.39060691]
[-1.27530485  0.23576634  0.67167564  1.10833174]
[-1.20134861  0.81410549  1.18035151 -0.35472804]
[-0.97066861  0.19526978 -2.75063172  0.28591222]
[ 0.74375396  1.25385979  1.52402156  0.60432717]
[ 0.69826569  2.07502963 -1.92757615  0.781766  ]
[-1.09569767 -0.49866717  0.53751962  1.34635785]
[-0.65549669 -0.80620933 -1.1460448  -0.71332635]
[-0.86026567 -0.0870411  -1.55670092 -0.61326133]
[ 1.11955522  0.27393495 -0.1775117  -0.11358326]
[-1.09126487 -0.30909878  0.79216234  0.65654213]
[ 0.94404645  1.19642366 -1.37275825  0.48852333]
[ 0.95427256 -1.75816392  0.75749272  0.17934626]
[-0.97574382  0.8258195   0.28914414 -1.64828772]
[-0.83287015 -0.2960393   0.47123372 -1.38479668]
[-0.91680916 -0.23327652  0.92504549 -1.03119301]
[ 1.13397584 -1.0785574   0.11017634 -0.05378408]
[-0.89765037 -0.55198467  0.95908683 -0.49915408]
[-1.02367466  0.31070502  1.06440377 -1.1015806 ]
[-0.72850408 -0.69737998  0.32474855 -1.25327149]
[ 0.72633031 -0.22597619  0.7947061   2.52465852]
[ 1.09888894  0.3692023   0.66400551 -0.35861642]
[ 0.1214638  -2.06557371  0.69126047  1.20269553]
[ 0.23936155 -2.38607335  0.34743486 -0.27026882]
[-1.60818665  0.59299668 -0.85948374  4.07586148]
[-1.21332753  0.51642582  1.04206768  0.07523266]
[-0.89964639  0.09870861  0.39101112 -1.48986046]
[-0.53879854 -1.11957742 -1.50510616 -0.39128801]
[-0.79101375 -0.3535363  -1.38837261 -0.67369813]
[-1.02314779  0.80359976 -1.79977411 -0.55893104]
[-0.54496652 -1.16118794 -0.44180437 -0.96325814]
[ 0.37122804 -2.31768142 -0.72302677 -0.14337386]
[ 0.73415987  2.03472015 -0.68980977 -0.16771331]
[ 1.1593389  -0.27215982  0.08578196 -0.13966275]
[ 1.12516815  0.09548344 -0.61375545  0.12888104]
[ 0.95785824 -0.78737427  1.17500699  0.91191115]
[ 1.0956415  -1.06815936  0.84987832  0.05167794]
[-1.60727506  0.79850757 -0.38229354  3.26531839]
[-1.42780886  2.38666012  0.92534287  1.10647663]
[-0.36321686 -1.77215298  0.58266454 -0.59553284]
[  9.70112543e-01   6.19283615e-01   1.39413496e+00   1.26516015e-03]
[-1.16253707  2.25505358  1.47382516 -0.56484241]
[-0.69075536 -0.72610603 -2.21017268  0.01636659]
[-0.81641962 -0.23154022 -0.24274415 -1.30187341]
[ 0.91858824  1.3938632  -0.77060174  0.03020828]
[-1.07927161  0.01213654  1.03948236 -0.22018739]
[ 1.1301131  -0.48815484 -0.95834077  0.37170817]
[ 1.0229488   0.59329135 -1.74315846  0.84326533]
[ 0.63017319  1.93075247  1.64117947 -0.38040825]
[-0.94454642  0.36340798 -1.41881002 -0.78068212]
[ 1.10648109  0.13462549 -0.99925507  0.35501751]
[-0.99338746  1.05524042 -0.43093096 -1.45049454]
[-1.5357461   0.81751358  0.04097035  2.51393034]
[-0.28986308 -1.58756599 -2.15988779  0.26536822]
[ 1.10920144 -0.54290223  1.01977043  0.01247328]

Populations

0.196011660187
0.0131055197955
0.486390745472
0.304492074545

State labels

0
1
2
3

Eigen uncertainty

nan
0.0489204000828
0.0945739324726
0.11200286681

Eigen values

1.0
0.355535656015
0.270181921642
0.253775073207

Left eigenvectors

[ 0.19601166 -0.13025314 -0.24830929 -0.28101193]
[ 0.01310552 -0.01611714 -0.07560251  0.0834162 ]
[ 0.48639075  0.49284337  0.05140935  0.06540094]
[ 0.30449207 -0.34647309  0.27250245  0.13219479]

Right eigenvectors

[ 1.         -0.66451729 -1.26680878 -1.43364905]
[ 1.         -1.2297978  -5.76875337  6.36496729]
[ 1.          1.01326633  0.10569558  0.13446172]
[ 1.         -1.13787228  0.89494103  0.43414854]
