Cluster centers 

[ 0.33603201  1.77539476 -0.39648911 -0.01525885]
[-0.87236264 -0.80999519  0.0607983   0.81171398]
[ 1.2376382  -0.59161144  1.7576082  -1.69386483]
[-1.01005692 -0.66518764 -0.90035237 -1.14031344]
[ 1.324178   -0.65201231  0.21731234  0.7306706 ]
[ 1.03034471  0.26233179 -0.93182197  0.89201419]
[-1.21079692  0.57957861 -0.01261094 -0.1697795 ]
[-0.81793292  0.33113253  1.45999332  1.05782572]
[-0.4962783  -1.84671692 -1.25211725 -0.064809  ]
[ 1.12714614 -0.13447061  1.19892529  0.07948043]
[ 0.35232282  1.00425002  2.70140948 -0.69161635]
[ 0.83969175  0.70286535 -1.27324558 -0.61654839]
[-1.11725807 -0.4130204  -0.9208366  -2.23994501]
[ 0.3951085   1.80473768 -0.65949837 -1.1926513 ]
[-1.04627444 -0.35240364 -0.35166161  0.06946403]
[-0.49606592  2.1710019   0.41313369  0.50138805]
[ 1.40294814 -2.50334957  0.49374575 -1.55869274]
[ 0.68818628  1.05392106 -0.48451142  0.90548385]
[ 1.46098338 -2.52151487 -0.5259721   0.03985139]
[-0.84791533 -0.33670317  1.5716938   0.5604353 ]
[ 1.32146604 -0.79849165  1.16548401 -0.74898043]
[-0.16853992  2.81460029 -0.0124809  -2.72554832]
[ 1.18379754 -0.48942775  2.10793535 -2.40605127]
[ 1.25478378 -0.71847935 -1.52251122  0.6521474 ]
[-0.74765073 -1.32800855 -0.61643287  0.39305792]
[-1.19619926  1.0450385   0.21470607 -0.01759936]
[-0.29782921  1.18550296  1.83235678  1.1588564 ]
[ 0.87266185  0.66507678 -1.13043083  0.02503798]
[-0.69015472 -1.4732971   0.14060644  0.73100319]
[ 1.06020683  0.11526051  0.31712786  1.21010158]
[-0.98865667 -0.07627525  0.29846982  0.87755743]
[-0.76503079  0.50098173  2.73947126 -0.30393044]
[-1.24846785  0.37066485 -0.23585879 -0.710043  ]
[ 0.44039875  1.36985321 -0.03316736  1.17661235]
[ 0.93445265  0.23958225  1.96167928 -0.70407395]
[ 0.72541057  1.05173121 -1.00132586 -0.35362894]
[ 1.43024933 -1.2522459   0.64536261 -0.41054432]
[-0.80572636  0.79504169  1.11079222  1.31182487]
[-1.06564548 -0.52849439 -1.0819153  -3.16447631]
[ 1.43062712 -1.11663236 -0.05827151  0.62857331]
[ 0.23894131  2.17016672 -0.52235757 -2.39966613]
[ 1.23679498 -0.36205474 -0.85082124  1.17891315]
[-1.27911662  0.20753659 -0.44941919 -1.48016821]
[-0.81309514 -0.86395809  1.05874668  0.63680517]
[-1.2785324   1.74100823  0.32335065 -0.8135775 ]
[ 0.94948987  0.47697559 -0.62786526  1.11015987]
[-0.39867233 -2.22373202 -0.36125029  0.56886825]
[ 0.99983846  0.22108216 -1.40904997 -0.07476545]
[-0.92681133 -0.79233305 -0.50501921  0.19015182]
[-1.16624879 -0.04203318 -0.42560439 -0.6277969 ]
[-1.26723527  0.78405891 -0.00262229 -0.50499371]
[-1.07067476 -0.07823652 -0.09945205  0.3379873 ]
[ 1.480373   -1.61870065 -0.79456838  0.84091788]
[-0.96711398 -0.75985832 -0.81903468 -0.61985072]
[ 0.82809305  0.4869301   1.18471083  0.83103856]
[ 0.77409819  0.92750044 -0.87664949  0.28732005]
[-1.06902589  0.53256846  0.30855025  0.68945321]
[-0.63026336 -1.71805232  0.98942919  0.02688092]
[ 1.33009376 -1.02462507  1.5546436  -1.93184213]
[ 0.47244097  1.60941033 -0.6763299  -0.5717819 ]
[ 0.23623781  2.0128561  -0.39557834 -0.68156205]
[-0.85517178 -0.20034894  2.22398517 -0.11896547]
[-1.06711214  0.98493368  0.40450863  0.62207686]
[ 1.05634691  0.00784659  1.47347818 -0.16787319]
[-0.91338195 -0.87725184 -0.68501254 -0.08258298]
[ 1.14533867 -0.3687879  -1.61105903  0.19186272]
[ 1.06597988  0.03336627  1.01952421  0.52617055]
[ 1.16061493 -0.4973556   2.36583201 -3.18752593]
[-1.07871096 -0.36953303 -0.55619998 -0.47547174]
[ 0.03064407  1.34867453  1.12219105  1.55737074]
[ 0.24536187  1.1208286   3.14905939 -1.44967606]
[ 0.55541031  1.44060468 -1.01111007 -2.10841112]
[-0.92278814  1.70929843  0.52694578  0.56573175]
[ 1.19432195 -0.4806424   1.97385742 -2.03258326]
[ 0.86266618  0.54493289 -1.44035987 -1.03803153]
[-0.18960183  1.97664986  0.34575425  0.9041181 ]
[-0.77017808 -1.27017894 -0.94778074 -0.16754818]
[ 1.25435218 -0.43541653  0.5698267   0.57337966]
[-0.92101427 -0.52883637  0.21017579  0.86641166]
[-0.65099951  1.44317301  0.86838024  1.3501271 ]
[-0.77138808 -1.23396878 -1.21546356 -0.93241826]
[ 1.08917881 -0.1277673   1.91812461 -1.25204096]
[-0.86465472 -0.37557152  1.09323484  0.89780608]
[ 0.60762956  1.33879184 -0.97418596 -1.14488648]
[-0.78748276 -1.07065811  0.53046179  0.79538121]
[-1.11332768 -0.3775585  -0.76752511 -1.34802326]
[-1.16081702  0.54099528  0.07404918  0.16053888]
[-0.92658705 -0.67463949 -0.15023827  0.61591261]
[ 1.45259577 -1.29016609  0.24326338  0.1366783 ]
[-0.36395197 -2.13392626 -1.15403341  0.25932178]
[ 0.982668    0.15678096 -1.56413477 -0.55128169]
[ 1.37092343 -0.82447903 -0.35687338  1.03785816]
[ 0.96176412  0.42980079 -1.06340999  0.52349445]
[-0.93218777 -0.03008732  0.65955505  1.07553797]
[-0.82817337  0.09248453  1.68196144  0.75814144]
[ 0.5616511   1.40688087 -0.70921288 -0.14236712]
[ 1.25011568 -0.45833624  0.88457939  0.14390868]
[-0.59977477 -1.72064401 -0.6166859   0.54612054]
[-0.8432298   2.11039519  0.4611554   0.12530071]
[ 0.49288319  1.47299957 -0.4696155   0.39534021]

Populations

0.0399557632434
0.00887901184053
0.0854604781583
0.865704746758

State labels

0
1
2
3

Eigen uncertainty

1.43675768401e-10
0.176407387012
0.153596373187
0.344751720646

Eigen values

1.0
0.660552535599
0.593806462411
0.492261090447

Left eigenvectors

[ 0.03995576  0.18474421  0.06385834 -0.01228788]
[ 0.00887901 -0.00234538 -0.01653314 -0.09231105]
[ 0.08546048 -0.1089701   0.25510455 -0.03470115]
[ 0.86570475 -0.07342873 -0.30242974  0.13930007]

Right eigenvectors

[ 1.          4.62371859  1.59822589 -0.30753699]
[  1.          -0.2641487   -1.86204773 -10.39654506]
[ 1.         -1.27509347  2.9850588  -0.40604909]
[ 1.         -0.0848196  -0.34934514  0.16090945]
