Cluster centers 

[-1.02584145 -1.30460545 -0.66822189  0.05214844]
[ 0.87777736  1.392998   -0.07157425 -1.3249339 ]
[ 1.12047019 -0.49516127  0.2259965   0.69285193]
[-0.9575213   1.61746466  1.32468972 -0.32457713]
[-1.01859274 -0.49155661 -0.81236901  0.84721503]
[-1.02689868 -0.31549298  0.21642614 -0.96311168]
[ 0.8039287   1.17025853 -1.15676342  0.0880166 ]
[ 1.03683178  0.28404028 -0.48990326 -1.15025631]
[ 1.08432756 -1.31017903  0.51321826 -1.12348129]
[-1.01499844  0.32861308 -0.26027616  2.3000328 ]
[ 1.07642858 -0.64646144  0.88070347  1.57040134]
[-0.80395572  1.13873052 -1.09847037  1.6362643 ]
[-1.01854936  0.57820547  0.95727461 -0.66032816]
[-0.97527952 -0.34444473 -1.07623675 -0.68869634]
[-0.99672767 -0.03422704  2.18365752 -0.3142791 ]
[ 1.04878491  0.31738218 -0.61009047 -0.04001995]
[ 1.0627688   1.53116391  1.69563724 -0.89980136]
[-0.78351497 -2.58055098  0.30835522 -0.63802216]
[ 1.07592571 -1.41125838  0.32038435 -0.21564015]
[-0.75099688  0.60776302 -1.59182499 -0.50878482]
[-0.89685971  1.90747385  0.06554538  3.53449192]
[-1.0263376   1.29581054  1.97318128 -0.08435057]
[ 1.05295155 -0.18143277  1.4582066   2.57170269]
[ 1.10999208 -0.90782633  0.23737484  0.29350624]
[-0.9557473   0.18108673 -1.04694211  1.03452728]
[ 1.12335316 -0.52953251  0.26956719 -1.274403  ]
[-0.92326449  0.05021262 -1.32093122  0.2544076 ]
[ 1.10540483  0.00436612 -0.22621205  0.38410929]
[-1.01567376 -0.67270828  0.1141531   2.08480816]
[ 1.11789549 -0.46321481 -0.24916646 -0.68798952]
[-1.02600434 -0.22035498 -0.40548096  1.73425078]
[ 0.97064266  0.5409119  -0.87154225 -0.67172319]
[-1.02803099 -1.30849064 -0.67770975 -0.39800446]
[ 1.11939953  0.01214325  0.16778427  1.04437233]
[-0.84985597  0.81590437 -0.54611006 -1.03267042]
[-1.03750479  1.53947295  2.69758871  0.34555278]
[ 1.11470483 -0.05611723  0.734235    1.7658663 ]
[-0.78990845  0.84909137 -1.40848367  0.88837105]
[ 1.01078768  0.29309694  3.35464171 -0.43587125]
[-0.94003652 -1.70612031  0.10892141  1.21882724]
[ 0.1784407   2.21287797 -1.43559384  1.22756248]
[ 0.89951741 -1.82599379  1.57882632 -1.21532324]
[-0.97460689  1.12529382  0.96479131 -0.56950389]
[-1.025461    0.76517863  0.34602866  3.25872448]
[-0.99571551 -1.15673514  0.64276249 -0.95905038]
[-1.03375925  0.79048619  2.32483294 -0.0404143 ]
[ 0.96458813 -1.82793127  0.73199749  0.41426695]
[ 0.69207697  1.30506495 -1.06365951 -1.16508694]
[ 0.93811369  0.76488331 -0.94345219 -0.1384243 ]
[-1.02682241  0.11912998  0.69846371 -0.8106049 ]
[-1.02743716 -1.04932909 -0.08170942 -0.97197303]
[ 0.72754247  2.44766135  0.71880172 -0.96874461]
[ 1.10489579  0.8763367   0.89189313  2.55855745]
[-0.42945891  1.41472894 -1.77972909  0.40148209]
[ -1.01418044e+00  -7.00175513e-01  -1.01370095e+00   3.24379572e-04]
[ 1.08105047  0.39110762 -0.24506715  0.75556864]
[ 0.32206405  1.79906934 -1.59080032  0.44338099]
[-1.01948609 -0.50016528 -0.34096762 -0.99133823]
[-0.4574348   1.36757499 -1.46034425 -1.03457056]
[-0.99850076 -1.58984714 -0.39021403  0.41743902]
[ 1.06396311  0.75012637  0.61634357 -1.32906744]
[ 1.10059793 -0.0991817  -0.060246   -1.24912444]
[-0.98467545  2.10809228  2.17932422  0.2138654 ]
[ 1.02255235 -1.22019154  0.84484307  1.12201465]
[ 0.41290291  2.05436993 -0.46163132 -1.24682189]
[ 1.12414725 -0.50943632 -0.0227907   0.19306193]
[-0.94614923 -0.17644436 -1.28681923 -0.34593009]
[-0.81193904  2.33426765  1.11292662 -0.30826992]
[ 1.09806634  0.60182907  0.26070768  1.635449  ]
[-1.00751581 -0.06571191 -0.71127848  1.40166148]
[-1.01650731 -0.55807494  1.11004469 -0.79495856]
[-1.03509587  0.48608976  1.70401939 -0.38669996]
[-1.01848157 -1.44837879 -0.33564144 -0.7871246 ]
[-0.84679798  0.29307835 -1.5063603  -0.32799829]
[-0.98562942  0.51206325  0.33017003 -0.86831479]
[ 1.07427708  0.02812095 -0.54778107 -0.59891938]
[-1.02482425 -0.81568272 -0.83893478  0.40040504]
[-0.97530218  2.99246848  3.55408465  1.25573764]
[-1.02639072 -0.86791763 -0.39044355  1.22823792]
[ 0.73373152  1.73841438 -0.90603263  1.15466667]
[-0.99248478 -0.44188377  1.69603354 -0.59284808]
[-0.97188249  0.47821634  3.17986612  0.27959927]
[-1.01970984 -0.84408841 -0.91503497 -0.47821877]
[-0.97250217  0.18909098 -0.28699876 -1.00643977]
[ 0.66853978  1.24999303 -1.39838937 -0.59400796]
[ 0.98719644  0.69163457 -0.32175009 -1.33217091]
[ 1.1189681  -0.93170892  0.04487098 -0.33989679]
[ 0.28123277  1.64314564 -1.72094467 -0.03910399]
[-0.9059321   1.13564461 -0.57941984  2.37386811]
[ 0.96980059 -1.01746483  1.34612189  1.97464603]
[ 1.1087757  -0.56330448  0.48525241  1.05495501]
[ 0.97718047  0.92335999 -0.61912475  0.71373858]
[-0.61218081  2.1076202   0.15251141 -0.79551207]
[-0.98060576 -1.89386478 -0.22599327 -0.52514693]
[-0.86512098  0.44982549 -0.95797498 -0.99993227]
[-0.92749863  0.66565404 -0.87231805  1.68291834]
[ 1.06845379 -1.21896881  0.50499411  0.52531472]
[-1.01467986 -0.68878185 -0.78014491 -0.80630412]
[-0.96396605 -0.08845501 -0.79639932 -0.96145706]
[ 1.11408345 -0.33173241 -0.28712834 -0.26803834]

Populations

0.367743593113
0.166973011718
0.0400546203589
0.425228774811

State labels

0
1
2
3

Eigen uncertainty

nan
0.0374445953365
0.0473683101453
0.0767882724848

Eigen values

1.0
0.438261907132
0.229875933289
0.183683966307

Left eigenvectors

[ 0.36774359  0.4197242   0.22240437 -0.08292248]
[ 0.16697301  0.06108152 -0.33316883  0.15607885]
[ 0.04005462 -0.03337058 -0.07035163 -0.17996472]
[ 0.42522877 -0.44743514  0.18111609  0.10680835]

Right eigenvectors

[ 1.          1.14135013  0.60478108 -0.22548994]
[ 1.          0.36581671 -1.99534537  0.93475494]
[ 1.         -0.83312688 -1.75639246 -4.49298275]
[ 1.         -1.05222215  0.42592624  0.25117856]
