Cluster centers 

[-0.73247883  0.21947835 -1.74233656 -0.27626393]
[ 1.03082091 -0.4216902  -0.09277387  0.07734161]
[-1.16377437  0.19958369  1.14590195  0.18830246]
[-0.72487398 -0.13642292 -0.32605884 -1.4612453 ]
[ 1.31161613  1.59998    -0.023568    1.87250259]
[ 0.45162007 -1.69791104 -0.02124888 -0.49067697]
[ 1.48822749  1.20366179  0.41458086  0.4902113 ]
[-0.59990303  0.43646564 -1.30900451 -0.82574402]
[ 0.5710675  -1.0411699  -0.86097974  0.44777474]
[-2.17164823 -0.75914151  1.03780783  3.07733379]
[ 1.28330574 -0.09281299  1.26389502 -0.66848823]
[-0.8520897   0.11781622  0.54967007 -0.97939784]
[-1.08774373 -1.39368829 -0.38671453 -0.8787688 ]
[-1.62178334 -0.13961208  1.21400201  1.48186976]
[-1.15809905  0.96357473 -2.5395393   2.67561476]
[-1.23750809  0.88175213  1.90134685  1.50402133]
[ 1.14663703  0.01388787 -0.0796559   0.38775377]
[-0.93431688 -0.70089649 -2.48614357  0.91863644]
[ 0.01959874  1.95102433 -0.34430561 -1.04603546]
[ 1.6713167   1.40970779  1.39255142 -0.74415475]
[ 0.08667299 -1.87563085  1.23636803  0.62618162]
[-1.2558041  -0.65308062  0.44789708 -0.25782769]
[ 1.19694484  0.78724807 -0.2209959   1.41128717]
[ 0.10627954 -1.83304788 -1.02708008 -0.21375347]
[ 0.44863454 -0.74834455 -1.27235805  1.45274898]
[ 0.95322112 -0.86344553  0.41687643 -0.48081612]
[ 1.381373    0.31041066  0.59708264 -0.26431542]
[-0.48556493  1.12719542 -1.3061134  -0.38901042]
[ 1.01560842  0.12319038 -0.46292218  1.14169498]
[ 0.89758836 -0.89462703  1.24915862 -0.40553129]
[ 0.53403506 -1.49777467 -0.28561323 -0.36938421]
[-0.51890129  0.88137578  1.00774479 -1.10572995]
[-0.81018297  1.17822834 -2.02391686  1.26031646]
[-1.16119055 -0.9716462   0.03970903 -0.68786228]
[-1.36854305 -1.46729016  0.07888443 -0.12110247]
[-0.66396418 -0.06383303 -1.0139907  -1.27084793]
[-2.01659686  0.44577548  1.73053272  3.73299333]
[ 0.88334657  0.64358541 -0.74494171  2.56193921]
[-1.23843008 -0.20291372  0.82939151  0.01812343]
[-1.98169651 -1.19993431  0.74679246  2.10639489]
[-0.94587444  0.42730952  1.1396196  -0.28573668]
[-1.58663341 -0.72075896  0.76732814  0.86210693]
[-0.56290377  1.22696732 -1.53945721  0.13763311]
[ 1.26479536  0.58431564 -0.02261381  0.79138009]
[-1.65380755  0.07479505  1.39414799  1.84644864]
[ 0.1850448  -2.0412125   0.18870763 -0.38543314]
[ 1.67697497  1.58393875  1.13519297 -0.45339358]
[ 0.26911046 -0.72513205 -1.56960998  2.07986806]
[ 1.19592274 -0.24184305  0.45329839 -0.32441192]
[-0.79236725 -0.87110625 -1.6395826  -0.7766112 ]
[ 0.78050178 -0.93715371 -0.36932882  0.00505886]
[-1.52214723  0.14268951  1.38095305  1.43416015]
[-0.46413184  0.62969954  0.05119852 -1.59586468]
[-1.46059749 -0.02191895  1.20358809  1.01001411]
[ 0.08278435 -1.4273657  -1.55480329  0.75318569]
[-0.49023229 -2.41396018 -0.38840224 -0.44774547]
[-0.73220327 -0.26654795 -0.57351398 -1.44466522]
[-0.97678262  0.49518585 -2.35375624  1.37896918]
[ 0.9822796  -0.66473066  0.04266789 -0.19707573]
[-0.86354217  1.20342978  2.02970045  0.76011416]
[ 1.38455112  1.6932674   0.11629927  1.58611517]
[-0.81615888 -0.7364873  -0.84704547 -1.32592231]
[-0.56228162  0.34220801 -0.90631533 -1.28004111]
[ 1.35796233  0.3934143   0.38521132  0.01800078]
[-0.30900975  1.36890477 -0.89647206 -0.80829671]
[ 0.73102665 -0.793102   -0.66096056  0.45589528]
[-1.04565175 -0.03692108  0.7386854  -0.47864971]
[ 1.51965307  1.04474612  2.02676711 -0.89009313]
[ 0.74580196 -1.12216431 -0.19760153 -0.24894586]
[-0.32134669  1.03089736 -0.5279965  -1.38403227]
[ 0.71620794 -1.32308805  0.5326788  -0.50257941]
[-0.60136577  1.40585597 -1.65155635  0.58335136]
[-1.51435936  0.36367746  1.56130663  1.69871049]
[-0.78738061  0.57643362 -1.96789172  0.4387811 ]
[ 0.95781074 -0.33635578 -0.38853963  0.53286656]
[-0.9736548   0.79502629  1.61678432  0.36849837]
[-0.39010581  1.00180979  0.88760879 -1.38043347]
[-0.58512456  0.63577074 -0.39544422 -0.92141396]
[ 0.86403255 -0.37095546 -0.60340539  0.8204481 ]
[-1.80141245 -0.78616593  0.87519914  1.61217323]
[-0.23483673  1.14987223  0.22061169 -1.6409905 ]
[ 1.24697395  0.32660079  0.03525185  0.46897982]
[ 1.44046172  1.58970177  0.23450474  1.18233219]
[ 1.36302977  0.15299699  0.77263212 -0.4679126 ]
[-1.12311635  0.88197195  1.83745986  1.0827301 ]
[-0.77216328  0.40444632  0.7930495  -0.93457427]
[-1.27663412  0.15509469  1.21313874  0.54090788]
[ 0.85586477 -0.0466377  -0.73886601  1.47601753]
[-0.43958     0.8477182  -0.923772   -1.08527678]
[ 1.63370506  1.41580076  0.92751301 -0.22798302]
[-0.61471088  0.12789533 -0.9227598  -1.31401351]
[-0.58142134  0.76904039 -1.4397104  -0.44386048]
[-0.58335877  0.22586707 -0.4883216  -1.51845373]
[-0.73074441  0.00704842 -0.02198301 -1.39849603]
[ 1.3344199   0.88437789  0.06831284  0.89457504]
[ 0.56412834 -1.16312554 -0.75586927  0.20406257]
[ 1.33117329  1.1667779   0.01638729  1.28542852]
[-1.4205087  -0.28134888  0.95297865  0.59697568]
[ 1.06536748  0.3242075  -0.41047719  1.27572805]
[-0.05231813 -1.77528115 -1.3440281  -0.04851812]

Populations

0.125866375591
0.0103623714205
0.835897945504
0.0278733074841

State labels

0
1
2
3

Eigen uncertainty

6.93965238844e-11
0.293670389614
0.115256509469
0.223653673461

Eigen values

1.0
0.66469218558
0.526515831109
0.485181550132

Left eigenvectors

[ 0.12586638 -0.04449982  0.32846766 -0.01236109]
[ 0.01036237  0.10072857  0.00980886  0.00354045]
[ 0.83589795 -0.04813065 -0.33268217 -0.15549464]
[ 0.02787331 -0.0080981  -0.00559434  0.16431528]

Right eigenvectors

[ 1.         -0.35354811  2.60965372 -0.09820803]
[ 1.          9.72060956  0.94658433  0.34166453]
[ 1.         -0.05757957 -0.39799377 -0.18602108]
[ 1.         -0.29053253 -0.20070608  5.8950764 ]
