Cluster centers 

[-0.97191881 -1.6618665   0.50334586 -0.03864622]
[ 1.12520517  0.13619956 -0.07476253  0.89256207]
[-0.96048079  0.60195437  0.36599317 -2.51544592]
[-0.94836477  1.21903628  0.34508649  0.26806694]
[ 1.10647821 -0.01929315 -0.64972538 -1.29166004]
[-1.00104003 -0.39860936 -1.37184278  1.14935739]
[ 0.94028366  0.35892214  1.33455187  0.54037608]
[ 1.12104268  0.24434052 -0.2438893  -0.33058365]
[-1.03150995  1.19380203 -0.67697813 -0.14124641]
[-1.04156993 -3.25964497 -0.11011185 -1.45393081]
[ 0.34101825  0.75332493  2.27681801 -0.44672537]
[ 1.01849755 -1.97056719  1.05637912  0.36759365]
[ 0.9514366   0.36847725  1.2532727  -0.75410488]
[ 1.07940061  0.19388964  0.58157434  0.80644944]
[-0.98684365  0.46456405  0.09242767  1.10319723]
[ 0.94794381  0.15570672 -1.9314849  -0.4429678 ]
[-1.02312135 -2.02787764 -1.04911592 -0.03542307]
[-0.77756614  0.94879791  1.22306328 -1.57027791]
[ 1.12225965 -0.278197   -0.50098686  1.27468861]
[-0.69159446 -1.02718755  1.60733492  0.30022562]
[-1.03474725 -0.88421573 -0.48908646  0.7061178 ]
[-0.9412776  -0.09820676  0.63920013 -4.09490877]
[-1.02736388  0.81637286 -0.82664713  1.13926243]
[-0.95836748 -0.83920973  0.47585402  0.56419881]
[ 1.04131302 -0.12398537 -1.34586829 -1.47483843]
[ 1.10182434  0.24151444 -0.9410716   0.63947773]
[ 0.94253685  0.44989252  1.3128045  -0.0728479 ]
[ 0.87906008 -2.76765988 -1.85061014  0.3229972 ]
[-0.98231618  1.16545184  0.1219384  -0.63341737]
[ 1.06994995  0.35733387  0.61797645 -0.02407944]
[ 0.75089074 -2.67279706  2.01138712 -0.49436427]
[ 0.91602315 -0.41207646  1.46597591  0.98183046]
[-0.67156631  1.14992532  1.47760268 -0.37448771]
[-0.34299085  0.21403958 -3.16765636  1.12821293]
[-0.99187893  0.86345236  0.10938835 -1.77032708]
[-0.99407336 -2.24431329  0.39381876 -0.52542462]
[-0.99752621  1.18066951 -0.08600909  0.49164532]
[ 1.08798893  0.12376691 -1.00545304 -0.68147545]
[ 1.01521838 -0.81226387 -1.33700315 -3.1345112 ]
[ 1.11755577 -0.56304819  0.0813152   1.21830466]
[-0.9765046   1.12129148 -1.73835918  0.55490632]
[ 1.10741928 -0.18338323  0.00797044 -1.97934249]
[ 0.85622679  0.29934202  1.621302   -1.39295588]
[-0.77051718 -0.01128623  1.27748605  0.84716254]
[ 0.69365698 -1.71850386  2.09808341  0.21660762]
[-1.02358005 -1.25796826 -1.12773043  0.58897586]
[ 0.65644968  0.59332553  2.02606919  0.09262003]
[-0.75302391  0.65751753  1.30190495 -2.414889  ]
[-0.8588861  -2.28363631  1.17828087 -0.66813934]
[ 1.03180993 -1.59425209 -1.28259821  1.06627216]
[-1.01800906  0.5709105  -0.34460197  1.14399756]
[ 1.0461289   0.25260018 -1.42812042  0.22021923]
[-1.02791978  0.91415371 -1.09374221 -1.22039075]
[ 0.81239498 -0.12901044 -2.40369396 -1.44237319]
[-0.47026461  1.02822132  1.95495037 -0.97018337]
[-1.01896519  1.16252162 -1.25193526  0.02879888]
[-0.94137601 -0.21079673  0.52397719  0.89063856]
[ 0.70521909  0.27499315  1.96349627  0.73723513]
[ 1.11755559  0.10735345 -0.23759572 -0.98132606]
[ 1.12515473  0.28639283 -0.30954857  0.15986117]
[-0.95332888 -1.19603119 -1.76439093  0.78106203]
[ 1.082162   -0.12754399  0.55777056  1.08577016]
[-0.82179726 -2.90695041  1.41278349 -1.30270055]
[ 0.99698777  0.03244253  1.11996791  0.93495302]
[-0.87975856  1.21907426  0.75198849 -0.1572943 ]
[-1.00557317 -0.24734475 -0.01496544  0.95697183]
[ 1.09956938 -0.24030568 -0.64281747 -1.94123946]
[ 0.65803269  0.1681927  -2.83698584 -0.58994475]
[ 1.07856187 -1.31666979  0.57764059  0.87360282]
[-1.01542464 -1.15951726  0.00791749  0.42722502]
[-0.17292637  0.42753703  2.27805139  0.65475492]
[-0.89334218 -0.42213436  0.82114107  0.75246378]
[-1.00992797  0.69823418 -1.29626026  1.23964105]
[-0.84458396 -1.67332302  1.16626961 -0.13483458]
[ 1.11155882  0.30863785  0.17965566  0.33036894]
[-0.94666578  0.91348877  0.35435323  0.92280199]
[ 1.09230176  0.08879749  0.35027346 -1.2918594 ]
[-0.86100276  1.10196855  0.87154332 -0.99628066]
[ 1.03568004 -0.00231928 -1.42993014 -1.08049793]
[ 0.90962192 -1.04470323  1.52926137  0.78700483]
[ 1.09590592  0.26217066  0.34134873 -0.56516054]
[ 0.44003149  0.63959591  2.2876405  -1.01479904]
[-1.04771519 -2.56169544 -0.51012254 -0.65019294]
[ 1.0369239   0.05073798 -1.46972073  1.20463047]
[ 1.02955706  0.11521227 -1.50382939 -0.63557789]
[-1.03917681 -1.5737543  -0.38263266  0.19281573]
[-0.79578856  0.96125104  1.0943758   0.69304183]
[-0.9979146   1.21874822 -0.05343038 -0.21464953]
[ 1.00848547 -0.37379911 -1.50615873 -2.12762908]
[-1.02433059  1.03367909 -0.35445637 -1.09735692]
[-1.03201478 -0.30484421 -0.59463757  1.03748502]
[-0.92922616  0.29474607  0.53170633  1.03541894]
[ 1.12485851  0.217299   -0.50666389  0.73728605]
[ 1.05126073  0.33653452  0.77588589  0.45213136]
[-1.02563737  1.13512449 -0.68224739  0.69723055]
[ 0.8894152   0.26081081 -2.20500537  0.14795359]
[-1.02948185 -1.88362204 -0.06584789 -0.12368818]
[ 1.06641978 -4.41605106  0.13683949 -1.62932793]
[ 1.10309601  0.2448073  -0.86775048 -0.03859201]
[ 0.57874687 -0.59174929  2.19922694  0.75023418]

Populations

0.00639569968073
0.0741003377284
0.413504593059
0.505999369532

State labels

0
1
2
3

Eigen uncertainty

3.64887673006e-11
0.0131403794534
0.0359473852356
0.0737145346296

Eigen values

1.0
0.810061037449
0.11344127103
0.0686395500835

Left eigenvectors

[ 0.0063957   0.00678004  0.00326777  0.07936087]
[ 0.07410034  0.07237216 -0.2517311  -0.00178942]
[ 0.41350459  0.42078176  0.24325796 -0.07928944]
[ 0.50599937 -0.49993396  0.00520536  0.00171799]

Right eigenvectors

[  1.           1.06009325   0.51093273  12.40847327]
[ 1.          0.97667782 -3.39716535 -0.02414855]
[ 1.          1.01759876  0.58828359 -0.19174985]
[ 1.         -0.988013    0.01028729  0.00339524]
