Cluster centers 

[ 1.26157572 -0.17204554 -0.25418377  0.64204154]
[-0.87338434 -0.61824728 -0.74684981  0.88687546]
[-0.75885498  1.2871602   0.86835581 -0.05096605]
[ 0.85663854 -0.51709301 -0.37056805 -0.87248625]
[-1.05855761 -1.05597385  0.43713916  0.46853175]
[ 1.10578781 -0.62168992  1.20043028  0.6256328 ]
[ 0.89005898  0.22385955 -1.37138624 -1.06559051]
[-0.26923357  0.76453498 -1.79450859  1.80392151]
[-0.66690218  2.51850766  0.4892553  -0.46399898]
[ 1.26987708  1.63061931  1.77827507  1.54474361]
[ 0.21154192 -1.0246447   0.18866754 -2.28856913]
[-1.20641827 -0.7481192  -0.98590076 -0.01979025]
[-0.79975254  0.04461756  1.07552252  0.45248908]
[-1.24068427 -0.97138708  0.54559994 -0.10846731]
[-1.26590861  0.25175415  0.65215601 -1.09623914]
[ 0.7096604   0.72401825 -2.09276832 -1.57056288]
[ 0.90753526 -0.57682011  0.74174804  2.14814297]
[ 0.93125556 -0.76891249  0.7669764  -0.48854418]
[ 1.07987717 -0.0392137  -0.80389208 -0.40081887]
[-0.76333245  0.30199196 -1.80689391  0.83421294]
[ 0.07958448  4.37208339  0.27003511  0.56881657]
[ 1.0483489  -0.1829591   1.37473872 -0.44098127]
[ 0.75764344 -0.31201071  1.10051783 -1.45802547]
[ 1.12577755 -0.49086142  0.05553418  0.17681977]
[-0.09589059 -0.07552503 -0.72474815  2.15971879]
[-1.59819198 -1.11224939  0.18940106 -1.62439887]
[-0.95282688  1.34039969  0.67293605 -0.67154687]
[-0.54662361 -0.91450208  0.29053729  1.51730943]
[-0.88750842 -0.21571358 -1.32810747  0.71614675]
[ 1.16507039  0.271118   -1.09831629 -0.29195684]
[-1.13768001 -0.99601211 -0.39014197  0.32294804]
[ 0.45318599  2.19528728 -2.49459126  2.66260477]
[-0.95167346  0.63246623  0.87616345 -0.23365068]
[ 0.96244784 -0.26062788  1.65576713  1.69416901]
[ 0.5809648  -0.41357968 -0.87930891 -1.57791886]
[ 0.64804619  0.55454909  1.00805607 -2.20049142]
[ 0.19842661  3.1287358   0.91825227  1.15197164]
[-1.16636849 -0.39962407  0.80116781 -0.25523131]
[ 0.98706133  0.73722592 -1.84348061 -1.0119338 ]
[-0.87647466  2.73253282  0.13172751 -1.52198512]
[ 1.19168697 -0.5256439   0.39333037  0.89542287]
[-0.5249208   1.65216428  0.9435106   0.34762717]
[ 1.29539375  1.16620852 -1.95062885 -0.37139757]
[ 1.24994707  0.46636301  1.63538288  0.23516984]
[-1.05499178 -0.54186617 -1.09139489  0.36946107]
[ 0.25799797  1.16588908  1.54734482  1.64563202]
[ 0.85618844 -0.67112071 -0.05362336 -0.80593887]
[ 0.96374277 -0.60509597 -0.02084386 -0.4702717 ]
[ 1.09183815 -0.33371944 -0.31987333 -0.14776346]
[-1.32249647 -1.1814963  -0.09818638 -0.20178704]
[-1.30396997  0.77755413  0.41235822 -1.9882926 ]
[ 1.12791181 -0.67138382  0.74548251  0.66661959]
[-0.56677097 -0.53715395 -0.52250937  1.50110807]
[-1.47551751 -1.12300936  0.26822261 -0.87138021]
[ 0.97765733  1.53712799 -2.62903396 -1.27321328]
[-0.23093101 -0.74031632  1.11332783  1.72784232]
[ 1.1786915   0.10656047 -0.22637757  2.37714729]
[-0.08419541 -0.93552592  0.36754744 -2.87086164]
[-0.86394588 -0.9267975  -0.13607592  0.96820428]
[ 1.49171795  0.58744459 -0.89994311  1.26898651]
[-0.5030274   1.25489702 -2.50248515  1.12980739]
[ 1.18931961  0.01706386  1.63864513  0.6227373 ]
[-0.87916349  1.85695489  0.55413986 -0.75949418]
[ 0.22905108  0.59808815 -1.22229786  2.52219181]
[-0.50475749  2.98219227  0.43705172 -0.23249566]
[ 0.53186713 -0.59249651 -0.65347332 -1.64670987]
[ 0.76429194 -0.35081522 -0.76349192 -1.1820461 ]
[ 0.87996115 -0.61469601  1.04987522 -0.8318973 ]
[ 0.7198604  -0.82272179  0.12996753 -1.15663865]
[-1.04580683 -0.54546163  0.86850523  0.16995698]
[-1.32993263 -0.50155492  0.64224542 -0.75276698]
[ 1.10398321 -0.61816063  0.86314808  1.5153295 ]
[-1.14889817  0.67102925  0.67818486 -0.92926547]
[ 0.52806631  0.3384155  -1.85442772 -1.7977121 ]
[-1.33980375 -0.68908408 -1.32664594 -0.69052788]
[ 1.27394769  0.2861719  -0.95156592  0.13797002]
[ 1.09875085 -0.66075266  0.48168515  0.2770166 ]
[-1.01074754  0.16911067  0.90752356 -0.14219243]
[-0.74205599 -0.96510948  0.67900585  1.0923415 ]
[ 0.91695644 -0.7745174   0.4198182  -0.54027524]
[-1.04235204 -1.06465652  0.01105604  0.57690403]
[ 1.09386469 -0.49005175  1.31824582  0.22753162]
[-0.56464705  0.58425958  1.1779677   0.7014001 ]
[ 1.30344325 -0.15205118 -0.07557092  1.34418948]
[-0.49271246  0.56860029 -1.80471544  1.40833618]
[ 0.34505276 -0.83725878  0.58562436 -2.1713315 ]
[ 1.24183373  0.74797318  1.53255394 -0.30807419]
[-0.75848229 -0.02961143 -1.41098792  0.98313963]
[ 0.96811949 -0.0642302  -0.91685453 -0.74060242]
[-0.29565473  2.40852735  0.85361788  0.52992507]
[-0.64735747  2.94291944  0.31390726 -0.66174546]
[ 1.43400475  1.70243989  1.72941999  1.08077829]
[ 0.96861057 -0.30110224 -0.57196693 -0.62581986]
[-0.21388003 -0.78704902  0.333206    1.96530098]
[-1.59199919 -1.30992744 -0.19120546 -1.39787404]
[ 1.01547218 -0.62796609  1.12142282 -0.19026569]
[-1.13306914 -0.8157599  -0.75497555  0.25887484]
[-0.82769107 -0.2669165   1.04794048  0.5333768 ]
[ 0.61828308 -0.66065449  0.87045676 -1.63216301]
[-1.24196152 -0.54336948 -1.37448677 -0.32569966]

Populations

0.00769133215065
0.0633444678089
0.888348860695
0.0406153393458

State labels

0
1
2
3

Eigen uncertainty

8.75666076199e-11
0.211076345266
0.15674181068
0.329969780903

Eigen values

1.0
0.708720770085
0.532049089992
0.492725811519

Left eigenvectors

[ 0.00769133 -0.00461362  0.02329663 -0.08407233]
[ 0.06334447  0.03333524 -0.23351877 -0.06074284]
[ 0.88834886 -0.22244347  0.17247283  0.14126991]
[ 0.04061534  0.19372185  0.03774931  0.00354526]

Right eigenvectors

[  1.          -0.59984694   3.02894548 -10.93078962]
[ 1.          0.52625342 -3.68649034 -0.95892887]
[ 1.         -0.25040103  0.19414989  0.15902526]
[ 1.          4.76967202  0.92943484  0.08728869]
