Cluster centers 

[-1.01979247 -1.98985815  0.11795028 -0.9575288 ]
[ 1.05793388 -0.61857933  0.34431915  0.26466804]
[-1.00810256  1.31054139 -0.14076313  0.01036149]
[-1.01233323  0.67208218  3.36281498 -2.80329519]
[-0.9665116  -0.45768631 -0.78038585  0.88948349]
[ 1.13497376  0.00477694 -0.4016757   0.05112741]
[-0.72467622  0.08279144  0.98218739  1.17993736]
[ 0.55896418 -1.08233405  1.3370177   1.37300552]
[ 0.9049224  -0.34989259 -0.96185539 -2.42879412]
[ 1.14133226  1.1924599   0.66508872  0.52424265]
[-1.09042654  1.38357002  1.45840241 -1.85203692]
[ 0.77835742  0.74338383  2.90111253 -0.41676152]
[ 1.15505831  0.78811716 -0.83044591  0.35469633]
[-0.68031372 -2.51050617  1.14496521 -0.50118155]
[ 1.05690708 -0.93002341  0.26438328 -0.81050358]
[-1.02590941 -1.12816991 -0.70524595 -0.0440424 ]
[ 1.10947779 -0.16979759 -0.52190424 -0.51049921]
[-1.01963753  1.23573853  0.42161177 -0.28767522]
[-0.97721794  0.42802371 -1.56994841  0.74349582]
[ 1.07381602  0.17082901 -1.00956253 -0.65945247]
[-0.91938946  0.49000249  0.10142692  0.97870365]
[-0.57236076  0.22394485  2.6100954  -0.03064806]
[ 0.13401239 -1.64852996  1.42195805  1.27867389]
[ 0.89922441 -0.28360191  1.01536968  1.32639713]
[-1.07980855  1.89789993  1.0151845  -2.62496664]
[ 1.14496796  0.47219261  0.09249139  0.86082964]
[ 0.88595774  1.16787017 -2.10588867 -0.48648275]
[ 1.04721603  0.07885503 -1.04851574 -0.96499892]
[-0.88101323 -0.70274495 -0.2617075   1.13971592]
[ 0.79539206 -1.29901742  1.10097514  0.60108087]
[ 0.70131099 -0.10793     1.64041021  1.41574816]
[ 1.07156176 -0.69460424 -0.12052348 -1.14791495]
[-1.02777417 -0.60710188 -1.21244501  0.15431929]
[-1.0965744  -1.20792417 -1.02737927 -1.23205733]
[-1.10971357  1.27478647  1.98698601 -2.38851866]
[-0.90207506 -1.8938386   0.27312334 -0.17408435]
[-0.97542991  0.89910731  0.17238222  0.44746947]
[-1.13770016 -1.91061089 -0.22477598 -1.95836558]
[-0.96649388  1.11041233 -1.27725237  0.64858605]
[-1.0126031   1.75639024 -0.06855209 -0.84858961]
[-0.8744496  -0.0775128  -0.14902604  1.334257  ]
[-0.97729242  0.86662982  1.88968784 -0.99351133]
[ 0.97653448  1.01751151  2.12879722 -0.09669445]
[ 1.1092737  -0.23860916 -0.41858592 -0.46621358]
[-0.84155473  0.54487846  2.8668671  -1.35584729]
[ 1.08773308  0.53898822 -1.19083003 -0.25689738]
[ 1.14797984  1.33802551 -0.92067599  0.40361841]
[ 1.11461027  1.43158824  1.24078582 -0.07598693]
[ 1.00742998  0.47629019  1.14076069  1.06270306]
[ 1.08738229 -0.60153478  0.08684332 -0.24980982]
[-1.04061427  1.28163188  0.85688066 -0.8066012 ]
[ 1.04938042 -0.48925071 -0.48675711 -1.46858765]
[ 0.44614398  3.3231619  -0.63531717 -2.52391724]
[ 1.13941768  0.09683946 -0.1153026   0.52647235]
[ 0.4732278  -1.83665632  1.48699764  0.60750893]
[ 0.97630669 -0.88440003  0.68041103  0.42685701]
[-0.00528604 -0.311202    2.02965531  1.40453288]
[ 0.91359864  0.39106958 -1.63587579 -1.28021379]
[-0.92008125 -1.47702659 -0.07387806  0.28766106]
[-0.55057403 -0.762222    0.79129385  1.62523152]
[-0.98155972  0.9654034  -0.48075996  0.64960919]
[-1.0317755  -2.70402032  0.94131675 -2.34566516]
[-0.85619999  0.59612583  1.88680903 -0.2776364 ]
[ 1.0008729  -1.37998127  0.54246433 -2.27667858]
[-0.9748236   1.59744841 -0.77601216 -0.02263871]
[ 1.06618888 -0.21169282  0.38922954  0.82393896]
[ 0.89614469 -1.16023044  0.0750368  -3.6418687 ]
[-0.96539672  0.88332082  1.09587339 -0.17554842]
[-0.91875646  0.680718   -2.10051514  0.34239119]
[ 0.91530118  0.61922037  1.78837829  0.70442502]
[ 1.16319851  0.47986444 -0.42091756  0.51252633]
[-1.06913142  1.48627987  0.9007246  -1.34911397]
[ 1.14603926  0.38596495 -0.68995547  0.16695332]
[-0.95752676  0.37507121 -0.64588515  1.09390234]
[ 1.11105616 -0.26204901  0.02226063  0.29960683]
[ 1.01661207  1.86417678 -1.60264892  0.14107447]
[-1.2112651   1.28291938  2.85175043 -4.3308715 ]
[-0.96811085 -0.9350818  -0.57631265  0.56250922]
[-0.97721639  0.64570958 -1.1013019   0.91388272]
[-1.02748278 -0.56201144 -1.55835704 -0.47813701]
[-1.04760948 -1.50887093 -0.43400989 -0.5699941 ]
[-1.07629289 -1.28809951 -0.78283516 -0.73170523]
[-1.0470639   1.88927471  0.48206859 -1.79413948]
[-0.55934241 -1.69376067  0.78352081  0.98977372]
[ 0.88782618 -0.79630972  0.8981586   0.97733186]
[-0.98676847 -0.02108551 -1.18251308  0.84977106]
[ 0.96738781 -0.14801018 -1.06022233 -1.77031831]
[-0.79418963 -1.20545506  0.1436318   1.02226023]
[-1.04261772  1.15361957  1.36846259 -1.10350227]
[-0.79127351  0.45804421  1.67697926  0.23218887]
[ 0.90661555 -1.60642864  1.04906953 -0.73614385]
[ 1.10289441  0.56287271  0.58946378  1.00479299]
[-0.91440592  0.66684782  0.86310706  0.40832272]
[ 1.05390614 -0.20245634 -0.76496724 -1.17106562]
[ 1.07038324  1.5462617   1.85157547 -0.81414138]
[ 1.17590964  1.32585165 -0.06873023  0.53672673]
[-0.77826896 -1.85243847  0.49485797  0.34248424]
[-0.88378381  1.63906514 -1.65223357  0.25816193]
[ 1.10864323  0.96406193 -1.25958533  0.11894175]
[ 1.01378723 -0.73545005 -0.30960148 -2.08065025]

Populations

0.295755953797
0.275402617112
0.203717502631
0.22512392646

State labels

0
1
2
3

Eigen uncertainty

1.00034347142e-10
0.0255373530124
0.0384674273875
0.0380984559006

Eigen values

1.0
0.637481665903
0.204133971459
0.123718993738

Left eigenvectors

[ 0.29575595  0.30259621 -0.31194572 -0.13931898]
[ 0.27540262 -0.29749004  0.11261396 -0.31364596]
[ 0.2037175   0.19622376  0.33327724  0.11242418]
[ 0.22512393 -0.20132993 -0.13394549  0.34054076]

Right eigenvectors

[ 1.          1.02312803 -1.05474027 -0.47106059]
[ 1.         -1.08020047  0.40890664 -1.13886341]
[ 1.          0.96321503  1.63597747  0.55186313]
[ 1.         -0.89430712 -0.59498557  1.51268133]
