Cluster centers 

[-0.32763635 -1.86603097 -1.49926138  0.70601421]
[-0.79329684  1.25556887 -0.18426397  0.15563337]
[-0.19306398  0.32592403  1.81543282  0.03334201]
[ 1.18850075 -0.93422933 -0.02902727  0.33969456]
[-0.46702535  0.31038891 -1.20979172 -2.54812747]
[-0.26973545 -1.18786156  1.18182683 -0.6529837 ]
[-0.72127696 -0.87408702 -0.88972265  1.17507745]
[ 1.29117247  0.78312522  0.79984662  0.13163132]
[ 2.12193214  0.58676906 -0.42752106  0.04765901]
[ 0.2433642   0.86586462 -1.02686758  0.27807789]
[-0.76421631 -0.14975387 -0.56691726  1.41964474]
[ 0.56198981 -0.4035526   0.93475481  0.10959661]
[-0.91593222  1.0518245  -0.3249649  -1.32252361]
[-1.03738156 -2.43184033  1.00374611 -1.93843141]
[ 1.32464485 -0.9119792  -1.30777369  1.20662344]
[-1.13480767 -1.10745307 -0.76214853  0.92467643]
[-1.53050836 -2.67671331 -1.29846307 -0.36408247]
[-1.56593225  1.28129928  0.62176352  0.95559535]
[-0.32486352  0.88315033 -0.52585596  1.12856588]
[-0.10984674  1.58318646  2.05286063 -0.76530782]
[ 2.38915389  0.39152942 -0.92469184 -1.17856076]
[ 1.04519253 -0.04944678 -2.17526679 -1.93803914]
[-0.55510891 -1.88792926  1.01149801 -1.26986136]
[ 0.85096717  0.86612019  1.24903779  0.06349809]
[-0.40358715  0.92745172 -0.76693453 -0.85028273]
[-0.14304788  0.28534915 -1.43347954 -2.24248962]
[ 1.87364736  0.28557527 -0.29569607  0.68885219]
[-1.28195247  0.99677073  0.24561007  1.17121646]
[ 0.44020981 -3.23871082 -2.25607523 -0.28675582]
[-0.35492846 -0.68890511  1.47125859 -0.39706592]
[ 1.42326621  0.49014186 -1.63400218  0.01145696]
[-1.13403234  1.30739593  0.05614677 -0.77504774]
[-1.38000868  1.12479393  0.18153031 -2.00413854]
[ 0.69124253  0.34462786 -1.11255956  1.41649446]
[-1.49694611 -0.28498633 -0.13538057  1.15357781]
[ 0.11753786 -0.52241947  1.231892   -0.13072872]
[ 0.39689228  0.46634735 -1.5439904  -1.22697166]
[ 1.11197484 -0.08061761  0.56356566  0.42099238]
[-0.05572156  0.94403949 -0.73929468  0.71824877]
[ 2.3633825   0.36091643 -1.36022223 -0.4384151 ]
[-0.78972794 -1.37394869  1.40070551 -0.98818277]
[ 0.59478176  0.18021561  1.18429239  0.23198654]
[ 1.42579804 -1.31092628 -1.17923731  0.84305352]
[ 1.08997995  1.16411257  1.05128249 -0.95392676]
[ 1.23112808 -1.61525479 -0.55396944  0.14927617]
[ 0.05473861  0.33924549 -1.49645854 -1.9170809 ]
[-0.36514568  0.38458091 -1.22548589 -2.26954904]
[ 0.08362378 -1.45140712  0.79967866 -0.64146611]
[-0.15780886  0.98526933 -0.79304084 -0.00116602]
[ 0.42995139  0.91646748  1.61169233  0.06664129]
[-0.89854553 -1.75055142 -1.19527636  0.61753708]
[ 1.39335836 -0.22579826  0.13221333  0.5836794 ]
[-0.6535728   1.17435315 -0.37668572 -0.17420065]
[ 2.11721108  0.35529379 -0.48208293 -2.26338511]
[-1.01739031  0.13451074 -0.29253557  1.40896944]
[ 0.47959912  0.23978543 -1.7640705  -1.73184143]
[-0.19679966  0.0761407  -1.54953645 -2.73159889]
[ 0.40134822  0.42974676  1.4490619   0.18347885]
[-0.54588794 -0.16379779  1.8187961  -0.21523945]
[ 0.83218513 -0.6815509   0.53570169  0.15970126]
[ 1.46210153 -0.81873317 -0.40665874  0.64569243]
[-1.2209563   0.60957393  0.04661018  1.3468278 ]
[-0.74546574  0.08459689 -1.14982882 -3.32102897]
[-0.9134392   0.88907228 -0.45600576 -1.78579203]
[ 1.93656949  0.73811404  0.00321428 -0.35237296]
[-0.60933684 -1.27822333 -1.12252317  0.99761198]
[-1.04163803  1.21465073  0.09452433  0.8601401 ]
[ 0.05994488 -0.9160437   1.08573268 -0.34524466]
[ 1.77192012  0.69461585  0.19625946  0.12065138]
[-0.60761586 -2.45751639 -1.66259014  0.19409894]
[-1.39607139 -2.03469788 -1.05386105  0.21478546]
[ 0.52963192 -0.36838855 -1.20433578  1.52061559]
[-0.52396649  0.20500165 -0.57596274  1.4997478 ]
[-1.867338   -0.75955725 -0.07141955  0.77954142]
[ 0.89388487 -0.03500129  0.81377497  0.33071158]
[-0.30587957  0.96754921  2.11383628  0.02354372]
[-1.50639498  1.5753516   0.6339472  -0.3830558 ]
[ 1.92279924  0.12955311 -0.81054797  0.97632971]
[ 1.638429    0.46633223  0.23019093  0.45563949]
[ 0.07134793 -0.05622161  1.48109716  0.01295637]
[-0.44832307  1.03036188 -0.64372962 -0.49817558]
[-1.37411293 -1.32240311 -0.71568179  0.70591006]
[-1.15299496 -0.59839495  1.93036553 -0.59514143]
[-0.44643761  0.59381063 -1.01726746 -1.88252136]
[-0.71920316 -1.07694345  1.50192594 -0.7593047 ]
[-0.63604743  1.75151331  2.33152734 -0.80371722]
[-1.03002384 -0.4485361  -0.52932726  1.26275261]
[-0.6106188   0.69112008 -0.36923694  1.36246858]
[ 0.86362694  0.67338058 -1.35423753  0.36781808]
[ 1.05323227  0.55046347  0.93930979  0.30068148]
[ 1.55932491 -0.90349347 -0.89574578  0.90949125]
[ 0.33538428  0.70220686 -1.29408457 -0.53927221]
[ 0.05658413  0.46230124 -0.82018011  1.43538346]
[-0.63360662  1.084223   -0.27485594  0.90712137]
[ 0.25563028 -1.90730019  0.42156777 -0.84132565]
[-1.32113188  1.49060198  0.40529888  0.05883673]
[ 0.67140066  1.21107337  1.49032035 -0.32656609]
[ 0.11894603  0.76295628  1.78125371  0.09567327]
[-0.20723488 -0.85272386 -1.12235399  1.30442177]
[-1.03139132 -2.80105012  0.80962677 -2.27524972]

Populations

0.556288220523
0.271021402712
0.0128023962947
0.15988798047

State labels

0
1
2
3

Eigen uncertainty

4.2182482573e-10
0.270652317697
0.0848613360424
0.117248353639

Eigen values

1.0
0.675450997317
0.571742278213
0.523136438014

Left eigenvectors

[ 0.55628822 -0.06076403 -0.40923565 -0.27507372]
[ 0.2710214  -0.12760322  0.42254617 -0.05235416]
[ 0.0128024   0.10684638  0.02055014 -0.02828494]
[ 0.15988798  0.08152087 -0.03386066  0.35571283]

Right eigenvectors

[ 1.         -0.1092312  -0.73565399 -0.49448058]
[ 1.         -0.4708234   1.55908781 -0.19317354]
[ 1.          8.34581087  1.60517932 -2.2093477 ]
[ 1.          0.50986241 -0.21177738  2.22476279]
