Cluster centers 

[-0.00366918 -1.34758293  0.77308019  1.58862311]
[-1.69701013  0.36198508 -0.51073965 -0.48390032]
[ 0.76388841  0.8252793  -0.24754849  0.4034388 ]
[ 1.2265046   0.15252298 -0.19985222 -0.82479981]
[-1.31417012 -0.00210496  0.12902437 -0.814783  ]
[-0.7826676  -0.73978926 -1.46928979  0.16094819]
[-1.86384153  0.79200742  2.30773208 -0.23987236]
[ 0.53252413 -1.78206126  0.45680921  0.53851887]
[ 0.47647021  1.1886821   0.50511197  1.65170064]
[-0.3913504  -1.09058501 -0.66514765  0.81468529]
[ 1.30147466  0.19626063  0.41759607  0.19715479]
[-0.85173843 -0.58161036 -0.83854491 -0.8656418 ]
[-0.18614441  1.63558685 -0.8572886   1.34894756]
[-0.20180478  1.76457617 -0.99636036 -0.41048394]
[-1.24684795  0.07234718  1.26123483 -0.87049683]
[-1.12769153 -0.33383919 -1.75447775  0.60520674]
[ 0.98318045  0.06036924  1.25116489 -2.07940717]
[-0.27703177  1.76740647  0.50682513  2.66488178]
[ 1.16554776 -0.28325895  0.84867112 -2.11374654]
[ 0.36137355  1.20571281 -0.77695862  0.43274184]
[-1.6693394   0.28715469 -1.59028117 -0.2075554 ]
[-0.11976774 -1.23230285 -0.73254345 -1.05670273]
[ 0.35740963  1.36305621  1.29502721  2.40196692]
[-0.64062819 -0.55349393  0.50957911 -1.29651279]
[-0.99499128 -0.39785105 -1.04342748  1.49285272]
[ 0.3556382  -1.47797082  2.79470649  2.46624909]
[ 1.16661345  0.11747105 -0.08874999 -1.46328438]
[ 0.77097343  0.77610567 -0.55186506 -0.21393649]
[-1.3157535   0.50044976  4.00238794 -0.39789605]
[ 1.10073877  0.53237955  0.85655156  0.99243515]
[-0.24538843 -1.18335022 -0.00758888  1.28008863]
[ 1.78921628 -1.16411511  0.43792328 -1.26566085]
[-1.05679668 -0.29196831 -0.17275334 -0.95259709]
[-0.08984968 -1.3500949  -0.25696001  0.77308248]
[-0.4339851  -1.00301347 -0.95976414 -0.87019528]
[-2.51092915  1.62172373  3.33336386  0.57463509]
[ 0.02461115  1.71529354  1.10367219 -1.25670355]
[ 0.50971869  1.12931506  0.17424622  1.31051633]
[ 0.07807406 -1.49454117 -0.40056829  0.29554147]
[ 0.95312925  0.61073837 -0.09804709  0.22175398]
[ 0.95271163 -1.95936843  1.51023193  0.88635042]
[  1.39192622e+00   1.68708808e-04   1.95493946e-01  -3.12457127e-01]
[-1.65776358  0.47309817  1.25348956 -0.53866544]
[ 1.37012756  0.17992456  1.04464766  0.723294  ]
[ 0.60161519 -1.82417971 -0.02882386 -0.1412901 ]
[-2.1385988   1.02554631  1.42369297 -0.10654719]
[ 0.77835294  0.26365682  2.31104866 -2.01737891]
[-1.80133762  0.52101219 -0.04240471 -0.44658368]
[ 0.35850941  1.2411994  -0.23301224  1.14888887]
[ 1.97293636 -1.07590357  1.4055776  -0.11536228]
[ 1.36857539 -0.09562458 -0.07365031 -1.01139161]
[-0.32954184 -0.96753055  1.46759034  2.52402508]
[-0.40760771 -1.09932535 -1.1412467  -0.05166728]
[-1.35687334 -0.06766065 -1.01741395 -0.57652326]
[-0.10195669  1.57224274 -1.34408316  0.3208511 ]
[ 1.22309209  0.24568599  0.02031205 -0.1947808 ]
[ 0.1131801  -1.47650197  0.45088046  1.15345747]
[-1.23679741 -0.14209026 -1.69347852  1.08928975]
[-1.71529145  0.59256647  1.87368745 -0.43069339]
[ 1.58187258 -0.69237598  0.19238073 -1.46415326]
[ 0.74459991  0.92426155  0.5722577   1.30841026]
[ 1.16036393 -2.04091222  0.58755516 -0.25847642]
[ 1.48032898 -0.10418127  0.44414846 -0.14334368]
[ 1.07242305  0.40086678 -0.30567439 -0.49183209]
[-0.47435293 -0.84125349 -0.32697917 -1.20989768]
[ 0.5255043  -1.75665124  0.88429627  0.94192278]
[-2.28760619  1.27873919  2.41879504  0.17214512]
[-0.85400786 -0.60727614 -1.15276388  1.07917107]
[ 0.77521875  0.87417865  0.39629464  1.1014556 ]
[ 0.58244028  0.99902445 -0.54652798  0.32696973]
[-0.5769099  -0.86158152 -0.38622367  1.44919133]
[ 0.33830355  1.23937298 -0.52870825  0.84157559]
[ 0.30579992 -1.62310845 -0.55709267 -0.53564723]
[ 1.2028066   0.12331818 -0.19742589 -1.18947532]
[ 0.42345255  1.15751898 -0.57784216  0.61529403]
[ 0.39814694  1.27827814  0.72955853  1.94104771]
[-1.28909829  0.03946474  0.69835499 -0.85294636]
[ 0.56752249  0.98072584 -0.54888311 -0.98459229]
[-1.12264524 -0.36827214 -1.79468917  0.22923804]
[-1.7515419   0.41530666 -1.9598596   0.04386201]
[-1.51994403  0.15794545 -2.14958704  0.48508931]
[ 0.71341668  0.90851245  0.04321571  0.84783563]
[-1.87642883  0.57384237 -0.73839972 -0.32425739]
[ 0.1680008   1.37158737 -1.08473872  0.24416354]
[-0.40828289 -0.92696152  0.97113673  2.29939943]
[ 0.52849956  1.02984028 -0.83502171 -0.28253744]
[-1.22845335  0.16388088  2.00120758 -0.82521424]
[ 0.31575736 -1.11070395  0.6915007  -1.86895274]
[ 0.67858693  0.73234515  1.15972315 -1.80243216]
[ 0.5870471  -1.71945331  1.93371107  1.64915978]
[ 0.97656879  0.42310649 -0.24350682 -1.32691483]
[ 0.49904176  1.27369942  1.73634778  2.50815653]
[ 1.11486052  0.42111713  0.10145749  0.16909187]
[-1.80297651  0.57378147  0.6664717  -0.44933613]
[-1.2731008  -0.11593377 -0.52284625 -0.75854544]
[ 0.01821525  1.50215641 -0.58222529  1.32534952]
[-0.2992804  -0.6760464   1.14405174 -1.55126904]
[-0.2022365  -1.24599601 -0.99754736 -0.57241626]
[-1.02766628 -0.4703095  -1.46502679 -0.37647386]
[-0.05257634 -1.26898273  1.16613364  1.94963865]

Populations

0.231562427426
0.0321428588158
0.723320357568
0.01297435619

State labels

0
1
2
3

Eigen uncertainty

5.45226010936e-11
0.083277570225
0.182356059464
0.270712928134

Eigen values

1.0
0.591088815767
0.550797135985
0.480880179577

Left eigenvectors

[ 0.23156243 -0.34944661  0.20914504  0.10993948]
[ 0.03214286 -0.07164356 -0.160829    0.01053224]
[ 0.72332036  0.38334591 -0.0410656  -0.22690867]
[ 0.01297436  0.03774426 -0.00725044  0.10643695]

Right eigenvectors

[ 1.         -1.50908165  0.90319073  0.47477253]
[ 1.         -2.22891068 -5.00356864  0.32766981]
[ 1.          0.52998081 -0.05677374 -0.31370425]
[ 1.          2.90914318 -0.55882817  8.20364019]
