Cluster centers 

[ 0.913972    0.53949491 -0.5962306   0.68570955]
[-0.56861016 -1.36514212 -0.11801398 -0.27502313]
[-0.54454856  0.1152078   1.46200416  0.38996542]
[ 1.19251113  0.34595666  0.10867676 -0.55274967]
[-1.66640801 -0.21669232 -1.4611144  -0.92425191]
[-1.18330827  0.73987797  0.11343102  1.95725109]
[ 0.28266706  1.84298093 -0.74572037  0.07492742]
[ 1.44645829 -1.34066666  0.21369456  1.03409481]
[-1.23745239 -1.34312971 -1.80057663 -0.04134029]
[-0.34408333 -0.60762807  1.37822764 -0.34260835]
[-0.78496554 -0.00638906  1.01940301 -1.10319168]
[ 0.72130527 -2.5260959  -1.92415638  0.32573446]
[ 0.62411713  1.47106608 -0.13182431 -0.5753789 ]
[ 1.45849843 -1.58646193 -0.34802423 -0.37426178]
[-1.0988196   0.07810431  0.29347997 -1.34593188]
[ 0.40004794 -1.40023363  1.14822329  1.21895988]
[-0.38867398  2.16809044 -2.53693319  1.64252899]
[ 0.2562373   1.65035411 -1.2395854   0.72955256]
[-1.07518069 -0.47536733 -0.17519052 -0.92153081]
[-0.61827887  0.00277178  0.75415495  1.60605257]
[ 1.29518952 -0.51727006 -0.18255361  0.92341124]
[ 0.55595972 -1.1149196  -0.66091806  2.91264216]
[-1.34420537 -0.92187909 -1.42994707 -0.41546205]
[ 0.41307203  0.4678355  -1.28971939 -2.16758848]
[-1.35353772  0.7311669  -0.49592502  2.57328613]
[-0.18747604 -0.62740334  0.86679085  1.66861818]
[ 0.9556873   0.72744951 -0.24372767  0.01095268]
[-2.00984023 -0.5765164  -2.78047257 -0.26977078]
[ 0.34900869 -1.47119815 -3.40539762 -0.35820043]
[ 0.66705708  1.17507305 -0.59518907  0.25374067]
[ 0.52691322  1.68403372  0.06361124 -0.9772978 ]
[-0.88842438  0.01759422 -0.43754711  2.86582081]
[ 1.36812958 -0.20342841  0.1018578  -0.12719445]
[-0.81402867  0.83762108  1.5353984  -0.2180572 ]
[ 1.58680766 -1.50192721  0.18389697  0.092908  ]
[ 1.02227818  0.76915601  0.14993286 -0.87337648]
[ 0.38621152 -1.79312989  0.99810919  0.43350181]
[ 1.32418748 -0.3026355  -0.06270344  0.44145209]
[-0.24834821 -0.63826106  1.48454757 -0.06347193]
[-0.79858188 -0.92830102 -0.03510821 -0.58880572]
[-0.84686591  0.54550075  1.00888184  0.97524466]
[ 1.31788845 -1.38459177 -0.73813237 -0.67527854]
[-0.00741557 -0.88824109  0.42171719  2.25658926]
[-0.5727409  -0.19119664  0.36826243  2.14515204]
[-0.07388063 -0.77673538  1.4164188   0.70239899]
[ 1.05047817 -1.91302846 -1.55929328 -0.30165449]
[-0.91070187  0.33168813  0.97542538 -1.39009326]
[ 0.4369372   1.84118696  0.24838543 -1.33273922]
[ 0.69707319 -1.54797431  0.65475354  1.84381203]
[-0.52723727  0.05144308  1.60869788 -0.32892531]
[ 1.33669102 -0.28855569  0.00552087 -1.04678802]
[ 1.02266397  0.42592274 -0.37921681  0.445594  ]
[-0.70153004 -0.55302347  0.66121045 -0.8050736 ]
[ 1.52371869 -0.90991867  0.18692054  0.21102605]
[-1.80804449 -0.73376468 -2.42691222 -0.27502888]
[ 1.09260185  0.37856804 -0.20995024  0.18995731]
[-0.50338845 -2.1771053  -1.61455942  0.41533432]
[ 0.94182142 -0.73926718 -0.7344382   2.18585559]
[ 1.03355354  0.33861787 -0.0864733  -1.60426619]
[-1.03476273 -0.1565919   0.25353238 -1.1666437 ]
[-0.6422172   0.25255092  1.56202753 -0.72049945]
[ 0.77720456  1.26559025  0.21638467 -1.18988493]
[-1.06698747  0.73532228  0.51810357  1.50996052]
[ 1.41869413 -0.32778982  0.15488967 -0.46295785]
[ 0.51181321  1.42087884 -0.73259384  0.28467262]
[-0.0932307   2.24342736 -1.2814218   0.45554021]
[-1.51826991 -1.37939574 -2.61853394  0.22079156]
[-0.92535687 -1.0538786  -0.53304524 -0.47344583]
[-0.59965575 -0.14740202  1.32619537 -0.80831477]
[-1.33160028 -0.17241096 -0.53808173 -1.12474308]
[-0.42180206 -0.22760401  1.06701354  1.26715343]
[ 0.20137452  1.51822375 -1.63798918  1.22060631]
[-0.32443166 -0.32831942  1.44061728  0.59610386]
[ 1.26174146 -2.25270317 -0.60164861  0.09879707]
[ 0.93970586  0.8880502  -0.03146235 -0.47672529]
[ 1.14728516 -0.97372649 -1.00068813 -1.05505177]
[ 0.05475014 -1.29192317  1.2316959   0.20044576]
[-0.38473694 -1.22448998  0.51870298 -0.31750073]
[-1.02577288 -1.25100195 -1.08526657 -0.25771034]
[-0.28721493 -0.42956929  1.54396644  0.19860015]
[-1.2167729  -0.68387369 -0.78416865 -0.70670236]
[ 0.59384251  1.11117028 -0.93782672  0.7247109 ]
[-1.42262515 -0.37709349 -0.97479944 -0.90313573]
[-1.25744863  0.10108768 -0.11652967 -1.37076341]
[-1.72848453 -0.58902949 -2.03227265 -0.49902475]
[ 0.91026987 -2.3608864  -1.67116995  0.12140224]
[-0.17991228 -0.58897144  1.25734285  1.05851711]
[ 0.7615058   1.09433347 -0.3800498   0.00302838]
[ 0.76815875  0.74024074 -0.83115249  0.85242477]
[-0.82904645 -0.66063027  0.23206003 -0.78086385]
[ 1.32402186 -0.01770984  0.16405205 -0.79133522]
[-0.89183146  1.20169972  1.4529793  -1.61306147]
[-0.9809664   0.97602937  1.14257968  0.49701649]
[-0.42898269 -0.25292038  1.54742268 -0.32539829]
[ 1.09297321  0.51798829 -0.03998163 -0.24250288]
[-0.72413469  0.28236653  0.98635258  1.16094903]
[ 1.05091937  0.10838558 -0.54064264  0.95310081]
[-0.30034493 -1.56647767  0.17168613 -0.12564658]
[-0.36161301 -0.88675184  1.02393148 -0.39491653]
[ 0.29745068  1.94330047 -0.3914146  -0.39713238]

Populations

0.630708210254
0.300008358691
0.0534587905311
0.0158246405233

State labels

0
1
2
3

Eigen uncertainty

6.50771344884e-11
0.228080141988
0.0755908627355
0.146331311185

Eigen values

1.0
0.605587755489
0.486608614379
0.423719353321

Left eigenvectors

[ 0.63070821 -0.10398934  0.38232999 -0.27554557]
[ 0.30000836 -0.0692881  -0.44187892  0.09972722]
[ 0.05345879  0.05299083  0.07438165  0.20557308]
[ 0.01582464  0.12028661 -0.01483271 -0.02975473]

Right eigenvectors

[ 1.         -0.1648771   0.60619155 -0.4368828 ]
[ 1.         -0.23095389 -1.47288871  0.33241482]
[ 1.          0.99124632  1.39138292  3.84544949]
[ 1.          7.60122211 -0.93731742 -1.8802785 ]
