Cluster centers 

[-0.8608653   0.91513816 -1.07415112 -0.36211523]
[ 1.07423026 -0.54685136 -0.3776787   0.84972917]
[-1.07233182 -0.98751837  0.26894829 -0.13333094]
[ 0.60179846  1.53384033 -0.20125437 -1.7034566 ]
[-1.04584415  0.36332525  2.52158838  0.23021635]
[-1.0049635  -0.8787937  -1.44006069  0.42925906]
[ 0.94962548 -0.36292505  1.75711851 -1.11707068]
[-0.85848002  2.24054881 -0.40184779  0.76125479]
[ 1.06335415 -0.67658539  0.0200203  -1.03362428]
[ 1.01405966  0.8045956   0.43026536  2.55919405]
[-0.89202258  0.19841364 -1.1576443  -0.77625579]
[ 1.13304103  1.43192328  0.3424173   0.65076493]
[ 1.02370924 -1.76934066  0.39753444 -0.05806808]
[-1.10024204 -0.94810196  1.23530422  0.61503137]
[ 1.10730966 -0.7056207  -0.31295048 -0.25765323]
[ 1.13118045  0.33288754 -0.14229222  0.22420074]
[-0.88015025  1.41938227  3.67307774  0.15229289]
[ 0.99202165 -0.56511946 -0.3666856   1.56210465]
[-0.93893321  1.55863716 -0.71594011  0.96465041]
[ 0.904138    0.138991    0.01201654 -1.7138452 ]
[-0.95117209  0.28196602  1.83147656 -0.53373146]
[ 1.07095444  0.67873709 -0.12839294 -0.54689176]
[ 1.02524886  2.00285884  0.38196327 -0.06402252]
[-1.06172418 -1.43061199 -0.37191159  0.11743401]
[ 1.00533486 -0.45590288  0.18263689 -1.42274546]
[-0.91078246 -0.15232428  0.55283341 -1.08818994]
[-0.98873793  0.06310999 -1.32550039  0.45245765]
[ 1.01953    -0.86227656  1.7842314  -0.47122717]
[ 0.94346187  0.22658979  3.41700605 -0.24030492]
[-1.09196935 -1.22528028  0.90899124  0.6630143 ]
[-0.74622626  1.81143278 -0.71272861 -0.21859121]
[-1.08665399 -1.24453179  0.44776239  0.31371866]
[ 1.00269471  0.07540941 -0.04271723  2.01700807]
[-0.82911312 -0.09226249 -0.5751709  -1.44861031]
[ 1.0487531  -1.54927066 -0.23308079  0.04753512]
[ 0.74041346  0.92346244 -0.20489267 -1.83051072]
[-0.4280476   2.66106137 -0.27074258 -0.64149198]
[-0.62940804  0.99237557 -0.91125236 -1.3449785 ]
[ 0.66780731  0.63843823  2.49975354 -1.59035313]
[-1.04102946 -0.89222968 -0.19259482 -0.4854718 ]
[ 0.4179685   2.33700574 -0.05054443 -1.40655999]
[ 1.07865742 -0.20922917 -0.24947327  1.14559439]
[-0.96775731  1.18029812 -0.67381092  2.01324467]
[-1.10152322 -0.75936922  2.26215755  1.50381605]
[-1.06421007 -0.15040409  1.76019746  0.05850124]
[-0.9769061   0.64706733 -1.09420997  1.00927047]
[-1.076494   -1.43708053  0.18407381  0.37779783]
[-0.99713908 -0.67807092 -0.96027183 -0.62137072]
[-1.02624616 -0.54160741  0.57199529 -0.52748993]
[ 0.82769481 -2.08626631  1.39734301  0.92055377]
[ 1.08364649 -0.91662808 -0.42141569  0.31926113]
[ 1.05670359  1.06040045 -0.01376762 -0.43514114]
[-0.90585032  1.39686649 -0.86048429  0.4268949 ]
[-1.00454838 -1.64006028 -1.09176598  0.4835434 ]
[ 0.6756038   0.23199616  0.96800305 -2.15979155]
[ 1.08737554  0.80052948  0.31991867  1.96112872]
[ 1.08121736 -1.0136051   0.03543876 -0.73897658]
[-0.71845184  3.45660542  0.36301799  0.98746111]
[-0.95006207 -0.45249277 -0.24396125 -1.02919488]
[-0.97820955 -0.1644313  -1.31113332 -0.20835362]
[ 1.11025129 -0.04121138 -0.26016152 -0.37381842]
[ 1.01982343 -0.29697623 -0.03891271 -1.33209597]
[-1.07977911 -0.71574613  0.90388529 -0.01120515]
[ 0.91599543 -1.32625292 -0.62367146  1.34232264]
[-0.85458699 -0.01247117 -0.89965934 -1.20973241]
[-0.54085173  1.0814452   2.35541598 -1.3844427 ]
[-0.9700993  -0.51090823 -1.42803508  1.06146198]
[-0.67497845  2.76141545 -0.18191679  0.21329892]
[ 0.99185074  0.60695712 -0.17988284 -1.12497841]
[-0.93379609  2.71608487  0.16256977  2.0769239 ]
[-1.05151508 -1.64715136  0.55299239  0.88446107]
[ 1.13210514  0.38949858 -0.06125677  0.75347924]
[ 1.1016763   0.32749454 -0.00664009  1.35678461]
[ 0.92552587  1.30569186 -0.0581009  -1.01859406]
[-0.95690395  0.63621749 -1.16174502  0.3273877 ]
[ 0.91027979 -0.28744583  0.9549485  -1.6195614 ]
[ 1.11848971 -0.0639941  -0.23495138  0.62344149]
[ 1.08940711 -0.23873595 -0.24339577 -0.73175734]
[ 1.06899272  1.58665655  0.89084669  2.61861758]
[-0.31932109  0.81787234 -0.54332977 -2.1615106 ]
[-0.95376397  1.76016303 -0.53079038  1.42290022]
[-0.56955656  0.63746516  1.43332561 -1.67296477]
[ 0.56359452  0.46772817  0.30254696 -2.35965481]
[ 0.20344012  1.93413696 -0.3158644  -1.7979557 ]
[-1.01624762 -0.2908648   1.06874887 -0.46736747]
[ 1.13195333  0.84427337  0.05575086  0.39225778]
[ 0.83389976  0.15276734  2.14650321 -1.39703633]
[ 0.83153748 -2.39712593 -0.18673489  0.81712714]
[-1.0429578  -1.1281062  -0.85262657 -0.23403703]
[ 1.08137366  0.24779867 -0.21605064 -0.65839594]
[ 1.13937024  1.16496704  0.3992864   1.44805012]
[-1.11133173 -0.63132792  1.88513082  0.88791885]
[-1.02293319 -0.88838634 -1.24524345 -0.11955645]
[ 1.12088082 -0.2605324  -0.30474995  0.17484956]
[-0.70057019  0.18117497  0.19341602 -1.75592698]
[ 1.03264051  0.06136893 -0.19232716 -1.13923953]
[ 1.04447583 -1.0485017   0.90303173 -0.78528856]
[-1.11459466  0.11285025  2.76061587  0.96204663]
[ 0.79297477  2.47916127  0.33315962 -0.67626321]
[ 1.12169466  0.26503136 -0.18620076 -0.07486189]

Populations

0.496902986487
0.00615751609354
0.0913948038662
0.405544693553

State labels

0
1
2
3

Eigen uncertainty

1.6382255768e-10
0.0277152778418
0.053652879574
0.155871944552

Eigen values

1.0
0.602617337606
0.216413371046
0.189752886984

Left eigenvectors

[ 0.49690299 -0.49989631  0.00194972  0.00950179]
[ 0.00615752  0.00763077  0.01768226  0.07582025]
[ 0.0913948   0.09067656 -0.26958093  0.04632143]
[ 0.40554469  0.40158898  0.24994896 -0.13164347]

Right eigenvectors

[ 1.         -1.00602396  0.00392375  0.01912203]
[  1.           1.23926043   2.87165406  12.31344732]
[ 1.          0.99214135 -2.94963085  0.50682784]
[ 1.          0.99024593  0.616329   -0.32460904]
