Cluster centers 

[ 1.39032427  0.14056502  0.46697867  1.15913094]
[-1.05496037 -0.75399114 -1.2179294  -0.04452441]
[ 0.81992923  0.77294972  1.02753589 -1.44051282]
[-1.22729184  0.77082697  2.13416153  0.22612414]
[ 0.88208623 -0.52691    -0.08968348 -1.03548795]
[-0.56549009  0.11654963 -0.8976391   1.50540919]
[-1.21096589  0.25113544  0.63661824 -0.50668747]
[ 1.01631112  1.28274991 -0.77361994 -1.30275946]
[ 0.92026061 -1.1011556   0.28168268  0.39717472]
[ 1.30586974  0.28875874 -0.16300376  0.15433798]
[-0.41107221  0.67325469 -1.53358439  0.12025904]
[ 0.3068344   2.2427584   0.46215375  3.61507074]
[-0.27140163 -3.0338877   0.57478156 -0.67674415]
[-1.29694581 -0.61091648 -0.40006463 -0.67594971]
[-0.25573576  0.8711221  -0.80154786  1.8243484 ]
[ 0.68595653 -1.44507918  0.11207562 -0.46366113]
[-1.61984811 -1.32289155  1.0401048  -0.30509544]
[ 1.15650203 -0.61162973  0.68582069  1.28467277]
[-1.22129808 -0.05609967  0.06691336 -0.67263824]
[-0.1921042   1.95379996  0.02560367 -1.09633925]
[ 1.13388601  0.46310321 -0.51793842 -0.87348747]
[ 0.84025381  1.5610118   1.02159266 -1.40390261]
[ 1.44845664  0.11855229  1.94383541  3.06315543]
[ 1.49106453  0.88881951 -0.06155928  0.66978467]
[-0.42650206  1.22524095 -0.891677   -1.0854085 ]
[-0.81021182 -0.68905716 -0.68439681  1.58483842]
[ 0.84810248  2.05111122  2.02006102 -0.9720446 ]
[ 0.73799528  2.04169524 -1.45909645 -0.15425481]
[ 0.76833173 -0.29985555  0.36047155 -1.42599392]
[-0.41939776  0.5667389  -1.31606238  0.78707323]
[ 1.43528141  1.706306   -0.65757207  0.28800645]
[ 0.11365519 -2.20907391  0.78072106 -1.04704088]
[-1.23805605 -1.52837225 -0.97264063  0.13782575]
[ 1.14941976 -0.34119185  0.00387903  0.13154863]
[-0.87363287  0.95066665  0.24918746 -0.74901392]
[-1.01131365  1.59830501  2.79690111  0.62224447]
[-0.51269007  0.2006759  -0.64823484  1.93328037]
[ 0.96037434 -1.10972365  1.10446256  1.8459317 ]
[ 0.66636256 -0.08309306  1.31368365 -1.35018374]
[-0.98382018  0.96581384  0.86953352 -0.47594277]
[-1.47983837 -0.73095706  0.65689153 -0.44152882]
[-0.03060177  1.30369236 -1.55776988  0.19336404]
[-0.78858323 -0.32126499 -1.20257646  0.70077809]
[-0.61357302  2.15657985  1.96436574 -0.00423067]
[-1.25973624  0.34924646  1.24728564 -0.2410163 ]
[ 1.00829648 -0.17884708 -0.25911829 -0.90327641]
[ 0.89892168  0.57245655  0.11812517 -1.53695952]
[ 0.24845201  1.79543082 -1.1138336   1.29489511]
[ 0.38921451 -2.04709029  0.25826245 -0.58198916]
[-0.31731276  0.74707276 -1.12482814  1.23307881]
[-0.37679701 -3.25123216  0.38621852  0.51420838]
[-1.21461201  0.89810784  2.4183971   0.39567531]
[ 1.09255308 -0.26306321 -0.1975345  -0.38963748]
[-0.74776146  0.07884077 -1.43614158 -0.17546718]
[ 0.19558862  1.69607364 -1.09750629 -1.27877086]
[ 0.65400443 -1.09995126  0.22843551 -1.12742867]
[-0.38397168  0.51210768 -0.35139883  2.42985624]
[-1.17244817  0.76771177  1.67517059 -0.0399034 ]
[ 0.70273256  1.81484232 -0.68059762 -1.51098106]
[-0.7007025   1.51628537  0.73725986 -0.6256886 ]
[-1.09195571  0.26140392 -0.05946203 -0.7485043 ]
[-1.11701189 -0.48288112 -0.99609613 -0.5813684 ]
[ 1.11809747 -0.56684011  0.2183252   0.47941453]
[ 1.23357848  0.29562273 -0.35097545 -0.2890607 ]
[-0.32818905  0.98083115 -1.56042462 -0.62236781]
[-1.66402294 -1.44385017  1.72182286 -0.05185137]
[ 1.4172646   1.04862979 -0.42310424  0.1572163 ]
[ 1.34033114  0.11875942  0.1819876   0.70124298]
[-0.42971832  0.44872374 -0.79632269  1.75906843]
[ 0.80773412  1.93847125  1.14574127 -1.31110537]
[ 0.75259781 -1.55939236  0.81433686  1.34232391]
[-1.37207006  0.32891908  2.32205757  0.33679918]
[ 0.91939949  0.12957427 -0.08254134 -1.38878319]
[-1.37420078 -0.36596102  0.49528376 -0.51327223]
[ 1.50590719  0.72796097  0.18459444  0.96468085]
[ 0.03768397 -2.74521704  0.34977969 -0.25671892]
[ 0.88667717 -1.00650979  0.04088678 -0.23023446]
[-1.43504339 -0.93955589 -0.04276502 -0.59962657]
[-0.97150091  0.16418303 -0.77791685 -0.81177589]
[-1.45197954 -0.32173076  1.29498582 -0.19821572]
[-0.05742369  1.30337787 -0.79473909  1.86848354]
[ 0.97365724 -1.04382704  0.5235387   0.90695299]
[ 0.5448447  -1.87192152  0.23949265 -0.11284196]
[ 1.25080673 -0.40393499  1.16414074  2.0203156 ]
[-0.75275165 -0.12803414 -1.34941063  0.35150174]
[-1.14646392  0.24117772  0.2080735  -0.66543662]
[ 1.13753072  1.57378236 -1.05268286 -0.62730538]
[-1.17382477  1.18064909  2.94116532  0.72998934]
[-1.0094017  -0.94360863 -1.10651384  0.54081866]
[ 1.47773353  0.38212272  0.60553897  1.43634945]
[ 0.82824061 -0.8380592  -0.03142712 -0.87708157]
[ 1.43238718  0.7698732  -0.18096073  0.4103154 ]
[ 0.67616347 -1.66469643  0.36618236  0.41781187]
[-0.8797849   0.79381544 -0.05657321 -0.83120693]
[ 0.98559906  0.5291912  -0.30595887 -1.39128087]
[-0.56556764  0.44391907 -1.51262049 -0.15088823]
[-0.75661322 -0.38071367 -0.9608266   1.21769335]
[-0.51674556  0.30121828 -1.13204329  1.12005037]
[-0.95584168 -1.20327391 -0.66853257  1.38219988]
[-1.42652084 -1.53263773 -0.59899663 -0.43111392]

Populations

0.00981490583919
0.0635628120705
0.817903991029
0.108718291061

State labels

0
1
2
3

Eigen uncertainty

2.50848784355e-10
0.295251371312
0.13723822786
0.112399585943

Eigen values

1.0
0.664514653684
0.573195633371
0.435711079147

Left eigenvectors

[ 0.00981491 -0.09826887 -0.00463523 -0.00634954]
[ 0.06356281  0.02218919 -0.23046474 -0.076917  ]
[ 0.81790399  0.05289307  0.10831571  0.36661571]
[ 0.10871829  0.02318661  0.12678426 -0.28334918]

Right eigenvectors

[  1.         -10.01220747  -0.47226412  -0.64692789]
[ 1.          0.34909078 -3.62577948 -1.21009432]
[ 1.          0.06466905  0.13243084  0.44823808]
[ 1.          0.21327237  1.16617227 -2.60626963]
