Cluster centers 

[-1.08150343  0.49318321  1.37525506  0.39401463]
[ 1.05736954 -0.13637262 -0.53279746 -1.16685912]
[ 1.19244562 -0.23125885 -0.01925206  0.13829083]
[-1.11863444  0.35443702 -1.05589118  0.7705755 ]
[-0.83145071 -1.20553031  0.28884886 -1.28823535]
[ 0.92572606  0.88386597  0.72009511 -0.29361232]
[ 1.079983   -0.20501976 -0.27481493  1.73019458]
[-0.37734565 -0.96308894  0.51902301  1.47088725]
[ 1.0488603  -2.15476062 -1.28301913  0.30295966]
[-1.23037812  0.69698882 -0.09659301  0.54275487]
[ 0.36783926  2.49208641 -0.41509342  0.0182092 ]
[-1.5709916   0.96986937 -2.78675474 -0.34401517]
[-0.73352851 -1.71452584 -0.49537772 -1.53315277]
[ 1.02273515  0.7941313   0.5395615   0.53168003]
[-0.33749288 -0.24285102 -2.55945013  1.39545019]
[ 0.42830516 -2.23395998 -0.44328886  0.90653852]
[-1.53105674  1.25211225 -1.21096289 -0.13765889]
[ 0.92139513 -0.11028741 -1.11621023 -2.08745884]
[-0.71685774 -1.08021352  0.84674406 -0.318531  ]
[-0.61882366 -0.92273603  1.04849985  0.58281792]
[ 0.790186    0.64794137  0.12952658 -1.57527929]
[ 1.07607213  0.18550035  0.11625381 -0.47401623]
[-0.64604598 -2.57917716 -2.66258165 -2.5991726 ]
[-0.96013581  0.55809384 -3.19752636  0.2481587 ]
[ 1.17090643 -0.82975682 -0.14502907  1.40200691]
[-0.93915495 -0.33423111  1.39300982 -0.66337271]
[ 0.80121032  0.70243079 -1.53707253  1.40540805]
[ 0.58716998  1.46916984  1.17226466 -0.99614321]
[-0.97456456  0.16712613  0.66100889  0.87884122]
[-0.39054184 -1.70490836  0.30569171  0.12145627]
[ 0.41046958  2.37554244  0.83980977 -0.07976727]
[ 0.63804662 -0.0173463  -2.20359888  1.78124544]
[ 1.13106518  0.29679087  0.35412512  0.62633767]
[-1.40325418  0.89402139 -1.30481325  0.1846122 ]
[-1.18835181  0.77538976  1.00846063  0.38649091]
[-0.70072543 -0.45466267  0.8300688   1.12614918]
[-0.83695896 -0.10053993  0.10712832  1.1974471 ]
[-0.33790621 -2.31247748 -0.90581518 -0.83310788]
[-1.40366723  1.32600618  0.28973598  0.03754717]
[-0.89791707 -0.11334243  1.40321307  0.49109056]
[ 0.74779931  1.67335403  0.40695622  0.4350767 ]
[-0.63990013 -0.66426468  0.99043017  0.99104174]
[-1.12749196  0.4325704  -0.35827746  0.7617345 ]
[ 1.15577491 -1.36858175 -0.3928362   1.15240945]
[ 1.05519313  0.54145618  0.5078337   0.09795086]
[ 0.11049701 -1.75832187  0.2154089   1.4406426 ]
[-0.90126956 -1.18678418  0.02841839 -1.73896227]
[ 1.20977787 -0.37752078  0.01949238  0.93040695]
[ 0.63750912  0.48913576 -0.68097742 -2.61770565]
[-0.60964304 -1.48753434  0.36649572 -0.46547391]
[ 0.68782836 -0.06851629 -2.08067699 -3.33311016]
[ 0.63709054  0.73477347 -0.0386728  -2.13363699]
[ 0.6643363   1.03180888  0.61730857 -1.47031781]
[ 1.23654164 -0.72367672 -0.22468025  0.57803027]
[ 1.11833935 -0.0443987  -0.09608582 -0.49115315]
[ 1.21328121 -1.53125007 -1.18084856 -0.11038584]
[ 0.98857423  0.2413044  -0.08449828 -1.08007336]
[-0.96327823 -0.41460195  1.18751901 -1.07649608]
[ 0.88652991 -1.01791601 -0.40597378  2.04668417]
[-1.12080513  0.32163374 -1.53506099  0.72653017]
[ 1.15670728 -0.23585057 -0.22755324 -0.39098142]
[-0.40455327 -1.33127219  0.72945411  0.78085746]
[ 0.47628406  2.1382694  -1.27368144  0.2535343 ]
[-1.23882182  1.15106285  1.50269481 -0.00932008]
[-1.44395283  1.13359192 -0.70921367  0.08100441]
[-1.29750024  0.73936532 -0.81204641  0.43012759]
[-0.82029796 -0.26870565  1.1734256   0.78263459]
[ 1.17362376  0.01510644  0.21689045  0.52634299]
[ 1.0984319  -0.45447489 -0.95908398 -1.28097435]
[-0.52505464 -2.34788382 -1.4781455  -1.64066974]
[ 0.64997202  1.58772694  1.21788707 -0.49498245]
[ 0.9586322   1.03142727  0.2158186   0.89921177]
[ 0.97132789  0.50742808 -0.57329683  1.47397192]
[-0.54869792 -1.25075797  0.80646015  0.29656991]
[-0.74060524 -0.2317966  -0.43258958  1.36855499]
[-1.14876632  0.54443108  0.21681777  0.66863083]
[-0.98785039  0.07374595  1.70615177 -0.25109143]
[ 1.1572766  -1.93577258 -1.52670842 -0.15878456]
[ 0.84034852  0.24005537 -0.60550555 -2.00072325]
[ 1.08670622  0.51627186  0.31480839  0.8951347 ]
[ 1.08066274 -1.56586691 -0.41416404  1.2980953 ]
[-1.7606791   1.91298603 -1.68529365 -0.89410427]
[ 0.81030071  1.06173641  0.83201953 -0.687083  ]
[-0.76364538 -0.72440474  1.21789809  0.08414262]
[ 1.13184994  0.10085525  0.17770107 -0.04229992]
[-1.52264064  1.45586144 -0.50868806 -0.16694837]
[ 1.00265538 -0.25806812 -0.54620874  1.90291135]
[-1.60490211  1.30439124 -1.77819016 -0.34745989]
[-0.72761241 -1.52060496 -0.01845938 -1.17207226]
[-1.1088114   0.97882865  2.11367215 -0.57528784]
[-0.82398874 -1.01255901  0.68573947 -0.92079304]
[ 0.93611857  0.50511677  0.23891239 -0.9684338 ]
[-1.38171131  0.7598595  -1.80999059  0.19665078]
[ 0.94581007  0.66758791  0.50851919 -0.60397612]
[ 0.79475533 -2.62622283 -1.63151726  0.06639743]
[ 0.86165773 -0.04481548 -1.15306112  1.90013056]
[ 1.2356183  -0.85343407 -0.47908618  0.1725827 ]
[ 0.91295433  0.29752882 -0.23181526 -1.48690097]
[-0.84099083 -0.72491414  1.11579002 -0.51052782]
[ 0.18433398  1.81601327  1.54653298 -1.56540046]

Populations

0.352564087348
0.261661189273
0.320353513364
0.0654212100149

State labels

0
1
2
3

Eigen uncertainty

1.7614522415e-10
0.0517926500231
0.0593573278269
0.0693198381846

Eigen values

1.0
0.428880721474
0.271607529474
0.145706713669

Left eigenvectors

[ 0.35256409 -0.46526901  0.01530676  0.10748536]
[ 0.26166119  0.13551271 -0.35485476 -0.22115383]
[ 0.32035351  0.3167775   0.17283168  0.29581813]
[ 0.06542121  0.0129788   0.16671632 -0.18214965]

Right eigenvectors

[ 1.         -1.31967216  0.04341553  0.30486757]
[ 1.          0.51789381 -1.35616122 -0.84519158]
[ 1.          0.98883728  0.53950301  0.92341154]
[ 1.          0.19838832  2.54835271 -2.78425989]
