Cluster centers 

[-0.75516521  0.59840296  0.0022212  -1.64880918]
[ 1.01164261  0.50520168  0.45526993  0.6727632 ]
[-1.18301623 -1.81550879 -0.28758966  0.10112333]
[ 0.9522065  -0.81039944  2.04177991 -0.65204574]
[ 0.94398681 -0.95473394 -1.4429477  -0.53956492]
[-1.1485848   0.66834605 -0.04747095  0.25124089]
[ 0.91427799  0.4285991  -1.23867973 -0.47785035]
[-1.02091726  1.26744171  0.57774102 -0.35958675]
[ 0.81538447 -0.94084472  1.26687005  2.21520044]
[-0.9328181   0.68505474  0.56351997  2.70763451]
[ 0.97823714  0.92829018 -1.10360582  0.66391509]
[-1.18073754 -0.55155792 -0.32932867  0.29884583]
[-1.01696507 -0.09800138 -0.10105455 -0.97756357]
[-0.2853257   0.8583478   1.90396662 -1.86020868]
[-1.12360689 -3.89071306 -0.07075404  0.22012473]
[-1.08249755 -0.11229221  2.5275722   0.19339961]
[ 0.33410608 -2.52871157 -0.31829143 -3.25650765]
[ 0.91654327  1.13384899  0.03087334 -0.27216681]
[-1.16915789  0.1767651  -0.32212575  0.86119154]
[ 1.00925781 -0.06207362  1.18988234  0.14040192]
[-1.12550344 -1.96506408 -0.48072976  0.81907525]
[ 0.78718998  0.05246483 -1.09768065 -1.34774147]
[-1.10246094 -0.0101879  -0.1341165  -0.58167723]
[ 0.93197457  0.73183866 -0.31831237  1.80466352]
[ 0.80175544 -2.43473981  3.42867013 -1.83619758]
[ 0.92242266 -2.94144367 -1.06377564 -1.43166369]
[-0.93101913  1.1862326   0.37771557 -0.84144445]
[ 1.02736131 -0.48642941  1.39372515  0.47646164]
[ 1.04145785 -1.75939456  2.29011685  0.20625249]
[-0.02199627  0.55115865 -0.31619477 -2.38429122]
[-1.16562983  0.74068734 -0.05773832  0.89293986]
[ 0.95667308  1.09846556 -0.82726959  0.0908989 ]
[-1.18273022 -1.02996213 -0.34008936  0.23174416]
[ 1.01967191  0.0664169   0.89571738  0.64200479]
[ 0.95985136 -0.00325215 -1.51874468  0.24338217]
[ 0.99834617  0.87782065 -0.20045604  0.99895536]
[-0.91524994  0.95051504  1.71856486 -0.66677645]
[ 0.81525788 -0.69778378  2.25430286 -1.2803494 ]
[ 0.96303902  0.72528823 -1.31700683  0.99111827]
[-1.13455993 -0.2910908  -0.51211568  1.22836959]
[-1.16373522 -1.41206027 -0.43210597  0.59892496]
[ 0.94308571 -1.74478243 -1.51629608 -0.1414898 ]
[-0.25199349  1.42607246  0.30326546 -1.89407365]
[-0.94215283  0.79867128  0.0802174  -1.02069169]
[ 0.85571356 -1.03476723 -1.21069391 -1.34292845]
[ 0.78083217  0.90107013  0.81230103 -0.95784332]
[ 1.01473803 -1.1354054   1.69798721  0.92998163]
[ 0.98991808  0.44541046  0.7546535   0.11327952]
[-1.1567179  -2.25571634 -0.34954075  0.44273928]
[ 0.90867717  0.05122413  1.43883881 -0.65353617]
[-1.00327028  0.21461535 -0.06457659 -1.02138609]
[ 0.88859214  1.02527845 -0.88346683 -0.47219389]
[ 0.92750581  0.74063203 -1.33458995  1.46923248]
[ 1.03696148 -1.34969027  2.05600642  0.19829343]
[ 0.95075658  1.18569346 -0.43204532  0.01457417]
[ 0.99965828  0.51101828  0.26882239  1.1438821 ]
[ 0.94988821 -0.69805226 -1.61086195  0.27141664]
[-1.1592996   0.13775517 -0.19573353  0.07447712]
[ 0.85498625 -0.40311774 -1.22745057 -1.17219374]
[-1.09991768  1.17840956  0.4947592   0.11173906]
[-0.34579666  0.28464906 -0.17880628 -2.37094159]
[-1.06360782 -0.60785077 -0.11474119 -1.07018628]
[-0.98247495 -2.43635435 -0.65684037  1.38526081]
[ 0.87366229  0.01947533 -1.23996149 -0.91510253]
[ 0.48517811  0.87476053  1.30136083 -1.6178256 ]
[ 1.00633503 -0.66049373  1.33162269  1.06630882]
[-0.74417471  1.29938519  1.28915335 -1.149803  ]
[ 0.97817503  0.24126265  0.46185695  1.43870876]
[ 0.86705923 -2.11293135 -1.0991566  -1.58278817]
[-1.08526187 -1.32472073 -0.62977595  1.27145558]
[-1.12369752  0.81690193  1.41402385  0.75273927]
[-1.1573483  -0.62865694 -0.21704956 -0.32742073]
[-1.11565647 -3.3967663  -0.22069682  0.43805819]
[-0.75952159  0.44613805  2.35006124 -1.19547773]
[ 0.94698797  0.94527633 -0.97239847  1.47906894]
[ 0.96669032  0.60761163 -1.32150267  0.32751051]
[-1.07922602  0.65988953  0.01220105 -0.41264091]
[ 0.91415053  0.92747813  0.41966803 -0.34194406]
[ 1.00315984 -2.26337332  2.37648156  0.90351678]
[-1.14548888  1.08181132  0.35746475  0.62495111]
[ 0.98291397  1.01618316 -0.74317364  1.076482  ]
[-1.1369466   0.65116292 -0.21600632  1.47521415]
[ 0.98645431  1.06873981 -0.30368302  0.42631952]
[-1.18249972 -1.41606782 -0.24368514 -0.18037733]
[ 0.94862023  0.01647743 -1.42147689 -0.2021593 ]
[-0.82381909 -0.63520521 -0.05988168 -1.96884493]
[-0.66629852  1.33404865  0.46741388 -1.43949291]
[ 0.54113093 -1.04308226 -0.7760468  -2.43038286]
[ 0.98130934  0.88172144  0.19983694  0.18849853]
[ 0.96464639 -0.1785553   0.81570631  1.54825122]
[ 1.03546109 -1.08929775  1.84915052  0.33417252]
[-1.15511181 -1.64885295 -0.11431758 -0.75532374]
[-1.16839645 -0.75456458 -0.44367771  0.72077721]
[-0.99825946 -0.01959996  2.60775253 -0.41073148]
[ 0.86611251  0.31766209  0.15547277  2.1938156 ]
[ 0.91295896 -0.66365635 -1.35019717 -0.83963417]
[ 0.9761164  -0.56084378  1.77142109 -0.39001495]
[-0.95842392  1.23689919  1.16993502 -0.50270194]
[ 0.56100043  0.96967768 -0.58287808 -1.64919923]
[-1.17338382 -2.55291558 -0.23212029  0.13219792]

Populations

0.0360862271784
0.70875009402
0.0500662814206
0.205097397381

State labels

0
1
2
3

Eigen uncertainty

nan
0.0688877726962
0.113812745608
0.105902340205

Eigen values

1.0
0.385501872413
0.340791664103
0.321936259207

Left eigenvectors

[ 0.03608623 -0.07186255  0.15724327  0.06995956]
[ 0.70875009 -0.30220351 -0.17019099 -0.29348162]
[ 0.05006628 -0.0116331  -0.10233208  0.19223024]
[ 0.2050974   0.38569916  0.1152798   0.03129182]

Right eigenvectors

[ 1.         -1.9914122   4.3574316   1.93867757]
[ 1.         -0.42638937 -0.24012835 -0.41408336]
[ 1.         -0.23235397 -2.04393208  3.83951505]
[ 1.          1.88056585  0.56207346  0.15257055]
