Cluster centers 

[-0.91105417 -1.13198274 -0.35267494  0.70801664]
[-0.94233981  0.17931148 -0.50375172  0.62025362]
[ 1.50783872 -0.85295567 -0.36325623  0.04063294]
[ 0.36623045 -0.44633679  1.43056872  0.29941768]
[ 0.73004165  2.03862392  0.28743453 -1.14752806]
[-1.31454973 -0.68149379  0.73779043 -1.00245828]
[-0.10396739  1.88069911 -2.2294911  -0.40036311]
[ 0.56480796  1.09059776  1.02143899  0.62121448]
[-0.06079588  0.68155105  1.49513568 -0.88621463]
[ 1.00029369 -0.47803628  0.55334912  1.7286946 ]
[ 2.22067003 -0.69469511 -1.72318623  0.01827552]
[-0.57523489 -1.75816145 -0.72282491 -1.40291419]
[ 1.97877053 -0.80689279 -1.25488743 -0.71509665]
[-0.56843582  1.08598084 -1.2921808   0.235035  ]
[-0.61778387  0.32475918 -0.80297944  1.61755034]
[-1.23458847 -0.48834678  0.15595682 -0.11703024]
[-0.19032337 -1.4558296  -1.43858949  0.93574575]
[-0.34634125  0.83671741  1.27399175 -1.82350088]
[ 0.25446761 -0.97441949  1.20657621 -0.85209253]
[ 0.39683142  1.22859253  1.06774203 -0.3127944 ]
[ 0.5879501   0.58499101  1.13167656  1.40007208]
[ 1.02129363 -0.86846166  0.43658115  0.02932586]
[ 0.86808388  2.41103274 -0.17287393 -1.94947022]
[-0.67628945 -0.82019224  1.61241427 -1.4463019 ]
[-0.32619853  1.25398574 -1.53385862  0.80332466]
[ 0.38821862  0.25567011  1.43743622  0.78354878]
[ 2.1608753  -0.78302817 -1.68543258 -1.68020569]
[-0.75799827  1.09174537 -1.06373759 -0.85064726]
[ 0.02865905 -1.64401534 -1.9961762  -0.34034998]
[ 1.51992906 -0.98561313 -0.61345789 -1.31709486]
[-0.7919781   0.44749581 -0.7585429   0.79744448]
[ 0.10397804 -0.09893245  1.67613886  0.0120824 ]
[ 0.26810011  1.39467453  0.95565603 -1.142802  ]
[ 1.40635591 -0.76147715 -0.15264549  0.83898888]
[-0.84744228  0.13616229 -0.58085257  1.06872028]
[-1.1220256  -0.36975986 -0.11773302  0.42609141]
[-0.74941808 -1.66240864  0.19919972 -1.8824424 ]
[ 0.88786883 -1.05396757  0.38120723 -0.94593312]
[-0.91550194  0.62534143 -0.68128687 -0.21726738]
[-1.30970055 -0.4665708   0.4780592  -0.73409065]
[ 0.31761835 -1.24416231 -1.78511246  1.92908572]
[-0.33379153  1.54611798 -1.7968854  -0.19783866]
[ 0.96055186  2.07045792  0.13169631 -0.11460347]
[-1.23789669 -0.9686417   0.31638777 -0.32895765]
[-0.747623   -1.61054901 -0.56374664 -0.54789811]
[ 0.76617322  1.68132488  0.54654287  0.17244596]
[ 0.92031865 -0.59257989  0.71130727  1.07312554]
[-1.06630219  0.2450729  -0.33422332 -0.11465284]
[-0.70250388  0.47528355 -0.83438458  1.10749733]
[-0.43174977  1.64644213 -1.77454981 -1.22238575]
[-0.90757757 -0.52683557 -0.37316612  1.25909682]
[-0.72384364  0.97521817  0.60668449 -2.64788791]
[-0.54272554  0.79039588 -1.09605019  1.09483683]
[ 1.26940395  2.75602425 -0.66219874 -1.43972865]
[ 1.26820191 -0.94652816 -0.04585571 -0.48758077]
[ 0.3943359   0.57653917  1.36361993  0.64887948]
[ 1.687541   -0.76916756 -0.68928255  0.6889683 ]
[-0.62211423  1.17547026 -1.29803654 -0.35063786]
[ 1.1876947  -0.8268501   0.21088251  0.31999644]
[-0.15586328 -0.5641667   1.72512799 -0.70235272]
[-0.42519643 -1.66315645 -1.19662513 -0.34053421]
[ 0.74550283 -0.15385983  0.98242596  1.75330633]
[ 0.65545608  1.58795279  0.69235871 -0.10301746]
[ 0.74478457 -0.7300098   0.906745    0.33262988]
[ 0.12267051  0.60136038  1.5106572  -0.26962946]
[ 2.05930767 -0.81064004 -1.46708572 -1.33880631]
[-1.16567033  0.25203298 -0.03492822 -0.86744845]
[-0.08356874 -0.40024153 -0.13276437 -0.78570537]
[-0.35436335  0.04277857  1.7551005  -1.00872376]
[-1.25090622 -0.49929051  1.08569161 -1.45992008]
[-0.13995736  1.59342154 -1.89840499  0.54275432]
[-0.75510533  0.71317145 -0.92036529  0.37624468]
[ 0.7072849   1.03805005  0.83867399  1.41298654]
[-0.08026671  1.39633125 -1.67455398  1.35070607]
[ 0.46187169 -0.07865237  1.38972185  0.94179429]
[-1.13441412 -0.14260085 -0.13683515  0.1553477 ]
[-0.56485885 -1.34061473 -0.86640021  0.98531036]
[ 0.39548619  1.74752687  0.60423428 -1.6010723 ]
[ 0.62797862  1.78578567  0.55813367 -0.78235416]
[-1.10186904 -0.74975696 -0.08603626  0.54073937]
[ 0.01711855  1.3720224   0.90126454 -1.90059089]
[-1.09567183 -1.41663295  0.33984514 -0.9689894 ]
[-0.75014006 -0.38473313 -0.52135799  1.74442614]
[-0.9890883   0.32339401 -0.48674209  0.13695331]
[ 1.66043548 -0.86786487 -0.66484961 -0.36340248]
[-1.07813752 -1.17033359  1.13028021 -1.55549511]
[ 0.14830497  1.9925094  -2.37541496  0.35143575]
[ 1.40691761 -0.65800714 -0.24232006  1.6348599 ]
[-1.18016696 -0.02721895 -0.04521823 -0.26853619]
[ 0.37886919 -1.53883502 -2.49762877  0.0073669 ]
[ 0.84070831 -0.91081567  0.64753741 -0.24927497]
[ 1.22709654 -0.6888248   0.17324405  1.17559117]
[-0.46262525 -1.71616954 -1.10361778 -0.77155523]
[-0.85715054 -0.10719091 -0.49664568  1.28183458]
[-0.44349567 -1.78962924 -0.45780288 -2.30346096]
[ 0.43206006  0.84957118  1.23959211  0.48053824]
[-1.29464456 -0.25479913  0.69027509 -1.25503708]
[-1.03190294 -0.2468783  -0.27992728  0.71491801]
[ 0.23280235  0.54155462  1.48898546  0.13586929]
[ 0.59036757  0.06988367  1.21684499  1.455512  ]

Populations

0.0519605962011
0.0354672476817
0.293440836528
0.619131319589

State labels

0
1
2
3

Eigen uncertainty

nan
0.228402031384
0.0941107265775
0.125471177093

Eigen values

1.0
0.657497342657
0.555659850736
0.486341111394

Left eigenvectors

[ 0.0519606   0.02902976 -0.14907533 -0.16184719]
[ 0.03546725 -0.18326819  0.00348672 -0.02469686]
[ 0.29344084  0.095793    0.37733498 -0.23616801]
[ 0.61913132  0.05844543 -0.23174637  0.42271205]

Right eigenvectors

[ 1.          0.55868799 -2.86900732 -3.11480616]
[ 1.         -5.16725158  0.09830825 -0.69632856]
[ 1.          0.32644739  1.28589797 -0.80482326]
[ 1.          0.09439909 -0.37430891  0.68275024]
