Cluster centers 

[-0.97166721 -0.40335655  0.77206209  0.83594486]
[ 1.13609577 -0.04037396 -0.30162147 -0.83947703]
[-0.99143903 -0.82286775  1.00001391  0.48418815]
[-0.88867033 -1.11756043 -0.99428473 -0.25776986]
[ 0.93620426 -0.60050775 -0.53900199  1.13796315]
[-1.09076375  2.36842919  0.29569926 -0.68862556]
[ 1.06873518  0.26564705  1.70600777 -0.1513727 ]
[-1.02479889 -0.51994526  1.53290174  0.04257526]
[-0.95636299 -0.31960434 -2.38208497 -1.63246064]
[-1.05640903  1.04250589  0.44106916  0.37292678]
[-0.48974972 -1.30169543 -1.46974855  0.97522035]
[ 1.12701784 -0.25889891  0.49448065  0.22074382]
[-0.98715225 -0.8587105   0.21281547 -1.40220375]
[ 0.52548236  1.95774343 -1.61609884  1.83538603]
[ 1.10169057  0.5931531  -1.29280723 -2.02136998]
[ 0.99424507 -0.0163364   1.39242666 -1.19018315]
[ 0.60580884 -0.76306497 -2.00216778  0.93084775]
[-0.95381313 -0.96141384 -0.9236181  -0.78106084]
[ 1.00928281 -0.0925121   0.25158835  1.34882682]
[-1.07724745  1.24900218  0.84615117 -0.11109857]
[-0.98688825  2.08092128 -1.00665711  0.58625749]
[ 1.13540149 -0.22894713  0.0333881  -0.24325817]
[-0.97875043 -1.14063576  0.09075649 -0.4448989 ]
[-1.03930028  0.53747517  0.69898086  0.5160903 ]
[ 1.07001761  1.2085166   0.67744868  0.77998938]
[-0.9661612  -1.19182015  0.42294009  0.06459033]
[-1.11341825  3.132017   -1.23035063 -0.4030781 ]
[-0.81497368  0.29847957 -4.10471333 -1.79703873]
[-0.89349919 -1.23254995  0.19219007  0.59980011]
[ 1.13218413  0.12707042 -1.14728141 -1.0196766 ]
[ 1.09990301 -0.09442176  1.15150497 -0.45680904]
[-0.96049269 -0.52804659 -0.28201211 -2.0711751 ]
[ 0.46244146 -0.27613782 -0.64944441  2.26703067]
[ 1.12397132 -0.20401097 -0.61332919 -0.30231306]
[ 0.74763218  0.57106856  2.58103168 -1.17466934]
[-1.00402353 -1.01078677  1.13015685 -0.10365484]
[ 1.07351324 -0.3710576   0.14460885  0.79177739]
[-0.79639858 -1.0252368  -1.69528427 -0.19662665]
[ 0.19814186  3.56721927 -3.42162505  1.33640219]
[-1.04168095  0.32516794  1.57798205 -0.11017832]
[-1.09767889  1.96382817  0.10640187 -0.16848751]
[ 0.98917337  1.13055005 -1.50853413 -3.08982329]
[ 0.58125578 -0.91266789 -1.40512956  1.45651237]
[-0.79641803  1.51513629 -1.07976625  1.25492078]
[-0.99214978 -0.99772447 -0.0545402  -0.94598361]
[-0.9675003  -0.86971158  0.69822731 -1.40887299]
[-0.97359587 -0.94196975  1.40921185 -0.91625523]
[-1.00987216  1.44326857 -0.30148234  0.63874773]
[ 1.0489422  -0.4187083  -0.85928537  0.31968541]
[ 1.01509677  0.11953877  0.59375178 -1.65069317]
[-0.09510602 -1.23023488 -1.70643356  1.39306139]
[ 0.98568145  0.51435366 -0.30790252 -2.3800147 ]
[-0.78307498  0.12221231 -0.15046223  1.52379205]
[-0.93803147  1.19271639  1.84614313 -0.82537169]
[ 1.1066419  -0.06825379  0.52532326 -0.9057433 ]
[-0.96140869 -0.45072437 -2.07452324 -1.51223293]
[-0.7516293  -1.29010265 -0.94634466  0.49835769]
[-0.94839547 -1.05378217  0.63432981  0.57333032]
[-1.00648063  3.77900017 -2.69198385 -0.08389514]
[-0.94126416 -0.74009286 -1.6008462  -1.06670224]
[ 0.91816747  0.63524407 -0.06616912  1.65742592]
[-1.01966114 -0.54172688  1.2612869   0.33253675]
[ 1.11066979 -0.07030337  0.78107353  0.64517714]
[ 0.52821827  0.88480007 -0.98563397  2.19059212]
[ 1.13508352  0.04418014 -0.79846151 -0.92861134]
[ 0.84639003 -0.23906548 -0.19257256  1.78433791]
[-0.89659627 -1.26647189 -0.21454629  0.21331846]
[ 1.0005086   1.71807259  1.41018281 -0.17558089]
[ 0.80037766  1.46783015 -0.77629048  1.71757608]
[-0.52480301  0.7711218  -1.01211881  1.91525853]
[-0.99517916 -1.10466921  0.63636086 -0.500445  ]
[-0.87631547  2.7256797  -2.00698008  0.70561867]
[ 0.90704302 -0.24294034 -2.19647616  0.01656918]
[-1.03789325  0.09222151  1.08772268  0.4148896 ]
[-0.68632494 -1.3175385  -0.4519049   1.11447756]
[ 1.12729193 -0.13209725  0.90000802  0.14872846]
[-0.77594333 -1.06401771  0.07343292  1.26169126]
[-0.30552118  2.48608484  1.19885973 -1.10263219]
[ 0.88972613 -0.61404632 -1.35522089  0.77214945]
[-0.99030837 -0.75034774 -0.84545789 -1.3753638 ]
[ 1.12711167 -0.07545738  0.13494692 -0.82307312]
[ 1.0968896   0.55264525  1.14450082  0.56819591]
[ 1.02477427  3.17706475 -0.30396937 -0.0223924 ]
[-1.06289964  0.82747207  1.17552976 -0.06399676]
[-0.91954943 -1.1919343  -0.47423743 -0.15369885]
[-1.07876504  1.62081175  0.1071045   0.1489932 ]
[ 0.97881018  0.53773902  2.15427147 -0.46095601]
[ 0.98981849  1.20273298  0.02007642  1.30692415]
[ 1.07181338  0.26918566  0.63897815  1.05403066]
[-0.97178574 -0.63143432  1.91651324 -0.53908773]
[-0.85315598 -0.68117917 -2.24788606 -0.8451403 ]
[-1.11377183  2.69652297 -0.63862708 -0.35410712]
[ 1.1083532  -0.35715888 -0.16574465  0.23195739]
[ 1.08822258  0.19156251 -0.15113353 -1.55818549]
[ 0.88314193  0.35419094 -0.10693316  1.76512756]
[-0.98825996 -0.50135231 -1.59102879 -1.64261678]
[ 1.12430778 -0.15568424  0.66039315 -0.46532921]
[-0.98116169  0.40824197  0.36786536  0.88179594]
[-1.11636189  3.17964591 -0.47440958 -0.98823301]
[-0.6036563  -1.11250578 -1.9204156   0.34940815]

Populations

0.25763346536
0.187600927863
0.115258570941
0.439507035836

State labels

0
1
2
3

Eigen uncertainty

nan
0.0376922526797
0.0595943508265
0.0506158564472

Eigen values

1.0
0.466794865544
0.272294739198
0.220096934881

Left eigenvectors

[ 0.25763347  0.29174745  0.21745999  0.24259646]
[ 0.18760093  0.10490102  0.05241199 -0.37236485]
[ 0.11525857  0.09048677 -0.30350998  0.04083954]
[ 0.43950704 -0.48713524  0.03363801  0.08892886]

Right eigenvectors

[ 1.          1.13241288  0.84406732  0.9416341 ]
[ 1.          0.5591711   0.27938022 -1.98487743]
[ 1.          0.7850763  -2.63329642  0.35432971]
[ 1.         -1.10836734  0.07653576  0.20233773]
