Cluster centers 

[-0.96648182 -1.67382121  0.55438242 -1.07965963]
[ 1.10245384  0.43721971 -0.33761841 -0.5008742 ]
[-0.93216456  0.28940294  2.8531188   2.2247342 ]
[ 1.15428991 -1.10370698  0.4554313   0.3298256 ]
[-1.03796335  0.9039839   0.58371658 -0.43113578]
[-0.98156803 -0.48117098 -1.10961153 -0.2833643 ]
[ 0.7712259   0.13561946 -1.4880556   1.06036742]
[ 1.1116934  -0.6760857   0.54974908 -0.57356152]
[ 0.91996917  1.59424146  0.35041605  1.82152149]
[-1.05964655  0.26931515 -0.7201786  -1.10622622]
[ 0.91993878  1.22781413  1.26775122 -1.85104672]
[-1.00235999  0.78822464  1.51066842  0.48198978]
[-0.74048741  0.67518372  1.54454689  2.79192464]
[-0.90121245 -2.05390339 -0.29186108  1.01121314]
[-0.93749102  0.74902703  2.09355334 -0.56860798]
[-0.86399733 -0.69847923  5.11267608  3.37983606]
[ 1.13133757 -0.48580747  0.03485673 -0.07815412]
[-1.04337978  0.85197622 -0.16493822 -0.62632249]
[ 1.15786711 -1.43157379  0.90387842  0.28200944]
[-0.76424171  1.1221195  -0.59987447  1.00405531]
[ 0.99467896  0.29110226 -0.98220527  0.40504872]
[-0.22691315 -0.9023851  -1.70037217  1.79637755]
[ 1.05628457 -0.03521941  0.44418299 -1.26367587]
[ 1.09723097 -2.07568759  1.83761025  0.15950926]
[-0.82224373 -2.81278566  0.29855175  1.93638003]
[ 0.76983687 -0.34588001  1.18103397 -2.23210817]
[ 1.06477424 -1.25949873  1.20005482 -0.60810905]
[ 1.107467   -0.30433772 -0.31562449  0.16260466]
[-0.97596942  0.92103206 -0.57601425 -0.09552267]
[-0.18010903  1.05614917 -1.91818056  1.20590748]
[ 1.06252793  1.41503527  2.00185945 -0.16688953]
[-0.92063494  1.01402655  0.16927098  0.78167937]
[ 0.84380835  1.26662556 -1.17171994  0.7282149 ]
[ 0.20352792  1.43131325 -0.32682992  2.63711325]
[ 1.06524261  0.03781375 -0.65663394  0.21599819]
[-1.03259559 -0.78968804 -0.65596058 -0.6603284 ]
[ 1.11046171 -1.41882259  0.14806413  1.36730705]
[ 0.2257387   1.10579141  0.99663185  3.54153543]
[-0.34552632  0.36613522 -2.13025116  1.02960498]
[ 1.09929938  0.15394065  0.09630093 -0.91496549]
[ 1.12365686 -0.91574824 -0.01448296  0.6743666 ]
[ 1.06096641  1.59492768  0.25514855  0.68981563]
[ 1.10034519  1.39346425  0.2467182  -0.48150263]
[ 0.40358629 -0.14673248 -1.84776765  1.55602324]
[-0.98339221  0.72408654  1.71758477  0.91402314]
[-0.82410505  0.6559377   2.82456893 -0.64869798]
[-1.02732668  0.5229186   0.17706779 -1.82713833]
[ 0.70910724  0.79680183 -1.6310456   0.90398979]
[-0.62592859 -1.80779957 -0.90236808  1.78340823]
[-1.05737634  0.03904462 -0.37117029 -1.58222719]
[-0.66667482  1.02529477  0.39148653  2.14496736]
[ 1.03633217  0.75396712 -0.80526572  0.01152337]
[-1.02503292 -1.40572406 -0.13391805 -0.56123139]
[ 0.33351284  0.48276587 -2.03959269  1.29236659]
[-0.98004926 -2.18014323  0.67114532 -0.29271358]
[-0.93573704 -0.92674505 -1.04840478  0.16395989]
[ 0.8442976  -0.33653564 -1.19418758  1.23802731]
[ 1.10793598  1.52639871  1.22901919  1.17928123]
[-1.01362946  0.81805794  1.44917164 -0.03127086]
[ 1.11762633 -0.26265326  0.17457155 -0.58896136]
[-1.0427459  -0.18612216 -0.86505325 -0.88769859]
[-1.02959662  0.83631155  0.63643323 -1.18828251]
[ 1.08871703  0.27420114 -0.52321165 -0.15443969]
[ 1.12022113 -1.03951386  0.79727695 -0.33923119]
[-0.98687899  0.4328385  -1.13100182 -0.47565809]
[ 0.93528358 -1.62749772  1.76133824 -0.89997958]
[-0.98762424 -0.64988241  0.144481   -1.86581748]
[ 1.01305355  0.7556379   0.5013808  -1.68675368]
[ 1.1365534  -0.68761075  0.30721105 -0.17423512]
[-1.0002071   0.96780243  0.05090353  0.03957786]
[ 1.09535129  0.5972355  -0.02481172 -0.97392564]
[ 0.97643951  1.37830685 -0.69604069  0.4331198 ]
[-0.6839716   0.35838641  3.19177005  1.71250349]
[ 1.03256587 -0.52324924  0.78037976 -1.20412899]
[ 1.0580529  -0.35498481 -0.5878558   0.58130433]
[-0.80186601  0.43527588  2.20310825  2.97986523]
[ 0.96280379 -0.93071393  1.20141587 -1.28961032]
[-1.0124058   0.85088865  1.23876505 -0.68093167]
[-0.94470739  0.92045414  0.7713202   0.98214999]
[-0.96455069  0.50561163  2.45095257  1.36463301]
[-0.90824335  0.72536961  1.51346442  1.75744785]
[ 0.74725169  1.59226619 -0.50919164  1.48663255]
[-0.87277989  0.80177781 -1.22793038  0.14134877]
[ 1.17242503 -1.93865306  1.38053686  0.65619572]
[-1.06392804  0.68173374 -0.18361239 -1.20556671]
[-0.78274301 -1.10922476 -1.25724819  0.87928798]
[-0.9573282  -1.57444705 -0.52477386  0.37687284]
[-1.02347435  0.88230149  0.97304758  0.0106094 ]
[-1.00733647 -1.26898433 -0.52465738 -0.18332754]
[-0.99995176  0.9211613   0.71591474  0.38660641]
[-0.83866526  0.04652996 -1.60336687  0.15388112]
[-0.66750948 -0.45383026 -1.72680974  0.81539394]
[ 0.92389487  0.33933691  0.76034746 -2.0301883 ]
[ 1.12124181 -0.18051702 -0.12728083 -0.25139868]
[ 1.0109218  -0.65384033 -0.64412117  1.06291929]
[-0.90569743  1.03865244 -0.44652005  0.47187461]
[-0.99188758 -1.91146884 -0.0297888   0.21455969]
[ 1.08482056  1.05731062 -0.35421498 -0.43288886]
[ 0.64688731  1.19775236  1.94219796 -2.19876314]
[-1.036748   -0.79816656 -0.22065649 -1.26695843]

Populations

0.00666768803908
0.349468203149
0.176976911197
0.466887197615

State labels

0
1
2
3

Eigen uncertainty

1.18310436067e-10
0.0388641934435
0.211458960057
0.0514059162461

Eigen values

1.0
0.458039787134
0.27978559412
0.220373435357

Left eigenvectors

[ 0.00666769  0.0069354  -0.08097681  0.0042292 ]
[ 0.3494682  -0.26200267 -0.01445602 -0.39810276]
[ 0.17697691 -0.22860566  0.01094384  0.30541082]
[ 0.4668872   0.48367292  0.08448899  0.08846274]

Right eigenvectors

[  1.           1.04015038 -12.14466122   0.63428211]
[ 1.         -0.74971818 -0.04136576 -1.13916732]
[ 1.         -1.29172588  0.06183769  1.72570998]
[ 1.          1.03595242  0.18096231  0.18947347]
