Cluster centers 

[-0.97203146  0.95365754  0.53860865 -0.34239778]
[ 1.08146189 -0.52751206  0.35897631 -0.19893518]
[-1.04889025 -1.74423931  0.24667164  1.22392638]
[ 0.96542446  0.30064219 -1.37878067  1.08244761]
[-0.90339371 -1.28773997 -0.15086227 -0.47845061]
[-1.10379195  1.60267081  2.06265709  1.56202235]
[ 0.99845013 -0.63094517  0.14736142  2.09996013]
[-0.99813652  0.57817785 -1.26149444 -0.53140562]
[ 1.10764653  1.05997279 -1.00649994 -0.16627157]
[ 0.9370413  -0.8467599   0.91245663 -0.81940586]
[-0.99526432  1.16231008  1.22217266  0.16861956]
[ 1.02938034 -0.28426337 -0.4524587   1.39459795]
[-0.98275022 -0.07754687 -1.23065013 -0.71863861]
[ 1.03830992 -0.15264981  0.38756678 -1.12786251]
[ 1.02600704  1.12319796  1.10727276 -0.95787846]
[-0.99626521 -0.15339245 -1.71884195 -0.17084292]
[-1.23467507  1.98822035  4.03915798  4.36563005]
[ 1.03936908 -1.14822188  1.19878038  1.16950351]
[-1.02855949  1.31266662 -0.58270757  0.19706271]
[-0.78502014 -2.12425534  1.25787792  0.24407475]
[ 0.33445664 -1.49130056  1.54279837 -1.44338275]
[ 1.08922371  0.24730032 -0.91267986  0.35899328]
[-0.40753531  0.56405705  2.37767608 -1.1095439 ]
[ 1.13301654  0.21670077 -0.49193907 -0.28251873]
[-1.05329325  1.82089203  0.24033371  1.27406713]
[-1.02067528 -0.90041236 -1.04770463  0.18059723]
[ 0.8441643   1.29881154 -2.21689211  0.66620863]
[-0.69573263 -0.01210451  0.49261408 -1.63586758]
[ 0.55890371 -0.07160759  1.37702654 -2.00427947]
[ 1.03642942  1.98571474  1.64618123  0.48294688]
[ 1.0840555  -0.45328817 -0.03557756  0.91144603]
[-0.9586118  -2.13469207  1.12657932  1.07235495]
[-1.05192056  1.37729444  1.45761606  0.72843738]
[-1.0078345  -1.34796913 -0.37167166  0.31551725]
[ 1.07966081 -0.71585188  0.47196019  0.54434119]
[ 1.13070308  0.63748385 -0.21845765 -0.81927027]
[-0.85728277 -0.02971654 -0.22172448 -1.33284675]
[-0.98653258  0.64250225 -0.66615116 -0.66954581]
[ 0.82049639 -0.30776918 -0.66519002  2.64205267]
[-0.83579833 -2.64953344  2.53356639  1.78874173]
[ 1.11043782 -0.13072676 -0.3716271   0.30058968]
[ 0.71124023  0.74171718 -2.31583178  1.32713121]
[ 1.10194042  0.0302342   0.03993442 -0.81725708]
[-1.00126396  1.10467183  0.75536949 -0.03603835]
[-0.84965847 -1.80166174  0.6251304  -0.06716787]
[ 0.98902079  1.52444377 -1.56052304  0.33128959]
[-0.47454835 -1.23012308  0.72677042 -1.64488502]
[-1.07336736  1.5022425   0.96902471  0.84631058]
[ 1.10831213  1.55233224  0.14574566 -0.30293053]
[-0.55615522  2.15865234 -0.88804835  1.31908852]
[ 1.13091563  0.45871931 -0.73294478 -0.24496345]
[-0.95950345  0.23949414 -2.15746033  0.10822751]
[ 0.95887494 -0.87258678  0.71532577  2.80119868]
[-0.96584653 -0.50041182 -0.98886054 -0.72630014]
[-1.15544097  1.80493991  2.80589013  2.60996325]
[-0.99354007  0.83480059 -0.28497784 -0.5074585 ]
[ 0.98640159 -1.20915273  1.28580815  0.36883365]
[-0.93979913  1.75675032 -0.56586603  0.88432556]
[-1.09233341  1.76149145  0.93675551  1.41968015]
[ 1.06662571 -0.74967582  0.45080864  1.30243566]
[ 0.48844163 -1.80249065  1.98320329 -0.60071422]
[ 0.98788908 -0.05340543 -0.87665019  1.36488659]
[  1.10920299e+00  -3.25408478e-01   1.35166359e-02  -1.08856059e-03]
[-1.0520583   1.37316206  0.50771728  0.4474718 ]
[ 0.91451072 -0.27271908  0.75218164 -1.51147701]
[-0.99278384  1.07057069 -1.43151411 -0.04057332]
[ 1.05433139 -0.66715981  0.56083172 -0.28255397]
[ 1.10178415 -0.43178379  0.03799489  0.43802156]
[-0.94319288 -0.05056568 -0.79715219 -1.019717  ]
[-1.06087014 -1.38709556 -0.45295882  1.17744397]
[-1.0863578  -2.06794693  0.97229896  2.066519  ]
[-0.98658487  0.37568835 -1.82848823 -0.29009539]
[ 1.11223793 -0.13071571 -0.03304669 -0.45228865]
[-0.87556398  1.06631639  2.57402249  0.31089809]
[-0.75281868  0.59038011  1.31029863 -0.97522451]
[-0.90491144  0.6464532   0.45281911 -0.83584537]
[-0.98568044 -0.5361868  -1.74627484  0.77095558]
[-0.9853149   0.19500352 -1.2097904  -0.73220537]
[-1.07856554  1.50020233  1.71545918  1.12743247]
[-0.98737031 -0.75772227 -0.98174606 -0.3517898 ]
[ 1.0403647   0.38288012  0.4480916  -1.33213148]
[ 0.54651049 -1.04348652  1.28401948 -1.70039857]
[-1.03471299  1.22564975  0.03960379  0.10149368]
[ 1.01122048 -1.03075987  1.01777968  0.11209189]
[-1.01255669  0.97309501 -0.97129936 -0.24429822]
[-0.98076022 -1.65024407  0.16777919  0.42037248]
[-0.999176    1.32399032  2.93520482  1.21723644]
[ 0.87136088  1.10336305  1.98851344 -0.94897111]
[ 0.99912762 -0.91728937  0.90276766 -0.30438976]
[ 0.54236704  0.93417163  2.98851834 -0.92179394]
[-1.0112023  -1.12378043 -0.70025965  0.16823245]
[-0.90007254 -0.71460474 -0.54704619 -0.98643387]
[-0.46755686  0.26505564  1.58491719 -1.56414574]
[-1.12611018  1.91167646  1.92644089  2.29922792]
[-1.0067305   1.2512774   1.81199393  0.54588901]
[-0.72182863 -1.29804808  0.30029076 -1.12725927]
[ 1.03385637  0.07319039 -0.94622904  0.94640668]
[ 0.98230039 -0.38798168 -0.34971103  1.88983235]
[-0.96789246  0.78717759  0.09684369 -0.59969779]
[-0.93817683  1.18250838 -1.91010417  0.23253822]

Populations

0.014423999548
0.170818473216
0.321273747566
0.493483779671

State labels

0
1
2
3

Eigen uncertainty

nan
0.0343064444329
0.0492427738569
0.0957432025499

Eigen values

1.0
0.521829455477
0.21333184403
0.0847677276391

Left eigenvectors

[ 0.014424   -0.01458018  0.02741833  0.1151156 ]
[ 0.17081847 -0.15944179  0.31990987 -0.11779437]
[ 0.32127375 -0.32575252 -0.33457269 -0.00182563]
[ 0.49348378  0.4997745  -0.0127555   0.0045044 ]

Right eigenvectors

[ 1.         -1.01082775  1.90088256  7.98083775]
[ 1.         -0.93339901  1.87280603 -0.689588  ]
[ 1.         -1.01394068 -1.04139444 -0.00568247]
[ 1.          1.01274756 -0.02584786  0.00912775]
