Cluster centers 

[-1.02072511 -1.54920062  0.42877224  0.31754472]
[ 1.12611786  0.13365021 -0.47597557  0.45384923]
[-1.13802508  0.8549314   0.61984356 -0.07005198]
[ 1.06158702 -0.57032068  0.54132682 -0.3014324 ]
[-0.59724836 -0.38902889 -2.03062867 -0.05930734]
[ 0.87646795  0.1370162   1.82870609  0.17055157]
[ 0.92337891 -1.00509385  0.77044974 -1.17303717]
[-1.14654466  1.58482465  0.35376489 -0.66456761]
[-0.83629551 -1.02874666 -1.02098993  0.05825248]
[ 0.67686057  2.71772135 -0.24645267  0.6101503 ]
[-0.33359323  0.11170676 -1.34152364  1.65221193]
[-1.11682708  0.26062564  0.73444685  0.38537075]
[ 0.61633408  0.80596196 -2.56009973  0.63887527]
[ 1.01942233  0.24357379  0.91919165  0.84085388]
[-0.94133156 -0.86874855  0.06318825  1.03575576]
[ 0.47445241 -1.09777342  2.79665051 -0.47057246]
[ 1.15440294 -0.20956025 -0.42409607 -0.94237676]
[-1.17678767 -0.72529398  1.58618614  0.05654609]
[ 0.86545789  0.63910235 -1.01809911  1.52509243]
[-0.81980782  3.40910381 -0.9443791  -1.19570419]
[ 0.98401406  0.78078001  0.52177447  1.15705279]
[-0.76674502 -0.41706351 -2.38884962 -1.93702232]
[ -8.89935482e-01  -4.48988055e-01   1.35506382e-04   1.28199737e+00]
[-1.21453108  3.20631194 -0.26676845 -2.88860726]
[-1.22396449  1.9066841   0.45560608 -1.50165531]
[ 1.04350998 -0.30639022  0.87715505  0.40462259]
[-0.95662299 -1.46357355 -0.23958321 -0.02434421]
[ 0.91971247 -0.72010486 -0.07049996 -2.58907731]
[-1.00528412  1.62128061  0.02632212 -0.02652766]
[ 0.4752052   0.67996284  2.63164022 -1.32581016]
[-1.23287369  0.45412236  1.3070458  -0.67336897]
[ 1.13554403 -0.14989969 -0.10495498  0.03895659]
[ 0.75509738 -0.80391618  2.1607321  -0.13472598]
[ 1.1053292   0.04992089 -0.01182747  0.64175555]
[ 1.18726373  0.06127776 -0.84777234 -0.78074298]
[-0.80172163 -0.88363023 -1.46886537 -0.46838916]
[-0.82401748  1.20697165 -0.16263742  0.88308633]
[-1.14292591 -0.59759512  1.12554351  0.44194456]
[ 0.90438986 -1.05253699  0.92013066 -1.03335795]
[ 1.0687454  -0.48635009 -0.18929753 -1.7009053 ]
[-1.26917741  1.24873247  1.14575808 -1.6424146 ]
[-1.23737208  0.91982243  1.0309266  -0.87988078]
[-0.41343375  2.27232774 -0.77538886  0.92660726]
[-0.70944698 -0.48581875 -2.16470408 -0.97212208]
[ 1.05740715  0.29956633  0.04411749  1.07600417]
[-0.99214105 -1.88550963  0.40995584 -0.44822566]
[ 0.77133377  0.6638223  -1.56015784  1.38550948]
[ 1.121382   -0.37530797 -0.08660189 -0.77453991]
[-0.32360402  0.35766589 -3.10748201 -0.82120411]
[ 0.63118042  1.35730378 -0.6154563   1.86281138]
[ 0.92205551 -0.89613589  0.33287195 -1.89902811]
[-0.96901017  0.16908306  0.27707953  1.01424389]
[ 0.5001685  -1.76974569  1.97257486 -1.12267944]
[-0.29530232  0.05340176 -2.28651463  0.62757686]
[ 1.14389102  0.60152087 -1.80453918 -0.37261347]
[-0.93595545 -1.47913131 -0.63043026 -1.02226754]
[-1.11252667 -1.34241335  1.33710888  0.34999909]
[-1.21754405 -0.03871391  1.82127624 -0.82425135]
[-0.65901356 -0.57143879 -1.66648687  0.2147618 ]
[-1.10724629  1.37127012  0.33925605 -0.2782447 ]
[ 1.03883174 -0.58309435  0.78354469 -0.08113761]
[ 0.94860135  1.01912529  1.10716548  0.57707715]
[-0.90234387 -1.2480069  -0.63485335  0.04319216]
[ 0.968303    0.80872849  0.23751585  1.32417979]
[-1.03931073 -1.39034736  0.57319887  0.57132636]
[-1.17572295  0.51799563  0.89123129 -0.10489994]
[ 1.11790593  0.34016564 -1.08515274  0.30062091]
[ 0.87992832  1.78143879  0.40514039  0.8276344 ]
[-1.22401774  2.41878334  0.20021184 -2.05279118]
[ 1.11818028 -0.34809448  0.09684891 -0.29200019]
[-0.59216603  0.56593493 -0.50423169  1.6735213 ]
[-0.90153272 -1.09523749 -0.32933093  0.69818955]
[-0.97118501 -1.16598796  0.1117129   0.77353724]
[-1.20464043  0.00530397  1.31761545 -0.17766412]
[ 1.07265415 -0.01305593  0.50760139  0.71299131]
[ 1.04282503 -0.66963679  0.31419478 -1.01817384]
[ 1.16234493 -0.01095705 -0.53898705 -0.22036039]
[ 0.83527614  2.5842081   0.31047106  0.09299769]
[ 1.07367517  0.32555671 -0.64036673  0.88657625]
[-0.70871024 -0.69798261 -1.30007473  0.5162324 ]
[ 0.97367103 -0.65082734  1.2269093   0.03940425]
[ 0.73028833 -1.23941487  0.62962632 -2.33481026]
[-1.01371258  1.97392586 -0.08284896 -0.38432558]
[-1.10774572  2.15129975  0.0226224  -0.99429959]
[ 0.82536429 -1.17153198  1.48244516 -0.61851605]
[-1.21794419  1.31806928  0.72040051 -0.95209795]
[-0.98848438  0.62105368  0.27156824  0.73804502]
[ 1.03322141 -0.23573593 -0.73322333 -2.93813604]
[-1.02346269  1.02764732  0.25458492  0.35022089]
[ 0.50470747  0.66089715 -2.00667722  1.39779121]
[-0.79495762 -0.8214493  -0.73142005  0.8881589 ]
[-1.06543748 -0.89136581  0.71368869  0.79524963]
[-1.07904645 -0.1757738   0.68929868  0.72966531]
[-0.52841999 -0.34547792 -1.69054444  0.75827341]
[-0.89598129 -1.24768063 -0.83584642 -0.33944122]
[ 1.08872655 -0.34252267  0.46265797  0.15746967]
[ 0.98628847 -0.83877118  0.79046553 -0.67148784]
[-0.86572025 -0.83657544 -0.30340378  1.06556436]
[-0.65761952 -0.35733214 -0.81330769  1.41222962]
[ 1.01799082  0.45910587 -0.31889659  1.2575827 ]

Populations

0.0146527460625
0.388777699949
0.0785272099659
0.518042344022

State labels

0
1
2
3

Eigen uncertainty

nan
0.0449138581719
0.161526417713
0.0720728436083

Eigen values

1.0
0.408000292309
0.331659108483
0.231270353944

Left eigenvectors

[ 0.01465275 -0.00384966 -0.1150084  -0.03458744]
[ 0.3887777  -0.38028065 -0.02904241  0.30359968]
[ 0.07852721 -0.11034163  0.08311441 -0.23081899]
[ 0.51804234  0.49447194  0.06093641 -0.03819326]

Right eigenvectors

[ 1.         -0.26272648 -7.84893157 -2.3604748 ]
[ 1.         -0.97814418 -0.07470185  0.78090817]
[ 1.         -1.40513885  1.05841538 -2.93935046]
[ 1.          0.95450102  0.11762824 -0.07372613]
