Cluster centers 

[ 1.87798734 -0.91155015  0.04277415  0.56240193]
[ 0.07878224  0.36747264 -1.06999904  0.99972178]
[-0.72230652 -0.80638431  0.35039302 -1.34529208]
[-0.19927335  2.07854214  1.88289619 -0.1500708 ]
[-0.9418543  -1.2161242   0.26889524  0.58449521]
[ 0.38132489  0.41895485 -1.45153811 -0.27947889]
[-0.75361917  1.01038809 -0.00888003  0.86122976]
[ 0.32817292  1.77751303  1.59080575  0.20835104]
[-0.39665303 -0.3771163   0.84573467 -2.45495699]
[-0.17457579 -1.2288683   0.27585024  0.55193649]
[ 2.40580038  0.97684646 -0.16625316 -2.33422866]
[-1.375452    0.37538424 -1.67132327 -0.16470483]
[-0.32517129  0.32094076 -1.54905167  0.38877313]
[ 0.72538207  0.60763148 -1.25005386 -0.9431721 ]
[ 2.29434751 -0.68198193 -0.10569165  0.09889936]
[ 1.19124883  0.40287296 -0.18877451  1.24126924]
[-2.02517675 -0.81840704 -0.0812793  -0.99304918]
[ 0.52137485 -0.99392294  0.31899846 -0.6358801 ]
[-1.08877174  0.22915087  1.23294231 -3.64782595]
[ 1.68075846  0.04047713 -1.05574419  0.41999945]
[-1.28970031  0.78372162 -0.49746587  0.91258852]
[-2.59870756  1.53973246  1.05775044  0.05462399]
[ 0.84961929 -0.11070812  2.34919962  0.76949612]
[-0.67086096 -1.00620955  0.87743239  0.98531225]
[-2.24812785 -1.06841619  0.11032945  0.54915379]
[ 1.24616054 -1.05904741  0.30664989  0.91724931]
[-1.65301266 -1.035251   -0.03136317 -0.44446979]
[-0.24814369 -1.05709218  0.23338321 -0.56467993]
[ 1.57120503  0.46595991 -1.02964282 -0.81733965]
[-0.70185876  0.86214346 -1.23261355 -1.70457461]
[-2.31642047 -0.17461312  1.90358939  0.44292037]
[ 0.07753682  0.31650595 -1.51405383  0.26580007]
[ 1.76608862 -0.67840984  0.45697877 -1.08228281]
[-1.12920266 -0.36881992  0.6261666  -2.38467147]
[-0.54722915  0.53251344 -0.88863334  1.0284709 ]
[ 0.14190844 -0.7485633   0.54525423 -1.48692027]
[ 0.75164117 -1.16975604  0.24612203  0.59621649]
[-0.40153918  0.8027322  -0.31038056  1.01197892]
[ 0.6194574   1.37631877  1.09836347  0.61909464]
[ 1.45845525  1.25825702 -0.39579044 -2.63293999]
[-1.02371039  0.36257953 -1.44403664  0.6383431 ]
[ 0.67461385  0.7945357   0.16178015  1.08059349]
[-0.96408514 -0.99475835  0.15659448 -0.76222499]
[ 0.41047412  0.93351105 -1.03609368 -1.78404727]
[-0.42123278  0.49768119 -1.55160836 -0.50904248]
[-1.39243926  2.52432186  2.45282616 -0.8629961 ]
[ 0.22640967 -1.19359495  0.21130144  0.221007  ]
[ 0.75865332 -0.84024052  1.0181353   1.16311607]
[-0.29864814 -0.73467655  1.41109681  0.96316744]
[ 1.10463169  0.24032042 -1.2919581   0.10153909]
[ 0.15368446  2.37674198  2.44608762 -0.51664309]
[ 0.08190453  0.54290235 -1.44705397 -0.66574124]
[-0.53792847  1.54625693  0.94730978  0.42330788]
[ 1.1820663   1.02401357  0.91434142  0.8956108 ]
[-1.13096798  1.16911189  0.21433732  0.7036793 ]
[ 0.8692696   0.18090313 -1.26717975  0.63370372]
[ 1.88824308  0.1360719   0.58103607  1.28978272]
[-2.4070517  -0.9687012  -0.25303198 -0.28044376]
[-1.07024577 -1.17018499  0.07858281 -0.03561109]
[ 0.96875484  0.39574282 -1.30203992 -0.3724443 ]
[-0.30925956  2.21246237  2.06015808 -0.31869173]
[ 0.07194616 -0.85466815  1.17056276  1.08167735]
[-0.39473712 -0.15945556  1.07964446 -2.94569658]
[-1.17001062 -0.67356545  0.33995344 -1.64473907]
[-0.12833373  0.94260586  0.03626043  0.95863907]
[ 0.19161524 -1.11891917  0.22290452 -0.22798987]
[ 1.07016763  0.24889042  2.8978432   0.46634348]
[ 1.35613089 -1.03566167  0.16810264  0.11669461]
[ 0.20809334  1.13808565  0.51056439  0.83244216]
[-1.68211696  0.98607701 -0.12188209  0.74882845]
[ 1.39199383 -0.2783357   1.73314204  1.07228076]
[-1.56142111 -0.86252222  0.0700181  -1.04128771]
[ 1.00689092  0.77077773 -1.03016449 -1.42738061]
[-0.40150575  0.24448117  1.5271395  -3.78854739]
[-0.99965818 -0.93151564  0.18819561 -0.95790577]
[-1.38324058 -0.87083633  1.02584788  0.89898429]
[ 1.09595759 -0.92134522  0.68770326  1.15579782]
[ 2.09536129 -0.50040013  0.18464886  1.29225907]
[-0.55861171  1.80808949  1.37764059  0.13854895]
[-0.55243633 -1.17670697  0.48716013  0.84647316]
[-1.6967814  -0.447326    0.30761725 -2.04700154]
[ 1.22705068 -0.9292219   0.30518233 -0.54491521]
[-0.48362976 -1.12656526  0.16776503 -0.30270263]
[ 0.16720299 -0.89173347  0.40444661 -1.06141116]
[ 0.03193288  0.66339847 -0.42404224  1.1023409 ]
[-0.46023989  1.24601348  0.4682856   0.70758874]
[-0.67962528  0.33482421 -1.59039905  0.34380958]
[-1.72321729  0.32275867 -1.50893061  0.56388507]
[ 0.67695285  0.29952744 -0.86629401  1.12264067]
[ 0.95576138  1.33088204  1.2305263   0.64199715]
[ 0.39760087 -1.14757675  0.47276782  0.91693701]
[ 0.18162989  0.27725022 -1.44240264  0.53026017]
[-0.32411881  2.37898981  2.31062547 -0.52992476]
[-1.05327714  0.48141808 -1.61042857 -0.55355763]
[-0.35257241  0.34699701 -1.3120176   0.83391769]
[-0.51736632 -1.20372796  0.16304727  0.10888376]
[ 0.23535834  1.60481918  1.27988516  0.39658718]
[-0.97158002 -1.11611527  0.09619037 -0.31487023]
[-0.01497081  0.72034576 -1.322044   -1.21267642]
[ 0.16303567 -1.08382504  0.67554351  1.0186731 ]

Populations

0.298825422845
0.188005309516
0.00570405893335
0.507465208705

State labels

0
1
2
3

Eigen uncertainty

nan
0.317608706769
0.086913607282
0.0756936844897

Eigen values

1.0
0.503465952951
0.436072354542
0.387334547069

Left eigenvectors

[ 0.29882542 -0.05663971  0.08412471 -0.4463673 ]
[ 0.18800531  0.12062492 -0.36936785  0.04094306]
[ 0.00570406 -0.07211535 -0.01961974  0.00927175]
[ 0.50746521  0.00813013  0.30486288  0.39615249]

Right eigenvectors

[ 1.         -0.18954114  0.28151792 -1.49373937]
[ 1.          0.64160382 -1.96466711  0.21777606]
[  1.         -12.64281222  -3.43961031   1.62546506]
[ 1.          0.01602107  0.60075621  0.78064956]
