Cluster centers 

[-1.07184555 -0.32398525 -0.23451753  0.01783835]
[ 0.54620776  0.66127939 -0.20483388 -1.54669173]
[ 1.50273761  0.18851194  0.66465388  1.9437842 ]
[ 1.3231092  -2.16648822  0.18330198 -0.45341525]
[-0.48382314 -1.55952532 -1.00154421  0.59512053]
[-1.11929881  0.70617959  1.54433553  0.60459368]
[ 1.01838006  1.02167408  0.05347354  0.31700748]
[-0.69099333  0.59938225  0.83544126  2.02544453]
[-1.01307186  1.11258368 -1.57273347 -0.06889984]
[ 1.97789391 -0.03111207 -0.11168035  2.51804815]
[-1.15499751 -0.39928666  1.50623035 -0.11707176]
[ 0.8537733  -0.51468514 -0.31550544 -1.35309103]
[-1.29504229  0.75760836  0.5283022   0.23215356]
[ 0.46464958  1.05189335  0.52315983 -0.9094389 ]
[ 0.40838044  0.15598318  0.65694193 -1.44641417]
[ 1.40820544  0.7522989  -0.22880105  1.12593206]
[-0.80407072  0.23835806 -1.819775   -0.22859456]
[-0.41006966  0.22475198  1.77485141  2.35519138]
[ 0.89227249 -1.1979691   0.3757716  -1.03372574]
[-1.06349242 -0.70790904  0.560167    0.09632052]
[-0.93669156  1.05285111 -0.22730389  1.22865638]
[ 0.59283336  1.15796663 -0.32504087 -1.20562905]
[ 0.16386931  0.72779922  1.31971491 -0.98196219]
[-0.23303839 -1.71743075 -1.59656612  0.69037916]
[ 1.53399696  1.12402682 -1.94405384  1.10579186]
[ 0.63717793 -1.43735856  1.25559313 -0.83665765]
[-1.25829075  0.21279249  0.19558139 -0.05352637]
[ 2.19978198 -1.10698899  1.09956709  3.89629649]
[ 0.02241147 -0.27209688  1.0128016   3.70453792]
[-0.35056236 -0.67032574  2.3474076  -0.75275591]
[-0.84015683 -0.7970759  -0.66650731  0.19558551]
[ 1.14589264 -1.16023192 -0.65250846 -1.0367623 ]
[-0.47891195 -1.20526305 -1.44619404  0.3886218 ]
[-1.29998709  0.6308652   0.9466456   0.17528028]
[ 0.24545487 -2.54654356 -1.95586169  1.25416143]
[-1.04302605  1.22242494 -1.02278592  0.44066227]
[ 0.82428688 -2.1794024   1.40294386 -0.37790623]
[ 0.67705205 -0.59180162  0.42631739 -1.29914758]
[ 0.27588562 -0.25686263  1.26265143 -1.27983235]
[ 0.32159109  0.55035746  2.01316567  0.78258516]
[ 1.26745058 -0.24557881  1.65485384  2.52659824]
[ 1.12019902  0.51627726  0.90262232  1.23589187]
[ 0.52487527  0.0238513   0.36975854 -1.47319814]
[ 1.886754    0.18443071 -0.31058712  2.21976718]
[-0.84165103 -1.4452444   0.78978067  0.38275312]
[-0.8404351  -1.10431293  2.04694579 -0.0853284 ]
[-0.7731429   1.35205364 -2.14987014  0.0350997 ]
[ 0.52755688  1.02001443  0.80633476 -0.41025863]
[-1.19316285  0.3511326  -0.43213894 -0.08001381]
[-1.24590977 -0.09339241  1.01147454 -0.07922498]
[ 0.69325098  1.3029098  -0.46771988 -0.91388575]
[ 1.6030319  -3.72177136  1.12903221  0.72224921]
[ 1.56530592  0.57233076 -0.24109277  1.49849841]
[ 0.17053489 -0.44394111  2.00739336  3.48758314]
[-0.16810427 -2.27003061 -1.10820883  1.05348052]
[ 0.67301891 -0.20056085  0.04314821 -1.44945354]
[ 1.97332182  0.30795534 -0.90802993  2.19730594]
[-0.00318433  0.51784727  1.63521561 -1.04541245]
[ 0.36806888  0.48818169  0.61718789 -1.42855131]
[ 0.96728371 -0.36212116 -1.18236175 -1.37791596]
[-1.20527619  0.99330034 -0.08665321  0.43163208]
[ 1.00017083 -1.11828513 -0.09198634 -1.08208486]
[-0.6335288  -0.25590088 -1.90613091 -0.09321057]
[ 2.12613317 -0.29941462  0.00307275  2.9096311 ]
[-0.9667667  -0.09123389 -1.01458588 -0.06252909]
[ 0.74425239  0.92350827  0.79291028  0.18647584]
[ 0.68231475  1.37923046 -1.28181876 -1.2598353 ]
[ 1.51104322  0.85483037 -0.82495204  1.13886138]
[-1.18132586 -0.1708047   0.23613668 -0.02730871]
[-0.64933403  0.57093657  2.43608097  0.31912572]
[ 1.11166395  1.51465548 -2.03707707  0.14157748]
[-0.70090846 -1.52453885 -0.10401706  0.53458657]
[-0.99044305 -0.45872398  2.11565383 -0.2855298 ]
[-1.04572814 -0.84149173  1.28275143  0.03920474]
[-1.08010957  0.79470765  1.11070836  0.92954509]
[-1.03540954  0.3865531  -1.19292143 -0.16254997]
[-1.30589116  0.37804577  0.49810191 -0.02116743]
[ 0.62267831  1.12809499  0.36165397 -0.55667087]
[-1.26790028  0.71193195 -0.17030777  0.04524483]
[-0.17024268 -1.37036719 -2.09666192  0.44573308]
[ 1.28599448  0.76313412  0.0577674   0.98709876]
[ 0.40937569 -0.82707519  1.31786568 -1.10346584]
[ 1.01235994  1.30379074 -0.78694794 -0.11440267]
[ 0.80228156  1.21157893 -0.09403521 -0.36330577]
[-0.4008456   1.21125631 -1.70762649  1.68466308]
[ 0.46614272  0.84540143  1.35188399  0.06087163]
[ 1.0860129  -1.80682355  0.46031059 -0.689867  ]
[-0.77895063 -0.52506404 -1.23315123  0.06991213]
[-1.22894392  0.5112541   1.63358684  0.10846435]
[ 0.62949115  0.26847862 -0.27213502 -1.56562336]
[ 0.75454539 -1.11487801  0.6995409  -1.05633528]
[-1.07268414  1.02354598  0.06026776  0.93240337]
[-0.96290426 -0.80429932 -0.02379636  0.17702531]
[ 0.45362887 -0.2504552   0.80599499 -1.36048757]
[-0.54490642  0.36418654  1.53856425  2.18049593]
[-0.55755459 -0.9049993  -1.52953551  0.22604279]
[ 0.05169354  0.12954671  1.56907775 -1.20010845]
[ 0.41818989  0.8184544   0.38606124 -1.33102454]
[-0.61868565 -1.01941651 -1.217718    0.29665059]
[ 1.08169388  0.6893914   0.65680657  0.9229761 ]

Populations

0.647047205268
0.0396655360117
0.0113638073264
0.301923451393

State labels

0
1
2
3

Eigen uncertainty

1.26070986571e-10
0.1054783862
0.181798605065
0.100603892694

Eigen values

1.0
0.512017949992
0.499342414463
0.431275457833

Left eigenvectors

[ 0.64704721  0.41054454  0.09638171 -0.22481297]
[ 0.03966554 -0.09466132 -0.12756695 -0.11339352]
[ 0.01136381 -0.05768259  0.0802977  -0.03820563]
[ 0.30192345 -0.25820063 -0.04911245  0.37641212]

Right eigenvectors

[ 1.          0.63448931  0.14895622 -0.34744446]
[ 1.         -2.38648778 -3.21606522 -2.85874155]
[ 1.         -5.07599125  7.06609094 -3.36204518]
[ 1.         -0.85518575 -0.16266525  1.24671374]
