Cluster centers 

[-1.28915127  0.42004537 -0.02049513 -0.38585826]
[ 1.29894242  0.32212883  0.78710133  0.20909642]
[-0.37891287 -0.87209824 -0.1621023   1.40399354]
[ 0.91074815  0.19551353 -0.93059269 -0.40681083]
[-1.88692201 -0.32809608  1.71327287 -1.97956885]
[ 1.154221   -1.67779962  2.135811   -0.67188698]
[-0.89255786  1.19205843  0.42520667  0.72566498]
[-0.40977982 -1.64717271 -1.36506152  0.44944181]
[-0.44692271 -1.96769203 -0.16213287  0.83227755]
[ 0.95440624 -0.77126499 -0.55960817 -0.55281722]
[ 0.09474861  0.32071457 -1.66714974 -1.47297555]
[-0.45170389 -0.05481789 -0.56204958  1.45905408]
[ 0.74076102  1.68946055 -0.00362343 -0.71789401]
[ 1.2032198  -1.0664578   1.27537627 -0.42205442]
[ 0.40766341 -0.68186026 -1.93367233 -0.66828592]
[-1.46086821  0.43258794  0.83175942 -0.76278976]
[ 0.32179575  0.83533841 -0.99404055 -1.46418423]
[-0.48367385  0.74638458 -0.14958497  1.60222938]
[ 1.17067051  0.12716124  0.01857811 -0.11472276]
[ 1.34106315  1.08293554  1.16470851  0.69872865]
[-0.5210199  -3.08439399 -0.2179752   0.04432221]
[-0.78707766  1.89589618  2.16416583  0.34762648]
[-1.00069848  0.49102163 -0.64819057  0.26569073]
[-1.52672659 -0.24197564 -0.32260984 -1.37477531]
[-0.5411479  -0.51522659 -1.57898795  0.65453817]
[ 0.70844561 -1.33609228 -1.08028291 -0.77093543]
[-0.68518407 -0.36690673 -1.64415697 -2.35774924]
[ 1.32559259  0.08125242  1.38111552  0.2895995 ]
[-0.46599577 -2.44165457  0.63256035  0.74121912]
[-2.16900738 -1.08383008  1.86350894 -2.85751549]
[ 0.92212249 -2.80847604  3.92746871 -1.23429274]
[-0.22280266 -0.74526112  0.83376127  1.72409061]
[-1.41377569  0.62804478  1.16918773 -0.64335173]
[-1.06990515  1.15570519  0.90110035  0.24739944]
[ 0.99179598  1.1311346  -0.4087798  -0.23664501]
[ 0.23594708  1.06943144 -0.16889648 -1.90195873]
[-1.20559676  0.15401631 -0.75912276 -0.46681734]
[-0.28897503  1.14997261  0.47108014  1.97842694]
[ 1.29300222  0.9128691   0.61443396  0.37257272]
[-0.66103823  0.68515272 -0.48211729  1.18887786]
[ 1.26721709  2.00627992  1.27263299  1.02073959]
[-0.46538612 -0.92689701 -1.33752814  0.79533535]
[ 1.23881032 -0.57905023  0.96067355 -0.19981508]
[ 0.89980004 -1.87414049  0.05552661 -0.99198485]
[-1.22137019  0.7745297   0.52591189 -0.11029128]
[-0.42941861 -0.70298793 -0.62233791  1.27287222]
[-0.79604557  0.34533611 -1.01222496  0.64811494]
[-1.0260721   0.69028374 -0.25574272  0.32549513]
[ 0.2629725  -1.94479001 -1.69908251 -0.78636572]
[ 1.07448946  0.4066557  -0.43001065 -0.18857255]
[ 0.87801716 -0.32783175 -0.97783226 -0.4924556 ]
[ 1.08708882 -0.38669156 -0.18788176 -0.35125004]
[ 0.54462234  0.92551652 -1.02337615 -1.01890645]
[-0.14928777  0.40611136  0.69737191  2.10116669]
[-1.80873985 -0.01281914  2.68675971 -1.91806596]
[ 0.11224683  0.6331041  -0.99961815 -1.86114793]
[ 0.41108333  0.17932075 -1.7490442  -0.89375737]
[ 1.18194982 -0.3427806   0.30091542 -0.22676605]
[-0.39243087 -1.26771232 -0.06739746  1.25124176]
[-1.64490592  0.27768831  1.81462289 -1.32049626]
[ 1.11536096 -1.58192891  1.19639579 -0.74776691]
[ 1.09822395  1.71812375  0.23803717  0.12406464]
[ 0.06333763 -1.10485111 -2.2374753  -0.52964459]
[ 1.19218186  0.48801889  0.05306718  0.01026528]
[-0.95084265  1.55617675  1.63837639  0.30857741]
[-1.26256868 -0.57146701 -1.38164518 -1.87787606]
[-0.10154568  0.46683734 -0.61089433 -2.44841695]
[-0.62997055  0.04023083 -1.18449966  0.90633851]
[ 1.28576477 -0.51947598  1.59232845 -0.01084332]
[ -1.54988143e+00   2.43155410e-04   2.20086615e-01  -1.15491651e+00]
[-0.28875023 -1.35463227  0.94835382  1.4452029 ]
[ 1.15929137 -1.0971564   0.84692352 -0.51186378]
[ 0.86470253  0.85249436 -0.82869389 -0.45458926]
[-0.91136575  0.94700482 -0.00946628  0.67051751]
[-1.87128165 -0.37943541  1.35317798 -1.9541055 ]
[ 1.32370179  0.71290269  0.88817123  0.41890698]
[-1.15465024  0.46039917 -0.37237884 -0.08834302]
[ 1.26028684 -0.83436149  2.15998946 -0.0622312 ]
[-0.8456263   1.43702192  0.84144629  0.77544124]
[-1.40391436 -0.0496455  -0.47259757 -0.99840406]
[ 0.40325086  1.45718227  0.19637163 -1.5491684 ]
[-1.06559995  0.98580492  0.44253607  0.29485168]
[-0.39844228 -1.66152587  0.26009282  1.13529689]
[-0.40929125 -1.10607845 -0.377921    1.21916177]
[ 1.06322805 -0.00205997 -0.42866399 -0.27998456]
[ 0.71735588  1.92162693  0.39469849 -0.72054136]
[-0.31666004 -0.47938487  0.13993821  1.66227189]
[-1.57630498  0.26042403  1.07193016 -1.0830918 ]
[ 0.12240936 -0.3554392  -2.21981126 -0.77751103]
[-1.23015513  1.00088487  1.26859878 -0.20178382]
[ 1.21576119  1.85470287  0.71253755  0.54916999]
[-0.43900833 -1.46371175 -0.82670305  0.85431926]
[ 0.66388413  0.57368633 -1.27674109 -0.71078099]
[ 1.12757498 -0.92090622  0.41033149 -0.48389515]
[-1.02004241  0.11725989 -1.20965801 -0.167795  ]
[ 0.21966406  0.86282412 -0.70607053 -1.77882431]
[-0.58177463  0.35035883 -0.71451778  1.25861062]
[ 0.81145482 -1.37303508 -0.72758884 -0.78411194]
[ 1.23133176  1.20132008  0.34018572  0.28998361]
[-2.01054292 -0.67792848  1.64634535 -2.36396251]

Populations

0.071285475677
0.250487227304
0.35702709519
0.321200201828

State labels

0
1
2
3

Eigen uncertainty

nan
0.07820593505
0.0785667920225
0.130030063433

Eigen values

1.0
0.525798159147
0.463532143078
0.367625567093

Left eigenvectors

[ 0.07128548  0.11029533  0.05940106  0.22474499]
[ 0.25048723  0.35629305 -0.08093231 -0.23291329]
[ 0.3570271  -0.26188608 -0.38385857  0.11673485]
[ 0.3212002  -0.2047023   0.40538982 -0.10856655]

Right eigenvectors

[ 1.          1.54723425  0.83328425  3.15274588]
[ 1.          1.42240007 -0.32309956 -0.92984098]
[ 1.         -0.73351879 -1.07515249  0.32696357]
[ 1.         -0.63730438  1.26210948 -0.33800275]
