Cluster centers 

[ 0.22186999 -0.56398892  0.46605805  2.27844348]
[-0.72565268  1.03713777  0.1986698  -0.81161459]
[-0.82911396 -1.27596654  0.43675245 -0.55841656]
[ 1.24466597  0.12858259 -0.62592725 -0.07593963]
[ 1.34828146  0.32442664  0.7518108  -1.26334988]
[-1.53734661  2.13819599  1.43468231  0.98753938]
[-0.73671499  0.22558738 -1.99472956 -0.60674022]
[ 1.20350212 -0.33653598  0.32217207 -0.30044292]
[ 0.40313465 -0.32818517 -0.66726502  1.79836664]
[-0.58879136 -0.38559065 -0.92666537 -1.16830655]
[-1.19090596  1.69215264 -0.51742382  0.34492025]
[ 0.80806391  1.91930249  2.11103499  0.13232481]
[ 0.68522866 -0.5337748   0.29099605  1.20558323]
[-1.33543559 -1.65253743  2.13427883  0.6967633 ]
[-0.37237808 -0.71869744 -0.08308323 -1.50213539]
[-1.02979881 -0.9569989  -0.8224196  -0.14068032]
[-0.9646031   1.27830053 -1.38701892 -0.06808727]
[ 0.95041305 -0.30676871 -0.25513359  0.61193384]
[ 1.03471754 -0.7752421   1.29598399 -0.60355273]
[-0.84468074 -0.44856256  0.91034962  4.33715762]
[ 1.17908163  1.52199421  0.27470772 -0.05298326]
[-0.25198797  0.50347758  0.61000648 -1.55936301]
[ 0.95287818  0.50897619 -1.90152188  0.55699103]
[-1.03418434  1.58830963  1.07846125 -0.10139658]
[-0.77355063 -1.37115142  0.83984593 -0.58133646]
[-0.62087408  0.36381541 -1.04477177 -1.08038067]
[-1.30362541 -1.21515343 -0.11701027  0.45191617]
[ 1.04387257  0.94715524  1.64767621 -1.21126149]
[ 0.57016112  2.51886028 -0.08737118  1.51872164]
[-0.59260751  0.16931208 -3.36652988  0.94168625]
[-1.44459637 -1.47566798  1.08125927  0.74854986]
[-0.94308366 -0.67711955 -1.46097448 -0.22683758]
[-1.00432774 -1.52513754  1.35071465 -0.0604961 ]
[ 1.09420827 -0.48807312  1.24559736 -1.60108536]
[-1.8517079  -1.48816527  1.55083884  1.64973093]
[ 1.32484652  0.83933352 -0.63801878 -0.258975  ]
[ 0.20114027 -0.82579917  1.77279346  2.20482871]
[-1.29683167  1.93338668  1.81110019  0.50461401]
[ 0.4272312  -0.15856178 -1.33644045  1.62175711]
[ 1.25856725 -0.10032787 -0.11719176 -0.26200405]
[-1.83212915  2.53599007  0.70570984  1.90297813]
[-0.88651269 -1.14202414 -0.06620718 -0.49974235]
[ 0.32186754 -0.253638    0.96789451 -2.09215764]
[-0.55990596 -1.19315911  0.51501554 -1.02833975]
[ 1.09153239  1.41074894  1.37141532 -0.51725348]
[ 0.82596412 -0.69843419  0.90907817  0.64178796]
[ 0.43844601 -0.01156059 -1.8174704   1.47487687]
[ 0.9862443  -0.19050151 -0.53485222  0.5541434 ]
[-1.02926755  1.40546988 -0.74172884 -0.0617363 ]
[ 1.32277553 -0.11537087  0.27650955 -0.69516319]
[-1.3017249  -0.87847227 -1.29837837  0.81171291]
[ 1.19012946  0.67153476 -1.36060124  0.12294555]
[ 0.0022211   0.89730934  1.80461559 -1.39228901]
[-0.50307552  1.01613581  1.05078578 -1.04843482]
[-0.55444424 -0.76181655 -0.37855    -1.2066004 ]
[-0.08174345 -1.1681632   1.11998757 -1.51397492]
[ 0.67741378 -0.98974528  1.63411788 -1.59523988]
[ 0.53424034 -0.42411227 -0.19867155  1.57718113]
[-0.28042034 -0.477831    0.25242454  3.22824995]
[-1.23494799  1.75391505  0.01322337  0.36211944]
[-0.88439444  1.2684598   0.20775276 -0.4791647 ]
[-0.83688451  0.94335427 -1.38349714 -0.46447259]
[ 0.86284374 -0.48137711  0.20310396  0.75886408]
[-1.37116422  1.94437883  0.90810417  0.61373456]
[-0.44636766  0.46164644 -0.06524767 -1.3853008 ]
[ 1.38619495  0.35397648 -0.16640116 -0.60782212]
[-0.28530278 -0.93913113  0.39000617 -1.52136177]
[-1.13575278 -1.32075501  0.36850448  0.05458861]
[ 0.60936854 -0.69341472  0.89611888  1.29173239]
[ 0.78535268 -0.14802197 -0.95597555  1.00646004]
[ 1.09416432 -0.65747248  1.0216421  -0.48309324]
[-1.6118727  -1.13773431 -0.32743506  1.35339054]
[ 1.10469907 -0.37446727  0.19765241  0.07274361]
[ 0.97985392  0.17083318 -1.38236543  0.56492921]
[ 0.89952044 -0.78698345  1.20385468  0.1896736 ]
[-1.38173968  2.04641149 -0.55716047  0.96956653]
[-0.61665466  0.78651719 -0.06671055 -1.0571836 ]
[-1.12037419 -1.17218075 -0.19995757  0.01799935]
[-0.68325794 -0.23363511 -1.47122349 -0.90880191]
[ 1.20317394 -0.05635914 -0.38565326 -0.0185989 ]
[-0.76633543  1.3421368   1.2333296  -0.56913838]
[-0.18213069  0.07607344  0.24995512 -1.7625649 ]
[ 1.10968166 -0.03420006 -0.68051286  0.26917617]
[ 0.319197   -0.46979936 -0.03298835  2.04363198]
[ 1.26209247  0.94346835  0.98782548 -0.95616844]
[-0.93191569 -0.9712589  -0.63731181 -0.39960806]
[ 0.45715001 -0.79837061  1.38189227  1.58788872]
[ 0.89875118  1.73201089  1.93365407 -0.15770816]
[ 1.39442307  0.40684339  0.41987613 -1.01818673]
[ 0.5115164  -0.55171955  0.33518245  1.62404532]
[ 1.33273756  0.37936743 -0.53221289 -0.32322525]
[-1.50285517  2.09736314  1.10052331  0.91850838]
[ 0.70827893 -0.38293832 -0.2567983   1.19121154]
[ 0.85399379 -0.18860922 -0.73654447  0.86803781]
[-0.75846766  0.82992381 -0.88534549 -0.75339758]
[-1.22456389  1.80086006  1.17301573  0.29483199]
[-0.45665118 -1.32471525  1.03992889 -1.03622721]
[-0.81675335  1.06526067 -0.31459378 -0.64323201]
[-0.82939578 -1.52571999  1.45721304 -0.32256299]
[ 1.21920819 -0.43747916  1.00542193 -1.21394558]

Populations

0.0763992221533
0.511228401013
0.197961938089
0.214410438744

State labels

0
1
2
3

Eigen uncertainty

nan
0.102517380699
0.18371034018
0.120108817435

Eigen values

1.0
0.588151170235
0.517020561871
0.45871715674

Left eigenvectors

[ 0.07639922  0.04251447  0.26209386 -0.00785552]
[ 0.5112284   0.36763988 -0.21646368 -0.26049629]
[ 0.19796194 -0.02000252 -0.0426012   0.39567417]
[ 0.21441044 -0.39015183 -0.00302898 -0.12732235]

Right eigenvectors

[ 1.          0.55647774  3.43058284 -0.10282204]
[ 1.          0.71913039 -0.42341872 -0.50954973]
[ 1.         -0.10104226 -0.21519896  1.9987386 ]
[ 1.         -1.8196494  -0.01412703 -0.59382533]
