Cluster centers 

[-0.58814628  0.90014047 -1.66276925  0.19352893]
[ 0.64263413  0.99532873  0.40693364 -0.19614053]
[-0.07621769 -1.77127273 -0.40868111 -0.82459894]
[-1.07415442 -0.53859043  0.43723543  1.24004775]
[-2.45558682 -0.29311675  1.0591132  -1.46917086]
[-0.05406126 -0.48255936 -1.02418329  1.3095013 ]
[ 1.32114355 -0.33578905 -0.35565184 -0.98698583]
[ 0.43033504 -1.09308745  1.61577725 -1.15940447]
[ 1.05899881 -0.00107795  0.71062149  0.31318984]
[-0.19754225  2.23266401  0.47502642 -0.66973173]
[ 0.36759543  1.19103809  0.96255364  1.08971598]
[ 0.41508062 -0.99142998 -1.42026079  0.37561038]
[ 0.64291499 -1.82950937  0.6257961  -1.98432817]
[-0.50838946  0.88217125 -1.97279985 -0.80331281]
[-0.58663886 -0.40300879 -0.05023068  1.89572558]
[-1.02058694 -1.05681697  0.18541499 -0.07901501]
[ 0.96718864  0.44672697  0.06531691 -0.64786749]
[-1.84115472 -0.44018988  0.87104001 -0.07100336]
[-0.59966712  0.73427453 -0.48822352  2.27731251]
[ 0.56370599 -0.31468677 -1.98065971 -1.32501098]
[-1.62189893  0.66763744  3.26760954 -0.05956812]
[-1.3842106  -1.11854874  0.37293209 -1.35838598]
[ 1.25054606 -1.70193164  0.23423915 -1.15613054]
[-0.95988939 -0.79191659  0.2340232   0.81704153]
[ 1.34232929 -0.61193708  0.33461978 -0.29352792]
[ 1.11973992 -0.55108305  0.91940747  0.15442409]
[ 0.57975316  0.93122375  0.83138413  0.727504  ]
[-0.20705508 -1.012212   -0.55273653  1.00004362]
[ 0.27535607  1.58150151  0.24049468 -0.86814633]
[ 0.77274545 -0.11418332  1.36485591  0.83437931]
[-0.25135187  0.32772075 -1.55947798  0.59942158]
[-0.07802688 -1.55642989  1.14507328 -2.8757485 ]
[-1.91731665 -0.79083373  0.67259859 -1.7106044 ]
[-0.72350376 -0.81556386  0.0296544   1.08443931]
[ 0.9362477   0.40180972  0.53899016  0.13762094]
[ 1.38126081 -0.54804288 -0.6176156  -1.18381118]
[ 0.12009    -1.48729152 -0.76598508  0.15249473]
[ 1.0109134   0.24681301 -0.63382675 -1.57763147]
[ 1.09552948  0.1677761  -0.30352893 -1.08876207]
[ 0.07717247 -0.76535769 -1.07514375  1.03246019]
[ 0.52329152  0.59762625  1.28955005  1.48841616]
[ 1.08303662  0.16150906  0.32637435 -0.1917214 ]
[ 0.796305   -1.0921665   1.31040729 -0.65968664]
[-1.83419398 -0.67190822  0.71184341 -0.8730217 ]
[ 0.38266002 -2.0670553   0.01295998 -2.07602619]
[-0.81612904  1.28743583 -1.95382403 -1.00946601]
[-0.25249375  2.09843089  0.8834951   1.02995124]
[-1.06039051 -0.25272524  0.61764082  1.848775  ]
[ 0.14189998 -0.08674628 -1.87233749 -0.28894231]
[ 0.02742849  1.92367459  0.52850008 -0.30756894]
[ 0.41398609  1.35588426  0.47324629 -0.17486141]
[-0.90030954  3.11566706  0.55653586 -1.27607223]
[ -2.93726633e-01  -3.31283546e-04  -8.21576892e-01   1.78457479e+00]
[ 0.84362104  0.40503981  0.84680906  0.63782995]
[-1.84212085 -0.32283244  0.96704379  0.27887778]
[-0.00962269 -1.28337821 -0.71326691  0.54513554]
[-0.28298562  0.8381693  -2.13806691 -2.14104956]
[-0.43742573  0.5314444  -1.20661177  1.27865848]
[-0.74580867 -1.30468623 -0.02649479 -0.35371458]
[ 1.25068968 -0.36903307 -0.90233121 -1.49511882]
[ 0.19070642 -0.60848641 -1.40011915  0.70802473]
[-2.23967878 -0.23048645  1.10704689 -0.50977808]
[-2.76106178 -0.08264402  1.22588091 -1.74307277]
[-2.24950738 -0.66404189  0.81038278 -2.53996643]
[-0.7981673   1.19846656 -1.48493778  0.48354689]
[-1.52002567  2.17022439 -1.64939329 -0.77313989]
[ 0.22376107  1.59013961  0.67801439  0.28421359]
[-0.55041309  0.81416346 -1.53201435  0.55403556]
[ 0.74449842  0.76116514  0.58138802  0.20561953]
[-0.09108731  0.3945711  -2.05221639 -1.03172901]
[ 0.83209643  0.6701036   0.34227586 -0.23268688]
[ 0.65503933  0.98797407  0.31726308 -0.38070825]
[ 0.46598897 -1.75188789 -0.91196483 -0.309517  ]
[-0.47746934 -0.69199697 -0.22024431  1.50016768]
[-1.26329749 -0.8219755   0.40885394  0.14471235]
[ 0.16876428  1.54393542  0.90192248  0.97034455]
[-2.79890606  0.13378713  1.43684293 -1.03792399]
[ 0.49936423 -1.40925635  1.27837884 -1.67063921]
[ 1.21887741 -1.09828532 -1.50806901 -1.23907031]
[-0.00785647 -0.3360887  -1.26657026  1.06126462]
[-0.32073457 -0.1540367  -0.6085009   1.92841561]
[ 0.25608672 -1.10220123  1.69214893 -1.49276983]
[ 0.60871076 -0.75269164  1.65184255 -0.16949554]
[ 0.2023552   1.23279866  1.15890589  1.67855864]
[-0.83508711 -0.99320715  0.07556248  0.48061374]
[ 0.79791083  0.75024768  0.00324101 -0.88215033]
[-0.57372616 -1.19012235 -0.16497037  0.30901899]
[ 0.30085473 -1.16808836 -1.14410503  0.55240963]
[-0.39653321  0.63096723 -1.74624721  0.06144497]
[-0.93052111  1.40039385 -1.69806911 -0.20118018]
[-1.36205512 -0.93780067  0.40796053 -0.49982619]
[ 0.88390685 -0.35124348  1.30493162  0.58785589]
[-1.42830231 -0.44309816  0.7206801   0.86022795]
[ 1.23866009 -1.14988228  0.70751095 -0.49989934]
[ 0.84749863  0.59840206 -0.41242286 -1.48755168]
[-1.49097331 -0.62331074  0.62636279  0.24029907]
[ 0.48919676  1.18704786  0.63530456  0.26704326]
[ 1.25947553 -0.22551813  0.14848424 -0.43036746]
[ 0.97298504  0.36684155  0.42955301 -0.04207962]
[ 0.54028792  0.88093812  0.98818552  1.05152801]

Populations

0.0650838338555
0.176390557913
0.11466944488
0.643856163352

State labels

0
1
2
3

Eigen uncertainty

nan
0.119879835248
0.0822002583726
0.128529540169

Eigen values

1.0
0.548520645401
0.520467663835
0.388205709931

Left eigenvectors

[ 0.06508383  0.00689005  0.14452602  0.1997816 ]
[ 0.17639056  0.05550071  0.2748303  -0.25819548]
[ 0.11466944 -0.31775659 -0.02037774 -0.01165601]
[ 0.64385616  0.25536583 -0.39897858  0.07006989]

Right eigenvectors

[ 1.          0.10586418  2.22061316  3.06960398]
[ 1.          0.31464671  1.5580783  -1.46377155]
[ 1.         -2.77106589 -0.17770853 -0.10164877]
[ 1.          0.39661938 -0.61967036  0.10882849]
