Cluster centers 

[ 1.1527602   0.00968305 -0.32512234  0.57384062]
[-0.96663426  1.23371405  0.09179138  0.48341355]
[-0.99937508 -1.7740512   0.30321844 -0.15598898]
[-1.04214661  0.35048892 -1.97180948 -0.46660404]
[-0.74145175 -0.20750994  1.52613472 -1.02498968]
[ 1.09713332 -0.52513038 -1.75396678 -1.29161328]
[-1.00155745  0.95105057 -0.2963574   0.93120154]
[ 0.97555982  0.69423474  1.04141848 -0.15693273]
[-0.96091533 -0.27636274  0.30025654  1.49973549]
[ 1.07862156 -0.62063862 -0.44381285  1.99410762]
[-0.78585194  1.37415971 -0.59306698 -1.82492275]
[-0.96627338 -0.89598544  0.87112012 -0.36327748]
[ 1.12523078  0.12587218 -0.53018343 -0.14902831]
[-1.02097397 -2.79280938  0.12370417 -2.0837957 ]
[ 0.95847695 -0.49983004  1.69012003 -0.62848367]
[ 1.11233582 -0.43350834 -1.35594781  0.15631135]
[ 0.11484695  1.72901389  0.97230337 -1.51081282]
[-1.00786717  1.07811193 -0.57511663  0.27706542]
[ -9.30920456e-01  -1.86618925e+00   6.86670987e-04   6.98655377e-01]
[ 1.16768829 -0.23455195  0.75008491  0.89590006]
[-1.03730066  0.52570515 -1.91639652 -1.98891724]
[-0.95486652 -3.10713744 -0.41780247 -0.61478542]
[-0.95673218  0.46818674  0.82274565  0.75075523]
[ 0.53102284 -1.35897105  1.82835864 -2.60815015]
[-0.94298451  1.28021175 -0.58463885 -0.74379131]
[-0.92938839 -1.03883693  0.99036252 -0.91190009]
[ 1.01470607 -0.66189203 -1.37552192  1.43137466]
[-0.89452516  1.46739836  0.17970436 -0.14780104]
[-0.99416663  0.71226796 -0.72604666  1.17822603]
[ 1.10212343  0.02067956 -0.90874173 -0.74540361]
[-0.36975202 -0.96895903 -1.04288927  3.19006827]
[ 0.42983493  0.26646982  2.15455671 -1.34418396]
[ 0.60939139  1.0170984  -0.19391385 -2.41852295]
[-0.94876926  0.18445527 -0.11173874  1.85454087]
[-0.72035853  1.36759847  1.23778704 -0.12650896]
[ 1.1538689  -1.57397293  0.97218588  0.09199025]
[-1.0276634  -0.0151222  -2.58310083 -3.61764752]
[-1.00285453  1.11432768 -0.45738682  0.34219028]
[ 1.1237518  -0.27214526 -1.22745631 -0.33770679]
[-1.02717343  0.60863765 -1.43860015  0.23376557]
[-1.00490166 -1.9043461   0.28854408 -0.36687916]
[ 0.99422738  0.41080759 -0.55125687 -1.39465639]
[-0.81855494  0.32259336  1.39593977 -0.28620619]
[-1.01124831 -2.33904926  0.12759546 -0.78590708]
[ 1.15721931 -0.34219628 -0.05785793  1.46595508]
[-0.90898527  1.17659577  0.71765577  0.46621209]
[-0.95201241 -0.17179031  0.96907767  0.23207806]
[ 0.72980208  1.15251533  1.2919291  -0.68557907]
[ 1.06318517  0.53090338  0.15938737 -0.26497254]
[ 1.16758594 -0.07235614  0.06505955  1.00370891]
[ 1.08884775  0.12793382  1.13791822  0.33927178]
[ 1.06252998 -1.00822361 -2.33185773 -0.82513348]
[-0.96096768 -0.81624214  0.30852294  1.17644184]
[ 0.64067718  1.16889585  0.21330653 -1.82142836]
[-0.98170296 -0.22023139  0.65518112  0.84573317]
[-1.02527726  0.81054992 -1.43529442 -1.11021583]
[ 0.7966776  -0.54680491  1.89441334 -1.25271295]
[ -9.69811451e-01   1.27803237e+00  -2.83052820e-01  -1.09409175e-03]
[-0.99040015 -1.120905    0.51377664  0.29116669]
[ 0.57225874 -0.46580448  2.05286237 -1.73395898]
[ 0.9182743  -1.3707414  -0.29681784  2.57377014]
[ 1.13680647 -0.243955   -0.80778265  0.69593605]
[ 0.04274523  1.42530694 -0.11544335 -2.85470796]
[-1.0223955  -2.70503323  0.01233478 -1.32307807]
[-0.98160977  0.51254474  0.44348008  1.21878118]
[-1.01822461  0.8332221  -0.89955461  0.59632673]
[-1.07962437  0.0466633  -2.49719401 -1.56622276]
[ 1.08257119  0.44380374  0.75577539  0.22782022]
[ 0.19951453  1.24162099  1.93750803 -1.0053851 ]
[-0.90593015  0.3291498  -0.92881535  1.85967151]
[ 0.82771947  1.04494643  0.55170619 -0.99449368]
[ 1.14595822  0.19145213  0.41274547  0.6143665 ]
[-0.98447312  0.37561986 -1.59586481  0.75923921]
[ 0.86691846  0.45783739  1.67362914 -0.38858341]
[ 1.01396255  0.5994937  -0.01115542 -0.7097254 ]
[ 1.13308245 -0.33065005 -0.49291837  1.36082873]
[ 1.00075141 -1.20460901  1.5432339  -0.99820989]
[-1.02675003  0.91393382 -1.117222   -0.33055068]
[ 1.13838464 -0.09009474 -0.79094188  0.10806702]
[-0.9987981  -1.59995914  0.52740852 -0.55333246]
[-1.00653196  1.01894095 -1.05474953 -0.76536541]
[-0.66339865  1.69375029  0.17684573 -1.26733411]
[ 1.04213423 -0.70189786 -1.64885983  0.75366865]
[-0.93253601 -2.35083216 -0.15431419  0.28106911]
[ 1.10151292 -0.16826282 -1.22835433 -0.95774524]
[ 1.12044575  0.33296516  0.12544401  0.19244223]
[-0.99515688  1.12399526 -0.30107668  0.49528895]
[ 1.01633328 -0.14648216  1.54544337 -0.15525012]
[-1.0685432   0.33068762 -2.11880721 -1.28621738]
[-0.98005619 -0.58392007  0.74309556  0.36634971]
[ 1.12785114  0.2001975  -0.29448585  0.04016231]
[-0.98703359  0.68423747 -0.02030019  1.39572792]
[ 1.15672508  0.0765477   0.54756801  0.7671187 ]
[-0.80920455 -1.97051518 -0.26876716  1.41806163]
[-0.9422035  -1.45489561  0.12056283  0.9567278 ]
[-0.93876274 -3.94788368 -0.85401109 -1.33469738]
[ 1.1758005  -0.44700113  0.35936204  1.4005848 ]
[-0.93577431 -1.58132148  0.84576143 -1.51230133]
[-1.00828428 -2.10854482  0.39060574 -1.2010916 ]
[-0.86695659  0.89391605 -1.39867944 -2.59654253]

Populations

0.224299073674
0.409531191776
0.0201974602703
0.34597227428

State labels

0
1
2
3

Eigen uncertainty

nan
0.0323652467606
0.040990833425
0.0826868220615

Eigen values

1.0
0.499347990915
0.191035879727
0.112193673597

Left eigenvectors

[ 0.22429907  0.09722427  0.39051974  0.10968487]
[ 0.40953119 -0.45572814 -0.07424867 -0.16915789]
[ 0.02019746 -0.02384928 -0.04270872  0.13189655]
[ 0.34597227  0.38235315 -0.27356236 -0.07242353]

Right eigenvectors

[ 1.          0.43345819  1.74106713  0.48901169]
[ 1.         -1.11280447 -0.18130161 -0.41305252]
[ 1.         -1.18080573 -2.11455899  6.53035325]
[ 1.          1.10515546 -0.79070601 -0.20933333]
