Cluster centers 

[-0.90252116  1.50506966  0.49310613 -1.33852043]
[ 1.12033688 -0.72583722 -0.09433831 -0.18123275]
[-1.12050942 -0.03351108 -0.01581507  1.36098054]
[-0.92244387 -0.68472226  0.70136811 -0.61799249]
[ 0.98301033  0.97423393 -1.22083949  0.63996247]
[ 0.83708166  1.04767461  0.72676951  1.09592687]
[ 0.4361065  -0.14210848  2.33475529  0.56226891]
[-0.9605486  -1.35347589 -0.20185007 -0.72000849]
[-0.88352377 -0.06433027 -0.96379593 -1.68847416]
[ 1.02676758 -0.4439586   0.9731039   0.02664926]
[-1.12176479  2.57736453 -0.05933937  2.26737374]
[ 1.05833485  0.72195858  1.41179922 -1.31405034]
[-1.1221934  -0.528777   -0.2863855   1.07038693]
[-0.94111685  0.95697217 -0.00587435 -1.45424348]
[ 1.06257706 -0.1734567  -0.69192014  0.19003225]
[-0.93864542 -1.09233062  0.95933772  0.42039104]
[-0.70858954  0.2586666   1.68129356 -0.5652856 ]
[-1.02326915  0.75261692  0.59397549  1.76773029]
[-0.96203097  2.43217548 -0.46465962 -1.79743252]
[ 0.95815158  1.54714811 -0.74217108  0.94934321]
[-1.11632512 -0.35273357 -1.5456594   0.96631325]
[-0.92010957 -2.00639513 -1.28998318 -0.28113169]
[ 1.17656564 -0.6529533   0.59328953 -0.95293442]
[ 0.80580793 -0.23340583 -2.36753818  0.02585145]
[-1.1750419   0.77929173 -0.34248715  1.66479441]
[ 1.06900843 -0.52536309 -0.88126732 -0.03946204]
[-1.00119876 -1.46149403  0.18922509 -0.04667215]
[-0.82015347  1.51516221 -1.67861158 -2.24112713]
[ 0.81352492  0.79225039 -2.49285204  0.38631633]
[ 0.92611427 -1.60024815 -1.85962386 -0.82118081]
[ 0.61576269  1.36298502  1.24759465  1.41935292]
[-0.87760806 -0.66099168 -0.93004729 -1.50722831]
[ 1.0258306   0.09222698  0.1836461   0.46076245]
[ 0.80479343 -0.01566278  2.07642583 -0.40087696]
[ 0.91747759  1.35718397 -1.89427625  0.65576489]
[ 1.22988352  0.30119132  0.27745073 -1.75928553]
[ 0.65036263  2.22352478  2.13357705 -1.2329888 ]
[ 1.00528603  0.51267443 -0.0729088   0.65006292]
[ 0.94834972  0.50588502 -1.72593655  0.38023039]
[-0.60441623 -0.01317381  1.8893766   1.33693648]
[-0.93788264 -1.77313293 -0.8066106  -0.608472  ]
[-0.84342121 -0.654602    1.38310953  0.85960721]
[-0.55665016  1.54720417  1.90766545 -0.84483028]
[-0.94906756  2.15748835 -0.10820422 -1.64249703]
[-0.94882849  1.46610793 -0.31188079 -1.65073696]
[-0.86758337 -0.3168436   1.06795844 -0.60890161]
[-1.13433321 -0.54932625 -0.87426792  0.98787271]
[-1.15260799 -0.19761413 -0.55463604  1.2153642 ]
[ 1.05526787 -0.35007037  0.49774615  0.16683386]
[-0.96237978 -1.21154698  0.46688663 -0.35005496]
[ 0.80498681 -0.09885993  1.62905672  0.50352938]
[-0.94345672  0.03906036 -0.13567146 -1.31678001]
[-0.92726053 -0.2093433   0.47328825 -0.95440175]
[-1.0593257  -1.42811835 -0.4969746   0.40404391]
[ 1.15679193 -0.89211739  0.20485426 -0.53896407]
[-0.49447783 -2.05928526 -2.23727868 -1.2463206 ]
[ 1.08752853 -1.13027107 -1.04907102 -0.59470868]
[-0.87747655  2.10752142  0.65002145 -1.35907565]
[ 1.00704108 -0.06972816 -1.36163694  0.17484112]
[ 0.86722664  0.20607955  1.14269661  0.69836147]
[ 1.07043772 -0.26479106  1.31082306 -0.82184181]
[-0.07469076  0.77404206  2.04227705  1.57258639]
[ 1.02056088  0.23392425 -1.08793506  0.35230687]
[ 0.19446512 -0.0869479   2.69755571  0.19367542]
[ 1.15948475 -1.02985742 -0.22155781 -0.61271749]
[-0.9240843   3.16113818  0.06160872 -1.6516318 ]
[ 0.93796194 -0.40332417  1.53425498 -0.0425623 ]
[-1.16344577  0.20680467 -1.52486892  1.21333147]
[-1.07259973  1.64599628  0.31825024  2.05956411]
[-1.18135026  0.22322128 -0.77042325  1.3720472 ]
[-1.23731254  1.6951487  -0.82066007  1.88735862]
[-1.08216436 -0.76829079  0.09459817  0.94743793]
[ 0.60074463  0.63316681  1.66410847  1.13196289]
[ 1.07173404 -0.8491616  -1.03487626 -0.26355352]
[-0.89906241  0.8074803  -1.02569601 -1.87152789]
[-0.92529977  0.51626091  0.38409654 -1.20194315]
[ 1.02633798  0.44546088 -0.65277347  0.51496235]
[-0.94256978  0.84530247 -0.39052668 -1.5976244 ]
[ 1.05937174 -0.04873943 -0.25472243  0.31461951]
[-0.5860908  -0.45965299 -2.11658976 -2.203924  ]
[-0.45918082  0.7230438   2.22608305 -0.52092752]
[-0.8495313   0.40762159  1.04139493 -0.88621188]
[-1.02311565 -1.3504962  -1.38966392  0.42092729]
[-0.9936269  -1.70905643 -0.36589743 -0.26004865]
[-1.05269409 -1.31719847 -0.01269528  0.46915622]
[ 1.09744161 -0.51550358  0.01787032  0.00699713]
[-1.08305885 -0.80342039 -1.44181212  0.7587545 ]
[-0.76634073 -0.52180972  1.60128327 -0.17573036]
[ 0.92447794  1.88456188 -1.64298814  0.86706098]
[ 0.95911725  0.66997727  0.26079636  0.79530381]
[-0.89576019 -0.11270073  1.15226937  1.36355684]
[ 1.09681839  1.24310401  1.16079136 -1.5914688 ]
[-1.0860048   0.27366249  0.29022447  1.5346943 ]
[-1.02336979 -0.95680136  0.50445942  0.77805572]
[ 0.98267434 -0.62496549 -1.61642841 -0.13421398]
[-1.0994525  -0.9896102  -0.45664051  0.76722021]
[-0.9484166  -0.87497824 -0.0994779  -0.96874286]
[-0.90827092 -0.96017815  0.96894946 -0.21890445]
[-0.96354575 -1.25530877  0.63313289 -0.05468784]
[-0.93293638  1.07350081 -0.70060336 -1.76458937]

Populations

0.00661111294096
0.606929078685
0.0996684553207
0.286791353054

State labels

0
1
2
3

Eigen uncertainty

nan
0.258810025946
0.0762172139586
0.052136605663

Eigen values

1.0
0.397803174414
0.284326421199
0.237593954913

Left eigenvectors

[ 0.00661111  0.08044482 -0.00876393  0.00438525]
[ 0.60692908 -0.03555166 -0.10636178 -0.47538345]
[ 0.09966846  0.0204169   0.29272956  0.06022631]
[ 0.28679135 -0.06531006 -0.17760385  0.41077188]

Right eigenvectors

[  1.          12.16812083  -1.32563584   0.66331546]
[ 1.         -0.0585763  -0.17524582 -0.78326029]
[ 1.          0.20484816  2.93703319  0.60426653]
[ 1.         -0.22772675 -0.61927896  1.43230219]
