Cluster centers 

[-1.08483807  0.16012333  0.60408553 -0.01092776]
[ 1.7911907  -0.02999251 -0.16623035 -1.6612418 ]
[ 0.45687901 -0.36805802 -0.58298706  1.304248  ]
[ 0.80841798  1.32673662 -0.15462746  0.79074285]
[-1.04828037  0.05725166 -1.81872859 -0.68791297]
[ 0.50895042 -2.62893713 -0.62708644  0.63687078]
[ 0.12785021 -1.29467016  1.08793625  1.36787012]
[-1.10184595  0.75283116  0.17264072 -0.17008904]
[-0.56739174  0.25364603  1.73940113 -0.54904097]
[-0.74048662 -0.61548525  1.80863618  0.55368193]
[-1.06035544 -1.29485045 -0.02066647 -0.29984837]
[ 1.6911391  -0.58092202  0.7354664  -1.37140456]
[ 0.20311468  1.72398719 -1.28185072 -2.6807036 ]
[ 0.5489304   0.70010112 -0.04264209  1.35639499]
[-1.14106084 -0.46693094 -0.14849007 -0.24052472]
[ 1.3275135   1.04787641 -0.30423805 -0.54597428]
[ 0.51516084  1.34337222 -0.97038025  1.16167472]
[ 0.62507771 -1.90955359 -1.71998728  0.47239253]
[-0.78697633  1.04894194  0.75762198 -0.69425303]
[-0.8589031  -2.6702265   0.07944479 -0.51912384]
[ 0.52931183 -1.46048503  2.35056594 -2.08030413]
[-1.00492477  1.40477726 -0.1714175  -0.40837671]
[ 0.50516874 -1.2028131  -0.98537554  0.99437455]
[ 0.35199268 -0.29798784  0.91528867  1.48321041]
[-0.8163002  -1.50487726 -2.73802273 -1.5674608 ]
[ 0.07376408  0.62770879 -0.11691052 -2.9675781 ]
[ 0.39183661 -0.49568428  2.37616629  0.34063949]
[ 1.31252756 -0.01764365  1.00570224 -0.41660501]
[ 0.49221886 -1.99292496 -0.65396296  0.86491503]
[-0.72077879 -2.10548781  1.09061443  0.33044155]
[ 1.20281775  0.47724809  0.64820052 -0.06595728]
[-1.12967255 -0.28186157 -1.06235328 -0.54126072]
[ 1.97866705  0.01159434 -1.15356205 -2.656294  ]
[-0.53806418  0.72554316  1.089541   -1.16358479]
[-0.93892206 -2.00231704 -1.68424317 -1.31895236]
[ 0.04887583 -0.61446921  2.12501073 -1.57348381]
[ 2.07928793 -0.8880587  -0.10589532 -2.40839366]
[ 0.39615552 -1.53909733 -0.1359898   1.15787304]
[-1.00866564 -0.73114996  0.9322415   0.1907114 ]
[-1.10102359  0.90802288 -1.22507687 -0.37386984]
[ 0.59819103  2.35215227 -1.48693119  0.32869548]
[ 0.46096575  0.10730982 -1.41434671  1.09640999]
[ 1.07372096  1.46341726 -0.42105334  0.03181764]
[-0.62818533  2.46736187 -1.15938234 -0.81553941]
[-0.34254536 -1.74056791  1.57504193  0.97168719]
[ 1.66094062  0.46285519 -0.42846065 -1.42848456]
[-1.0414193  -0.9878136  -1.61823498 -0.9422789 ]
[-0.98872886  0.85260447  0.61641984 -0.26743179]
[ 0.50755927  0.74626336 -0.57112617  1.32998753]
[-0.33749209 -0.24578157  2.33042703 -0.08371051]
[ 0.82771371  0.50939874  0.93060988  0.7621908 ]
[-0.63793612 -0.01488105  1.9524198   0.03021168]
[-1.15732016 -0.11918857 -0.56681314 -0.34328979]
[ 0.46626097  0.01991555 -0.82792755  1.2824583 ]
[ 0.20869585 -2.43104382  0.4585585   0.95198044]
[ 0.41244402 -0.28903391  0.16248589  1.46179912]
[-0.99980427  0.855134   -1.96669271 -0.50474303]
[ 1.43789485  0.65151978 -0.02155248 -0.72145691]
[-1.13449027  0.30156875  0.16973873 -0.10918166]
[-1.14269526  0.2771202  -0.96728413 -0.40400315]
[ 0.66438265 -3.44256462 -1.11700176  0.11702937]
[ 1.88196678 -0.43070996  0.03942935 -1.85519151]
[-1.12740432 -0.73639619 -0.62050891 -0.47443477]
[-0.91870493 -0.0654091   1.38991478  0.20759352]
[-1.1294141   0.87064283 -0.68829126 -0.28949755]
[ 0.57530548 -1.25766143 -2.03414766  0.52551821]
[ 0.46792572  0.15943912 -0.36363421  1.39745578]
[-0.89455369  1.86207326 -0.59508305 -0.57887999]
[ 1.96888336 -1.1608138   0.53523498 -2.1141603 ]
[-0.86107866  0.63771826  1.12046746 -0.30596868]
[ 1.05967955  1.1449491   0.01658483  0.23387773]
[-0.32605435  0.08528586  1.74275634 -1.18809686]
[ 0.76993479  1.64866914 -0.57240735  0.71364119]
[ 0.48700617  1.85623999 -1.33718169  0.92983841]
[-1.1597622   0.12874423 -0.30012807 -0.23082191]
[-0.33723544  0.28232407  1.41354604 -1.45553479]
[-0.68413352  1.68457766 -0.04796026 -1.06362135]
[ 1.62611922  0.26414152 -0.02593013 -1.19830919]
[ 0.27037107 -1.41722901  0.50406665  1.3132026 ]
[ 0.88334314  0.87712916  0.46768655  0.70701365]
[-0.97268464  1.2507117   0.22266782 -0.42034803]
[-0.85020594 -0.92447389 -2.71437105 -1.3058096 ]
[ 0.34234252 -0.64756149  0.491278    1.46560454]
[ 0.53629992 -1.01409123 -1.60582956  0.79616553]
[-0.81198434 -1.5034218   1.25205341  0.42252935]
[ 0.48602891 -0.65413205 -1.05520596  1.10165713]
[-0.10910487 -0.42996143  2.38478679 -0.68066864]
[ 0.45491638  0.73410951 -1.20832825  1.20709906]
[ 0.47348402  0.18473645  0.49792811  1.44854294]
[ 1.11831212  0.88584413  0.28953417  0.14141089]
[ 0.38818518 -2.14630757 -0.12866777  0.96015448]
[-1.13982099  0.69463355 -0.25758656 -0.21583029]
[ 0.67007909  0.776303    0.41501425  1.15591412]
[ 1.4651792  -0.1277858   0.80955934 -0.78156945]
[-0.78577911 -1.00677179  1.55569703  0.55298414]
[ 0.62631626 -2.30822318 -1.41500101  0.46378244]
[ 0.45413618 -2.62903766 -0.38709818  0.70915683]
[ 0.55610614  1.11688655 -0.57523367  1.23558438]
[ 0.42899163 -0.86021405 -0.31199371  1.28741299]
[ 0.50076413  0.11309943  1.25060948  1.26147014]

Populations

0.0629321807349
0.167026315371
0.218216484483
0.551825019411

State labels

0
1
2
3

Eigen uncertainty

nan
0.078454318291
0.0888375580019
0.126053896264

Eigen values

1.0
0.56396887577
0.383535116207
0.282804573095

Left eigenvectors

[ 0.06293218  0.00615598  0.05713336 -0.23594407]
[ 0.16702632 -0.00497048 -0.37021401 -0.04522613]
[ 0.21821648 -0.39563345  0.09510016  0.07090969]
[ 0.55182502  0.39444795  0.2179805   0.21026051]

Right eigenvectors

[ 1.          0.09781919  0.907856   -3.74917997]
[ 1.         -0.02975865 -2.21650112 -0.27077249]
[ 1.         -1.81303191  0.43580649  0.32495112]
[ 1.          0.71480621  0.39501742  0.38102751]
