Cluster centers 

[ 1.34328383  0.70729322  0.41987356 -0.24782439]
[-1.34621946 -0.73404909 -1.20345178  1.00602522]
[ 0.86204972 -1.02789449  0.56483798  0.20476502]
[-0.76397131  0.66474233  1.03685727 -0.62436824]
[-0.26215569  1.32188532 -1.11962861  2.05879506]
[-0.62507075  1.52076558 -0.13635363 -1.14800251]
[ 0.52697767 -1.0508295  -0.80358516 -0.96318575]
[-1.37912347 -0.82104343  0.49941783  0.3253063 ]
[ 1.17008961  0.19860324  1.40569427  0.97085424]
[ 1.00819664  0.28584618 -1.7198668  -1.15207097]
[-0.5127569   0.75415055 -0.38976702  1.67341   ]
[-1.79528125 -1.73532415  0.18579993 -0.6027604 ]
[ 1.4074855   1.21990219  0.15142333  2.34262396]
[-0.14107667  1.1758926   1.5729673  -0.15114136]
[-1.14098483 -0.39583758  0.46030473  0.70258738]
[-0.36218785  0.52225717  1.35373285  1.01816756]
[-1.13870734  0.4373552  -0.09175305 -1.2885954 ]
[-0.74560771  0.74883504 -2.21519221  1.83113926]
[ 0.15873104  2.71496397 -0.1519096  -0.85731716]
[ 0.72864492 -1.19653743  0.25099795 -0.16947842]
[ 0.2083552  -1.49909021 -0.97787318 -1.11954932]
[-0.89781144  0.1461094  -0.43072276  1.32744559]
[ 1.27094049  0.80951014  1.19384186  0.15758968]
[-0.86231443  0.8501343   0.36306659 -1.0209443 ]
[ 0.68004755 -1.56111258 -0.31787947  0.93208211]
[ 0.94217645 -0.56346702  0.13418958 -0.38056622]
[-0.78619019  0.51732112 -1.37235769  1.65924554]
[-1.53066175 -1.18776891 -0.20468436  0.44612133]
[ 1.14956627 -0.04174035  0.56977315 -0.13641938]
[ 0.83432276 -0.32417796 -1.09614851 -1.01340421]
[-1.34692492 -0.44271761  0.78070772 -0.71053089]
[-0.53019928  2.3644828  -1.83934215 -1.54454583]
[ 0.92616322 -1.03625243  0.44147716  0.84539055]
[ 1.23707127  0.49430524 -0.82601036 -0.78259953]
[-0.97223313 -0.16772591  1.06012866  0.51192527]
[ 1.69705823  1.20288849 -1.26965472  2.64700246]
[-0.01468988  1.89871369 -1.82912782  2.37676244]
[-1.22764338  0.08771861  0.29093709 -1.11675889]
[-0.49559861  1.3713529   0.59728752 -0.82251437]
[ 1.63752222  2.13087549 -0.04096006 -0.36332168]
[-1.07256687 -0.14386162 -0.67375226  1.2122233 ]
[ 1.16625394 -0.40590842  0.41980385  1.41303352]
[ 1.08157269 -0.35395776  0.85470717  0.17792117]
[ 0.21094754 -1.71735915 -0.62596406 -0.89636146]
[ 0.08466876  3.38866259 -1.62464473 -1.19442253]
[ 1.04683862 -0.16959731 -0.2003468  -0.57650183]
[-0.84411314  1.41142241 -0.99185608 -1.49354388]
[ 0.79326755 -0.87379331 -0.03433966 -0.48064632]
[-0.02331934  0.97835507  0.79573584  1.63203989]
[-1.4993663  -1.02994879  0.60189535 -0.03410656]
[-0.49332408  0.76881745  1.50296791 -0.22552637]
[-1.17022847 -0.0058705   0.78295218 -0.79212527]
[-0.96020816 -3.22425801 -0.84063618 -0.59675396]
[-0.55822765  1.2137298  -2.64512781  2.05368346]
[-1.14616105 -0.33128342 -0.30024711  1.01668262]
[ -1.52518178e-03   2.13538141e+00   4.87907762e-01  -7.17849290e-01]
[ 0.30760696 -1.95512338 -1.54542429  1.09238779]
[ 1.05693408 -0.79982087 -0.52386985  1.54958743]
[ 1.2762957   0.72427735  0.84925964  1.88324138]
[ 0.88584808  0.87025333  1.9017616   1.10752387]
[ 1.32046475  0.05225443  0.12388554  1.8175467 ]
[-1.31585098 -0.58363981  0.9865707  -0.23909544]
[-0.62627197  0.44476398  0.21321476  1.37889701]
[-0.98559158  0.10601176 -1.24906447  1.43766833]
[-0.53100832  1.8744034  -0.52369262 -1.23178744]
[ 0.40703865 -0.87469517 -1.50142406 -1.29617244]
[ 0.3620487   1.00343772  1.9858491   0.73330757]
[-1.14282887 -0.37207358  1.08009184  0.14089707]
[ 1.20326042 -0.06916164  0.91188297  1.3324532 ]
[ 1.27044466  0.88595893 -1.898236   -1.08671502]
[-1.28041789 -0.57948191 -0.72188066  0.98070041]
[-0.99327952  0.09837799  1.19159    -0.41343125]
[-1.44551325 -0.32134311 -0.3877029  -1.4734449 ]
[ 0.35583372 -1.86640433 -0.1668018  -0.22576837]
[-0.66816812  0.90846428  0.91256312 -0.69726128]
[-0.50543329  1.19064437 -2.07510724  2.02917059]
[ 0.932782   -0.25796344 -0.74602506 -0.84714105]
[ 1.05934374  1.44394275  1.48648824  0.1333753 ]
[-0.27155492 -2.01351608 -1.12166394 -1.29203213]
[ 0.80298417 -0.61661746 -0.56056079 -0.79285985]
[ 1.14103122 -0.12947413  1.10774937  0.3996239 ]
[ 0.71022889 -0.30621113 -1.65824714 -1.24931236]
[-1.5512606  -0.89704375  0.51803937 -0.82735276]
[-1.42012237 -0.91319875 -0.59404975  0.75761383]
[-0.27696109  2.47888376 -0.93429786 -1.23070871]
[ 1.03432446 -0.68532421  0.77755729  0.76484191]
[ 0.6371322  -1.23254234 -0.04876278 -0.46677098]
[-0.71276321  0.25122221  1.51783872  0.1827662 ]
[ 0.96950597  0.65012683 -2.73844171 -1.41369308]
[-0.26828096  0.63759123  1.8096068   0.49490011]
[-0.900279    1.14370653 -0.53898135 -1.38034102]
[ 1.08966473  0.16657583 -0.93715996 -0.87252028]
[ 1.23083654  0.29738862  0.05216992 -0.43080252]
[-1.09459695 -0.08880443 -1.91086133  1.42579055]
[-1.06957731  0.39929198  0.41502393 -1.03107643]
[ 1.25346124  0.46050908 -0.47146898 -0.64951998]
[-0.59195381  0.3162571   1.06519598  0.98626758]
[-0.68839011  0.6384774  -0.39053282  0.09352039]
[ 1.02594511 -0.4875708   0.63530241 -0.00392017]
[-0.96396208 -0.07330825  0.20467427  1.03493864]

Populations

0.00455682717538
0.191285749164
0.590496152646
0.213661271015

State labels

0
1
2
3

Eigen uncertainty

nan
0.333856285155
0.071887560903
0.065085816217

Eigen values

1.0
0.502516732588
0.366431207946
0.318231927611

Left eigenvectors

[ 0.00455683  0.06615903  0.01248339  0.00179158]
[ 0.19128575 -0.06367136  0.3025153  -0.2431583 ]
[ 0.59049615 -0.05534812  0.00766633  0.48855732]
[ 0.21366127  0.05286045 -0.32266502 -0.2471906 ]

Right eigenvectors

[  1.          14.51866209   2.73949126   0.39316314]
[ 1.         -0.3328599   1.58148375 -1.27117836]
[ 1.         -0.09373156  0.01298286  0.8273675 ]
[ 1.          0.24740303 -1.51017083 -1.15692748]
