Cluster centers 

[-1.01216126 -0.37216351  0.48421211 -2.79660649]
[-1.26220755 -0.17207306 -0.25488756  0.12583372]
[ 1.39275739 -0.79287536 -0.20460393 -0.30608153]
[ 0.6616893   0.66904091 -0.76321055  1.03583492]
[ 1.28322254  0.28940088  0.95349556 -2.34218706]
[-0.63844908 -0.65694328  0.76436516  0.63634614]
[ 0.00851223  2.48645617 -0.12880841  0.12172211]
[-0.65036174 -0.00974125  1.2999041   0.51287444]
[ 0.64090516 -0.21567928 -0.87771759 -1.01733897]
[-1.478549    0.30871519 -1.78746465 -0.32834308]
[ 0.36231489  1.96127641 -0.11817291  0.5163825 ]
[ 1.15293529 -0.5504771  -0.83672948  1.14752481]
[-0.98210338 -0.70258651  0.02050416  0.32782583]
[-0.42819176  0.81376173 -1.84972474  0.27229399]
[-1.32965922 -0.58541401 -1.30907383 -0.89847774]
[ 1.29507372 -0.45131082  0.05954543 -1.03683756]
[ 0.64499703 -0.40767183 -1.39499433  0.22220142]
[-0.17523544 -0.66378532  1.48211703  0.9358848 ]
[ 1.41957082  1.11584907  1.36028964  1.30035395]
[-0.0260234   3.47347703  0.72610844 -0.45121487]
[-0.98843604  0.47363123  1.07478789  0.18778535]
[-1.0883624  -1.05576201 -0.5298422  -1.02153221]
[ 0.35501586  0.40818434 -0.37012193 -2.28958266]
[-0.53131139  1.24960225  0.09898222 -3.87553593]
[ 2.05381749 -1.10386064  1.34311858 -0.68609828]
[-0.18812714 -1.5401627   0.80820733  0.8691697 ]
[ 1.0486559   0.78925335  0.06139386  1.25641289]
[-1.31550326  0.18105556 -0.06446587  0.07432758]
[-0.35202937  2.28476184 -0.69741503  0.04450472]
[-1.16904277 -0.177226   -0.29267941 -2.61418236]
[ 0.30971675  1.33939813 -0.7325625   0.70511093]
[ 0.56291278  0.02457532 -1.36957536  0.82197794]
[-1.32416529 -0.51917294 -0.87101419 -0.14413061]
[-1.59555327  1.26822526 -0.00632633 -0.3539219 ]
[-0.9613143  -1.19743917 -0.21807774 -1.0872624 ]
[ 1.22629742  0.16074838 -0.12003332  1.47129131]
[ 2.13329342 -0.55036622  2.25393914 -1.71016462]
[-0.43565076  0.28555877  1.91827402  0.51181366]
[ 1.70976179 -1.08193226  0.24745944 -0.09151023]
[ -9.13015051e-01  -5.41070420e-04  -2.01348579e+00  -1.00451031e+00]
[ 0.85426793 -0.10685665  2.880558    1.30471276]
[ 0.2365424  -0.21847554 -1.63555131 -0.34045409]
[-0.99718152 -1.21617722 -0.42612798 -0.29955386]
[-0.89172509 -0.88274652  0.39593288 -2.08510606]
[ 0.96564305  0.00963006  0.00639165 -1.72543391]
[-0.82114565 -0.17100049  0.83497094  0.45557105]
[ 0.58072175  2.7239894   0.94706783  0.21019482]
[-0.70488502  0.29875256 -2.18787748 -0.17733624]
[ 0.97857161 -0.38388521 -0.51549712 -0.87767616]
[ 1.18525819 -0.78310171 -0.86473978  0.71164341]
[-0.09735565  1.76492953 -0.87265009  0.36321659]
[-1.61122861  0.8428481  -1.28684999 -0.28802543]
[ 0.96098188  1.62285951  0.6464766   0.91569643]
[-0.57977043 -1.09486159  0.51870451  0.64445767]
[ 1.35454452 -0.25464146  0.4372721  -1.4718448 ]
[-1.12037132  0.02678486 -0.95214252 -2.36443808]
[-1.06216827  0.24018235  0.68554181  0.22198385]
[-0.58621165  4.14946636  0.75400516 -1.10994376]
[ 0.97240885  0.41297172  0.52806748 -2.42536428]
[ 1.5410532   0.41312334  1.64464044 -2.6350189 ]
[ 0.49077814  1.39364066 -0.42007201  0.78728503]
[-0.96355435 -0.23215693  0.47965642  0.37287267]
[ 0.23852179 -0.86113088  1.82130761  1.22233096]
[-0.18818462  0.328879    2.31444264  0.60531931]
[-0.82887308 -0.62373047  0.42595351  0.48913914]
[-0.99525186 -1.05588941 -0.31140909  0.09852349]
[ 0.94213406 -0.01924253 -0.83534933  1.20718014]
[ 0.97824431 -0.55163642 -1.1010953   0.80948539]
[-0.30572708 -1.89112794  0.52024785  0.16082663]
[ 0.64873505  1.68578092  0.0971208   0.75995274]
[-1.13866443 -0.06022591  0.21341808  0.2311534 ]
[ 0.66878599 -0.37790874 -1.11736083 -0.492938  ]
[ 1.21759994 -0.73955395 -0.56182364 -0.12609337]
[ 1.00834668 -0.65397138 -0.92889834  0.06816768]
[ 0.1120361   1.00213615 -1.24870111  0.64669658]
[-0.49545374  1.35974526 -1.53247553  0.23291032]
[ 1.85734035 -0.65327053  1.21022289 -1.21044419]
[-1.04267143  0.84525587  1.30747553  0.01749482]
[-1.1015856  -0.60031513 -0.19239268  0.22276794]
[ 1.23894242  0.10619053  0.6425465  -2.02955284]
[-1.24039062 -0.84874915 -0.95916823 -0.73513789]
[ 0.5566923   0.70229605  0.25450713 -2.80585656]
[ 1.39113583  0.34220983  1.23850967 -2.46735641]
[-1.24361704  0.96231863 -1.9067263  -0.18040455]
[-0.81447312 -1.16558193  0.02072199  0.31725389]
[-0.7846896  -1.23965664  0.32242439 -1.4858117 ]
[ 1.33053789 -0.40071742 -0.37165098  1.50517678]
[ 0.09842151 -1.28518192  1.34945     1.17067485]
[-1.51344431  0.53005954 -0.46383624 -0.11932348]
[ 1.45702401 -0.99046687 -0.51903656  1.1210402 ]
[ 1.69375945 -1.24497216 -0.03879144  0.52621382]
[-0.67322371  0.34742061  1.58068722  0.37813708]
[ 1.82283164 -0.94554805  0.75755971 -0.61476834]
[-0.7519464  -1.51247026 -0.00409512 -0.42244337]
[-0.20096627  0.09505544  2.09179223  0.69853595]
[ 0.38229773  0.55761304 -1.25115909  0.83497849]
[ 0.40760859  0.947859   -0.91588105  0.84102132]
[-0.35048733 -0.30302176  1.53626142  0.75726218]
[ 0.85609593  1.36648782  0.19133266  0.97797417]
[-0.12566546  2.73637165 -0.06856321 -0.06113072]

Populations

0.134486581744
0.104501394642
0.115135715687
0.645876307927

State labels

0
1
2
3

Eigen uncertainty

nan
0.104930133794
0.0941808738787
0.090341236721

Eigen values

1.0
0.661582283066
0.56059883289
0.494598078816

Left eigenvectors

[ 0.13448658 -0.1331729   0.24019942 -0.2024084 ]
[ 0.10450139 -0.25058325 -0.17306749  0.02892283]
[ 0.11513572  0.14294483 -0.17510824 -0.22535164]
[ 0.64587631  0.24081132  0.10797632  0.39883722]

Right eigenvectors

[ 1.         -0.99023185  1.78604744 -1.50504534]
[ 1.         -2.39789387 -1.65612613  0.27676976]
[ 1.          1.24153334 -1.52088551 -1.95726964]
[ 1.          0.37284433  0.16717801  0.61751331]
