Cluster centers 

[ 1.11947911  0.19534523 -1.2163729   0.16431167]
[-1.03911526  1.73522567  0.12132368 -0.53736958]
[-0.94677104 -1.26236585  0.20929557  0.29650346]
[ 1.09319813  1.30623682  1.1150652  -0.25848303]
[ 1.09155067 -0.41337233  0.95076841 -0.6629458 ]
[  1.13470392e+00  -1.86982851e-01  -5.32475939e-04   3.40456999e-01]
[-0.82479258 -0.30454454 -2.98429511 -1.38414923]
[-0.96680093 -0.84800367 -1.57673988 -0.08291059]
[ 1.06363846 -0.55459846 -0.41964029 -1.19124505]
[-1.08266818  0.45394028  0.87588475  0.94055604]
[ 1.00751055  3.00967452 -0.0235731  -1.90329135]
[-1.11079947  2.8286477  -0.62014246 -0.55610202]
[ 1.10547605 -0.11201104  0.20910241  0.75178267]
[-0.77998699 -0.6574169   1.04090057 -0.63419108]
[ 0.99064704  0.31828582 -0.99449273  1.18583837]
[ 0.99524285  1.20859464 -2.93191374  0.32804543]
[ 0.56265723 -1.08678346  0.74281757 -1.99800893]
[-1.19756366  5.40121773 -2.93940021 -1.28128281]
[ 0.97504931  1.27351287  0.96843295 -1.57662605]
[-1.01217253  0.45414888  0.82633618  0.03853206]
[ 0.96451663  0.11264257 -0.13266585  1.56999236]
[-0.81446649  0.14237025  0.91351964 -0.80541812]
[-1.006784   -0.87485305 -1.30046357  0.35456599]
[-1.04642403 -0.56093837  0.80080848  1.91754302]
[-0.74855787 -1.36123604  0.50304215 -0.57649291]
[ 0.67393483  1.43047834  0.66828344 -2.53747703]
[-0.99095287 -0.94461716  0.83179344  0.58211414]
[ 1.13345783 -0.13559688  0.89201351  0.24053138]
[ 1.13339315 -0.22736075  0.95339364 -0.10907406]
[-1.02114954 -1.02078112 -0.67947076  0.72590832]
[-0.85907272 -1.28062592 -0.58047937 -0.35758532]
[ 0.95005065  1.8788088   0.99494464  1.08529973]
[-1.04332975 -0.98792145  0.25052494  1.38841639]
[ 0.81993196  0.3608392   1.19781751 -1.82564331]
[ 1.06263516  0.93110495  1.25786202  0.77439728]
[-0.68802272 -0.13676261  0.59256466  3.37265677]
[-1.11121382  1.94525645  0.1611211   0.71796634]
[ 1.13159992 -0.44053493  0.07389784 -0.47387509]
[-0.70120435 -1.31431495 -0.7849729  -1.01839189]
[-0.7200277   0.93431626  0.53016669 -1.53734015]
[-1.01629145 -0.37699019 -2.43187378 -0.00490686]
[-0.86549193 -0.57141055 -2.4292296  -0.97522443]
[-0.95862423 -1.17184368 -0.59240655  0.19097774]
[-0.95028824 -0.44140466  1.01830623  0.07192049]
[ 1.06466919  0.04617679 -0.36512908  0.94607677]
[ 1.08575677  0.52451303 -1.82771607  0.24926967]
[ 0.86385032 -0.94904436  0.35095931 -1.67382605]
[-0.10656978 -0.18589568  1.09486438 -1.99089281]
[-0.55998221 -1.47826507  0.13232245 -1.15361294]
[ 0.93802663  0.70809769 -1.86551471  1.10069309]
[-1.09767589  1.27537622  0.57787423  1.12777235]
[ 1.07235415  0.06000622  0.83978036  1.086216  ]
[ 0.84728923  0.15175655  0.257023    2.13468263]
[ 1.03528775  2.05348117  0.63970253 -1.41799131]
[ 1.0351861  -0.69800827  0.39496852 -1.10512607]
[ 1.14320725 -0.29056488  0.26610031  0.08031154]
[ 1.14019584 -0.28442546 -0.47439512 -0.4628529 ]
[-1.06216841  0.27301767  0.95889801  1.73029915]
[-1.12984315  3.06421153 -0.58216531  0.54084269]
[ 1.11854544  0.33703657  1.26048442 -0.00243577]
[-0.97474726 -1.18793609 -0.39856573  0.34977387]
[-0.7698745  -0.96155843 -1.70409068 -1.10336434]
[-1.11602721  2.29490188 -0.1653165  -0.01444579]
[ 0.9495304   0.20460839  0.7859046   1.78555189]
[ 1.0596578   0.15961154 -0.76572424  0.852476  ]
[-0.89510932 -1.12948975  0.76355496  0.01493334]
[-0.99934475 -1.12519319  0.50804286  0.70051544]
[-0.88613216 -1.11236119 -1.10653308 -0.39739017]
[ 0.7426268  -0.68144908 -1.28053341 -2.28116784]
[-1.04320152 -0.87288618 -0.5881971   1.35967654]
[-0.99932506  0.95113914  0.58003408 -0.33928084]
[-1.09584203  1.5979883   0.28742509  0.18093084]
[-0.93649056  1.62503369  0.14235769 -1.07054397]
[ 1.12025894 -0.06920928 -0.35167791  0.462603  ]
[ 1.14323486 -0.1354767  -0.52683642 -0.01858691]
[ 0.94394498 -0.6801454   0.93202788 -1.3562788 ]
[ 1.08847973  0.21939722 -1.08149844  0.52874556]
[-1.01929208 -1.10481447 -0.25155386  0.82261458]
[ 0.98953589 -0.13981017  1.25570777 -1.20853085]
[-0.9440711  -0.73356567 -1.927566   -0.36807459]
[ 1.1344411  -0.4142429   0.54188346 -0.2857827 ]
[-0.45563697 -1.3688908  -0.78283049 -1.64788035]
[ 0.32373792 -1.23693645 -0.41864213 -2.22044864]
[-1.04801164 -0.79121495  0.79667497  1.23051425]
[-0.94244859  2.2541336  -0.31248076 -1.41195215]
[ 0.83941234  0.33946341 -0.79806421  1.84006692]
[-1.03013145 -0.85488796 -1.14228595  0.71847839]
[-1.09620246  3.09844189 -0.88592613 -0.94641075]
[ 1.13855702  0.48150857 -2.18052627 -0.74396342]
[ 0.93159689  1.22080715  1.22224102  1.52883546]
[-1.03281986  0.14546051  0.93940502  0.39642241]
[ 1.03871564  0.63461689  1.23829672 -1.05692393]
[ 1.02931213 -0.44089101 -1.01686575 -1.55737918]
[-0.06364248  0.99057576  0.6018221  -2.60780379]
[-1.04872436 -0.35909385  1.00682901  0.9315269 ]
[-0.45229856 -1.14807085  0.9754425  -1.3611804 ]
[-1.07790689  0.8936868   0.67253541  0.42637297]
[-0.89462008 -1.31399513 -0.18130141 -0.07553324]
[ 1.0577643  -0.02664519  0.26448194  1.14986517]
[ 1.13750301 -0.00219438 -1.30857145 -0.73959956]

Populations

0.00617906740836
0.0600237179453
0.445413232662
0.488383981984

State labels

0
1
2
3

Eigen uncertainty

1.06246245281e-10
0.0405719444188
0.224503738713
0.0796947198466

Eigen values

1.0
0.441133374374
0.329279823902
0.235668270711

Left eigenvectors

[ 0.00617907 -0.01112539  0.07657165  0.01240545]
[ 0.06002372 -0.01715345 -0.04501878  0.23259394]
[ 0.44541323 -0.46290091 -0.0766436  -0.16391702]
[ 0.48838398  0.49117975  0.04509073 -0.08108236]

Right eigenvectors

[  1.          -1.80049653  12.39210411   2.00765725]
[ 1.         -0.28577784 -0.75001644  3.87503385]
[ 1.         -1.03926169 -0.17207303 -0.36801112]
[ 1.          1.00572452  0.09232639 -0.16602175]
