Cluster centers 

[-0.68389141 -0.47876652  0.74204179  0.38906334]
[ 0.3964449  -0.38084061 -1.34808932 -0.1611665 ]
[ 0.88052443  1.23958647  0.21056653  0.56439089]
[ 1.20414872 -0.59941012 -0.59470204 -2.34110177]
[-0.69052734  1.61695884 -0.79330794  0.22315907]
[-1.06949744  0.2705133   1.15065526 -0.37841346]
[-0.82914645 -1.19253008 -0.17386643  0.67888243]
[ 0.04144065 -2.23002865 -0.43342273 -0.10387432]
[ 2.50846947  0.37340312  1.17946038  0.63899816]
[ 1.07005321 -0.942611    1.5737843   0.6541531 ]
[ 0.13884117  0.88362129 -0.7789268   0.99044734]
[-1.68178013  0.05389405  0.41080813 -0.22940243]
[-0.66729559  0.40154132  1.64883792 -0.68287291]
[ 0.57854814 -1.30122345  0.11592707  1.68031732]
[-0.02966698  1.95106589  0.15691406 -0.08715372]
[ 1.0141438  -0.78324805 -1.00378695 -1.16809103]
[-0.63897387  0.76727853 -1.1929084  -1.28912265]
[ 1.0535692   0.57799091 -0.12302928  1.21215058]
[ 2.64132634 -1.64799821  0.02989507 -2.88671294]
[ 0.51996611 -0.75684898 -1.39777499  0.90937066]
[-0.86972824  1.02761938 -1.29567165 -0.64939181]
[-2.21077834  0.17471738  0.03673634 -0.72884963]
[-0.29477506  0.75120963  2.26561956 -1.33408993]
[-0.63567574 -1.79547586 -0.07771046 -1.23175514]
[ 0.11723803  0.28672349 -0.6715228  -2.66299981]
[ 0.31188533  1.30145356 -0.26565186  0.6498643 ]
[-0.23830249  0.38578893 -1.31001868 -0.72619528]
[-0.39740184  0.04100544  1.58199007 -0.34582489]
[-1.21441772 -1.12910544 -0.23585267  0.03394552]
[ 2.14945638  0.94302698  1.19832657  0.19372104]
[-0.06249645  0.28897828 -1.37580287  0.73094879]
[ 2.01086913  0.59309519  0.81755388  0.73839713]
[-0.49540032 -0.74822117  0.55310887  0.69603914]
[ 2.09736087 -1.40794304 -0.34867882 -2.30815486]
[-1.42096948 -0.28984684  0.33328251  0.06866146]
[ 0.5285622  -0.17289145 -0.93808661 -1.7475919 ]
[ 0.36224806 -0.91316558  0.98707953  0.88264379]
[-0.63422297  0.97483982 -1.30528951  0.15039845]
[ 0.56115629  1.75370915  0.4558131  -0.01883179]
[ 1.52219761  0.92650402  0.56893371  0.63816771]
[ 1.85785072 -0.80229791 -0.02896404 -3.38679403]
[-0.4713108  -1.45121489 -0.32750609  0.99501166]
[-1.03619414 -1.02040488 -0.10229254  0.48726462]
[-0.15220268  1.08892617 -0.86745925  0.75954986]
[ 2.38857811 -0.17122425  0.87889845  1.22252507]
[ 0.28313361  0.53111287 -0.89788094  1.23231427]
[-2.66384201  0.90873354 -0.02645544 -1.27926517]
[ 0.06529474 -1.4514416  -0.26854832  1.52935587]
[-0.81729866 -0.78098316  0.27619053  0.63330909]
[ 0.67941566  0.92037115 -0.24685746  0.97294036]
[-0.55008071  2.20609501  0.08843059 -0.37011993]
[-1.41660741  0.48615773  0.99523059 -0.5306755 ]
[-0.61278642 -0.21932248  1.10350941  0.07514044]
[-1.68059655 -0.63316873 -0.12037576 -0.33514345]
[-0.59896113 -1.81992624 -0.28748318 -0.46213436]
[-1.27402359  0.1244308   0.83687741 -0.20686943]
[-1.37710512  1.48250552 -1.17758253 -0.87520179]
[ 1.14634293  1.4447431   0.67174415  0.14708617]
[-0.77162846  1.00951266 -1.31423602 -0.2585938 ]
[-1.78659167  0.94062326  0.92403848 -0.85297655]
[ 0.4244868  -0.3369678  -1.2834759  -0.51306137]
[ 0.27555268 -1.82651681 -0.78555913  1.41295226]
[-0.37810093  0.48292507  1.99533022 -0.94449525]
[-0.61550194  1.21353038 -1.12110159  0.36675637]
[ 0.99338352  0.27607067 -0.34798268  1.47154099]
[-0.03334593 -0.74820182  0.93022803  0.68567407]
[ 0.09592703  0.07048902 -1.24983036 -0.8731135 ]
[ 0.76044759 -1.44123242 -1.27089875  1.11897357]
[ 0.3647819  -0.42368586 -1.40889986  0.34838607]
[-0.02467343 -1.02206655  0.48569791  1.08645416]
[ 2.15984629 -1.72192584 -0.45899157 -1.81939957]
[-0.0352926  -0.13423668  1.74482972 -0.27615417]
[-0.13221869  0.68532421 -1.16855488  0.87268057]
[-0.50357641 -1.7570665  -0.44913663  0.37494741]
[-0.45438912 -0.40724321  1.02668481  0.28327508]
[ 0.08667894  1.52677307 -0.24630106  0.4344129 ]
[-0.20047592 -2.13339595 -0.18686641 -0.83034047]
[ 1.39064903 -0.65817568 -0.43005817 -2.66835012]
[-1.10319785  0.75157524  1.48134233 -0.87857239]
[-0.3958742   0.75245688 -1.31846976  0.44795412]
[ 0.72421774 -0.46195481 -1.04254923 -1.27534041]
[-0.19051752  0.32288422 -1.37457118 -0.34663432]
[-0.20338948 -0.28849075  1.40477686  0.03808609]
[ 1.16476936  1.01811152  0.2981564   0.70701961]
[-1.37291527 -0.67101168  0.02121588  0.18707154]
[-0.65144429  0.1711012   1.46385502 -0.40760142]
[ 0.96483382 -0.45934247 -0.72833834 -2.11706935]
[-1.0141374  -0.27045416  0.69161008  0.16984064]
[-0.27269977  0.2305527   1.88489108 -0.67283462]
[ 0.48756536  0.06709761 -0.52186158 -2.90406947]
[ 1.11605496 -0.75513264 -0.86899259 -1.56412801]
[-1.09059691  1.90846955 -0.73659959 -0.14080016]
[-2.35993554  0.18672431 -0.09441199 -1.15795809]
[ 1.77142078  0.63929481  0.61317693  0.83323455]
[-1.44479523 -0.99077221 -0.20672285 -0.41410291]
[ 0.59462753 -0.78537049  1.43580406  0.54288083]
[ 0.05285807  0.29694349 -1.26964889  1.02623757]
[ 0.44968427 -0.60674092 -1.3610361   1.23408402]
[ 1.48166466  0.45535786  0.22469331  1.17297126]
[-0.55798742 -1.09837871  0.04681237  0.94772369]

Populations

0.0360870462018
0.538757440772
0.148282172399
0.276873340626

State labels

0
1
2
3

Eigen uncertainty

2.77510616122e-10
0.184080425233
0.0824721708977
0.116692394682

Eigen values

1.0
0.715785668006
0.605496822431
0.54268525464

Left eigenvectors

[ 0.03608705 -0.17631815 -0.05859331 -0.01623288]
[ 0.53875744 -0.02746497  0.46421397 -0.17957985]
[ 0.14828217  0.00935353 -0.03476982  0.35355076]
[ 0.27687334  0.19442958 -0.37085084 -0.15773803]

Right eigenvectors

[ 1.         -4.88591237 -1.62366613 -0.44982564]
[ 1.         -0.05097836  0.86163816 -0.33332227]
[ 1.          0.06307929 -0.23448414  2.38431064]
[ 1.          0.70223295 -1.33942415 -0.56971187]
