Cluster centers 

[ 0.15026233  1.02183034 -1.20840344  0.16251749]
[-0.51139843 -0.98231306 -0.61294388 -0.48240871]
[ 1.01391066  1.59383057  1.74248514 -1.60785588]
[ 1.40693994 -0.36078628  1.19656522  1.2927186 ]
[-1.71124516 -0.61546574  0.24433904  0.97791596]
[ 0.62718596 -1.04120106 -0.5301601  -1.45838326]
[-0.18573406  1.43396633 -0.27526851 -0.20104496]
[ 0.47937619  0.2011801  -0.51978002  1.24013636]
[-1.31398084 -0.06734379  1.02485803 -0.68524152]
[ 0.38163973 -0.87083663  0.12324494 -1.56381606]
[ 0.27176612 -2.15152195  0.4993707   0.7365266 ]
[ 3.3807223  -1.12365308  4.00322238  0.57171673]
[ 1.32671405  1.06944426 -0.23491302 -1.28618039]
[ 0.15413093  0.5087525  -1.03820096  1.03142987]
[ 0.83490882  0.27302013 -1.76842815  0.60176574]
[ 1.70647329 -0.48009589 -0.45246912  0.98501533]
[-2.05887892  0.13017886  0.46165029  0.41996682]
[-0.62671308  1.84158294  1.87931514 -0.78032037]
[ 0.42624656 -1.52917044 -1.60713584 -0.43949154]
[-0.91190613 -1.32026206  1.58638983  1.33462883]
[ 0.58292689  1.53655056  0.73183414 -1.09666003]
[-0.70333656  1.01745107 -0.7270479   0.90313014]
[-0.790609   -1.48204906  0.41715402  0.96937599]
[ 0.83230778 -0.06404055  0.29987851  1.34891655]
[-0.17091659 -0.79298648  0.03025467 -1.15010066]
[-1.44016515 -0.53106147 -0.05932855  0.1037639 ]
[ 1.71445321 -0.49980454  1.91769873  1.23564936]
[-1.10791815  1.59466007  0.41941252  0.08493374]
[ 0.00377193 -0.00770865  1.8667154   1.70691175]
[-1.9878287   0.88946775  0.26965268  1.2072966 ]
[ 0.58850926  1.38903577  0.06289298 -0.88615462]
[-0.55711478 -1.39902432 -0.74786874  0.28907372]
[ 1.04394194 -0.82449602  1.02926286 -2.23473294]
[ 0.13522195  1.83480778  2.22098366 -1.25723357]
[-0.50782782  0.70863587 -0.55220775  1.24300022]
[-0.89345818 -0.43525369  0.5210975  -0.81929277]
[ 0.05164345  1.57132981  0.38799827 -0.6535021 ]
[-0.48347289  1.36368591 -0.47401563  0.16516196]
[ 0.20722984  1.25999038 -0.68318141 -0.28654614]
[ 2.26414008 -0.8803511  -0.86169199  0.7212837 ]
[ 0.87108366  0.61401783 -1.82025703 -0.08514303]
[ 0.14723483 -1.13652977 -0.90466263 -0.88879255]
[-1.56204391 -0.28615334  0.25053445 -0.04844497]
[-2.10773711  0.78528824  1.22074138  0.02846941]
[-1.69800382 -0.35996438  1.23882621  1.60618895]
[ 0.91610945 -1.31672495 -1.57427919 -1.07756498]
[ 0.48741373  0.05227965  0.51052244  1.46197954]
[ 1.40239174 -0.32553542  0.22852028  1.18877432]
[-0.13846726 -0.67655761  0.50243602 -1.36163076]
[ 1.41776105 -0.98464918 -0.07292426 -2.0990747 ]
[ 0.0949318   1.70078226  1.13133787 -0.93283499]
[ 2.08758067 -0.66537925  1.50798323  1.08447454]
[-0.80951617 -1.39786026 -0.20764088  0.69784049]
[-0.58846141  1.53231861  0.01927067 -0.05989633]
[ 1.12240281 -0.27416797  1.68573198  1.41297011]
[ 0.27927792 -2.00872919 -0.67075352  0.4315977 ]
[ 0.58923906  0.59893601 -1.72006927  0.34502294]
[-1.8422137  -0.3297068   0.13667373  0.60740475]
[-1.1773959   1.25007202 -0.31450689  0.77145206]
[ 0.4574577  -2.2738406   1.2574394   0.80156999]
[-0.31818228 -0.90993757 -0.41025874 -0.81412265]
[-0.09563663  0.47066833 -0.47635089  1.30825162]
[ 0.60009872  1.81205242  2.71351045 -1.60422155]
[ 1.04313537  1.3133253   0.30628891 -1.25926001]
[ 1.43497243 -0.28535727 -1.1538101   0.88640134]
[-0.14679645  1.17143067 -0.92500458  0.21403745]
[ 0.43985498 -0.75744056  0.75749158 -1.81518867]
[ 0.77464306 -0.22555198  2.38271355  1.54120377]
[-1.19904868 -1.12318196  0.13760404  0.89820955]
[-0.55343594 -0.72976743 -0.03514958 -0.82416297]
[-1.06927265 -0.75342903 -0.28413647 -0.12772265]
[-0.81774726 -0.33697488  0.91756356 -1.03489795]
[-2.10548566  0.41151361  0.53683278  1.39975988]
[ 1.010938   -1.12330337 -0.90148207 -1.53852438]
[ 0.74269194  1.10322295 -0.81421933 -0.64360374]
[ 0.80043921  0.11548943 -1.08831938  1.01107374]
[ 0.12840325 -0.83815439  0.0786499  -1.38136397]
[ 1.04811541  0.72002004 -1.57264372 -0.49844765]
[ 1.6278275  -0.45977911  1.50006715  1.24319967]
[ 0.13037613  0.20836936  0.32873068  1.50107434]
[-1.12625017 -1.20912433  0.79961783  1.18424687]
[ 0.19710634  0.7281514  -1.41911317  0.60649829]
[ 0.19206386  0.28628883 -0.24593917  1.35959111]
[ 1.25046735 -0.28770875  1.00323427  1.3237557 ]
[ 0.98573771 -1.0328529  -0.42665133 -1.7272333 ]
[-0.09671848  1.50688847  0.01949788 -0.407794  ]
[-1.20886792  1.67757615  0.93033507 -0.11055491]
[-0.49892967 -1.20140673 -0.87591227 -0.13187995]
[-2.24776327  0.5928937   0.67462996  0.53460575]
[ 1.06767582  0.26783815 -2.10128751  0.19999447]
[ 1.79110402 -0.52948946  0.29625742  1.07827886]
[ 1.36960264  0.87833294 -0.81216981 -1.12499537]
[-0.23807136  0.88975108 -1.05758009  0.7673034 ]
[ 1.35140921 -0.25361151 -0.78637113  1.00745927]
[-2.04547711 -0.09835747  0.29939024  0.82038565]
[-1.4580898  -0.90424488  0.53905311  1.15818505]
[ 0.61763061  0.88515937 -1.43195969 -0.16624778]
[-1.03926925 -0.53404308  0.12527281 -0.49654521]
[-1.62638484  0.10976797  0.9907925  -0.4009367 ]
[ 1.23855833 -0.22195112 -0.2018456   1.16326333]

Populations

0.128874516744
0.431678656784
0.32613490662
0.113311919852

State labels

0
1
2
3

Eigen uncertainty

8.31865439245e-11
0.170705970057
0.120268153972
0.0960556058898

Eigen values

1.0
0.671044047642
0.585781767421
0.477940660724

Left eigenvectors

[ 0.12887452 -0.10636901 -0.29775757 -0.11086903]
[ 0.43167866 -0.20539864  0.09626347  0.44031459]
[ 0.32613491  0.00801215  0.27863868 -0.37691806]
[ 0.11331192  0.3037555  -0.07714458  0.0474725 ]

Right eigenvectors

[ 1.         -0.82536881 -2.31044565 -0.86028668]
[ 1.         -0.47581375  0.22299798  1.02000546]
[ 1.          0.02456697  0.85436631 -1.1557121 ]
[ 1.          2.6807021  -0.68081609  0.41895416]
