Cluster centers 

[ 1.13321813  0.27866333  0.4979684  -0.14233421]
[-1.05019029  0.71936478 -1.44518131  0.94715257]
[-0.95990831 -1.51248936  0.19074709 -0.64496414]
[-0.99796445  0.73389253  0.98135082  0.27847738]
[ 0.97271722 -0.58212092 -1.01713392 -0.56402127]
[-1.14475134 -0.2502864  -1.33617532  2.52150368]
[ 0.77227486  1.52514488 -1.21488699  0.25086842]
[ 1.15011667 -1.26058355  0.36631168  0.43312303]
[ 0.90994824  0.58477615 -0.58144376 -0.85574561]
[-0.89528012 -0.70289812 -0.58482624 -1.35727979]
[-0.95036869 -0.27188626  0.53425065 -1.10883334]
[-1.12047917  0.06841189 -0.94943329  2.03392665]
[-0.95607739  0.81126152  0.52789101 -0.95286069]
[ 0.891062    0.15111914  0.63799913  3.12814388]
[ 1.15851515 -0.72726968  0.61311224  0.24426716]
[-0.93428755  0.09262265  1.43048714 -0.65971293]
[-1.01307941  0.50979867  0.66469241  1.10636114]
[ 0.53454658  1.48525524 -1.17482713 -1.04060408]
[-0.3579934   1.62775818 -1.9387235  -0.58616625]
[ 1.08857424 -2.65390522 -0.32628964  1.15101954]
[ 1.14258839 -0.42318233  0.26011057 -0.04837772]
[-0.99981634  1.04911265 -0.0551741  -0.1605401 ]
[-1.07888071  0.65617209 -0.6468634   0.97716859]
[-0.997261   -2.61037464 -1.1414858  -0.30036709]
[ 0.921709    1.32331933 -0.37531835 -0.37159223]
[ 0.38752064  0.67935109 -1.42647728 -1.56140785]
[-0.76484446  0.34319827  2.12299721  1.0683524 ]
[ 1.02562163  0.40727347  2.09775736  1.00598641]
[-1.23588291 -1.18251598 -3.06994562  3.63471351]
[-0.82098131  0.26695916 -0.42067356 -1.62313854]
[-0.92440872 -0.75403633  1.12248788 -0.66487608]
[ 0.97196132  0.56244074  1.48385026  2.0834513 ]
[ 1.15523395 -0.18692554  1.26907406  0.33040029]
[-0.34746942 -0.41147802 -1.96967213 -1.72004777]
[ 1.07412778 -1.92976467 -1.28800471  0.30443693]
[ 1.12165505  0.95051946  0.80007784  0.47541729]
[-0.90978    -0.56270459  0.00799455  3.20405912]
[ 1.07924531 -1.27757753  1.35220716  0.78340863]
[-1.11949496  0.30159202 -1.45361067  1.64699043]
[ 1.13469904 -1.92625117 -0.37111795  0.61435439]
[ 1.09728889 -0.48749985 -0.2502344  -0.24891074]
[-0.89692424 -1.8139316  -1.60119445 -0.99899061]
[-0.95471388  0.61024355  1.44462435 -0.13310667]
[ 0.7953074   0.88741808 -2.23445988  1.87280522]
[-0.8897086  -1.25129004 -1.10195508 -1.22016163]
[-0.941863    0.38565593  0.52399238 -1.19143245]
[ 1.02728944  0.13996458 -0.32879107 -0.58010895]
[-0.92975777  1.14463215 -1.3003113   0.13069917]
[-0.95777676 -1.10292732  0.30979588 -0.84084715]
[-0.96816616  0.58217602  0.96684231 -0.77429592]
[ 0.92059262 -0.20769422 -0.6389521   3.77319585]
[ 1.14425989 -0.93506983  0.96735223  0.47664526]
[ 0.79874179 -1.49391842 -2.28406658 -0.49585704]
[-0.89345842 -1.43473215  1.01593651 -0.35564195]
[ 0.95611751  0.03737194 -0.70486451 -0.74826628]
[-0.97407851 -2.39948013 -0.37976006 -0.22890192]
[-0.89671591 -0.51346935  1.50998859 -0.55772862]
[ 1.00592874  1.27459681 -0.35357571  0.7919335 ]
[ 0.63645123  1.4406129  -1.9299105   0.63851436]
[-0.93525913  0.34558484  1.06814373  1.45277287]
[-1.13435351  0.10455519 -1.9929558   1.95143886]
[-0.97185901  1.01842925  0.29753617 -0.65138814]
[ 1.14802974 -1.05235213  0.11341049  0.21791076]
[-1.05270068  0.73056272  0.11061052  0.68387592]
[-0.92101602  1.23440526 -0.57020761 -0.46302306]
[-0.9528152  -0.03951198  0.79382646 -1.04069965]
[ 0.80751142 -0.47545337 -1.47045325 -0.88409946]
[-1.05152748 -0.4043896  -0.54723738  2.8493207 ]
[ 1.0618188  -1.38762995 -1.05494934 -0.02653219]
[-0.84731914  0.1755009   2.11351257 -0.12416031]
[-0.92704513 -2.31192603  0.22653187 -0.07787506]
[ 0.91401166  1.28416534 -1.02496751  0.99457297]
[-0.9480575  -0.89670594  0.69164484 -0.79174346]
[-0.93746323 -0.79504363 -0.22454102 -1.19397668]
[-0.96166269 -1.27485915 -0.21643716 -0.93671755]
[ 0.06736559 -0.66696852  3.29220078  0.86707187]
[ 0.7392538   1.4520197  -0.85398573 -0.7199437 ]
[-1.16995054 -0.26870594 -1.89005751  2.50540668]
[ 0.75399501  0.26649933 -1.17765256 -1.14569182]
[ 1.13676374 -1.3978239  -0.26540728  0.28880023]
[-0.94069863 -0.35079528  1.07841397 -0.82761061]
[ 1.09781488  0.8452101   0.41351255 -0.13422975]
[-0.92787854  0.53718731  1.47201367  0.76283052]
[ 1.13548395 -1.75217484  0.19503342  0.67790312]
[ 1.0737648   0.44800365  0.0855538  -0.41271693]
[ 1.07548476  1.130462    0.30724561  0.16107367]
[ 1.16069005  0.1826143   1.0012325   0.15207033]
[ 0.47258102  1.6834786  -1.72250127 -0.21435002]
[-1.01801398  0.85311962  0.55702399  0.07414253]
[ 1.01816312  1.07382005 -0.00220467 -0.33396457]
[-0.89616405  0.42724359  0.08389829 -1.40367272]
[ 1.04184537 -0.09211436 -0.38575326 -0.51333521]
[ 0.89166863  1.46208982 -0.6554725   0.09920462]
[-0.83708605 -0.31485754  2.00322432 -0.30024373]
[-0.97286432 -1.68189862 -0.27620763 -0.70516527]
[-1.02929336  0.94753643 -0.54553233  0.34582746]
[ 1.11886625 -1.03690592 -0.34386084  0.02603451]
[-0.95363687 -0.62778671  0.41036786 -1.03271529]
[-1.0822685   0.29277859 -0.2567433   1.64162313]
[-1.03637104  0.07674285  0.04779701  2.05178907]

Populations

0.222733155163
0.5806849927
0.114527090918
0.0820547612191

State labels

0
1
2
3

Eigen uncertainty

1.35152198838e-10
0.0641242377022
0.0587540757176
0.0834730437282

Eigen values

1.0
0.383984892756
0.307770842485
0.284706606986

Left eigenvectors

[ 0.22273316  0.25898868  0.3213307  -0.05286341]
[ 0.58068499  0.10608865 -0.47209764  0.09674167]
[ 0.11452709 -0.20428669  0.04579037 -0.23996005]
[ 0.08205476 -0.16079064  0.10497656  0.19608179]

Right eigenvectors

[ 1.          1.16277561  1.44267117 -0.23733965]
[ 1.          0.18269569 -0.81300127  0.16659923]
[ 1.         -1.78374117  0.39982133 -2.09522526]
[ 1.         -1.95955287  1.27934761  2.38964548]
