Cluster centers 

[ 1.21332115  1.19875214  0.40800884  0.21953703]
[ 0.49611536 -1.8470884  -0.94573967 -0.9841499 ]
[-0.97311617 -0.01304965  1.17288105 -0.50262404]
[-1.21824672 -0.34551446 -1.32757967  0.24123161]
[-1.20628304 -1.83660591  2.63657508  1.08429512]
[ 0.98044823 -0.50233539 -0.43957785  0.08699652]
[-0.50414482  0.75967942  1.66932469  0.96564841]
[-0.95280907  0.64700107 -0.49398566 -1.74256661]
[ 0.55983449 -2.62814454 -0.45235524  1.45803634]
[-0.72759784  1.42534202 -0.11123303 -0.45632734]
[-0.17322485  1.65191656 -0.37089461  1.78731835]
[ 1.19903829  0.45294327  0.06454026 -0.80917169]
[-1.18007914 -0.40337138 -1.12581063  1.41791826]
[-1.12081119 -0.86398977  1.5630308  -0.49824235]
[ 0.9329858  -0.39471099 -0.49101379 -1.63261435]
[-0.67134655  1.15816511 -0.75346738  1.17921509]
[ 1.16998859  0.17499707  1.95075434  0.25750822]
[ 0.61067909 -2.26362933 -0.56676828  0.88419704]
[-0.95922152 -0.43298912  0.12846286 -2.61682126]
[ 0.74312228 -1.72088335 -0.47223425  1.08164236]
[ 0.82913282 -1.20686411 -0.57073569  0.19516831]
[-1.36761792 -1.35862247 -1.04355766  2.20046948]
[ 0.87248433  0.24391073 -0.14070017  2.00286623]
[-0.98763104 -0.7006431   2.11085822  0.71586955]
[ 0.8711488  -0.36811409 -0.02020412 -2.55882404]
[-1.04952896  0.46418487 -1.16832009 -0.18746479]
[-0.81833706  0.7228947   0.82417981 -0.36573572]
[ 1.11898869  0.26857352 -0.20204917  0.11994854]
[-0.95643431  0.86184675 -0.98385245 -0.56033726]
[-1.18601523 -1.4660275   2.21861319  0.41185819]
[ 1.1055209   0.06764659 -0.26526602 -0.71152817]
[ 0.95517625 -0.55861011 -0.51960993 -0.58439424]
[ 1.07149448 -0.02214537  2.37334523  0.84556515]
[-1.12458234 -0.06134033 -1.38512922 -1.22756557]
[ 0.38670526  2.08130943  0.11469353  1.61652238]
[ 1.12375373  0.9122543   0.01994725  0.7051087 ]
[-1.11791185 -0.01330251 -1.16089653  0.89525023]
[-1.2579186  -2.27668164  1.83583021 -1.082723  ]
[-0.877848    0.79642859  0.29922299 -0.98235203]
[-0.1283883   1.37970053  1.52947359  1.2291751 ]
[ 1.0204886   1.70106829  0.39868956  1.01587505]
[ 1.20694893  0.74215752  0.07758707 -0.11127085]
[ 1.14150172  0.25171843 -0.18368271 -0.43939955]
[-0.78311899  1.17516107 -0.82452361  0.48878459]
[ 0.96053859 -0.51452636 -0.3557689   0.82511023]
[ 1.25618056  0.95182772  0.88833166 -0.16383057]
[-1.04284615 -0.52561585 -0.83475503  2.64739253]
[-0.87001914  1.15243739 -0.5951199  -0.85516071]
[ 0.72437223 -1.72174632 -0.57890919  0.55977935]
[-0.92791439  0.23285653 -0.92391602  1.78485046]
[-0.41971385  1.76529374  0.38222885  0.41192449]
[-0.99651773  0.10145586  0.48745689 -1.49421671]
[-0.95351135  0.73199529 -1.03697041  0.2721731 ]
[ 0.61849597  0.92752828 -0.1138011   2.39995182]
[-1.00327017 -0.49961522  1.78472011  0.22488288]
[ 0.7638639  -1.18676287 -0.72683757 -0.73813639]
[-1.01426888  0.21845433 -1.15770529 -2.05137396]
[ 0.87973888 -0.68720009 -0.61913608 -1.15999297]
[-1.06135063  0.24986454 -1.13946434  0.65540531]
[-0.89896108  0.55088163  0.6612417  -0.7810078 ]
[ 1.05849241  0.81143887 -0.05201591  1.06535745]
[-1.12559962 -0.94507432  1.71594082 -0.25689629]
[-1.06822523 -0.55580479  1.45245372 -0.45991396]
[ 0.76631671 -1.51284462 -0.29920054  1.88151421]
[ 1.14504037  0.19490465  0.01726738 -1.31450028]
[ 0.48152721 -2.64072297 -0.67400777  0.59414594]
[-1.08438738 -1.14846867  2.29750115  0.79340848]
[ 0.97807117 -0.00142881 -0.21934737  1.32384178]
[ 1.15429088 -0.26952292  1.99621807 -0.1155836 ]
[-0.86204322  0.28255147  1.29816365 -0.03076715]
[ 1.16517616  0.63417564 -0.04491974  0.17263252]
[-1.24646327 -1.83521495  2.40324171  0.56678368]
[-0.80038203  1.18178531  0.03627822 -0.73686195]
[ 0.67722993 -1.62467715 -0.74574017 -0.30440753]
[ 0.46474438 -1.63630958 -0.99480475 -1.45446099]
[ 0.87499992  1.14958108 -0.01427976  1.74037965]
[ -7.87307261e-01   1.30283721e+00  -7.35901727e-01  -2.24220028e-04]
[-0.72507162  0.89563525  0.93826763 -0.02919467]
[-0.91202088  0.85627723 -0.21692946 -1.34814328]
[ 1.15206504  1.27196648  0.25673613  0.59499312]
[ 1.25199617  0.90245668  0.4017323  -0.30614938]
[-1.24761294 -0.53066501 -1.24924116  0.91029398]
[-0.38859325  0.55001652  2.06507746  1.46389122]
[ 0.29915436 -2.78511143 -0.90963471 -0.19255241]
[ 1.05933136 -0.01965696 -0.2901262   0.38523689]
[-0.45387528  1.17970779  1.26282141  0.69569534]
[-1.16819314 -1.21448523  1.4775936  -0.96443794]
[ 1.07396723  1.18966585  0.09108797  0.98612642]
[-1.13780989  0.07708514 -1.28662062 -0.13610481]
[ 1.03533906 -0.24239239 -0.38086826 -0.05556624]
[-0.85978001 -0.14365953  1.86121997  0.63020079]
[-1.08064434 -0.60736051  0.99892269 -1.35864064]
[-0.94602639  0.43759182 -0.99435706  1.21958944]
[-1.00424745  0.61970529 -1.01453634 -1.31936622]
[ 0.66065569 -1.89139281 -0.66607342  0.26741941]
[-0.88465216 -0.60867205  2.31121632  1.17094499]
[ 1.19111688  0.83824706  1.47331769  0.27486221]
[-0.68829374  1.55650244 -0.4396544  -0.0794331 ]
[-1.03776396 -0.32846319  0.63839233 -1.71552964]
[ 1.24699219  0.5152644   0.67702055 -0.85143511]

Populations

0.00585204879135
0.482257758354
0.0290961633386
0.482794029516

State labels

0
1
2
3

Eigen uncertainty

nan
0.107478874628
0.255707404456
0.125814313181

Eigen values

1.0
0.553021122557
0.47869610991
0.368118075605

Left eigenvectors

[ 0.00585205  0.0408156  -0.06323091 -0.01239925]
[ 0.48225776 -0.31290849 -0.08269557 -0.3807032 ]
[ 0.02909616 -0.08498175 -0.07633912  0.12328835]
[ 0.48279403  0.35707465  0.2222656   0.2698141 ]

Right eigenvectors

[  1.           6.97458227 -10.80491855  -2.11878795]
[ 1.         -0.64884077 -0.17147588 -0.78941852]
[ 1.         -2.92072026 -2.62368327  4.23727173]
[ 1.          0.73960039  0.46037355  0.55885965]
