Cluster centers 

[-1.11227701  1.29489056  0.015562   -0.60103634]
[ 1.07034992 -0.53685951 -1.03413255 -0.73106295]
[ 0.9828219   0.99656859  0.2456266   0.80942715]
[-1.10861763 -0.51234836 -1.14580564  0.43767062]
[-0.98931059 -0.32235171  0.97885938 -0.59514853]
[ 1.01614679  0.27722256  0.39301403 -1.21650938]
[ 0.94304087  0.54793175  0.2320166   2.1005986 ]
[ 1.00011145  1.71608264 -0.4086246  -0.79131105]
[-0.9163884  -0.99083148  0.80182407 -0.41587646]
[-1.19304673  1.41853968  0.23972802  2.35773974]
[ 0.95663738 -2.43981091 -1.17021429  0.66360851]
[-1.10255592 -0.94309882 -1.89074167  1.2797726 ]
[-1.10821436  0.69848281  1.17866036 -0.07747265]
[-1.00804656  0.55905602 -1.70804444  0.08679283]
[-1.10428467 -0.38547107 -0.52128978 -0.01085441]
[ 0.85298812 -0.14008539  1.00835993  1.85847059]
[ 0.84340531 -0.49346893  0.64288291  3.34206092]
[ 1.05462958  0.7731081  -0.99429468 -1.26416257]
[-0.30043319 -2.3072236   1.11456842 -0.26492344]
[-1.09463702  0.35723568  1.54883191  1.17759493]
[ 1.02601755 -0.98554186 -0.58625161 -0.70937823]
[-1.07957204  0.6489615  -0.88859695 -0.33718984]
[ 1.02340224 -0.01386871  0.14171524 -1.27925216]
[-1.05954198  0.24408158  0.97487104 -0.57741981]
[-1.03637093  1.86964628 -0.50275118 -0.6454903 ]
[ 0.87093454  0.0363049   1.09832103  1.09013082]
[ 0.98500724  0.58365871  0.70991606 -0.44871352]
[-0.200948   -0.95930971  2.50130481  0.51967428]
[ 0.88970875 -0.22079373 -0.27713227  4.39739694]
[ 0.93524778  1.12711931 -0.20665929  1.87316304]
[ 1.07404124 -0.22673689 -0.90843737 -0.94577635]
[-0.75226839 -0.61582172  1.8327825  -0.52860521]
[ 0.8763622  -1.68780475 -0.05076265 -0.55108475]
[-0.62986819  2.88906225 -1.32499279  2.34387343]
[-0.82280426  0.52350213 -2.74071961  0.6917077 ]
[ 1.06404997 -1.24212448 -1.52535458  0.00393516]
[-1.00096326  0.17261992  1.70726806  0.19160404]
[ 1.03083985  1.01802936  0.24030441 -0.71320693]
[ 0.94648968  0.48697147  0.50825162  1.53263545]
[-1.09535703 -0.25555041 -0.17517114 -0.24939247]
[-1.05063342 -0.14375572  1.76369168  2.07206817]
[ 1.01331022 -0.39793939 -0.00308078 -1.17633486]
[ 0.97428538  0.69765049  0.57649013  0.55740559]
[ 0.95916683  0.06227968  0.75485155 -1.1246831 ]
[ 0.98087084 -2.04980322 -1.05714521  0.27369113]
[-0.75164309  2.72673554 -1.2744958  -0.58960733]
[ 0.75933024  1.6468085  -1.08544043  2.92167591]
[ 1.04172512  1.29831299 -0.38606747 -1.18578789]
[-1.05468063 -0.06151151 -1.78727347  0.54736188]
[-1.12070114  0.84632682  0.38558237 -0.58203037]
[ 1.01724159 -2.5906586  -1.97393573  1.42866657]
[-1.10755418 -0.81196873 -1.38492669  0.80170052]
[ 1.0613276   0.81904239 -0.25181448 -1.29237085]
[-0.91905878 -1.87423517  0.06540852  0.41707671]
[-1.04421178 -0.43974855  0.37614279 -0.41372664]
[-1.06659231 -1.22145248 -2.73480023  2.21041208]
[-1.08776925  2.14518708 -0.02580656  0.49905588]
[ 1.06883616  0.15387315 -0.46807995 -1.23389603]
[ 0.56761436 -2.40587405  0.40109356 -0.23538825]
[-1.05293469 -0.94513442 -0.10564468  0.03920837]
[-0.04164384 -0.99609861  2.15754483 -0.60350057]
[ 1.06023036  0.09275121 -1.4921709  -0.80471013]
[ 0.84812222 -0.06645214  1.29129323 -0.55591068]
[ 0.97863053  1.48900408 -0.11574635  0.36501435]
[ 0.64010436 -0.86818399  1.46995871 -1.0743262 ]
[ 0.92531576  0.27407628  0.19695511  2.7436733 ]
[ 1.03220432 -1.42548134 -1.01387571 -0.20443845]
[-1.10674441 -0.00220091 -0.69575412 -0.11470256]
[ 1.07090542 -0.72107119 -1.42651298 -0.40005357]
[-0.90899876  1.4854576  -1.61665307 -0.4678312 ]
[-0.68240683 -1.5307696   1.17552454 -0.45696522]
[ 0.98346885 -1.65015873 -0.7028505  -0.23928966]
[ 0.9408251   1.69414695 -0.33580497  0.62870838]
[-1.10344332 -0.79265677 -0.70920212  0.33086041]
[ 0.98417872  0.35242302  0.70064788 -0.95855506]
[-1.158388    1.27065571  0.75666037  0.18581635]
[ 1.0159103   1.33436775  0.04563399 -0.3609632 ]
[-1.05063342 -0.14375572  1.76369168  2.07206817]
[-1.10931456  0.36860527 -0.15412823 -0.48637399]
[-1.08799763  0.81801803 -0.66291286 -0.48947159]
[-1.03751928  0.9152486  -1.18749207 -0.34384805]
[ 0.8685791  -0.16331424  0.81191958  2.3602158 ]
[ 0.98275869  1.79610369 -0.77514571 -1.14283858]
[ 0.93815063  2.0343283  -0.56516141 -0.35912966]
[ 0.74758286 -0.35000659  1.54326872  0.94804976]
[ 0.94122648  0.39362761  0.92982732  0.08145321]
[ 0.99000275  0.9051585  -1.68310045 -1.05758336]
[-1.08281377  0.12660017 -1.27526881  0.11967572]
[ 1.07258681  0.28234789 -0.96882206 -1.12520869]
[-0.94418856 -0.21635727  1.99619286  1.27134206]
[-1.08349722  1.19592616 -0.44488042 -0.62822531]
[ 1.04185569  0.80824101  0.19538611 -1.06525261]
[ 0.97120386  1.08302069  0.08449452  1.12753727]
[ 0.9648665  -0.84216688  0.07134586 -1.03466878]
[ 1.00486049  0.90872457  0.44546694 -0.11730971]
[-1.09654407  0.26447636  0.32217919 -0.57554655]
[-0.30732488 -2.80604171  0.80579145  0.1926254 ]
[-1.11570132  0.74755608  0.65264559 -0.52646191]
[-1.0098939   0.19744079  1.54320405 -0.20209262]
[-1.1806828   1.0805306   0.9493375   1.00772204]

Populations

0.549230062845
0.0872135814987
0.010528283977
0.353028071679

State labels

0
1
2
3

Eigen uncertainty

nan
0.0446384472083
0.196863223197
0.070083190932

Eigen values

1.0
0.404939440965
0.32899868653
0.160070356471

Left eigenvectors

[ 0.54923006  0.49205829  0.07376634 -0.00368354]
[ 0.08721358 -0.09500213 -0.02882851 -0.26410393]
[ 0.01052828  0.00351006 -0.10114072  0.01325418]
[ 0.35302807 -0.40056622  0.05620289  0.25453329]

Right eigenvectors

[ 1.          0.8959056   0.13430863 -0.00670674]
[ 1.         -1.0893043  -0.33055065 -3.02824313]
[ 1.          0.3333931  -9.60657221  1.25891217]
[ 1.         -1.13465826  0.15920232  0.72100013]
