Cluster centers 

[ 1.22662385 -0.41844218 -0.20034901  0.50300138]
[-1.10871443  1.09584336 -0.37941282  0.24109396]
[-0.81057749 -0.93729397  0.20695578 -1.02914164]
[ 0.81761989  0.61160864  1.07172942 -0.79742696]
[-0.54372604  0.11655171 -1.81797368 -1.09264158]
[-1.29488013  1.69676344 -0.5816887   1.82572822]
[-0.95116921 -1.5074895   0.55325948  0.7895321 ]
[ 1.10060185  1.57965684 -0.54024972 -0.26248426]
[ 1.11201419  0.04518395  0.38980657 -0.47029604]
[ 0.18660071  2.30141331  1.57362143  0.83593619]
[ 0.7308126  -0.26349078  1.41963617  0.43815476]
[-0.69516406 -0.57584373 -0.73531775 -1.43071849]
[ 1.06205443 -0.83776529 -0.81802094  3.49029701]
[-0.72374282 -1.38776297 -0.49238993 -0.4436042 ]
[ 0.50924371  0.35261999  1.72539101 -0.76769032]
[ 1.37231175 -0.27562192 -0.88527715 -0.2549983 ]
[-0.14988163  0.88907174  2.10398508 -0.84677968]
[ 1.20768414 -0.67156255 -0.53708976  1.58072842]
[-1.15394759  1.14903593  0.63223243  0.04300947]
[-0.92760785 -1.26588903  1.09518435  0.26417019]
[-0.97278506  0.92775756 -0.95367669  0.03447456]
[ 0.83836545  1.819353   -3.08918642  1.09811097]
[-0.9429487   0.27441802  0.61184183 -1.09826937]
[-1.06258336 -1.50520499  1.09645491  1.71475744]
[ 0.51669553  1.83690055  1.19122655 -0.02056321]
[-1.5370046   2.26622552 -0.70069172  3.97714732]
[-1.40735383  1.84797946  0.55902285  1.75500165]
[-0.05693793 -0.38854252  2.38980485  0.1600167 ]
[ 0.9074241  -0.12926437  1.00246615 -0.00880874]
[ 1.28712411 -0.72630376 -1.0584063   1.25911983]
[-0.87789765  0.36491587 -0.63574163 -0.89379452]
[ 1.37743079  0.35445799 -2.35631267 -0.95028848]
[ 1.04164844  0.5131302   0.50448445 -0.84184376]
[-0.33480082 -1.40861709 -1.83095872 -0.74825372]
[ 1.09101424 -0.53511081  0.18544799  1.37226608]
[ 1.08289776 -0.70756466 -0.23970996  2.4841488 ]
[-0.99344607  1.19177794 -1.23588656  0.65145099]
[-0.84429908 -0.29265527  0.188233   -1.36432736]
[-1.31664555  1.60488975  0.23463461  1.23162518]
[ 1.1229098   1.08806396 -0.12387888 -0.77459965]
[ 1.15732418 -0.23528252  0.19591622  0.07604779]
[ 1.30530169 -0.57334789 -0.80016183  0.71011533]
[-0.83976089 -1.74893118 -0.45773338  1.31926722]
[-0.79520835 -0.53164969 -0.11938471 -1.3730339 ]
[ 0.83677553  1.3385377   0.6953985  -0.60824004]
[-0.65279775  0.61957926 -1.85298873 -0.41226403]
[-0.99436973  0.72243129 -0.42754973 -0.4308753 ]
[-0.88608263 -1.09584696  1.29819663 -0.13120374]
[-0.80196006 -0.28750358  1.43570575 -1.13969434]
[-1.19075941  1.25321834  0.12377669  0.42421419]
[-0.68964864 -1.52314297 -0.71963815 -0.12338567]
[ 0.97374099 -0.38840765  0.73277661  0.84106072]
[ 0.56486174  1.39934662  1.31045127 -0.5677912 ]
[-0.84412609 -0.73600587  0.82012086 -1.06926385]
[-0.16100641 -0.57662312  2.61948773  1.05699852]
[ 1.17012271  1.62252566 -1.4855496  -0.00715686]
[-0.56424661 -0.71387897 -1.25872776 -1.41784261]
[ 1.35957248  0.09820949 -0.73778679 -0.74825921]
[-0.9083949  -1.4065708   0.53339433  0.27084587]
[-0.75950425 -0.12125241 -0.75877742 -1.31360016]
[-1.12985565 -1.64299161  0.72474393  2.59726709]
[-0.73336851  0.20639961 -1.20672174 -1.03066902]
[ 1.24980618 -0.09055002 -0.14770075 -0.35119827]
[-1.22400922  1.50307182 -0.57120157  1.26669516]
[  1.20763622e+00   2.73057075e-01  -9.20883654e-04  -7.82041176e-01]
[-0.83366199 -1.46436686 -0.01047923  0.06907037]
[ 1.35706731 -0.47530615 -0.96803778  0.2179369 ]
[-0.72447148 -1.04557667 -0.42181489 -1.05618179]
[ 0.2019525   1.58803649  1.79648633 -0.32055969]
[ 1.41615218 -0.5306392  -1.74041992 -0.16342399]
[ 0.41543156  2.3550913   1.10650449  0.92575174]
[ 1.11038072 -0.43046356  0.24640548  0.81756257]
[-1.15641093  1.1315705   0.23114937  0.13914003]
[ 0.4149531   2.13510723  1.24210212  0.48270696]
[-0.4218929  -0.45583591 -1.8495322  -1.47022375]
[-0.93706253  1.53023954 -1.81858287  1.63048007]
[-0.8563354   0.76406025 -1.28068481 -0.21886704]
[-1.02893891  0.68334215  0.1530631  -0.60113003]
[ 1.37947471  0.45791967 -1.17949041 -0.90931831]
[-1.166902    1.29600187 -0.42932392  0.69805107]
[-0.57217398 -1.23497568 -1.09076282 -0.93980549]
[ 0.54696516  0.94642043  1.51857852 -0.8626855 ]
[ 1.07282093 -0.60450805  0.10905066  1.86201417]
[ 1.25042487 -0.96779869 -1.78177657  1.71966274]
[ 0.52204375 -0.36075385  1.82522382  0.83421258]
[-1.03692001 -1.59102017  0.6798422   1.64127983]
[-0.87964509  0.1357833  -0.23803982 -1.16792217]
[-0.85442171 -1.28476445  0.34634094 -0.29644403]
[ 1.16713178 -0.54343493 -0.10611413  1.1698929 ]
[ 0.57978022 -0.00574499  1.68912806 -0.30780751]
[ 0.87994988  1.9362201   0.07513631  0.21728465]
[-1.45992909  1.95789006  0.25355504  2.26509462]
[-0.88296845 -1.65993769 -0.11208565  1.00140579]
[-1.07214496  0.97213978 -0.34844624 -0.0134789 ]
[-1.26434573  1.52079048  0.76170799  0.77752733]
[-0.78316808 -1.17336068 -0.0653526  -0.76216992]
[ 1.06809727 -0.30419827  0.4799007   0.39568921]
[-0.87051455 -1.07648175  1.85435485  0.51941878]
[ 0.79023405 -0.0857271   1.29182007 -0.10068263]
[-0.55157379 -0.14823378 -1.61823976 -1.3191742 ]

Populations

0.00915180818632
0.768254636178
0.115971394052
0.106622161583

State labels

0
1
2
3

Eigen uncertainty

1.59435579372e-10
0.244373274649
0.0890490547502
0.110368271541

Eigen values

1.0
0.523964036185
0.415359935927
0.363297997018

Left eigenvectors

[ 0.00915181 -0.08611076 -0.01108257  0.03911734]
[ 0.76825464  0.1713731  -0.37459269  0.09138395]
[ 0.11597139  0.03684344  0.28775784  0.13549914]
[ 0.10662216 -0.12210579  0.09791743 -0.26600043]

Right eigenvectors

[ 1.         -9.40915234 -1.21097103  4.27427488]
[ 1.          0.2230681  -0.48758923  0.11895008]
[ 1.          0.31769422  2.48128291  1.16838416]
[ 1.         -1.1452196   0.91835904 -2.49479497]
