Cluster centers 

[ 0.61551709 -1.91104434 -1.46967144 -0.6033805 ]
[-1.10302004 -0.3832451   0.01027617  0.04633487]
[ 0.69561633  1.16267574 -0.29393123 -0.13776781]
[ 0.78863422 -0.6061051   0.06943505 -1.26215857]
[ 1.36075128  1.42375308  0.94663599  1.96126414]
[-0.29463119 -1.85535739 -0.21305253  0.64772151]
[-0.90427977 -0.33829917  1.48704779  0.40270893]
[-0.89956421 -0.43939387 -1.58392972 -0.17956336]
[ 0.71122521  0.54112306 -1.22593075 -0.12279452]
[ 0.36766502  0.63930925  0.48315645 -1.57666021]
[-1.2696203   1.39335058  0.11908261  1.08444899]
[ 0.93166391 -2.36053744  3.4383221   3.02768551]
[ 1.9328134   0.59070972  0.20171733  2.69213584]
[-1.41073757  0.84018658  1.39680182 -0.16619079]
[-0.2225491   0.13569418 -1.27824672  2.74621616]
[ 1.51349661 -1.7798218   0.66814117 -0.33727976]
[ 1.41625304  0.19817008 -1.19969036  1.55716616]
[ 0.78639932  1.65488199  0.59417537  0.51320988]
[ 2.96258704 -4.19823602  0.78593062  2.07833626]
[-1.32265427  0.17183712  0.23969932 -0.06119068]
[-1.21912947  0.24223472 -1.01047405  0.14092243]
[-0.61159092 -1.08191397 -1.52808471 -0.24863038]
[ 0.01414519 -1.53440662  2.42901119  1.68336633]
[ 0.85560749 -0.36038389  1.07724129 -1.13650819]
[ 1.07548652 -1.38135322 -0.12108017 -0.87030088]
[ 0.62305538 -0.03553829  0.48838311 -1.42971506]
[ 0.5689476  -0.14869837 -0.15038713 -1.46250966]
[ 0.33011358  1.27728073  0.10489489 -1.10482382]
[-0.83390518 -0.9281397  -0.07386292  0.23098185]
[-0.70913501  0.96632293 -0.2352364   2.31745439]
[ 0.29086585 -0.34060402 -2.5005635   0.62368367]
[-0.18788251 -1.73009937  1.34124784  1.34401242]
[ 1.42518541 -1.32133996  1.33571654 -0.40846904]
[-0.89857623 -0.69826228 -1.17124735 -0.15682527]
[-1.40554601  0.39714088  0.04034299 -0.08070841]
[-0.81376065 -0.07613165 -1.91009075  0.31812685]
[-1.3064407   2.36872179  1.56829229  0.64687595]
[-0.5579682  -1.17199063  1.10074655  0.81584482]
[ 0.52958425  0.35282158  1.36979599 -1.37199217]
[ 1.59788709  0.66246348 -0.23141648  1.90732017]
[-1.44354327  0.69351657  0.9067983  -0.12732118]
[-1.27189377  0.94029626 -0.4995003   0.77629141]
[-1.03708262  0.14595566  1.81394291  0.189225  ]
[-0.91443263 -0.58248968  0.85566405  0.35965731]
[ 1.13635356  1.40900204  0.52561084  1.23760326]
[-0.66754517 -0.48041367  2.08031498  0.67268581]
[ 1.16277407  0.99999154 -0.21281484  0.98616075]
[ 0.83811791  0.31878788 -1.51274531  0.30479953]
[ 0.18688557  1.80920684  0.80974799 -0.95786586]
[-0.17008603 -1.09657188 -2.07859214 -0.62394641]
[ 0.51023725 -0.34054781 -2.20830826  1.78435122]
[ 1.04824676 -0.90408271  0.63484883 -0.96468398]
[ 1.33322816 -1.82360788  0.04453382 -0.51627188]
[ 1.95335849  0.05920317 -0.6924984   2.64374247]
[ 1.64626149  0.88782685  0.27796699  2.15613714]
[ 0.40358067  0.1452     -0.83645013 -1.3884146 ]
[ 0.67224052 -1.1239096  -0.98936932 -1.11258471]
[ 0.23028901  1.08279661  0.81526484 -1.55716205]
[ 0.45109748  2.06706254  1.09811287  0.16338795]
[ 0.91685682  1.39122279  0.22456294  0.59912804]
[ 0.37451498  0.56099098 -0.02899768 -1.53074376]
[-1.18090867 -0.21748862 -0.37159895 -0.06160157]
[-0.23212737 -0.42572769 -2.4805937   0.01388958]
[-0.94337453  0.47333113 -1.25512379  1.07625658]
[ 0.4135101   1.11432583 -0.19731046 -0.96700756]
[ 0.22372341 -1.15886455 -1.88134449 -0.90771392]
[-0.97514074  1.10890921 -0.22669341  1.72703199]
[ 1.02959385 -1.63643526 -0.55938468 -0.78637511]
[ 0.27881724  1.0382986   0.32794757 -1.46971517]
[-0.37706107 -0.71088062 -2.26317709 -0.44296857]
[-1.0706042  -0.40140565 -0.85745051 -0.10686476]
[-1.47992841  0.79306207 -0.11600468  0.06519178]
[ 0.38951561  0.47302135 -0.52591302 -1.38655319]
[ 1.27643825 -1.35608424  0.62992479 -0.66642628]
[ 0.02613126 -1.72624582 -1.75349427 -0.38668171]
[-0.49316916 -1.43914947 -1.13849948  0.01161188]
[-1.35796998  0.32004857 -0.42798025 -0.03414935]
[-1.28357555  0.17590084  0.68477571 -0.01056825]
[-0.33344449 -1.44063477 -1.64903818 -0.28198588]
[ 0.44963942  1.52835121  0.25023782 -0.56316253]
[ 0.47661551 -0.33047315 -0.91877037 -1.38502243]
[ 0.49237517  0.1498986   0.00522374 -1.52472122]
[ 0.55019946  0.84725063 -0.73055652 -0.6200944 ]
[-0.85568736 -0.53596505  1.28492931  0.46489942]
[-0.66136728 -1.10631536  0.72667285  0.62338886]
[-1.57448452  1.22629308  0.52517196  0.01519133]
[ 1.37777281  1.15001776  0.36336669  1.65265418]
[ 1.17344348  0.47905471 -1.03632225  0.96848405]
[ 0.51828433  0.28245593  0.76571195 -1.48857042]
[ 0.83714604 -0.92147928 -0.25795964 -1.16368771]
[ 0.90159773  0.80892813 -0.75036907  0.29631694]
[ 1.88073035  0.48359982 -0.09749198  2.51112108]
[-0.46756437 -0.85038122  2.10757604  0.96192037]
[ 0.89320159  1.14638094 -0.22241722  0.36735252]
[-0.21014992 -1.39585615  1.99081921  1.36653282]
[-1.3111063   0.37130921  1.03341524 -0.03856521]
[-1.06618624 -0.28282944  0.81751972  0.19338471]
[ 0.65989854  1.4148612   0.08745655 -0.0834034 ]
[ 1.30507757  0.9947886  -0.04649542  1.34449737]
[ 1.77162619  0.32360555 -0.5560731   2.23188612]

Populations

0.333337822465
0.023360263959
0.636590661317
0.00671125225846

State labels

0
1
2
3

Eigen uncertainty

1.57218190844e-10
0.111205355305
0.209380622937
0.20706388585

Eigen values

1.0
0.534409858429
0.47497100606
0.397375555917

Left eigenvectors

[ 0.33333782  0.34515349 -0.28897688 -0.13994693]
[ 0.02336026 -0.04430702  0.04106891 -0.13843697]
[ 0.63659066 -0.35038855  0.18316468  0.27390063]
[ 0.00671125  0.04954208  0.06474329  0.00448327]

Right eigenvectors

[ 1.          1.03544654 -0.86691898 -0.41983515]
[ 1.         -1.89668331  1.75806698 -5.92617317]
[ 1.         -0.55041422  0.28772757  0.43026178]
[ 1.          7.38194258  9.64697657  0.66802361]
