Cluster centers 

[ 1.22486094 -0.25841912  0.59053873  0.64361346]
[-1.20628633 -0.04276517 -0.29581226 -0.73161675]
[ 0.74094524 -0.61121345  0.08744831 -1.06717736]
[-0.02578649  0.77403625 -2.35044511  1.48353641]
[-0.72729975  1.24694619  1.0532708  -0.46744654]
[-0.82343534  0.16438837 -1.16328193 -0.04252427]
[-0.88433536  0.6423105   1.1849398   0.74189794]
[ 1.36903074 -0.79847229 -2.01607384  0.16359817]
[ 0.57518859 -1.48844436  0.30925607 -0.14783563]
[-1.47734275 -0.71137776 -0.0284051  -0.38750002]
[ 0.71612447  0.49280204 -0.1240678  -1.87050808]
[ 1.16562994  1.92509236  0.68966101 -0.78735598]
[-0.8436406  -0.31259109 -1.36869984  0.58002131]
[-1.5574149  -0.94151387  0.89326402  0.24232131]
[-0.41031782  1.50866167  1.16234685  1.1112546 ]
[ 0.6174321  -1.62018516  0.59432614  0.9811897 ]
[ 1.21457206  1.08890319 -1.59822526 -1.41524687]
[ 0.10169386  2.44536762  1.07086059  0.53466401]
[ 0.96979788 -0.09127222  0.45014909 -0.63026457]
[ 1.91406176  0.57960534  0.49314192  2.11160812]
[-0.95741341 -1.23850157 -1.35437397  1.13433424]
[-0.68404277  0.72449864 -0.9371049  -0.78311884]
[-1.51776875 -0.54399336  0.72561758 -0.26703671]
[ 0.79246373 -1.01421082  0.46364535  0.00989893]
[-0.56946709  0.13976277 -1.69239297  0.75314303]
[ 0.547646   -1.55396828 -0.20141775 -0.61789395]
[-0.90491977  0.92048812  0.67043215 -1.27131189]
[ 1.67367613  0.6371686   0.56734418  1.07071548]
[ 0.64174751  2.22158639 -2.50330611  0.49019272]
[ 1.09443977  0.14379905 -1.24585756 -1.30946486]
[ 0.80980323  1.96467671 -3.11691002  2.28828807]
[ 0.70592739 -0.92627384 -0.32611026 -1.07793341]
[ 1.11498978  3.57044346  0.79683749  1.41464108]
[-0.43514948  0.89323061 -1.44374687 -0.24039004]
[ 1.15162208 -0.11352696  0.55963523  0.09933083]
[-0.87260994  0.26410934  1.20240512  1.43368802]
[ 0.52183712  1.71123345  0.58317553 -1.72693381]
[ 0.68832189 -1.01114576  0.18929078 -0.67109939]
[-1.65933281 -1.32090826  0.33748073 -0.02332805]
[ 0.92870663 -0.82624526  0.54473656  0.34229396]
[ 0.81480299  0.11629754  0.21072561 -1.37262418]
[ 0.28715344 -2.28668023 -0.22879003  0.01279277]
[ 0.81749406 -1.38799289  0.6859456   2.03421402]
[-0.35506275 -0.22316945 -2.13333795  1.74304468]
[-1.36166574 -2.59722423 -0.5152659   0.96010318]
[ 1.16184116  0.31726284  0.54961877 -0.3363111 ]
[-1.12585042  0.21652447  1.1369415   0.41733954]
[-0.95557704  0.74617032  1.10302276 -0.00801353]
[-0.04489569 -2.90724781 -0.51636378  0.66089845]
[-1.11234989  0.55114227  0.92491878 -0.60627564]
[ 1.09483282 -0.89406607  0.63621879  1.63766879]
[-1.14472561 -0.41449925 -0.78470629 -0.06376073]
[ 0.92617285 -1.46028913 -1.44391127 -0.08058298]
[-0.29035266  1.37151031  1.12833854  2.01473849]
[ 1.48359811  0.01976443  0.58709802  1.28903064]
[-0.09550354  2.1222013   1.11170733  0.9095718 ]
[ 0.41121978  1.26673725 -0.39134387 -2.22833814]
[ 1.73887835  0.51760098 -2.29996943 -0.26169968]
[ 1.38082887  0.94279054  0.60181689 -0.13638633]
[ 0.25391011  1.29108805 -2.57365364  1.55269381]
[-0.77649775 -0.7446001  -1.59397795  1.1829077 ]
[-1.26056804 -0.90067127 -0.73642092  0.22600344]
[ 1.22725089 -0.54076088 -1.62997206 -0.50634049]
[ 0.76230512  0.71147404  0.27219003 -1.67927145]
[ 0.84075722 -0.41652425  0.33002532 -0.79260533]
[-0.99998815  0.11081997 -0.76452291 -0.46757859]
[-0.68539833  0.15734851 -1.4641091   0.3851332 ]
[-0.17700694  0.63372436 -2.1618698   1.2177782 ]
[-1.47804937 -0.45188459  0.2969598  -0.60991901]
[-0.58406152  0.5636293   1.17310306  2.10203434]
[ 1.45074645 -0.35271803  0.58700799  2.09699841]
[ 0.76349299 -0.31777914 -0.19970344 -1.42785887]
[-1.02006561 -0.49712193 -1.09428531  0.34470799]
[ 1.01399851 -0.42002407  0.52238247 -0.02448883]
[-0.31046123  1.31078498 -0.8187264  -1.48394842]
[-0.6090982   1.11150491  1.184083    1.06478807]
[-1.22446443  0.24699013  0.34275876 -1.04653071]
[-0.59476575  1.45126974  0.9902444  -0.80972337]
[-1.41309161 -0.79934903 -0.30776573 -0.19852137]
[ 0.86863882 -1.06930297  0.57329235  0.64257575]
[ 0.11254448  2.40224214  1.03731631 -0.15976175]
[ 1.24894487  1.4120281   0.62907561 -0.64933786]
[ 1.69177145  1.47031396 -2.28345943 -0.73167974]
[ 1.3480564   0.27290503  0.58604582  0.34841691]
[-0.19311897  0.84031085 -2.01323142  0.77003331]
[-0.06623974  0.13467282 -2.46530494  2.14385995]
[-1.27647925 -0.31365469  1.12385497  0.63619787]
[-1.36848684 -0.06920001  0.85282733 -0.39168493]
[-1.50371003 -1.24067318  1.00233029  0.75308009]
[-0.16171174 -2.59498936  0.68215751  1.42371722]
[ 1.01205777  0.36862468  0.4777131  -0.85510479]
[-0.58465586  1.39328305  1.14064007  0.22280525]
[-1.32979433 -0.13379061  1.02558705  0.06753324]
[-0.42977744  0.07762297 -1.94886266  1.22719159]
[-0.07780279  2.03196082  1.10230382  1.47390418]
[ 1.46477266  2.13562049  0.67751829 -0.25552777]
[ 1.09918038 -0.70217201  0.60837822  0.99998493]
[ 1.29935412  0.20963689 -1.6324386  -0.964298  ]
[-1.49244157 -1.19594875 -0.27226037  0.04361463]
[-0.27392365  1.81000567  1.14106271  0.9449807 ]

Populations

0.148989296877
0.667130771554
0.0183755974231
0.165504334146

State labels

0
1
2
3

Eigen uncertainty

2.08057893428e-11
0.0797979611282
0.174750339675
0.0765230466022

Eigen values

1.0
0.490176572719
0.386917972733
0.295416276704

Left eigenvectors

[ 0.1489893  -0.32317043 -0.14596215  0.03236376]
[ 0.66713077  0.21778611  0.10934212 -0.4033371 ]
[ 0.0183756  -0.04210603  0.12095061  0.04044709]
[ 0.16550433  0.14749034 -0.08433058  0.33052625]

Right eigenvectors

[ 1.         -2.16908486 -0.9796821   0.21722201]
[ 1.          0.32645191  0.16389907 -0.60458476]
[ 1.         -2.29141005  6.58213205  2.20113083]
[ 1.          0.89115698 -0.50953698  1.99708516]
