Cluster centers 

[-0.55412515 -0.92200786 -0.54213661  1.32565611]
[ 0.98053791 -0.09590998 -0.49570677 -0.29496218]
[-1.65024378  1.24627654  1.25322942 -1.80655919]
[-0.94208771 -0.09560276  0.92822959  0.40881726]
[ 0.8619171  -1.72151214  0.7641317  -0.11035726]
[-1.00249324  0.02642369 -1.64063042  0.4302283 ]
[ 1.26599849  0.54552214  0.55709185  0.38523277]
[-0.54554036  0.72719906 -0.19290645  1.65722706]
[ 0.65876916  0.80120722 -1.13018668 -1.18352587]
[-0.73317306 -1.43104866  0.54911472  0.5082417 ]
[-1.03556672  1.11024026  1.3082505  -0.03729646]
[ 1.01655961  1.06150985 -0.28925933 -0.17874405]
[ 0.97486021 -1.08132166 -0.27993866  0.01252428]
[ 0.46491151 -2.52688896 -0.23672176  0.36138169]
[-1.27012771 -1.15291847  0.77171369 -0.86177589]
[-1.69431182 -0.70164221  0.79239736 -1.88054942]
[-1.60621899 -0.01162919  0.97463409 -1.48200016]
[ 0.4161482   2.19900313  2.13887965 -1.20232723]
[-1.86219919  0.45812621  0.99510763 -2.20511794]
[-0.3004364   2.10474224  1.26009284  1.48071651]
[-0.5368009   0.05507933  0.07799389  1.654389  ]
[-0.97772255 -0.93672866 -1.9225181   0.0643607 ]
[-1.62215372  0.63253606 -2.62813799 -1.16559974]
[ 1.22238401 -0.19798199  1.01476338  0.21317952]
[-0.62535968  0.35546478 -0.54163903  1.46860127]
[ 0.34599363 -1.94856684  1.08958357 -1.4240161 ]
[-0.64442825  1.21146342 -0.65164235  1.350734  ]
[ 1.07393764 -0.84555822  1.04854819 -0.06064222]
[ 0.27597498 -2.35808315 -1.05133214  0.00967808]
[-1.38933521  0.52396333  1.14479872 -0.88968746]
[ 0.98759692  0.43609417 -0.46271266 -0.32252736]
[ 0.81583437  0.36513965 -0.86764493 -0.76568336]
[ 0.23668195  0.02272526 -1.9399379  -2.22463855]
[-2.47682579  0.11923524  0.5868877  -3.92340645]
[-0.57151189  0.51105105  0.66035801  1.49579971]
[-1.23584582 -0.56076515  0.89267267 -0.52292424]
[ 0.07796418  1.3068557   1.90685294 -2.86651059]
[ 1.12922815  2.02730276  1.60246994  0.65423053]
[ 0.92722927 -0.65366752  1.36081652 -0.59125166]
[ 1.09377669  0.16930087 -0.18236422 -0.04441373]
[ 0.29162962  1.17747681 -1.70214596 -2.14305973]
[-0.97855144 -1.52892351  0.6737281  -0.26887238]
[ 1.1313461  -0.67060968  0.14227697  0.18587415]
[-0.61497064 -0.72702156  0.41412771  1.22461839]
[-0.88651445 -0.61953672 -1.56889262  0.52549929]
[ 0.22622411  3.16270833  0.57192962  1.59434936]
[ 0.85930849  1.35097016  1.92733318 -0.5916737 ]
[ 1.24120914  0.51582105  1.23402424  0.26519485]
[ 1.21751858  1.18138565  0.47210641  0.39726101]
[-0.7488099  -2.37436877  0.56610704 -0.60421521]
[-1.33648083  0.13349235 -2.26918234 -0.46807704]
[ 0.96435205 -1.53794397  0.09090133  0.20621131]
[ 0.72199818  1.26636915 -0.91563939 -0.93961664]
[ 0.86521377  1.7268223  -0.46437042 -0.37265992]
[ 1.2062682  -0.45229503  0.78934005  0.23957684]
[-0.92923738  0.34060708 -1.40915014  0.68170726]
[-0.73465452  0.37474982  0.90382768  1.01819708]
[-0.54348333 -0.53309888 -0.19481484  1.51626158]
[-0.90006534  1.39707426 -1.27576035  0.67711944]
[-0.1842531  -2.30432669 -1.89151775 -0.70297669]
[ 0.54391248  0.00553993 -1.4183195  -1.41727226]
[ 1.09582269  0.55586276 -0.15162577 -0.03818864]
[ 0.72016885 -1.84332587 -0.56982321  0.01278477]
[-1.91586651 -0.01441101  0.86670025 -2.35955279]
[-0.48502491  0.83803347  0.52177353  1.71657044]
[-0.10912485 -2.77488703  0.43941515 -0.12823961]
[-0.62336565 -1.15676027 -1.05219503  0.96649979]
[-1.77905715  0.0537645   0.93612449 -1.97161705]
[ 0.91901498 -1.25402254  1.06446224 -0.33262583]
[ 1.20441939  0.29036539  0.2111662   0.2245595 ]
[-0.75818651  0.6899753  -0.94736745  1.14001147]
[ 0.37350322  1.5162057  -1.49088249 -1.84103416]
[ 0.43203548  1.50694576  2.02424807 -1.73696387]
[-0.78226723 -0.81471399  0.6574205   0.70117576]
[ 1.09329317 -1.12682306  0.56578204  0.1965062 ]
[-1.03444688 -0.83985481  0.8013272  -0.03730373]
[-1.11442457  0.3561514  -1.80320256  0.18722664]
[-0.87054274 -0.3910562  -1.44354965  0.67115702]
[-0.78871556 -0.12147948  0.81116714  0.85179495]
[-0.93505441  0.85462344  1.20435171  0.33595959]
[ 0.43268117 -2.37799297  0.77925388 -0.56789988]
[-0.68014631 -0.06315901 -0.78673235  1.28514798]
[-0.45574113 -1.43510088 -0.21084285  1.28106983]
[ 0.36879068  2.26587307 -1.2574405  -1.50373561]
[-1.1652279  -0.19523871  0.9695724  -0.24327494]
[ 0.85741784 -0.24067981 -0.78784311 -0.56496224]
[ 0.68893538 -1.08927379  1.33955353 -1.11233377]
[-0.51026211  1.66452377 -0.34766797  1.530611  ]
[-0.53085469 -1.58632927  0.26663355  0.96565454]
[ 0.95595891 -0.47902378 -0.51856535 -0.26013156]
[-1.25668432 -0.50450015 -2.31122133 -0.48214889]
[ 1.22720656  0.2348289   0.3324384   0.27711988]
[-0.58001015 -0.1801449   0.3841351   1.47405538]
[-0.62246633  1.43986678  1.24905829  0.99313808]
[ 1.1748431  -0.21222333  0.16487036  0.19031887]
[ 1.10545113 -0.01193     1.41245495 -0.17925052]
[-0.44610747  1.41516744 -0.0039241   1.7515864 ]
[-1.59768137  0.44503981  1.0837331  -1.46152438]
[-1.07042436  0.08068701  1.01980409  0.05092546]
[ 0.97810133  1.9312559  -0.08662112  0.06825791]

Populations

0.446116614981
0.165462563083
0.0569287698107
0.331492052125

State labels

0
1
2
3

Eigen uncertainty

nan
0.119884674093
0.0913049557721
0.102689147913

Eigen values

1.0
0.575280677275
0.431930136863
0.381635940849

Left eigenvectors

[ 0.44611661  0.25454784 -0.26754886  0.33274553]
[ 0.16546256  0.11421666 -0.05067516 -0.34995898]
[ 0.05692877 -0.19788162 -0.11879365 -0.020465  ]
[ 0.33149205 -0.17088288  0.43701768  0.03767845]

Right eigenvectors

[ 1.          0.57058587 -0.59972853  0.74587119]
[ 1.          0.69028704 -0.30626362 -2.11503418]
[ 1.         -3.47595115 -2.08670683 -0.35948434]
[ 1.         -0.51549615  1.31833531  0.1136632 ]
