Cluster centers 

[ 1.62391572 -1.02207901  1.95506074 -0.6480681 ]
[-0.95999043 -0.47439027  0.65446486 -0.25091597]
[ 1.19810464  2.42845878  0.86789575 -1.13608138]
[ 0.67906085 -0.43136445 -1.34367287  0.39589833]
[-0.26661723  0.24326587  0.36091737  2.41430043]
[ 0.77684001  0.44402953 -1.03347238 -0.97585896]
[-1.27975314  0.97346394 -0.66949     0.32602881]
[ 1.42182144 -0.41103846  1.75302062  1.22589685]
[-1.33789965 -0.50382021 -0.90154289 -1.16020353]
[-0.62244478 -1.05983983  1.02103821 -1.79914899]
[-0.06091767  0.47274874  1.99915909  2.20796175]
[ 1.03257804 -1.35239975 -0.35431968 -0.21357549]
[ 0.88958369  1.15714772 -0.49145309 -0.80911888]
[-0.75898731 -0.0179409   1.10700031  0.91834438]
[ 1.90627769  0.3067546   3.73545747  1.15761308]
[-1.08716776 -0.71012466  0.06075826 -0.79369804]
[ 0.30342593 -0.6880806  -1.57598046 -2.80733157]
[ 0.6035574  -0.3675325  -0.7882254   1.53664463]
[ 0.73831571  0.7501196  -0.91794839 -0.04786458]
[ 0.7206143  -1.41414444 -1.35204295 -1.03239912]
[-0.8422391   1.11404013 -0.64679711  1.65242394]
[-1.2314714   0.1456049  -0.56711803  0.63678871]
[-0.52953984 -0.38856416  2.1362477  -0.88359701]
[-0.73572129 -0.74223124  1.18861287 -1.14729937]
[ 0.89762003  1.60068552 -0.18611052 -0.34039435]
[-0.10553283  2.38548511  0.160721    1.18504131]
[ 1.04186913 -1.22286586 -0.29435139  0.1181997 ]
[ 0.85520179  0.95633935 -0.3981657  -2.27437589]
[-0.60136338 -0.0787009   2.01203648  0.10020228]
[ 0.78587664 -1.18755929 -1.2456483  -0.34858648]
[ 2.05920257 -0.22956898  3.6060345  -0.1972334 ]
[ 1.26702199  0.39477371  2.84406185  2.17880712]
[-1.17817166 -0.37225892 -0.14914743 -0.07613924]
[-1.33093517 -0.00374396 -0.70430805  0.02463932]
[-0.64964375  0.18085915  0.53629385  1.81795951]
[ 1.28001974 -0.91768169  0.74931954  0.59386951]
[ 0.68571755 -0.33462208 -1.43030934 -0.03531131]
[ 0.58823561  1.31119964 -0.61015504  0.81113286]
[-1.12593332  1.96542998 -0.03532364  0.01883978]
[-0.21471006  1.05247335 -0.74879195  2.02366304]
[ 1.15806205  2.0361501   0.62989437 -1.86030246]
[-1.11234642  0.42915242 -0.5731526   1.16476757]
[ 1.05448518  2.42531249  0.64454103 -0.36887553]
[-1.37162005 -0.13705895 -0.81819    -0.4919378 ]
[-0.7871619  -1.07175569  0.55942306 -1.64524416]
[-0.48618823 -0.62862095  1.991951   -1.39482524]
[ 0.95930703 -0.63398264  0.17719405  1.41976523]
[-0.76325328 -0.34303653  1.39774779 -0.21664406]
[-1.40647402  0.20751671 -0.95844615 -1.1538667 ]
[ 0.85202944 -1.10679658 -0.9627282   0.13615009]
[-1.00049992 -0.88249177  0.17610058 -1.17232633]
[-0.43994667  0.27438468  1.50814509  1.73585099]
[-0.36275899  0.30807219 -0.14675896  2.39141678]
[-0.09236586  0.29663658  1.04595947  2.45380517]
[ 1.01769623  2.04701722  0.29383892 -0.5370414 ]
[ 1.65753675 -0.42542569  2.31240272  0.73000158]
[-1.03425519 -0.05410746  0.05993911  0.88929978]
[ 1.04360754  1.6633134   0.12488603 -1.45279378]
[ 0.71830839  0.01498795 -1.31088509 -0.85681561]
[-1.06910753  1.49716362 -0.45458596  0.88819807]
[ 0.64170889  0.37243034 -1.16351877  0.45191522]
[ 1.04958808 -1.61596987 -0.09802907 -0.99463259]
[ 1.32908541 -0.67437003  1.17328518  0.97260428]
[ 0.97823043 -0.93707702 -0.27336707  0.77523874]
[ 0.55271666 -0.03088789 -1.19864038  1.0723518 ]
[-0.24272203 -0.98379134  1.9703862  -2.19508897]
[ 0.47738011  0.44523799  2.04373316  2.57290683]
[-1.25087211 -0.53732547 -0.46881389 -0.64603589]
[ 1.11676358  2.14389071  0.52512661 -1.03720012]
[-0.8248889  -0.22080595  1.13437451  0.27029357]
[-0.84803016 -0.70090152  0.89500335 -0.90664371]
[-1.38116576  0.48375595 -0.8270503  -0.21782839]
[ 1.19199883 -1.21819536  0.25330015  0.0399902 ]
[-0.92489832 -0.13641713  0.59196441  0.70744614]
[ 1.07780723 -0.21727582  1.31783436  1.9058147 ]
[ 0.55516352 -0.17833298  0.11454846  2.22344164]
[-0.86543606 -1.23870553 -0.03048761 -1.92697359]
[ 0.68418826 -0.80567364 -1.53921604 -0.71684598]
[-1.31772986  1.23439755 -0.43835044 -0.89167899]
[-1.0391159  -0.28040406  0.31364827  0.30044504]
[-0.67928553  0.00895824  1.51224609  0.75245417]
[ 0.76879315 -0.51685197 -0.24367934  1.63001558]
[ 0.74786866  2.06113058  0.07248249  0.45389621]
[ 1.30053299  2.66479615  1.24426806 -1.46903468]
[-0.89576524 -0.57853543  0.83999981 -0.5799344 ]
[-1.09052292 -0.55542026  0.14975774 -0.41721934]
[-1.15162211  1.46004245 -0.45244509  0.59693623]
[ 1.045385   -1.08919008 -0.19522707  0.44496511]
[ 0.85018817 -0.90087445 -0.75292581  0.68262422]
[ 0.85968896  1.30288759 -0.44558146 -0.36930033]
[ 1.06164737  1.9624328   0.30382266 -0.92340465]
[ 0.83453704  0.81435593 -0.59047099 -1.94922939]
[ 0.96363349  1.43125026 -0.19452474 -1.04881153]
[-0.44586511 -0.09308803  2.57535492 -0.47441835]
[ 0.71714534  0.17560207 -1.24461406 -0.282459  ]
[ 1.25979605  3.04497338  1.45193018 -0.70129432]
[ 1.2871099  -1.32448773  0.62898272 -0.45919058]
[ 0.21192422  0.23660591 -0.83712582  2.06520341]
[ 0.62075322 -1.34755745 -1.5614366  -1.39546318]
[ 0.7010731  -0.63907977 -1.45932269 -0.12181775]

Populations

0.0042735042735
0.542735042735
0.271367521368
0.181623931624

State labels

0
1
2
3

Eigen uncertainty

1.33827268136e-10
0.336809620822
0.0686805164182
0.0618868223794

Eigen values

1.0
0.503675201826
0.43048474863
0.343329628053

Left eigenvectors

[ 0.0042735  -0.06403684  0.0002829  -0.01242756]
[ 0.54273504 -0.05977847 -0.00499513  0.49454555]
[ 0.27136752  0.07338037 -0.32701137 -0.29224317]
[ 0.18162393  0.05043495  0.3317236  -0.18987482]

Right eigenvectors

[  1.         -14.98462128   0.06619856  -2.90804795]
[ 1.         -0.11014301 -0.00920362  0.91120991]
[ 1.          0.27040954 -1.20504979 -1.0769276 ]
[ 1.          0.27768891  1.82643112 -1.04542842]
