Cluster centers 

[ 0.55149062 -0.90841269 -0.10858617 -1.15961618]
[-1.00598322 -0.67907642  0.95003769  0.43505656]
[-0.72651887  1.99971933 -0.36216057 -0.98903188]
[ 1.02262026 -0.16872854 -0.98109856  0.60461479]
[-0.43225046  1.16380369  0.01298442  0.63040347]
[-0.14194968  0.14741803  0.88765018  1.43836881]
[ 1.60081351  1.00578424 -0.47692546 -0.0447371 ]
[ 0.32543821 -0.93186476 -1.12630555  0.04999326]
[ 1.3869193  -0.26301465  0.09349482  0.37259951]
[-0.59919505  3.01624927  0.03744981 -3.33820327]
[-1.46125962 -0.69922067  1.55747212 -2.0932347 ]
[-1.24317716  0.86734785 -1.10394539  0.68200248]
[-0.65793418 -0.56730719  1.77907833 -0.57638604]
[ 0.32595964  2.64805748  0.68768728 -1.89742578]
[-1.2167467  -0.27682775 -0.45642803  1.62248626]
[-0.8982289   2.17935839 -0.53288145 -1.49368786]
[-0.84081358  1.6591706  -0.53490526 -0.38697242]
[-0.55247062 -1.32420917 -1.21749423 -1.49515214]
[ 1.25524015  1.26164053  1.287247    0.58635018]
[ 0.97455197 -0.65972357 -0.10616141 -0.15547793]
[ 0.28861128  1.07358823 -2.52589135 -0.88349026]
[ 0.309611    1.24253867  0.77351195  0.68772916]
[-0.75316166 -0.20675229  0.36767217  1.47627182]
[ 1.7994076   1.40667186 -0.01805585 -0.36599408]
[-0.49159424 -0.46407232  1.39635157  0.54097979]
[ 0.27153166 -0.7419214  -1.62680029  0.55269191]
[-0.07154369 -0.29329922  2.72701005 -2.15105524]
[ 1.39527081 -0.29045165  2.02083932 -1.02219727]
[ 0.24620409 -1.04201544 -0.51779607 -1.16325314]
[-0.73144919  1.10056558 -0.36135946  0.60823455]
[ 0.36845705 -0.94559273 -0.02241396 -1.83468581]
[-2.02422162 -0.99313905 -2.31565321  1.53031776]
[ 1.63902507  2.63887033  0.93045126 -1.95234305]
[-1.56739168 -0.86927706 -0.20322403  1.00530378]
[ 1.18472445  1.2487343  -1.32358316 -0.68579559]
[-0.45838569  1.88836156 -0.07080782 -0.61005685]
[ 0.72225475 -0.74500544 -0.65428569  0.05705215]
[ 1.56031556  0.03473226  1.99981423  0.24017513]
[-0.33998947 -1.26854532 -1.37602021 -0.68759972]
[ 0.58537281 -0.45122697 -1.47209153  0.6266131 ]
[ 0.46042881  0.02143667  1.75375809  0.96311871]
[ 1.12660178 -0.41473839 -0.36486354  0.35469849]
[ 0.5458431  -0.20121026  2.2902974   0.06206091]
[-0.37860077 -0.43333735  2.3066825  -1.41940696]
[-1.65563306 -0.94589932  0.64961524 -0.54289311]
[-1.41262154  1.6230235  -1.3536597  -0.74719332]
[-1.21383186  2.29544717 -0.89582956 -2.0213489 ]
[-0.38489784  0.62673638  0.25019801  1.2606028 ]
[-1.03252261 -0.65449948  0.70916887  0.76947248]
[ 0.02158804 -1.13614034 -0.99209751 -0.74025729]
[-0.98956583  2.77771152 -0.44064378 -3.01200959]
[ 1.10694173 -0.61736895  0.40957127 -0.5180532 ]
[-0.55045927 -0.53171898  1.64284552 -0.04099943]
[-0.96025683 -0.68002733  1.3126806  -0.16312808]
[ 0.41758803 -0.95487602 -0.72014813 -0.41319367]
[-1.07402027 -0.70468739  1.43255329 -0.68490753]
[-0.9645762   0.83119647 -0.64541995  0.88122871]
[ 1.86044171  1.73285903  0.27265205 -0.7039369 ]
[ 1.94177446  1.1565034   0.75601655  0.24200229]
[ 0.49191254 -0.86067685  0.29518045 -2.10326541]
[-0.45508998  1.72638062 -0.06919272 -0.29937963]
[-0.22909434 -1.04144669 -1.91614525  0.41352894]
[-1.2388113  -0.57085108 -0.06075602  1.38199547]
[ 1.52530327  0.46678229 -0.40252987  0.42537217]
[-1.606417    0.81274909 -1.79637199  0.48583439]
[ 0.0412524   0.54577545  0.81804293  1.31326584]
[-0.19259075 -1.18555466 -0.7839756  -1.68929525]
[ 1.53887045  1.49823443 -0.66528787 -0.80038761]
[-1.2962164  -0.81451686  0.86691957 -0.03308909]
[ 1.37185656 -0.4301533   0.76829304 -0.24761303]
[-1.30668806  1.31702169 -1.22329696 -0.08781468]
[-1.05641194  0.49122445 -0.6933797   1.23989813]
[ 1.71895904  0.17930055  0.54266698  0.53788217]
[ 0.24667866  2.10339865  0.60305682 -0.74137569]
[ 0.47877138 -0.27398842 -1.8231735   0.69437695]
[-0.88107817  2.31671939 -0.47757691 -1.78890686]
[-0.93611844 -1.38538393 -1.28741175 -2.19497255]
[-0.26525255 -0.27096115  1.29204996  1.01559378]
[-0.6594482   0.80047966 -0.18688236  1.02899859]
[-1.05664928  1.00191145 -0.81792302  0.59481914]
[-0.75538934  0.07459786  0.06294864  1.55201533]
[ 1.53915085 -0.17319184  0.49555872  0.34724442]
[ 1.89203772  1.38725568  0.3415188  -0.18501367]
[  1.50471087e+00  -1.33519868e-03  -5.06213954e-03   5.34764825e-01]
[ 0.66486286 -0.84560874 -0.37760449 -0.43698499]
[-1.44042638 -0.78706878  1.2898813  -1.32174165]
[-1.05844578  1.45818553 -0.83810874 -0.15836259]
[-0.1357689  -1.19559558 -1.00601279 -1.04611477]
[-0.26142035 -1.10932333 -0.46589737 -2.66179869]
[ 0.01154263 -1.12049324 -1.1987333  -0.37049484]
[-0.59650738  1.48352973 -0.22949268  0.06059195]
[ 0.70948471 -0.59942346 -1.03425542  0.45215154]
[-0.85321572 -0.56646555  1.95089681 -1.45136598]
[-0.47211127 -1.30961012 -1.53792018 -0.58938436]
[ -1.84437259e-03  -3.71499486e-01  -2.39257936e+00   7.77795134e-01]
[ 1.89229939  0.89751243  1.17282459  0.576917  ]
[ 0.78942412  0.01577563 -1.55863661  0.57704908]
[-0.30849521  2.2055167   0.11106719 -1.1809166 ]
[-0.67361425 -0.48601445  1.04047224  0.85524437]
[ 0.16955209  1.58273691  0.56989699  0.15863522]

Populations

0.0178068759874
0.0330329584241
0.615130673021
0.334029492568

State labels

0
1
2
3

Eigen uncertainty

nan
0.194386195364
0.228455963909
0.0728263478263

Eigen values

1.0
0.542865006143
0.494989838997
0.408877180798

Left eigenvectors

[ 0.01780688 -0.03136997 -0.12302474  0.03702201]
[ 0.03303296  0.17462312 -0.03646109  0.01091492]
[ 0.61513067 -0.09297831 -0.03068351 -0.47661146]
[ 0.33402949 -0.05027484  0.19016934  0.42867453]

Right eigenvectors

[ 1.         -1.76167757 -6.90883346  2.07908497]
[ 1.          5.28633012 -1.10377925  0.33042527]
[ 1.         -0.15115212 -0.04988129 -0.77481336]
[ 1.         -0.15051019  0.56931902  1.28334335]
