Cluster centers 

[ 0.72590195  1.1792508  -0.79500356 -0.90370806]
[-0.81860466  0.45356899  0.11644037  0.79859646]
[ 1.12028013 -0.01412227  0.80181117  0.11649316]
[ 0.79725303 -1.53349011  0.75383116 -0.7795052 ]
[-1.44993302 -0.74977791 -1.18021786 -0.69976303]
[ 1.26495741 -1.15787043 -0.84648021  0.97682801]
[-0.14849223  1.0598366   2.38966591  0.27886004]
[ 1.33981714  0.19128487 -0.87101328  0.82901536]
[ 0.51751927 -1.58039141  1.41016255 -1.70043422]
[-0.95762777 -0.41429755 -0.75521657  0.73906019]
[-1.48564241  0.00956298 -0.49572601 -0.84151608]
[ 0.6582546   2.07677402  0.95426726  0.28834358]
[-0.61722917 -0.02169424  1.56822229  0.9618326 ]
[-0.8261495   1.1353099   0.49155672  0.22553604]
[-0.22538968 -2.31295395 -1.23299385  1.998638  ]
[-0.71679878 -0.4843877  -0.40691599  1.40016419]
[ 1.11857846  1.0582045  -0.56942802  0.20884507]
[  2.81712006e-03   1.26481614e+00  -5.55568391e-01  -2.91730269e+00]
[-0.87358681 -1.07757343  1.49940136  0.68183493]
[ 1.01024469 -1.37301569  0.24411638 -0.07313032]
[ 0.96535642  0.23296505 -1.56430131 -0.11595403]
[ 0.49296782  0.96153211 -1.00801279 -1.59683679]
[-2.21173    -0.99870419 -0.99171233 -2.89600788]
[ -6.87078351e-01  -3.72153675e+00   8.81810044e-05   1.42428945e-01]
[-0.78362469 -0.16461739  2.46231228  0.01655304]
[-0.36580334  0.99219448  1.41613692  1.01464236]
[-1.24458835 -0.10894584 -0.60545398 -0.11731406]
[-1.90284768 -0.45537983 -0.73889896 -1.96812039]
[ 0.31771687  2.22212419  0.40310881 -1.02057968]
[-0.60802554 -1.61442692  0.03044624  1.63020038]
[ 0.60791282 -0.67212343  1.8108586  -1.38950473]
[ 1.28654584 -0.51774124 -0.16515975  0.65370483]
[-0.64790006  0.02683786  0.28455131  1.37318131]
[ 0.92462383  0.58828228 -1.28779828 -0.34184936]
[ 0.96313087 -0.80478409  0.85830779 -0.40031237]
[ 0.92776436 -0.39342933  1.19804978 -0.47462127]
[-0.24490521  1.51409636  1.34186374  0.78421177]
[ 1.32819991  0.50450502 -0.28830996  0.74272659]
[-1.15956255 -0.74538764 -1.1881442   0.13236917]
[-1.01427121  0.58829773  0.03542445  0.21024916]
[-0.49039083  0.53757474  1.23002154  1.16727736]
[ 0.227205   -1.09651651  2.32948379 -2.51337582]
[-0.5344135  -1.29379626 -0.70947772  1.83931243]
[ 1.19212883  0.83711207 -0.69268412  0.38609907]
[-0.52851426  1.87986926  0.92583135 -0.0850378 ]
[ 0.80828103 -1.05207887  1.10935956 -0.86087447]
[ 0.93055232  1.75893328  0.39741797  0.2414683 ]
[ 0.19241516  1.86778095 -0.0614836  -1.97982486]
[ 0.97348622 -0.48225824 -2.06607386  0.35527785]
[-1.58738207 -0.47856349 -0.89773234 -1.05753441]
[-1.17580989  0.43834044 -0.13967038 -0.14545033]
[-0.79143935  0.11264173 -0.07578913  1.04442952]
[ 1.13361563 -0.51446164  0.5105103   0.11346227]
[ 1.34942245 -0.33912845 -1.13297893  1.02070943]
[-0.83352142 -1.22804012 -1.59748553  0.84051378]
[ 0.32699569  1.4731839   2.12063909  0.28526985]
[-0.61100154  0.51739195  0.58495284  1.17777287]
[ 0.83113792  1.07482532 -0.86196244 -0.61841007]
[-0.96853252 -1.89727661  1.16387711  0.57026984]
[ 1.10903958 -1.17522872  0.07372541  0.20678489]
[-0.64323012 -0.76302538  0.54795893  1.50299713]
[-0.86509441  0.87942304  0.32243533  0.37206779]
[ 0.76630325  0.71220659 -1.2308517  -0.80731824]
[ 1.25320487  0.93391908  0.06332989  0.63025462]
[ 1.16152574  0.14567434 -1.43919136  0.4363396 ]
[ 0.21168817  1.13262101 -0.7720387  -2.37486427]
[ 0.73717935 -1.89334888  0.57982276 -0.81135199]
[-0.45308912 -2.00211381 -0.59864034  1.84633558]
[-1.05490142  0.17380242 -0.30008322  0.32558773]
[ 1.0583739  -1.63645366 -0.26488194  0.3478663 ]
[ 0.15469403  1.78558655  1.68705625  0.62433998]
[ 0.59416577 -1.35539204  1.40496163 -1.48799304]
[ 1.00467581 -1.12992663  0.48809955 -0.20160544]
[ 0.39999338 -1.84246762  1.45417783 -2.00933699]
[-0.96002458 -0.92659915  2.00522719  0.21142444]
[-0.6105244  -0.18090989  0.9702338   1.32774494]
[-1.33437788  0.39638669 -0.19036213 -0.57127315]
[-0.87596367 -0.11186704 -0.38256162  0.91153778]
[-0.57461587  0.96896233  0.7519441   0.90686495]
[-1.28219889 -0.71567409 -1.16965071 -0.21743066]
[-0.10222628  1.32538135  1.93891903  0.67719956]
[-1.07873019 -0.60962671 -1.02865661  0.384444  ]
[ 0.49921051  1.30276959 -0.68744812 -1.51420419]
[ 1.28938943  0.11022668  0.16915513  0.59548939]
[-0.94875163 -0.48715085  2.6126985  -0.31805287]
[-1.73146946 -0.13716276 -0.54920694 -1.51756147]
[-0.5880056  -0.99927547 -0.25724672  1.75434105]
[ 1.37062541 -0.15838186 -0.63538145  0.9204819 ]
[ 0.68802917  1.51029207 -0.45040408 -0.87998727]
[ 1.18306871  0.54507587 -1.04371548  0.37382476]
[-0.76143863  1.48415233  0.68454909 -0.01970233]
[-0.04992832  2.40806954  0.86037434 -0.83295324]
[ 0.82477852  0.30182095 -1.575179   -0.5343253 ]
[ 0.38261716  0.70035011 -1.21680266 -1.9103861 ]
[ 1.21059082 -0.33429076  0.33149437  0.3468663 ]
[-0.34386523  0.80020251  2.16444609  0.54551017]
[ 0.88409682  0.01273372  1.47732832 -0.45891893]
[ 0.86595112 -0.65286656  1.21868898 -0.68424828]
[-1.35204156  0.18145156 -0.36558587 -0.51615675]
[ 0.87704951 -1.50980703  0.54686824 -0.50695835]

Populations

0.159292258723
0.0707963268056
0.695575178802
0.0743362356695

State labels

0
1
2
3

Eigen uncertainty

nan
0.0886461791196
0.1405437199
0.114714246999

Eigen values

1.0
0.746239838798
0.707227034495
0.612981441507

Left eigenvectors

[ 0.15929226  0.32999545  0.03979317 -0.1530939 ]
[ 0.07079633 -0.08330187 -0.18701157 -0.15450462]
[ 0.69557518 -0.12614952 -0.04426484  0.44031497]
[ 0.07433624 -0.12054406  0.19148324 -0.13271645]

Right eigenvectors

[ 1.          2.0716352   0.24981231 -0.96108812]
[ 1.         -1.17664112 -2.64154346 -2.18238183]
[ 1.         -0.18136001 -0.06363775  0.63302283]
[ 1.         -1.62160562  2.57590719 -1.78535344]
