Cluster centers 

[-0.90356869  0.32901714  0.5524187   1.15492445]
[ 1.08125936 -0.66526474 -0.96192257 -0.65265767]
[ 1.02163851 -0.15512627  0.91369215  0.50802326]
[-1.0233246   1.16691661  0.01714614 -0.85033323]
[-1.02018382 -0.02564903 -1.37610213  1.26139195]
[-0.70479874 -1.69447945  1.30406436 -0.02284749]
[-1.04469735  1.23213319 -0.00459516 -2.49732919]
[ 1.12812     1.23868695  0.10328351  0.44160527]
[ 0.78349182  1.36219122  2.24554829 -2.0787045 ]
[ 1.0793786   0.41414971 -1.19231463  0.52902131]
[ 1.08845103 -1.51167732 -0.46574379 -2.07873333]
[-1.04558184 -1.46896628 -1.31895559 -0.30267291]
[ 1.07413433 -0.26114096  0.55018196  0.30986995]
[ 0.57075149 -0.94065023  2.06420132  0.27387981]
[-0.6125204  -0.38210474  1.49214503  1.22649056]
[-1.0088397   1.06751367  0.06045506 -0.21561164]
[-0.99170419 -2.15340649  0.26775486 -1.00153121]
[ 0.89455028  0.99588068  1.6088688   0.37077277]
[ 1.12919712  0.50676531 -0.13019192  0.67767891]
[-0.9726934  -0.67135505  0.07469767  1.06467891]
[ 1.11293366 -0.69121483 -0.24302782 -0.47430395]
[-0.9367985   1.06370052  0.93208028 -1.59432049]
[-0.99753524  0.90241231  0.03823199  0.4294822 ]
[ 1.04925793 -2.22046406 -0.63778878 -3.97489484]
[-0.9110029   0.85292298  0.72548125  0.20932611]
[-0.83786149  1.70007513 -1.96979148 -1.77894281]
[-1.03106785  0.61722048 -0.97381356  1.17571433]
[-1.02168622  0.10582893 -0.49812818  1.32884248]
[-1.03393991 -1.05661638 -0.4872664   0.57507947]
[-0.61245669  0.87721341  1.89182292 -0.65230627]
[ 1.01727713 -1.18435688 -1.29915557 -1.68885289]
[ 1.11553081  1.57050569  0.41300486 -0.3155218 ]
[-0.70625525 -1.08884839  1.2555003   0.76106412]
[ 0.85395835 -0.29963779  1.5325804   0.59378604]
[ 0.92176564  0.45916349 -1.98147571  0.49874836]
[ 0.60007767  1.04588719  2.32306513 -0.26399402]
[ 1.05525795 -1.55766523 -0.89635337 -2.36175179]
[-1.00251287  1.37681213 -1.2134661  -0.50789109]
[-0.84479539  0.93355677  1.17232315 -0.50893997]
[ 1.11752388 -0.27101189 -0.50566326  0.00800691]
[-0.98346338 -0.17775122 -0.04738453  1.31546584]
[ 1.10084968  0.72449571  0.43043844  0.71187608]
[ 1.08236311 -0.07802016 -1.09635241  0.10738997]
[ 1.13049307  1.32195567 -0.43865545  0.49262896]
[-1.02976962  1.07274056 -0.78760955  0.38131277]
[-0.93089875 -1.22946893  0.4037188   0.53194542]
[-1.03769853  1.35707889 -0.65432615 -1.6182721 ]
[ 0.70161663 -1.46693917  1.84185245 -0.64256438]
[ 0.09023036 -1.006465    2.3044997   0.57217557]
[-1.05167865 -1.25587514 -0.92672819  0.18455913]
[-1.03238045 -1.52744252 -0.30913317 -0.0459163 ]
[ 1.00255693  1.56707376  1.50154876 -1.66355986]
[-0.98098682  0.99476695  0.93890073 -3.76971032]
[ 1.09342586  1.01061919 -1.07277958  0.70622284]
[-1.04137624  1.35420296 -0.61600137 -2.68900539]
[-0.87339442 -0.29582462  0.63203324  1.29121952]
[-1.05826918  1.10757366  0.21579673 -3.95659336]
[ 0.3731535  -0.19212892  2.20224998  0.93937349]
[ 1.10650222 -0.94548729 -0.46372655 -0.96333773]
[ 1.06545995  1.61291045  0.95139773 -1.01788797]
[-1.04983766 -2.405241   -0.22356628 -1.73262296]
[ 0.06803134 -0.59917892 -1.41114257 -0.07923608]
[ 1.0485618  -0.90014533  0.7120645  -0.43298185]
[-0.05130125  0.60117855  2.34387803  0.49420157]
[ 0.82248225 -0.72329578 -2.20876256 -1.00808068]
[-0.74079293  0.52249822  1.29694407  0.78975773]
[-0.85983537  0.98608189  1.46379681 -2.74307373]
[ 0.84424793  0.6019291   1.64634829  0.74709555]
[-0.96951761 -1.69505114  0.28340176 -0.16505261]
[ 1.04012054 -0.42005608 -1.33877297 -0.37272605]
[ 0.93892303 -0.76492825  1.25736762  0.01413463]
[-1.02631165  0.70187087 -0.51799127  1.01017075]
[ 1.0759186  -1.014385   -0.88395947 -1.22901397]
[-0.85316385 -0.73771637  0.73159611  1.04275796]
[ 1.11699229 -0.0294611   0.0464992   0.3923647 ]
[-1.0507495   1.18261423 -0.19824821 -4.1129393 ]
[ 0.9689548   1.36256013  1.50275681 -0.46032601]
[ 0.94297185  2.08651522 -1.33053158 -1.42812845]
[-0.97940002  1.05806506 -1.66325066  0.79549432]
[ 1.01265858  0.92998084  1.09820013  0.582005  ]
[-1.03030774  1.20338455  0.10264464 -1.6047746 ]
[-0.97652153  0.6033616   0.1148561   0.9920895 ]
[ 1.00839911 -0.01558008 -1.62804074  0.08369792]
[-0.99902954 -0.50549468 -1.78531735  0.84154255]
[ 1.11788215  0.25719595 -0.70478622  0.47834649]
[ 1.129159    0.87617448 -0.53591703  0.71104574]
[-0.98172149  1.09645342  0.76193232 -2.30173548]
[-1.02523753 -0.66651325 -0.47095596  0.98731687]
[ 1.09903942 -1.27212272  0.13692991 -1.32268859]
[ 0.94207553 -1.62359036 -1.56370192 -2.7481847 ]
[-0.96360711  1.07275869  0.64208279 -1.00523721]
[ 0.88425189  1.4722432  -2.13399559  0.63023517]
[ 1.10236854  0.17351757  0.3085202   0.59711666]
[ 1.11377202 -0.39280754  0.03204234  0.01391071]
[-0.85478875 -2.69517342  0.97501071 -2.03604806]
[-0.8103764  -2.08855075  1.07266164 -0.70506314]
[-1.04339363 -0.88394038 -1.05324108  0.63880259]
[-1.03697819  1.21149929 -0.47755342 -0.47729653]
[-1.04640354 -1.8199917  -0.42629736 -0.58628426]
[ 0.99558426  0.34404231  1.08291953  0.7760332 ]

Populations

0.369796287472
0.133480302949
0.174622297778
0.322101111801

State labels

0
1
2
3

Eigen uncertainty

3.89740822175e-11
0.00598562157285
0.0169472858086
0.0168107107652

Eigen values

1.0
0.906218632016
0.0906564285047
0.0816682203465

Left eigenvectors

[ 0.36979629  0.368623    0.28015686 -0.13666095]
[ 0.1334803   0.13135935 -0.28269749  0.13597854]
[ 0.1746223  -0.17692498 -0.14540497 -0.30279415]
[ 0.32210111 -0.32305737  0.1479456   0.30347656]

Right eigenvectors

[ 1.          0.99682719  0.75759781 -0.36955738]
[ 1.          0.98411035 -2.11789667  1.01871615]
[ 1.         -1.01318662 -0.8326827  -1.73399479]
[ 1.         -1.00296881  0.45931415  0.94217794]
