Cluster centers 

[-0.59558014  2.87476353  1.04593697  1.72988373]
[ 1.06747844 -0.25964378 -0.00308159 -0.58882441]
[-0.86522405 -0.32807675 -0.64269336  1.02752339]
[-0.99784323 -0.59042496  1.60732217  0.12121935]
[ 0.77134325  3.50558438  3.05301886 -3.23990107]
[-0.92949393  0.14610936 -1.40302691  0.02546313]
[ 0.89806544 -0.37184112  0.01320487  1.86832921]
[ 1.27593689  0.91300041 -1.40092713  0.07690119]
[-1.12605351 -0.79766422 -0.51487392 -1.05079137]
[-0.82015899  2.01356906 -0.47739655  0.48052294]
[ 1.01395803  0.49550071  1.1763485  -1.05296425]
[ 0.68607817 -0.7257823   1.31357642  1.06628714]
[-1.16251415 -0.10657051  1.54947239 -0.76877431]
[ 0.94706021  0.2607751  -0.1685959  -1.78526971]
[ 1.13562964 -0.48904438 -0.65210077  0.19000809]
[-1.03535584  2.53467381  5.08926802 -0.76691531]
[-0.76347116  3.44475146  0.33289696  0.51858651]
[-1.04599598 -1.11510089  0.14557667  0.14839413]
[ 0.88931896  0.95234583  0.68404358 -2.20612722]
[ 0.93335907  0.89149342  0.88233169  0.83991372]
[ 0.95474823 -0.73614192  0.3681674   0.7529384 ]
[-0.85611824  1.20670189 -0.76986267  0.52445491]
[-0.31012102  0.12590203  0.3825293   2.35046513]
[-1.17034165  0.37648308  2.24579547 -0.86146827]
[-0.81794727  1.70093995 -1.08175935 -0.06327069]
[ 1.17070824 -0.25756643 -1.24507469 -0.20559281]
[ 1.05337845 -0.21983617 -0.61766332 -1.05170668]
[-1.07077121 -1.06803364 -0.60819108 -0.09530308]
[-1.18832755 -0.22713056  0.67366657 -1.31187635]
[-1.09317138 -0.96093029 -0.88262682 -0.63595746]
[ 1.00430105  0.30616611  0.35343839 -1.42639014]
[ 1.30248095  2.5608299  -1.1441162  -0.21891842]
[ 1.08099483 -0.49928011 -0.13137741 -0.03402565]
[-0.4283628  -0.93280771  1.93477798  1.2480373 ]
[-0.69881506  1.23155276 -1.98576347 -0.93258797]
[ 1.06571656 -0.60319125 -0.29611299  0.8963294 ]
[ 0.30206388 -1.02074262  1.46516885  1.5422144 ]
[-1.2135543   0.42817631  1.71456304 -1.41921987]
[ 1.12270507 -0.03451354 -0.41654918  1.36171594]
[-1.12505832 -0.93001289 -0.0056507  -0.45275528]
[-0.99197371 -0.85786789 -0.89056227  0.3502305 ]
[-0.74970228  1.41120132 -0.0587363   1.28938314]
[ 1.35091064  1.7679668  -0.72460495  0.65084297]
[-0.9137163  -1.16271482 -0.21869036  0.82884648]
[-1.03061734 -0.7878122  -1.40731803 -1.16362967]
[-1.08393506 -0.87291771  0.6751912  -0.11644089]
[-0.87424285  0.80396901 -1.4208669  -0.12069645]
[ 0.94756438 -0.45008433  0.87449256  0.32094777]
[-0.67283293  3.95358957  1.3122437   1.25065557]
[ 1.1211499  -0.44106853 -0.72300187 -0.30297788]
[ 0.75445658  0.33949373 -0.71989334 -2.41892098]
[ 0.13206198 -0.31390893  0.48758739  2.51753122]
[ 1.12391135  0.49334434 -1.95915719 -0.70647919]
[ 1.12251628  1.74820809  0.42502878  1.97463524]
[-0.60557592  2.03747497  0.64050471  1.79126475]
[ 0.943525    1.53317201  1.72777568 -2.0613736 ]
[-0.89699171  0.1111611  -1.82232061 -0.54339104]
[ 1.0318479  -0.03717652  0.70295846 -0.55059613]
[ 0.88545343 -0.84485748  0.35525772  1.1408565 ]
[-1.1705858  -0.48948299  0.72002868 -0.83340773]
[-0.75056026 -1.20092055  0.95883549  1.01243624]
[ 0.9912264   1.08494883  1.62671867 -1.52739595]
[-0.90812754  0.4291867  -1.16085251  0.29120739]
[-0.96732576  0.16910715  2.7820429  -0.01965553]
[-0.77348833  2.54478663 -0.71895568 -0.08899662]
[-0.77355356  2.83096272  0.16021086  0.73051423]
[ 1.25453604  0.41866323 -0.92499136  0.7260599 ]
[-0.85029101  0.64351669 -0.64218305  0.88732284]
[-1.16507049 -0.37225371  1.08245513 -0.74059392]
[-0.36881524  1.09808285  0.61784148  2.29097445]
[-0.58001027  2.84380139 -1.34650502 -0.94840775]
[ 0.73153483 -0.15027262  2.06393933  0.56571337]
[-0.91689828 -0.30592807 -0.87918116  0.70993344]
[-1.04201546 -0.83507047 -1.33921019 -0.52287094]
[-0.98606125 -0.47515405 -1.4094091  -0.1081749 ]
[ 1.04522454 -0.01942279  0.20729599 -0.9427452 ]
[ 1.07381306 -0.24682029 -1.32878071 -0.97296009]
[-1.16862524 -0.52959103  0.23258028 -1.13295918]
[ 1.03738493 -0.33428429  0.43873802 -0.1590858 ]
[ 1.03126189  0.18904197  0.73477436 -0.91623871]
[ 0.95779624  0.19802355  1.58562216 -0.26780866]
[ 1.0687868  -0.61396321 -0.14490237  0.38626136]
[ 1.0820611  -0.31795019 -0.94080394 -0.85893063]
[ 0.81972316 -0.81624136  0.19642399  1.62034052]
[-1.16905962  0.13638653  1.9023797  -0.82436731]
[-0.71820543 -0.58408268 -0.23074837  1.55483364]
[-1.06978522  0.9176471   3.35689981 -0.52797261]
[ 1.19298694 -0.14393801 -0.82205606  0.6836352 ]
[-0.74616684  3.41413068  0.60198895  0.84053767]
[-0.79834798  0.17854528 -0.43673863  1.26905709]
[ 0.04350258 -1.22082635  0.95873966  1.88825977]
[-0.99081391 -0.29901226  2.08444343  0.04816573]
[-1.10406254 -0.34657916 -0.28708511 -1.81460106]
[ 1.21479254 -0.03998586 -1.19881029  0.18989003]
[-0.65585262  0.47773674 -0.01370937  1.73501555]
[ 1.08938626 -0.3582116  -0.44141516 -0.5744946 ]
[-0.56610489 -0.5088294   0.01828463  1.91321208]
[-0.742758    1.87555767  0.1300141   1.27221541]
[ 1.18596468  0.61509979 -0.34636103  1.45554646]
[ 1.02222899 -0.01573048 -0.24434198 -1.28712172]

Populations

0.00714123167043
0.0169740744667
0.563144507667
0.412740186196

State labels

0
1
2
3

Eigen uncertainty

nan
0.0588870063739
0.218031162452
0.15877740722

Eigen values

1.0
0.380406234009
0.319760903453
0.231065428406

Left eigenvectors

[ 0.00714123 -0.03222338 -0.07774044 -0.00288313]
[ 0.01697407  0.02563693 -0.00437472 -0.12652891]
[ 0.56314451  0.44460901 -0.13888069  0.17043401]
[ 0.41274019 -0.43802256  0.22099585 -0.04102197]

Right eigenvectors

[  1.          -4.51230046 -10.88613855  -0.40373077]
[ 1.          1.51035783 -0.25772961 -7.45424502]
[ 1.          0.78951141 -0.24661643  0.30264703]
[ 1.         -1.06125493  0.53543574 -0.09938932]
