Cluster centers 

[-1.05056071  0.88489106 -0.87539522  0.7633282 ]
[ 1.10995774 -0.81969749 -1.20784702  0.41327667]
[-1.13912644 -0.15098153  0.4725222  -0.16098461]
[ 1.02161316  1.15355196  0.01344491 -0.53868413]
[ 0.88254784  0.62889874  1.20828572  0.42760122]
[-0.73192613  0.18064663 -0.10602035 -1.76138873]
[ 0.53548692 -2.14449105  2.94924555  0.54499695]
[ 0.74703254 -2.58048305 -0.4588059  -1.31785365]
[ 1.10066988  0.95013975 -1.05851377  0.56346127]
[-1.11070663  0.28127742 -0.1882852   1.71395249]
[ 1.07644603 -1.32144264 -0.95427027 -0.11459068]
[-1.10876555 -1.10441912  1.38422061 -0.42230738]
[-1.00786165  0.51215426 -0.52204223 -0.63751477]
[-0.90320389  1.12824205 -1.01220249  1.85555905]
[ 0.53456912  0.23669493  0.26942179 -2.20292448]
[ 0.93993531 -4.28183772 -0.757292    0.46296753]
[-0.60195252 -1.1659692  -0.8506226  -1.92321792]
[-1.19691749 -0.10072354  0.15493106  1.31638293]
[-1.11591106  0.45900903 -0.26624709  0.18086851]
[ 0.69752635 -0.28230837  1.98677776 -0.17995237]
[-0.46489879 -0.08100175  1.05452594 -1.9844855 ]
[ 0.73437407 -0.81518818  2.10262506  1.14989171]
[ 1.07288229 -2.22296945 -1.17560212  0.60260413]
[ 1.0670378  -0.23379414 -0.73110582 -0.54009387]
[ 0.78772973  0.38563085  1.48888277 -0.40851064]
[-1.00920805 -0.23692387  0.74811478 -0.86010141]
[ 1.04440444  0.27189025 -1.62480455  1.25301205]
[-1.25047165 -0.68893657  0.73044819  0.65934136]
[-1.32935293 -1.50755757  0.99470678  1.74308081]
[ 0.93868391  1.04194944  0.78892832 -0.05387532]
[ 0.46744679 -1.30582737  2.63512092 -0.40437897]
[-1.11241962 -1.70424895  1.80994272 -0.37671805]
[-1.17154774  0.18319548 -0.01665796  0.81674933]
[ 0.86983516  0.78197987  0.93476951  1.26137065]
[-0.96953427  0.29488612 -1.58856919 -0.14622183]
[ 1.06843363  1.47769656 -0.73074415  0.64510402]
[ 0.94628362 -1.41184557 -0.61947867 -0.95913952]
[-1.06346026  0.66920359 -0.65932915 -0.01259468]
[ 1.09460591 -1.19484995 -1.36424637  0.77959263]
[ 1.11296863  0.55987446 -0.83215375 -0.03418763]
[ 1.07503317  1.28554559 -0.34492972 -0.0263048 ]
[-1.07989846  0.22145253  0.0985758  -0.4111918 ]
[ 0.87589271  1.3931357   0.24999289  1.5365631 ]
[ 0.98138537 -2.76432487 -0.76089463 -0.27164095]
[-0.93146525 -0.60963329 -1.55678779 -0.6458748 ]
[ 0.79166206 -0.01269948  1.48168406  1.55245859]
[ 0.86886709  0.1476274  -0.15633583 -1.49621637]
[-0.78634837  1.16937936 -2.02103974  1.43852004]
[ 0.63883545  0.46449109  1.30566396 -1.3299912 ]
[ 0.79818841 -0.1437496   1.75586705  0.77725255]
[ 0.9488168   1.12166729  0.57483155 -0.49360183]
[-0.89652755  0.29562119 -0.0588386  -1.2800046 ]
[-0.07917244 -2.16948133  2.98434525 -1.02149329]
[ 1.11571527 -0.37844786 -1.10506647  0.21129289]
[-1.17792529 -0.60968647  0.36433807  2.27644362]
[-0.74282638 -1.56726877 -1.18863301 -1.43301996]
[ 0.9033389   0.90269524  0.31375835 -1.16647943]
[ 0.32947088 -0.90864286  2.40377582 -1.06863185]
[-0.6566517  -0.52619826  1.41915012 -1.60973035]
[-0.90493512  0.22651441 -0.84560276 -1.10991394]
[ 1.07417575 -1.91633685 -1.05229911  0.22192223]
[ 1.11151627  0.00729201 -0.93058488 -0.07012206]
[-1.43086631 -2.72742801  1.53991     2.12339897]
[-0.76631871 -0.41740421 -0.91128077 -1.56940226]
[-0.12104733 -0.27491823 -0.05525909 -2.43289413]
[ 1.10912931  0.0392376  -1.29684543  0.64240579]
[ 0.93288004  1.08076519  0.72912414  0.72132853]
[-1.10675319  0.6256247  -0.48292418  0.77528829]
[ 1.02933232 -1.44378277 -1.68617282  1.47718149]
[ 0.69529156 -1.28445822  2.37114838  1.16975306]
[-1.1889175  -0.42255917  0.65410713  0.11485599]
[ 0.86105732 -3.22412792 -0.56183876 -0.71017089]
[ 1.05026652  0.76259196 -0.36790047 -0.6540645 ]
[-0.97590035 -0.01108545  0.51504492 -0.98087026]
[ 1.01087787 -0.62666606 -0.63754353 -0.8404263 ]
[ 1.04264735 -2.04322855 -1.54991247  1.37190821]
[ 0.6411576  -1.08907549  2.43488266  0.29019034]
[-1.01369884  0.38131474 -0.15382444 -0.73741421]
[-1.1881093  -0.10973481  0.32351412  0.36107755]
[ 0.79547003  0.07897937  1.6913918   0.16810006]
[ 0.63421412 -1.82725676  2.69621577  1.02799167]
[ 1.00713679  1.37565297  0.2680433   0.21858936]
[ 1.09561093 -1.37078558 -1.11367102  0.26081977]
[ 0.94795782  1.82403936 -0.67630809  1.30931295]
[-0.64329314  0.09015712  0.57412697 -1.88450816]
[ 0.82689692 -0.78402255 -0.37088134 -1.55219772]
[-1.09786332  0.49559238 -0.35938583  1.47339567]
[-1.21290333 -0.16183265  0.26034391  0.96063806]
[ 1.00481064 -1.7786674  -0.76537154 -0.5287643 ]
[ 1.09384075 -0.73709672 -0.95140789 -0.13706195]
[-1.20444046 -0.36088773  0.28817093  1.70489175]
[-1.10077519  0.61799612 -0.49091053  0.36269551]
[ 0.99513625  1.52076216  0.08914732  0.70981049]
[-0.99469449  0.82463247 -1.4025645   0.33144032]
[-0.97697369  0.4461745  -0.97075498 -0.64139654]
[-1.17080048  0.09579247  0.12648996  0.39835305]
[ 0.92153632  1.04873965  0.61527495 -0.72246986]
[ 0.83344819  0.19139194  1.52431646  0.72875837]
[-1.12153753  0.32392693 -0.07951036  0.02533158]
[ 0.86650408  0.81934422  1.04073466 -0.50310053]

Populations

0.122621872738
0.258901098876
0.609827861495
0.00864916689092

State labels

0
1
2
3

Eigen uncertainty

nan
0.198599293922
0.0760044140969
0.0718850801154

Eigen values

1.0
0.42159588099
0.309860063175
0.261941171889

Left eigenvectors

[ 0.12262187 -0.03430865 -0.29889876  0.13064532]
[ 0.2589011  -0.14292332 -0.05665956 -0.41016331]
[ 0.60982786  0.26042928  0.32900587  0.24873594]
[ 0.00864917 -0.08319731  0.02655245  0.03078204]

Right eigenvectors

[ 1.         -0.27979225 -2.43756475  1.06543244]
[ 1.         -0.55203831 -0.21884636 -1.58424706]
[ 1.          0.42705376  0.53950613  0.40787894]
[ 1.         -9.61911233  3.06994306  3.55896046]
