Cluster centers 

[-2.36691603  0.93370576 -0.34454627 -0.30637836]
[-0.46486951 -1.07365406 -0.11581271 -0.10437031]
[ 0.43186452  0.7113847   0.90644359  0.44751713]
[ 0.70777675  0.86719879 -0.74801307 -1.63179936]
[-0.78976118 -0.26665539 -1.38692765 -0.2874941 ]
[ 0.10592961  1.50107503  0.11514148  0.93804274]
[-0.09497267  0.86957507  0.93328549 -1.2830047 ]
[ 1.2864665   1.06318776 -0.7746242   2.00230301]
[ 1.1718525  -1.96419401  1.18810773 -0.28818758]
[-0.22220825 -1.17296649  0.70415279  1.52823979]
[ 1.3934918  -0.45837251  0.40727254 -1.33357364]
[-1.26108996 -0.01235347 -0.98037265 -0.32273095]
[-1.68272409 -0.13791252  0.40150935  0.64298225]
[ 0.3330007  -0.58877704 -2.77625594 -0.04132171]
[-0.82897541 -0.98978557  0.57044188  0.25536351]
[-1.33227644 -0.25568815 -0.3445714  -0.17147981]
[ 2.34079804 -0.9016744  -0.72997937 -1.17639821]
[ 0.22098035  0.6237783   1.24505995 -0.15340866]
[-0.44976723  1.74465338  0.36441428  0.46889236]
[-0.031455    1.07724572  0.21196809 -1.58967388]
[ 1.22393559  0.39756266  0.26938827  1.40775581]
[-0.22844946 -1.44007312  0.71176692  0.15126234]
[ 0.39239558  0.21433932  1.44804648 -0.66281371]
[ 1.50908027  1.06836268 -1.10913193  2.26326829]
[-0.8014761   0.22733942 -2.22786509 -0.34853703]
[-0.08665491 -0.99445963 -1.10658616 -0.18377423]
[ 1.62658237 -2.05335238 -0.81967836 -0.24758569]
[ 1.87992436  1.25579563 -1.96580244  2.79033458]
[ 0.60840698  0.43026013  0.39393588 -1.50689894]
[ 1.90833686 -0.08467938 -1.08826946 -1.39655459]
[-2.30214758  0.63064357  0.13626995  0.4312104 ]
[ 0.23084328  1.97015138 -0.9409054   1.70223484]
[-0.29306082 -0.51202387 -1.81026219 -0.21311956]
[-1.37706367 -0.43724018  0.22483276  0.11118707]
[-0.58022533  1.48996089  0.23181578 -1.55092452]
[-0.56933792 -0.84647941 -0.52595646 -0.17149232]
[ 0.81177635  1.1474728  -0.23786601  1.49293037]
[ 0.71003414 -1.47454805  0.59660081  2.01693611]
[ 0.77875585 -1.7695187   1.47176269  0.75338381]
[ 1.38175997  0.15052531 -0.54448865 -1.51000515]
[ 0.9158253  -0.49929419  1.41361494 -0.91607424]
[-0.48587463 -0.65111311 -1.15808675 -0.22508071]
[ 1.18932179  0.04679697  0.73697291  1.09702471]
[-0.26936298 -0.91200289  0.24051097  2.02877559]
[-1.1730724  -0.67877046  0.62093214  0.62262627]
[ 2.14132444 -1.11708788 -0.17493389 -1.13480848]
[-1.78881799  0.12450886 -0.16310698 -0.11367689]
[-2.83474416  1.63950255 -0.08614047  0.35077967]
[ 2.19939687 -0.11243776 -0.57007241  2.41746486]
[-0.10857301  0.82624019  1.21248101 -0.87196774]
[-0.68406908  1.63567206  0.78755472 -0.16512397]
[ 0.89268922 -0.02258426  0.68194152 -1.37271107]
[ 0.87784317  1.10222826 -1.61844539 -1.58271497]
[-0.17674492  1.94581229 -0.35175091  1.17116558]
[ 0.60764245  0.09503921  1.06705696 -1.22744947]
[ 0.74650751  0.24010802  1.10151969  0.48156088]
[-0.33871476 -0.19910322 -2.33165399 -0.21808548]
[ 0.99479479  0.37563999  0.60966336  1.05231971]
[ 1.02839999  1.10541329 -0.47547716  1.72920959]
[ 1.71011244  0.46030535 -1.70923485 -1.43904419]
[-0.32045787  1.49003699  0.64628155  0.25162937]
[-1.86508907  0.62468719 -0.88935814 -0.44083654]
[ 1.11000091  1.28075755 -0.88009253  1.98182577]
[-0.81503856  1.53267702  0.88802584 -0.99395962]
[ 0.06874785 -1.38112378 -0.31496403 -0.15275493]
[ 0.03274456 -1.58327163  1.15819911  0.62296957]
[ 1.22879024 -0.74985501  1.09758115 -1.07886912]
[ 0.33339544  1.25034086  0.23814663  0.95123621]
[ 1.42438865 -2.03450447  0.71938543 -0.43453282]
[-0.72058415 -1.08125816  0.82149427  0.61218176]
[-0.11790855 -0.53757833 -2.07614932 -0.17643588]
[ 1.23853648  0.50441777 -0.95725172 -1.55607516]
[ 0.07354128  1.12344293  0.75847803  0.36170235]
[-0.24562476  1.1472691   1.05770086 -0.25399223]
[ 2.44715682  0.77415477 -2.05877215  3.05967325]
[-0.52194758  0.29268734 -2.816554   -0.2802815 ]
[ 0.43894101  0.92075177  0.60757719  0.71741186]
[ 0.30393889  0.59207652  0.68461857 -1.43623683]
[ 0.55981857 -1.86839371  0.79279244 -0.07777301]
[ 2.45140131 -1.40915178 -0.4866349  -0.9914427 ]
[-0.69624349 -1.03017588  0.30529016  0.04568099]
[ 1.42367994 -0.72767603  0.69974523 -1.20902226]
[-0.17132018 -1.37941509  0.23640257 -0.04748327]
[ 1.50491686 -0.24128295 -0.11831232 -1.42088862]
[-1.14570847 -0.36920489 -0.47998234 -0.19453012]
[-0.73961784 -0.67736816 -0.59881891 -0.19070537]
[-1.17311042 -0.62765498  0.25093207  0.09424846]
[-1.3208782   0.24123303 -1.3114298  -0.39665   ]
[ 0.85242957  0.87124529  0.13243119  1.28355865]
[ 0.48785965  1.31193245 -0.06682724  1.23908101]
[ 0.26418149 -1.04939172 -1.63469798 -0.13954652]
[ 1.62930719 -2.10895302 -0.26239868 -0.3524407 ]
[ 1.03417573  0.31946734 -0.21286488 -1.54852185]
[-0.548996   -0.56660759 -0.09338638  2.21475291]
[ 0.05774355  1.12915527 -0.11525358 -1.64503651]
[-1.0896322   0.2927006  -1.81585199 -0.4039954 ]
[-0.14538053  1.49585275  0.43444994  0.55391919]
[ 0.36409203 -1.41608697 -0.81764221 -0.16824988]
[ 0.06584982 -0.20110823 -3.03659315 -0.08814139]
[ 0.63033584  0.58259431  0.03122825 -1.58215721]

Populations

0.0484841138309
0.171876602785
0.727261707617
0.0523775757667

State labels

0
1
2
3

Eigen uncertainty

1.68622134596e-10
0.100018186905
0.169472748206
0.171912443252

Eigen values

1.0
0.61188932716
0.520935552434
0.438969992193

Left eigenvectors

[ 0.04848411  0.08525736 -0.06837927 -0.18490231]
[ 0.1718766  -0.35473553 -0.09893711 -0.08190964]
[ 0.72726171  0.28618165 -0.04294673  0.33853768]
[ 0.05237758 -0.01670348  0.21026312 -0.07172573]

Right eigenvectors

[ 1.          1.75845963 -1.41034384 -3.81366785]
[ 1.         -2.06389656 -0.57562874 -0.47656073]
[ 1.          0.39350573 -0.05905266  0.46549636]
[ 1.         -0.31890514  4.01437285 -1.36939767]
