Cluster centers 

[-1.11767181 -0.78784129  0.14825742  1.24012602]
[ 1.22971942  0.79654128  0.31601049  0.32201364]
[-0.96244654  0.45764979 -0.79047783 -1.00833158]
[-0.93243659 -0.55311665  1.34237767 -0.05036702]
[-0.96897862  0.39863346  0.87690104  1.01153648]
[ 0.96913315 -0.2764025   0.81566396 -1.03299322]
[ 0.94896678 -1.00445578 -0.23567766  0.38923175]
[ 0.96261165 -0.27666611 -0.8513695  -1.91110049]
[-0.88853026  0.92684078  0.56455226 -0.53629718]
[-1.08799079 -0.12446736 -2.90595393 -1.06366995]
[ 0.99266988 -0.27811584 -1.5245833   1.81173388]
[ 0.17208122 -2.12333413  0.80946604 -0.763483  ]
[ 1.1992953   2.55336733 -0.0347555   0.66178458]
[-0.85472189  1.33330385 -1.07579388 -0.37967651]
[-0.68767334  2.06163224  0.66996491  0.5192192 ]
[ 1.1296911   0.11590065 -0.25838728  0.87110828]
[-1.13864816 -1.81989097 -0.05864094  0.86065506]
[ 0.18550778 -1.56595587 -1.00097033 -2.69591539]
[ 1.14826412  0.3447956   0.57628116 -0.80705648]
[ 0.88818903 -0.81214772  0.64917784 -0.48553501]
[-0.94332485  0.81881844 -1.23098931 -0.72135406]
[ 1.14826916  0.17663169  0.47950011 -0.06315526]
[-1.01982943 -0.05002112 -0.49218758  2.10968948]
[-0.99960293  0.4361937  -1.78578196 -0.91244551]
[ 0.54009225 -0.87621479  0.91322052 -1.86285483]
[-0.12640205 -1.19875743  1.41027565 -1.73587423]
[ 1.02525536 -0.53240268 -1.11264047  1.34261198]
[-0.86979211  1.10180732  1.18373686  0.58302178]
[ 0.65582648  3.25660195 -1.36479085  0.75063015]
[ 1.11976009  1.18376215 -0.37103722  1.51365598]
[-0.91876827  0.91974259 -0.55056656 -0.6848023 ]
[-1.27596252 -1.8840945  -1.13312377  1.65400991]
[ 1.10599507 -0.14459093 -0.06538447  0.5593549 ]
[-0.88680575  0.07338255  1.45207582 -0.43945562]
[-0.78646123  1.64216826  0.93093445  0.37263854]
[-0.89557015  0.88463809  0.95485508  1.05168324]
[ 1.16838981  0.51324647 -0.31342392 -1.28339337]
[ 0.79285189 -1.34567218 -3.34711266  2.46965161]
[-0.76268064  1.46124192 -2.21564667 -0.188906  ]
[-0.98624924 -0.15474528 -1.19232042 -1.40966115]
[-0.97604262 -0.94191982 -1.92962363 -1.85220242]
[-0.81273087 -1.39787993  1.24654851 -0.33095915]
[-1.00900455 -0.03591055  0.92182171  0.79825118]
[ 1.02913318  0.16883061 -1.19280028  1.78623366]
[ 0.85556595 -0.39824986  0.46392654 -1.73146872]
[-0.64169019 -2.33572093  0.70295864 -0.30482628]
[-0.93734713  0.46804011  1.25945119  0.39943612]
[-1.03438118 -1.58098018  0.52057004  0.45780012]
[-0.85672206 -0.52290886 -0.29461456 -1.755929  ]
[ 1.15325748  0.40412996 -1.3862508  -1.44676228]
[ 1.06104446 -0.40743199 -0.5467688   0.92004145]
[ 0.92717021 -1.27173294 -1.58912461  1.33011193]
[ 1.24159033  1.4315802   0.18471532  0.74127351]
[-0.81760059  1.53011883  0.40577216 -0.10828453]
[ 1.02997321 -0.34553149  0.57686001 -0.30929357]
[-0.85188727  0.96586096 -3.51023556 -0.24748274]
[-1.18416093 -1.07097046 -0.60047989  1.70036496]
[-0.38505255  2.73691249  0.59895403  1.26225438]
[ 0.73433689 -1.39272806  0.43761783 -0.35322596]
[ 0.69794765 -0.90612772 -0.97989987 -2.3214803 ]
[-0.91207946  0.58723702  0.27615151 -0.87955209]
[ 1.08443587  0.17498765  0.35113637 -1.29797932]
[-1.04087431 -0.09134722  0.39525769  1.34020735]
[-0.89157978  0.68329876  1.21941931 -0.26273017]
[-0.82539884 -0.10059187  1.07765549 -1.18920979]
[-0.90492226 -1.00878873  1.27192317 -0.13339704]
[ 0.89539401  3.2066636  -0.05536921  1.23915388]
[ 1.2041507   0.56275909  0.53035283 -0.4195639 ]
[-0.68353735  2.0003477  -0.8764535   0.0661444 ]
[-0.00452195 -1.91124475  1.15132612 -1.00609591]
[-0.95316736  0.76181116 -2.70704392 -0.53686339]
[ 1.01227356 -0.75627628 -0.78969038  0.96833176]
[ 0.77022056 -0.84727258  0.97596417 -1.00513175]
[-0.87003175  1.21850597  0.05407906 -0.42812775]
[-1.19479682 -2.47822236 -0.71921161  0.99333931]
[-0.91813673  0.24458359  0.02870096 -1.17011858]
[-0.9313235   0.55025434  0.30344529  1.68365264]
[ 1.27825132  1.16325225  0.34257106 -0.05917027]
[-0.75542146 -0.73358046  1.6016255  -0.85876845]
[-0.94782783 -0.11623164  1.34617953  0.09881461]
[ 0.89371006 -1.45522248 -1.05531161  0.8549552 ]
[ 1.031945   -0.53291727  0.11355356  0.2258949 ]
[-1.09326731 -2.24710278 -0.12884719  0.65551039]
[ 1.18315423  0.38981751  0.28447871  0.29842902]
[-1.04302838 -0.25238726  0.6796928   0.97919756]
[ 1.2976135   1.88439274  0.09142001  0.15111354]
[-1.20324071 -1.5466617  -0.44493968  1.33376527]
[-1.0526504  -0.78960825  0.73147282  0.6701432 ]
[ 1.08436988  0.20831142 -0.7971139   1.44989363]
[ 1.13910813  0.46450998 -0.36897414  1.14984615]
[ 1.15417659  2.09888767  0.06898544  1.23727815]
[ 1.20147413  1.02424041 -0.00131175  0.93642658]
[ 0.95727974 -0.65924685 -1.86366591  1.85681375]
[-0.84322693  1.33337353  0.85051038 -0.04408485]
[ 1.17548192  0.50129527 -0.04636682  0.79533436]
[ 1.20709138  0.64831923  0.29664139 -0.88542212]
[ 0.31262284 -1.5819265  -1.43199258 -2.69329028]
[-0.9562186   0.02773397 -0.65479132 -1.32810505]
[-0.78225154  1.67101045 -0.73791451 -0.1590264 ]
[-0.74160987  1.66318291  0.92737291  1.12978981]

Populations

0.0060178581699
0.149259154306
0.371694855131
0.473028132393

State labels

0
1
2
3

Eigen uncertainty

1.37784837064e-10
0.08509246328
0.105221402423
0.158373561931

Eigen values

1.0
0.369254839669
0.334849035101
0.308486829602

Left eigenvectors

[ 0.00601786  0.0368356   0.03992717  0.05505091]
[ 0.14925915  0.05333491  0.25845328 -0.23945386]
[ 0.37169486  0.35432988 -0.32601366 -0.0412701 ]
[ 0.47302813 -0.4445004   0.02763321  0.22567304]

Right eigenvectors

[ 1.          6.12104823  6.63478157  9.14792439]
[ 1.          0.35733095  1.73157404 -1.60428255]
[ 1.          0.95328164 -0.87710027 -0.1110322 ]
[ 1.         -0.93969125  0.05841768  0.47708165]
