Cluster centers 

[ 1.33389454 -0.779899   -0.21007591  0.32051909]
[ 0.80984295  0.6698848  -0.60964151 -0.85408091]
[-1.00721333 -0.60916538  0.02065237  0.33839427]
[ 0.04437948  2.56006887  2.04986873 -0.32535408]
[-1.08828141  0.91732461 -0.95572596 -0.28704385]
[-0.91381011 -0.74938216 -0.36142749 -1.42858066]
[ 0.69566868 -1.16124815  1.22880958 -0.92773258]
[-0.36887906 -0.39763868  0.09628877  2.52376127]
[ 0.55679443  1.85464123  0.73217008 -0.04699122]
[-0.81682859  0.10902866 -1.1936342   0.36572242]
[ 0.70806966 -1.08163241  0.24513129 -1.36092926]
[ 1.46622572  0.08319625 -0.93389155  0.82829119]
[-0.86112746 -0.25447206 -1.0512171  -0.78310229]
[-1.05125296 -0.59306446  1.47533329  1.54030981]
[ 0.21708811 -0.94148857  3.87622548 -0.31018077]
[ 1.00045412  1.16874733 -0.23775386  0.32713128]
[ 1.21967821  0.08858056 -0.9327223  -0.18588349]
[-0.64420378 -0.17636094 -0.84655331  1.3662712 ]
[-1.69574106  2.08382144  0.44235861 -0.58942724]
[ 1.08541885 -0.73014761 -0.54918291 -0.73811092]
[-0.2980296   0.50296752 -0.81275502 -2.27771111]
[ 0.7881001   1.97971328  0.63084167  1.41735739]
[ 0.42022106 -1.15719415  2.41446633 -0.96409027]
[-1.352035   -0.76442826  1.25468449 -0.0030101 ]
[-0.84841    -0.53534046  0.25938003  1.34293306]
[ 1.32713656 -0.84430584  0.18711353  0.74188324]
[ 1.23430784  1.15665194 -0.64230103  2.82415233]
[ 0.35357667  1.72730017  0.65578586 -0.84168576]
[ 0.99409835 -1.05954948  0.73893529 -0.31164876]
[ 0.74575973 -0.62292204 -0.76555886 -1.49394083]
[-1.16122583 -1.1011379   1.20676473 -2.21439193]
[-0.94320531 -0.54399054 -0.57294955 -0.50986604]
[-1.14083487 -0.67696536  0.77007156  0.56768204]
[-1.1135899   1.43326629 -0.64265656  0.80039206]
[-0.17638867 -1.10717738  3.71747158 -1.74636665]
[-0.38233043 -0.65928694 -0.81396577 -2.2384497 ]
[ 1.09874388 -0.92521509 -0.018633   -0.46252638]
[-1.44668202  1.63923048 -0.16752201 -0.64083792]
[-0.85622778 -0.39645181 -0.62888543  0.47085369]
[ 0.26047238  2.1780284   1.33837674 -0.40630049]
[-0.15317808  2.77760887  2.54315552 -0.48905239]
[ 0.97253283 -1.00553757  1.58209589  0.57907639]
[-0.22761424  1.65171047  0.63660727 -2.02669531]
[-0.87385304  0.15515967 -1.1894547  -1.00944342]
[ 0.13754235 -1.02645824 -0.16654237 -2.2324531 ]
[-1.1400498  -0.71402416  0.40870571 -0.00842402]
[-0.67916311 -0.42498299 -0.1543884   1.63931273]
[ 0.74659543  1.01025842 -0.29836687 -0.68795057]
[-0.89089666 -0.56801819  0.62443409  1.45359251]
[-0.68195827 -0.51232726  1.77713053  2.49195101]
[-1.00206937 -0.61176176 -0.2530296  -0.19342893]
[ 1.39027188 -0.55783302 -0.63169672  0.28461194]
[-0.78112596 -1.04178304  0.25222838 -2.26201338]
[-0.72501695 -0.3890913  -0.38871396  1.33449984]
[ 0.20746877  2.69171925  2.06863501  0.66741321]
[-0.56114593  0.26695359 -1.20424713  1.6329361 ]
[-1.18257864  1.07359974 -0.70868244 -1.0728118 ]
[-0.98823733 -0.60198271  0.35760267  0.86517732]
[ 0.76697596  1.79957638  0.51822302  0.66819964]
[-1.04128409  0.73427503 -1.04193017 -0.56277736]
[-0.86277644 -0.09747568 -1.13147825 -0.3625575 ]
[ 0.82584073  1.2025506  -0.13162738 -0.23036307]
[ 1.22583056 -0.89292785  0.05716389  0.05929279]
[ 0.6250666   0.08165712 -0.92450344 -1.54220943]
[-1.09628768 -0.54980621  2.13598833  1.8076942 ]
[ 1.54226286  0.14538975 -0.94121929  1.48127082]
[-0.81789482 -0.4226987  -0.43424882  0.90057709]
[ 0.34425211 -1.21098759  2.0733329  -1.38341912]
[-1.1881117  -0.96612522  0.69929432 -1.58484549]
[ 0.15828004  2.33305159  1.62739249 -0.42878794]
[ 1.25362244 -0.72172754 -0.45437043 -0.17431539]
[-0.71578224  0.35869696 -1.03339602 -1.95916773]
[-1.10689127  1.2123082  -0.80352922  0.39651124]
[ 0.67354944  1.60001891  0.36511329 -0.11121139]
[-1.32159179 -0.71297355  1.3949521   0.42673296]
[ 0.02571468  2.17773225  1.44727345 -1.04774607]
[-0.7503556  -0.13711459 -0.98911459  0.80371566]
[-0.8944769   0.64659804 -1.17739214  0.49397814]
[-0.34341102  2.61156086  2.35144079 -1.2980509 ]
[ 1.19734115 -0.93421046  0.80637621  0.82644858]
[-0.58192819 -0.49274602  0.64627891  2.28385913]
[ 0.99127848  0.08460155 -0.93244518 -0.82745841]
[ 1.04838503  0.77783712 -0.56414277 -0.06318236]
[ 1.35029143  0.43643426 -0.84762392  0.65425224]
[ 1.25639213 -0.29235305 -0.8995891  -0.26133846]
[-1.22282567 -0.65196877  1.46960121  0.95667828]
[-0.74360928  0.31684291 -1.23128497  0.93311102]
[-0.61888148 -0.85517075 -0.40484123 -2.15979231]
[ 1.16053622  0.94364163 -0.49511014  0.59628491]
[-0.61818499 -0.46225342  0.20606992  2.00614942]
[-0.89362287 -0.56916149  0.98798527  1.68717971]
[ 0.76134185 -0.9313491  -0.27791948 -1.40671134]
[ 0.86422445 -1.1082721   1.16834833 -0.43936123]
[ 1.05180346  1.33611224 -0.12940826  0.90482043]
[ 1.36073859 -0.01615989 -0.93674951  0.2477535 ]
[-1.32165006  1.51556402 -0.42509804 -0.08363633]
[-0.84385153 -0.23988911 -0.9478929   0.18205572]
[ 0.48802395  1.66311054  0.52353785 -0.57602229]
[-0.98686449 -0.86148911 -0.02199803 -1.5482887 ]
[ 1.15234518 -0.98010778  0.60399979  0.2425966 ]

Populations

0.0767322593741
0.178370835457
0.134031836487
0.610865068681

State labels

0
1
2
3

Eigen uncertainty

1.90778412732e-10
0.146680881049
0.117760466167
0.112805904741

Eigen values

1.0
0.621551683262
0.568298871011
0.392867318058

Left eigenvectors

[ 0.07673226 -0.23262153 -0.12485077 -0.03382202]
[ 0.17837084  0.07053041  0.07793458 -0.36811186]
[ 0.13403184 -0.13039318  0.29743809  0.10293447]
[ 0.61086507  0.2924843  -0.2505219   0.29899941]

Right eigenvectors

[ 1.         -3.03160014 -1.62709627 -0.44077967]
[ 1.          0.39541445  0.43692448 -2.06374467]
[ 1.         -0.97285231  2.21915998  0.76798524]
[ 1.          0.47880345 -0.41011004  0.48946883]
