Cluster centers 

[ 1.15050786 -1.62284018 -0.26537587  0.85933053]
[ 0.86587667  1.13240409 -0.05647373  0.4874145 ]
[-0.8509742  -1.63393328  0.81765747  0.05193181]
[ 0.51537383  0.37982051 -1.18681755 -2.10176182]
[-1.09509002 -0.25369342 -0.21840504  0.25534414]
[ 1.01033132  0.89088677  1.73347316 -0.15370428]
[-1.03865669  1.3324158  -0.32201778  0.88729689]
[ 0.97208254 -0.49803249 -1.07511209 -0.31036246]
[-1.11770901 -0.87751883  0.67053688 -1.28148897]
[-0.62599673  1.3764919  -1.68894462 -0.63958091]
[ 1.10212667  0.1656331   0.83598946  0.8518479 ]
[-0.77946429 -0.10185686  3.01623231  0.9459254 ]
[-1.05401741 -0.39480513 -0.08929983  0.74383675]
[-1.00984893  1.9651672   0.11004835  0.49050506]
[ 0.97356576 -0.909033   -0.41208717 -1.58022411]
[-0.60095965 -1.13375925  1.54984651  2.06281337]
[ 1.10551743 -0.18825743  1.66173983  0.81420915]
[ 0.86792246  0.58743729 -1.10950837  0.74848429]
[ -1.08912409e+00   2.20832926e+00   1.05830081e+00   7.98332589e-04]
[-1.05203406  0.31430193  0.33212883  1.37720855]
[ 0.821033    1.65631819  1.34500738 -0.56414162]
[-1.14467407  0.23457779 -0.35860223 -1.27439243]
[-1.0846364  -0.78333271  0.30094986 -0.433672  ]
[-1.06674198  0.55707217 -0.84446579  0.05857444]
[ 0.97700674  0.93702036  0.76747819  0.30834514]
[-0.50004092 -2.21976683  0.98777481  1.17489122]
[-0.85920873  1.43949622 -1.30757589  0.37961136]
[ 1.03027654 -0.56171067 -1.03893815  0.20025405]
[-0.71529612 -2.19729556  1.62947636 -1.06668157]
[ 1.05519475 -1.00592368 -0.68069876 -0.43282611]
[ 0.75599068  1.98661178  1.85830815 -1.19004098]
[ 1.11108763 -0.05613329  0.0387298   1.16212331]
[ 0.74133581 -0.3432513   0.24824769 -3.85353381]
[ 1.12613028 -0.16735752  1.02344697  1.03212172]
[ 0.40848893  2.32469226  0.0758311  -0.31527175]
[-1.10268541  1.01954594  1.77186609  0.70238847]
[ 0.41926031  1.09461918 -1.85823257  0.06290745]
[-1.19802812 -0.03986319  0.16687781 -1.94681441]
[-0.98392112 -0.7325282   0.1823104   1.07031544]
[ 1.11817877 -0.60177176 -0.71986917  1.05394467]
[-0.46822921  1.27113008 -1.35058707 -2.41205268]
[ 0.15076802  0.98218555 -1.69771132 -1.5006829 ]
[-1.04173067 -0.8206504   0.20785295  0.17579931]
[ 0.93538726  1.31976557  2.85758351 -1.34719992]
[ 0.97189882  1.03298956  1.13648802  0.05624618]
[ 1.10955763 -1.02051027 -0.73725407  0.37705009]
[ 1.12062088 -1.8927937  -0.06957778  0.26139097]
[-1.18673735  1.85396664  2.37905318 -0.33964667]
[-1.14674075 -0.25240021 -0.04621775 -0.81199279]
[-0.92703155  1.03918542 -1.29433417 -0.29138104]
[-1.07319195  0.33716961 -0.36043748  0.97064767]
[-0.83967946  1.20395764 -1.46646269 -0.45904543]
[-1.01019617  0.77244725 -1.00955501 -0.84283236]
[ 0.92405548 -0.24155304 -1.25293489 -0.16703136]
[-1.09413333 -1.15512042  1.18969158 -1.89381108]
[-1.03803849  2.20372906  0.63400725  0.16468293]
[-1.02771549 -1.13870152  0.60061402 -0.47906928]
[-0.99572251  0.23728576  1.38544695  1.38458507]
[ 1.04346767 -1.30242233 -0.22153289 -1.16109029]
[ 1.07336028  0.24356119  2.13078804  0.20343083]
[ 0.61904473  1.35967527 -1.11012167  0.54023027]
[ 1.0693443  -0.45929612  2.15881496  0.83485053]
[ 0.83235406 -0.55066927 -0.17223113 -2.77494524]
[ 0.84257537  1.46568576  0.71112257 -0.06224987]
[-0.55300299  2.66863731 -0.38427996 -0.03214088]
[ 1.09171356  0.23609904  1.51558471  0.52116768]
[-1.13653903 -0.59952908  0.31077731 -0.97210671]
[ 0.91850742 -0.49211441 -0.94809035 -0.95440515]
[-1.08477071  0.29245911 -0.56280975  0.55159303]
[-0.91245081 -1.21897439  0.43413354  0.81097102]
[-1.11989951 -0.05426173 -0.33124549 -0.31057745]
[-0.99205503 -0.91561724  0.23654006  0.63939252]
[ 0.64458642  0.25085657 -1.38843229 -1.24913112]
[ 0.80484691 -0.34623467 -0.62717813 -2.18078556]
[-0.93916724  1.66990547 -0.67828645  0.68493104]
[-0.81967132 -1.14419501  0.60366402  1.64098716]
[ 1.0555015   0.56139292  1.26419935  0.37242687]
[ 1.15310879 -0.75623758  0.61228137  1.49804544]
[-1.08808507  1.88954929  0.7471847   0.39377229]
[ 0.06018086  1.6139264  -1.82496423  0.0318029 ]
[ 1.08556148 -1.29981111 -0.44236738 -0.43662365]
[-0.97377136 -1.44131929  0.9620097  -0.83771875]
[-1.17347997 -0.27681067  0.16302865 -1.37604247]
[-1.09633469 -0.57900218  0.08385938 -0.19852873]
[-0.71361225 -1.7221199   0.73268713  1.22133799]
[ 1.13464402 -0.46008762 -0.4101533   1.2643141 ]
[-1.03272607  0.9227777  -0.80771942  0.67504647]
[-1.04242716 -0.21031135 -0.04630761  1.12761236]
[-1.09146655 -0.03729983 -0.36485247  0.46129811]
[-0.83089607 -1.61847954  0.71861391  0.4831353 ]
[ 0.87441027  0.02010923 -1.39944516  0.05824975]
[ 1.16857362 -0.9619978  -0.25615555  1.36865952]
[-0.30858959  3.24613127  1.25770497 -1.49007732]
[ 0.67855965  0.69045253 -1.6569051   0.26121266]
[ 0.96695866  0.58461363 -0.43788688  0.85951681]
[ 1.08143107  0.26377293  0.46378241  0.89783642]
[ 1.08719687 -0.64697277 -0.91336992  0.67664249]
[ 1.0264437  -0.07436623 -0.96224346  0.89057936]
[-1.19818325 -0.31801266  0.41401419 -1.8851661 ]
[ 0.98617089  1.02122539  2.36013003 -0.66268503]

Populations

0.309313096686
0.187654768847
0.206131384795
0.296900749672

State labels

0
1
2
3

Eigen uncertainty

1.68822968154e-10
0.0584607953129
0.0633282397182
0.0702929036557

Eigen values

1.0
0.419506058702
0.366728976813
0.266351496982

Left eigenvectors

[ 0.3093131   0.35771062 -0.29258114 -0.00882583]
[ 0.18765477  0.10268975  0.31783633  0.20217651]
[ 0.20613138 -0.07363995  0.13912796 -0.37264166]
[ 0.29690075 -0.38676042 -0.16438314  0.17929098]

Right eigenvectors

[ 1.          1.15646774 -0.94590609 -0.02853364]
[ 1.          0.54722697  1.69372903  1.07738539]
[ 1.         -0.35724764  0.67494796 -1.80778711]
[ 1.         -1.30265894 -0.55366362  0.60387514]
