Cluster centers 

[-0.80636402  0.86808672  0.7389902  -1.02492229]
[ 1.43561455 -0.63469404  0.58498035 -1.10800218]
[ 0.68852404  0.1165666  -0.52354692  1.58260327]
[-0.85052502 -1.21684765 -1.4083623  -0.58736972]
[-1.08607305  0.69879089 -0.55946528  0.37510332]
[-0.71718221 -1.30996802  2.28219023 -1.24026311]
[ 1.3111331   0.54404854 -0.27026454 -0.52467066]
[ 0.13531801 -1.09045621  2.0275174   1.14215823]
[ 0.89080793 -0.07495475  0.61341785  0.71689045]
[-0.89679472 -0.18899069  1.7869829  -0.1089381 ]
[-0.8128922  -2.40753059 -1.32427365 -0.75469051]
[ 1.08160407  0.65125136 -0.4581903   0.49254422]
[ 1.58793898 -1.18589538  0.72268241 -1.84581766]
[-1.05343313 -1.14939869 -0.28636821  1.34998316]
[-0.88245982  0.21035555 -1.33347003 -0.41634218]
[ 0.25538708 -0.00219306  0.68708345  1.89021584]
[ 0.55070438 -2.02676247 -0.91981669  1.64019769]
[ 1.41445664  0.63215851 -0.44162552 -1.32589412]
[-0.80324845  1.59706057 -0.19697817 -0.8133015 ]
[-1.07318357 -0.38899583 -0.77655446  0.43322866]
[-1.01308357  0.49766761  1.22561852  0.4365792 ]
[-1.12782794  0.80245589  0.17586706  0.84023577]
[-0.43864536  0.02643439 -2.13377685 -1.41094942]
[ 1.52525044 -0.25006126  0.15766383 -1.70511615]
[ 0.33426587 -3.34988173 -0.70262887  1.55441109]
[ 0.09670008 -1.92972786 -0.43773225  2.11153068]
[-1.04464619 -1.06440386 -0.83859306  0.3527126 ]
[ 1.18677032  0.96187086 -1.0374334   0.10357717]
[ 0.72868359 -0.26645806  0.91397937  0.95854401]
[ 1.42797916 -1.199505    0.97279974 -1.12541212]
[-1.01960953  0.94010643  0.73970558  0.04393414]
[ 1.2021882   0.1208823   0.22193573 -0.09481465]
[ 0.91428364  0.40374036 -0.06771887  0.91869029]
[-0.56910284 -0.00782382  1.31961532  1.89513026]
[ 1.03690549  0.58905928 -1.03930442  0.75531871]
[-0.79682937 -0.51910604  1.85779568 -0.97046284]
[-1.03051566  1.19531566  0.33383451  0.03807865]
[-0.70079755 -3.88645649 -1.25149795 -1.25472118]
[-0.14666252  2.08230012 -1.26046428 -1.65236702]
[-0.91860105  0.13883371  1.53687545  1.10824534]
[-0.82914736  0.97646835 -1.28732895 -0.54480274]
[ 0.35483317 -0.2570908  -0.23098276  2.079164  ]
[ 1.61461962 -0.62781957  0.17308859 -2.74409866]
[ 1.30964483 -0.83084089 -2.71219506 -0.88620215]
[ 0.3981518  -0.20072142  1.02381579  1.5091071 ]
[-1.00336202  1.36988437 -0.24912691 -0.08157229]
[ 1.11403737  0.35854939  0.0170134   0.27202533]
[ 0.61849404 -0.38637793 -0.7129313   1.73859641]
[ 1.1941535   1.48711967 -1.14826761 -2.03826797]
[-0.89761589 -1.84098166 -1.21444047 -0.40357647]
[-0.83447984  0.37111278  1.20709299 -0.90870191]
[ 1.43229417 -0.0465056   0.14502643 -1.12260126]
[-0.59084532  0.80107802  0.62454343 -1.73403778]
[ 1.79338302 -2.29906867  0.88916355 -3.30595636]
[ 1.20355752 -0.59386693  0.81408598 -0.26927814]
[-0.58284315 -2.5238299   2.7607606  -1.82359906]
[ 1.26228075  0.98194024 -0.81815535 -0.31102207]
[-1.12735004 -0.13796456 -0.387251    0.95652514]
[-0.82642807  1.58638974 -0.85648381 -0.5986255 ]
[-1.00924627  0.86120647 -0.81960381  0.00589328]
[ 1.3323317   0.18982405  0.05368377 -0.61183839]
[-1.0024199  -2.13967879 -0.67414641  0.51668482]
[-1.00974491 -0.4344921  -1.02308303  0.06617103]
[-0.82178653 -3.12518973 -1.1475037  -0.70687047]
[-0.83389323 -0.64023634  2.10006414 -0.12916208]
[ 0.45488939 -1.38234704  2.00576066  0.75667165]
[-0.95156648  0.59198619  1.12132741 -0.27181738]
[ 0.74656    -1.1152706  -1.11201306  1.46456762]
[ 1.21769576  0.87880399 -1.98201232 -0.22259714]
[-1.06542655  0.19125448  0.32608366  1.5825086 ]
[-0.0961345  -0.78316494 -0.02711404  2.39156891]
[-0.92666962  0.85969621  0.8281076  -0.48414284]
[ 0.87046216 -0.64461304  1.14825389  0.51470136]
[ 1.36633529 -0.27856199  0.40706639 -0.78395874]
[ 0.65713604  0.25259469 -0.01441618  1.51840563]
[-0.93324333  0.19702344  1.48048913 -0.17760651]
[-0.19542085 -0.54599237  1.77963133  1.55629768]
[ 0.90866296  0.17107477  0.3137375   0.79582082]
[-0.67505855 -0.52290616  1.66390082 -1.67978525]
[-0.75898523 -0.81502555 -1.62067055 -0.8385873 ]
[ 1.26934689  1.26415256 -1.28125311 -0.55440995]
[-0.97373697 -1.57589025 -1.02597952 -0.02575778]
[-0.9374235  -0.82795503 -1.22411704 -0.25088756]
[ 1.08291194 -0.48338989 -1.67889599  0.65027294]
[-1.0820167   1.14459728 -0.12621066  0.31536851]
[-1.0699269  -1.24098524 -0.53187879  0.88334011]
[-0.66607233 -1.65498817  2.58983151 -0.66088386]
[ 1.20596297  0.67422271 -0.39927992 -0.01236633]
[-0.75328583  0.28229215 -1.6028543  -0.76112187]
[-0.71419619  1.08218363  0.47585712 -1.30246153]
[ 0.95763139  0.54405879 -0.53263341  0.9209766 ]
[-1.11908724  0.83002217 -0.27487481  0.57668769]
[-0.93962773  1.24076746  0.36178567 -0.41562409]
[-1.02556409  0.04268591 -0.95485088  0.11644683]
[-0.98901973  1.26573028 -0.59818483 -0.09616085]
[-0.87330278  0.76086857 -1.25889207 -0.42767125]
[-0.70466725 -0.24633089 -1.72692534 -0.92071318]
[ 0.6464845   0.0550712   0.55484197  1.30472957]
[ 0.15176744 -3.10993859 -1.99332912 -1.46700214]
[-0.85259662 -0.19166343  1.84093482  0.86823985]

Populations

0.0153452772655
0.00537084349749
0.975703332428
0.00358054680942

State labels

0
1
2
3

Eigen uncertainty

9.28866102775e-11
0.353330008698
0.291253586643
0.196524395949

Eigen values

1.0
0.49829642462
0.330612568167
0.287909624895

Left eigenvectors

[ 0.01534528 -0.00307617  0.01927233  0.12136274]
[ 0.00537084 -0.00123259 -0.07228093  0.01076783]
[ 0.97570333 -0.05540774  0.0535891  -0.13328365]
[ 0.00358055  0.0597165  -0.0005805   0.00115308]

Right eigenvectors

[ 1.         -0.20046385  1.25591259  7.90880063]
[  1.          -0.22949568 -13.45802116   2.00486691]
[ 1.         -0.05678748  0.05492356 -0.13660264]
[  1.          16.67803812  -0.16212548   0.32204114]
