Cluster centers 

[ 0.95246501  1.53573913 -1.72526665  0.86648673]
[-0.96226688  0.85267965  0.49755305  0.5256288 ]
[-0.90736518 -2.14662654  0.46944952 -0.59842966]
[ 1.06003296 -0.75202467  0.47848484 -0.2728176 ]
[-1.01113266  0.8744355   0.18704986 -1.46487424]
[-0.63110455 -0.48358057  1.74444746  0.69079426]
[-1.02364784 -1.37526068 -0.99136298  0.43711568]
[ 1.06869002  1.32712305  0.53251375 -0.32398701]
[ 0.92220928 -1.10076798 -2.2287685  -0.46930573]
[ 1.11440071  0.4780071  -0.80415999  0.75229263]
[-1.07364152  1.06849246 -0.82174438 -1.20029938]
[-0.96399021 -0.30482731  0.32424568  1.18739524]
[ 1.04574333  0.28297187  0.89892416  0.37405413]
[ 0.96842063  1.30592476 -0.38452305 -2.86417186]
[-1.00821301  1.28882185 -1.26992149  0.08106473]
[ 1.11416012 -0.76881011 -0.56676261 -0.25264911]
[ 0.54919461 -0.18370715  2.22304766  0.16034171]
[-1.00231433  0.28040549 -0.47419143  1.54517088]
[-1.0489291   1.1074647  -0.47004931 -0.33031097]
[ 1.02004547 -0.06523575 -1.59623314  0.55309237]
[-0.08259096  0.17599306  2.46136254  0.27375223]
[-1.04752226  0.98434393 -1.53822854 -2.21984018]
[-0.95693395  0.33101939  0.305589   -3.82062478]
[-0.89199497 -3.23432638  0.31531984 -2.18670622]
[ 1.09158133 -0.42902496 -1.10865362  0.13819705]
[ 0.82800132  0.94394759  1.67857231 -0.2500921 ]
[-1.02403916  1.08311738 -0.58349046  0.72863486]
[-0.92797025  0.85394787  0.68676527 -1.1274589 ]
[ 0.74293135  1.01374752 -2.39245622  1.31830688]
[-0.97737821 -1.05896087  0.15086636  0.66833358]
[-0.64728059 -1.13234439  1.58092958  0.28365772]
[ 1.0726638  -1.37941113 -1.28767506 -0.93160434]
[ 1.09652504  1.51525523 -0.04816546 -0.53560518]
[-0.97035564  0.71268482  0.39861124 -2.24069943]
[ 0.29352291 -1.56710803  2.13485751 -0.73251669]
[ 1.13281877  0.2921249  -0.35629516  0.57868813]
[-1.03274874 -2.02589462 -0.61517658 -0.35382635]
[ 1.09715919  0.7011486   0.55288786  0.44690757]
[ 1.1254096  -0.03477181 -0.03580113  0.33727934]
[ 0.91209871 -0.60830485  1.31090389 -0.13332834]
[ 1.0430858   1.42494842  0.29912652 -1.39266858]
[-0.94373288 -0.01356215  0.53317496  1.23528304]
[ 1.11248519  1.25778283  0.20189911  0.21510902]
[-1.02180869  1.03042383 -0.06387954  0.17602464]
[ 0.36978634  0.85813836  2.21936268 -1.04857083]
[ 0.44808426  0.90032427  1.76797119 -2.26912162]
[-0.74880741  0.7196744   1.46662867  0.0502442 ]
[ 0.35660669  0.51020352  1.37517245 -4.22703625]
[-0.98087498 -0.7609431  -1.31795532  1.06276082]
[-0.82525012 -0.28624456  1.15596896  0.97131511]
[ 0.94673522 -0.0877499   1.31962959  0.18568888]
[-1.00254158  0.68008866 -0.10052125  1.25771609]
[-1.08416955  0.94563341 -0.70999561 -1.77392759]
[ 1.01187755  0.90611103  1.09134643  0.16012413]
[-1.01573301 -1.01048955 -0.53731566  0.79065325]
[-1.04608828  1.21387906 -1.14111438 -0.58062509]
[ 0.65164793 -2.14002408  1.53001407 -1.64148776]
[-1.01291851  0.98556667  0.13976144 -0.5370323 ]
[ 1.01013984 -1.20857052  0.64283322 -0.72512973]
[-0.90249916 -0.81505293  0.71736202  0.77202763]
[ 0.936424   -1.7843477  -2.3115915  -1.41958095]
[ 0.92683109  1.2249905   1.14909272 -1.05744775]
[ 0.79920176 -1.1830311   1.50003465 -0.61069118]
[-1.11156922  0.69123431 -0.977751   -2.97126333]
[ 1.11480558 -0.48321618 -0.04890919 -0.00922494]
[-1.00848835 -0.52558485 -0.49441853  1.19290998]
[-0.83214553  1.14360929 -1.94800582  1.52004351]
[-1.00819607 -2.51990194 -0.23191893 -1.04234076]
[ 1.1011705   1.1515022  -0.85330949  0.79684233]
[ 1.08111689 -0.98091868 -1.21030193 -0.44378786]
[-1.03732082  0.65301528 -0.04267794 -2.71679718]
[-1.01461017 -1.58223035 -0.29681151  0.17358501]
[ 1.11147469 -0.08561243 -0.84830844  0.40778056]
[-0.99578589 -1.52210939 -1.56098871  0.26446673]
[-0.99183151 -0.60683575 -0.00566709  1.06586394]
[-0.96015867 -1.41943049  0.26916623  0.29360887]
[ 0.99625791 -0.51874626 -1.81720683  0.14847311]
[-0.86167073  0.31628062  1.0615316   1.00031882]
[ 1.13051712  0.77330365  0.07188476  0.59256622]
[ 0.57208863 -0.78890525  2.07259095 -0.17173262]
[ 1.05062919  1.69939334 -1.11929564 -0.46686786]
[-0.96043562  0.56472842  0.46592767  1.0947207 ]
[ 1.06092589 -0.77137243 -1.41321897 -0.18332655]
[ 1.10064711 -1.21024164 -0.3825635  -0.75163802]
[-0.7802292  -1.77675463  1.05533354 -0.24823642]
[-1.04689866  0.99955919 -0.19505286 -0.97231088]
[ 1.08502064 -0.12429385  0.51786275  0.22400909]
[-0.96422339  0.92490994  0.51081624 -0.08652977]
[-0.96909322  0.09727508 -1.14452397  1.61582538]
[ 1.11827903 -0.46136974 -0.66236499  0.05831956]
[-0.63766705  1.48319295 -2.29351741 -0.91677501]
[-0.09170508 -0.96544911  2.33984897  0.03079637]
[-0.67976715  0.25984491  1.69424706  0.71993899]
[-0.73173789  0.79315703  1.395321   -0.83045781]
[-0.99660401  0.02093699 -0.09911516  1.40138835]
[ 0.73504917  0.49908848  1.96466495  0.13567715]
[ 1.06301764 -1.85046385 -1.27664215 -1.57433765]
[-0.97605732  0.85335767 -1.00776404  1.51063727]
[ 1.02697193  0.53383268 -1.50317741  0.94036921]
[-1.02124787  1.00511589 -0.20080909  0.66246074]

Populations

0.112970850184
0.378630881701
0.268311449459
0.240086818656

State labels

0
1
2
3

Eigen uncertainty

2.89068912343e-11
0.0220376247774
0.0374435850103
0.0422700418857

Eigen values

1.0
0.680180677058
0.194838109653
0.11784965011

Left eigenvectors

[ 0.11297085  0.10781401 -0.02277701 -0.2967588 ]
[ 0.37863088  0.39181039  0.03452028  0.28383535]
[ 0.26831145 -0.2545584  -0.36072942  0.03734597]
[ 0.24008682 -0.24506601  0.34898615 -0.02442252]

Right eigenvectors

[ 1.          0.95435251 -0.20161843 -2.62686167]
[ 1.          1.03480834  0.09117133  0.74963601]
[ 1.         -0.94874222 -1.34444289  0.13918889]
[ 1.         -1.02073912  1.45358312 -0.1017237 ]
