Cluster centers 

[-0.29669721  0.24776726 -1.29280459  1.25957942]
[ 0.82245541 -0.60076771 -0.06171996 -0.58305625]
[-0.76709489  1.08624558  0.9990781   0.44634645]
[-1.22139153 -0.78430757 -1.14969361  0.0695536 ]
[-1.13069376 -2.06808536  0.69598815  1.54386979]
[ 1.18703061  1.20720544  1.49876481 -0.09104729]
[-1.05486423  1.12430663 -0.28494199 -0.53814707]
[ 1.1899408  -0.65086455  0.38033715  1.50961449]
[ 1.17881479  0.57656048 -0.49501304 -0.57698048]
[-0.4426286  -1.13957279 -0.08461721  1.95634576]
[-1.0332913   0.60190951 -1.82708332 -0.64249934]
[ 1.51013437  1.09211754 -0.05971348  0.93151758]
[ 0.18642012 -1.00861016 -0.13481789 -1.71530377]
[-1.39184226  0.56381913  2.6515976  -0.0950344 ]
[-0.12022378 -2.23293258  1.30571347 -1.26757684]
[-0.84238347 -0.00222474 -1.53765404  0.342982  ]
[-0.31393816  1.25448116 -0.19340418  0.87405556]
[ 1.32795883  0.33958429 -0.34671759  0.26680058]
[ 0.92342926  0.92943942  2.92415446 -0.14296166]
[ 0.7646262  -1.43900651  0.92719223  0.27301577]
[ 0.5376374  -1.21466191  0.40670385 -0.74165991]
[ 0.58215281  0.05233544 -0.76065734 -1.74799435]
[-1.46873522  0.74774733  1.71856211 -0.6992472 ]
[ 0.32988188  1.32414333  0.00809544  1.64684569]
[ 1.00166742 -0.64956519  0.32220072  2.38865938]
[-0.96649488 -1.10437457 -0.55314328  1.0114384 ]
[-0.8123439   0.70302618 -1.64787832 -0.07494925]
[ 1.30149436  0.01228836 -0.10464554  1.87586053]
[-0.37287282 -0.9135133  -0.6468887  -2.64619825]
[-1.34486748 -2.5540725   1.32100907  1.57252269]
[ 1.11182242 -0.26478    -0.13349515  0.0374168 ]
[ 0.67577817 -0.48136558 -0.29864522 -1.1033671 ]
[ 1.30674661  1.27232747  1.46501262  0.68030156]
[-1.09555683 -0.1497299  -1.62286704 -0.20398178]
[ 0.2097229  -1.4395039   0.42007149 -1.30194068]
[ 0.99316746  0.75834387 -0.51488053 -1.23202726]
[-1.60030374 -2.13510271  0.37402801  0.52313784]
[-1.28031914  1.02025635  0.36265589 -0.85984175]
[-0.6675868   0.73174119  2.90167271  1.13583385]
[ 1.45968657  1.01864426 -0.12256507  0.40708413]
[ 0.59163159  1.06864427  0.27580248 -2.09818675]
[-0.96451519  1.11481456  0.3212815  -0.13366541]
[ 0.08859017  0.63676808  2.89743505 -2.20777003]
[-0.68586933 -1.78579711  0.63041226  2.06757305]
[-0.94165945 -2.56154951  1.68564151  2.27063422]
[ 0.98890913 -1.12438944  0.7278457   0.83045475]
[ 1.06636536 -0.19126169 -0.23109671 -0.22949797]
[-0.99209931  1.09302617 -0.95626272 -0.57536736]
[-0.66197024  1.13733587 -0.92942364  0.17430984]
[-1.01426039  0.9987706   1.14098669  0.05163611]
[-0.72273876  0.95587477  1.84031293  0.7618323 ]
[ 1.11584527  0.15913848 -0.4322767  -0.42998053]
[ 1.45883761  0.50662645 -0.3036205   1.08078876]
[ 0.72297599 -1.05956603  0.37615829 -0.37667082]
[ 0.60415243 -1.29694964  0.86981099  2.73694213]
[-1.54084048 -1.10428263 -1.06547281 -0.62850601]
[-1.55636761  0.93547595  0.24198862 -1.85355878]
[ 1.35620612  0.91421582 -0.22626722 -0.09384159]
[-1.31982193  0.65585303 -1.92593812 -1.89067837]
[-1.39388202  0.35922569  3.42218145  0.22843406]
[ 1.45687769  1.02307265 -0.19025629  1.50324059]
[-0.57783992  1.21880241 -0.1868661   0.45981737]
[-1.2619497   0.8161865   1.73107829 -0.2187604 ]
[-1.04137791  0.90747573  1.61945948  0.17021686]
[-0.53082626  0.83184145 -1.44351295  0.4934823 ]
[-0.61537657 -0.72353955 -0.72321312  1.38278501]
[-1.39628228 -1.53031718 -0.35715136  0.39002448]
[-0.99078114 -1.55525025  0.03542625  1.35850011]
[ 0.56114248 -1.44305305  0.73429374 -0.41947882]
[-1.3651723  -2.19292223  0.68896967  1.17515459]
[ 0.56971896 -0.34786709 -0.50131741 -1.46720316]
[-0.60735276 -0.91406689 -0.49657159  1.54361764]
[ 1.02924897  1.16161519  0.92457196 -0.92046942]
[ 0.86161513  0.11528867 -0.59505143 -1.14529421]
[ 1.1377699   1.14394838  2.06329834  0.13143485]
[ 0.52777159 -0.83256986 -0.06183391 -1.14394985]
[ 1.24088784  1.07258346 -0.0340391  -0.5737803 ]
[ 1.28660458 -0.2425969   0.02782502  1.1151165 ]
[-0.0308393   0.11716687 -1.04522767  1.73007609]
[-1.46459452  0.62583191  2.28752014 -0.41123676]
[ 0.25761753 -1.7750147   0.93484112 -0.87107234]
[ 0.91014169 -0.26690371 -0.30166032 -0.66617838]
[-0.52501998  1.18063253  0.71356658  0.75082996]
[ 1.36438433  1.27664487  0.84613981  0.37130952]
[  3.37667176e-01  -1.39134201e-03  -8.61531146e-01  -2.17469119e+00]
[-1.04681341  0.80927058  2.09107556  0.32574425]
[-0.3354835  -0.6988916  -0.53406016  1.81727836]
[ 0.09162821  1.07442833 -0.86741644  1.43078186]
[-0.65304629 -0.27709638 -1.19615505  0.97269386]
[-1.22909362  0.34196927 -1.96051111 -1.15195533]
[-0.6304266   1.19902056  0.20016307  0.45986455]
[ 0.12058694 -2.12181552  1.34435715 -0.84477141]
[-0.09454861 -1.97757872  0.92872736 -1.44868845]
[-1.05275823 -0.56031727 -1.24286446  0.30763414]
[ 0.88296484 -0.79202249  0.20057537 -0.16640991]
[-0.90210843 -0.82207158 -0.8396527   0.90208898]
[ 1.39686058  1.17539506  0.21349786  0.12344684]
[-0.86468839  1.16508528 -0.33823804 -0.12029306]
[ 1.08500466  0.7450237  -0.49567808 -0.97776829]
[ 1.49369717  0.89534508 -0.23416321  0.75723052]

Populations

0.0192925874403
0.938906730278
0.00964636841105
0.0321543138703

State labels

0
1
2
3

Eigen uncertainty

nan
0.220837970921
0.215450893568
0.210913293827

Eigen values

1.0
0.666667369192
0.657400960365
0.481868471335

Left eigenvectors

[ 0.01929259  0.08018517  0.11154911 -0.00689328]
[  9.38906730e-01   1.04695891e-05  -1.50899795e-01   1.85984231e-01]
[ 0.00964637 -0.08019671  0.05576669 -0.00344663]
[  3.21543139e-02   1.07563633e-06  -1.64160113e-02  -1.75644324e-01]

Right eigenvectors

[ 1.          4.15626824  5.78196755 -0.35730195]
[  1.00000000e+00   1.11508297e-05  -1.60718621e-01   1.98085949e-01]
[ 1.         -8.31366897  5.78110734 -0.35729792]
[  1.00000000e+00   3.34523179e-05  -5.10538379e-01  -5.46254306e+00]
