Cluster centers 

[ 0.25586814  1.70057788  0.83718027 -1.14490493]
[-0.99157744 -1.03487589 -0.1248575  -0.84665661]
[ 0.96481809  0.43536645 -0.09382645  1.05016886]
[ 1.07855869  0.03523141 -0.48022848 -1.2499854 ]
[-1.17365426  0.50482529 -0.4167927   0.58984993]
[ 0.85976167 -0.86682542  1.87238779  0.78555033]
[ 0.6177299  -1.39534224  3.11905037  0.38947658]
[-0.9068717  -0.81943273 -1.05602148 -0.00517505]
[ 0.87303552  1.35463388 -0.46777284  0.17473545]
[-1.13694824  0.27366387 -0.09594599 -0.22760611]
[-0.63514234 -1.88862791 -1.30038228 -0.29098927]
[-1.22193509  0.29649157  0.44788018  1.2250339 ]
[-0.89312205 -0.16294701 -1.50368573  1.61182809]
[ 1.04160623 -1.07966208  0.61799828 -2.36530731]
[-1.1346421   1.35111903  0.91020294  0.16533419]
[-0.89774741  1.45003517  1.0894997  -0.77742361]
[ 1.22118317 -3.19587892  1.23902707  1.53313017]
[ 1.0101062   0.8143929  -0.82325383 -0.48533743]
[ 1.05787593 -0.99641297  0.76007944  1.27411967]
[ 1.1681379  -0.23158354 -0.98488679 -0.95123173]
[ 0.50988423  1.17421723  1.19724385  0.3507486 ]
[ 0.65193295  0.89642531  0.49239029 -1.54346712]
[ 1.09429835 -1.99957083  1.65875546  1.1110922 ]
[-0.45912426 -2.09580273  4.56378223  0.10238372]
[ 1.11192022  0.32659941 -1.75459563  0.14237696]
[-0.78155783 -2.13735736 -0.52448861 -0.8905269 ]
[ 1.07143992 -0.84721693 -0.5352334   1.7529292 ]
[-1.05230857  0.02134564 -0.98404711  0.57530612]
[ 0.97818027 -0.13740631  0.47124827  1.11458929]
[-0.85637119 -0.00983314  2.78915179  0.52816598]
[ 1.16749046 -0.81390779 -0.21417133 -1.74519449]
[ 0.75874725  1.12607676  0.38858884  0.53908603]
[ 1.0449984   0.48066219 -0.71551959 -0.83054138]
[-1.00603264 -0.43760959 -0.82278861  0.01742266]
[-0.87785374 -1.29715891 -0.77961098 -0.4358421 ]
[ 1.03400614  0.71931237 -1.4556247   0.90603329]
[ 0.91912669  0.88836896 -0.24119795  0.80609512]
[ 0.79774771  1.38600035 -0.06635551  0.34439517]
[-1.0544691   0.30491756  2.07503505  0.72700876]
[-1.08519932  0.04777847  0.37930103 -0.85411369]
[-1.00040613 -0.77903766 -0.43795032 -0.49380143]
[-0.64859101 -0.41147803 -2.00999982  1.95530235]
[-0.99222029 -0.92251616 -0.23840564  2.05796708]
[ 0.94742417 -0.3910043  -1.84144672  1.94597505]
[-0.85125521  1.63864802  1.62173599  0.00799758]
[ 0.92287183  0.45037195 -0.04700671 -1.39853665]
[ 1.06918741 -0.63675408 -0.01277025  1.47363243]
[-1.21469345  1.02240768  0.5273014   0.51831514]
[-1.17950133  0.70111547  0.05115624  0.03990025]
[ 0.93375261 -0.49584564  1.14596229  0.97959807]
[-1.07535399 -0.29600789 -0.13971479 -0.52925964]
[-1.09534486 -0.07854499 -0.32951506 -0.22994928]
[-1.13883608  1.05783286  0.54564495 -0.26958676]
[ 0.51773346  0.14411761  1.22638589 -2.35499993]
[ 0.67189847  1.67029869  0.09928876 -0.16655834]
[ 0.88497277  0.19617934  0.72582146  0.90492035]
[ 1.18441443 -0.30229498 -1.49873945 -0.52562156]
[ 0.89223471  1.19779977 -0.48063291 -0.44007301]
[-0.8302874  -2.38149855  0.03023038 -1.32981713]
[ 1.03964923 -0.15660358 -0.08880448 -1.62148666]
[ 0.22284452  0.18259835  2.64068844  0.27783255]
[-0.71511403 -1.0769548  -1.63561475  0.31183112]
[  1.02611180e+00  -1.52287763e-01  -1.15283985e-03   1.28674392e+00]
[-0.51393426 -3.21508798 -0.74243366 -1.01666082]
[-0.6022671   1.0446359   1.41475909 -1.63004898]
[-1.1420455   0.01648928 -0.31010068  1.56072689]
[ 0.93602701  0.29767673  0.29905656  1.00123531]
[-0.76062227 -1.25651562 -1.35707887  0.01171574]
[-0.82324447 -0.58314756 -1.60199495  0.61943755]
[-1.0712337   0.09995044 -0.8977658   1.45430653]
[ 0.96098674 -2.87583315  3.28538812  0.48915862]
[-1.21499613  0.67381659 -0.04003582  0.78091749]
[-1.13264734  0.27920871  0.0285754  -0.35916294]
[-1.14543679  1.05561119  1.27339073  0.55247841]
[ 0.74688544  0.62130681  0.94575299  0.66377852]
[-1.08289284 -0.00564405 -0.68656353  0.1957379 ]
[-0.60248083 -0.81493879 -1.67262611  2.35077019]
[-1.14872171  0.35342342 -0.41429008  0.24511265]
[ 0.72658993 -0.26520573  1.82968354  0.65807338]
[-1.03608412 -0.56345152  0.33644317 -1.06207805]
[ 1.09024383 -2.37784825  2.12503262  0.96283442]
[ 0.751997    1.1218218   0.07745474 -1.08774779]
[ 0.46585548  1.75932793  0.65671762 -0.05744576]
[ 1.04043585  0.86505097 -1.2859745   0.27526989]
[-0.95008317  0.65287856  1.038249   -1.27201459]
[-0.90553064 -1.67667968 -0.15589728 -1.0243064 ]
[ 1.02570864  0.31563491 -0.71657391  1.27716229]
[-0.95746165 -0.40179518 -1.16073513  0.35426654]
[-1.13502877  0.75292199  0.39348102 -0.41643368]
[-1.20373184  0.20373599  1.27669033  1.06650233]
[ 1.10771066 -1.5067549   0.82688042  1.37902383]
[ 0.87095625  0.55858085  0.42922498  0.84513536]
[ 0.60922542  1.63722788  0.22377485 -0.6364237 ]
[-1.05621072  0.14327749 -1.07205531  1.09474922]
[ 1.0976998   0.40518629 -1.12341105 -0.49232508]
[ 0.91758345  0.67491541 -0.20285219 -1.15362351]
[ 1.04997614 -0.20982216 -0.36424758  1.43527456]
[ 0.98338256  1.08357928 -0.93190764  0.03130149]
[ 0.96638001  1.03852279 -0.78292985  0.66167918]
[-0.68509043 -2.13544583 -0.951215   -0.60304169]

Populations

0.933637222442
0.0211623413953
0.00370490955759
0.0414955266049

State labels

0
1
2
3

Eigen uncertainty

nan
0.352289983114
0.182273833588
0.133746819574

Eigen values

1.0
0.498548726249
0.372992909709
0.302756285246

Left eigenvectors

[ 0.93363722  0.04437691  0.17129053 -0.17506857]
[ 0.02116234  0.00684455 -0.14173152 -0.02407957]
[ 0.00370491 -0.0606706  -0.00267593  0.00176106]
[ 0.04149553  0.00944914 -0.02688308  0.19738709]

Right eigenvectors

[ 1.          0.04753121  0.18346583 -0.18751242]
[ 1.          0.32343045 -6.69734575 -1.13785022]
[  1.         -16.37572939  -0.72226611   0.47533181]
[ 1.          0.22771476 -0.64785486  4.75682807]
