Cluster centers 

[ 1.62391572 -1.02207901  1.95506074 -0.6480681 ]
[-0.95999043 -0.47439027  0.65446486 -0.25091597]
[ 1.19810464  2.42845878  0.86789575 -1.13608138]
[ 0.67906085 -0.43136445 -1.34367287  0.39589833]
[-0.26661723  0.24326587  0.36091737  2.41430043]
[ 0.77684001  0.44402953 -1.03347238 -0.97585896]
[-1.27975314  0.97346394 -0.66949     0.32602881]
[ 1.42182144 -0.41103846  1.75302062  1.22589685]
[-1.33789965 -0.50382021 -0.90154289 -1.16020353]
[-0.62244478 -1.05983983  1.02103821 -1.79914899]
[-0.06091767  0.47274874  1.99915909  2.20796175]
[ 1.03257804 -1.35239975 -0.35431968 -0.21357549]
[ 0.88958369  1.15714772 -0.49145309 -0.80911888]
[-0.75898731 -0.0179409   1.10700031  0.91834438]
[ 1.90627769  0.3067546   3.73545747  1.15761308]
[-1.08716776 -0.71012466  0.06075826 -0.79369804]
[ 0.30342593 -0.6880806  -1.57598046 -2.80733157]
[ 0.6035574  -0.3675325  -0.7882254   1.53664463]
[ 0.73831571  0.7501196  -0.91794839 -0.04786458]
[ 0.7206143  -1.41414444 -1.35204295 -1.03239912]
[-0.8422391   1.11404013 -0.64679711  1.65242394]
[-1.2314714   0.1456049  -0.56711803  0.63678871]
[-0.52953984 -0.38856416  2.1362477  -0.88359701]
[-0.73572129 -0.74223124  1.18861287 -1.14729937]
[ 0.89762003  1.60068552 -0.18611052 -0.34039435]
[-0.10553283  2.38548511  0.160721    1.18504131]
[ 1.04186913 -1.22286586 -0.29435139  0.1181997 ]
[ 0.85520179  0.95633935 -0.3981657  -2.27437589]
[-0.60136338 -0.0787009   2.01203648  0.10020228]
[ 0.78587664 -1.18755929 -1.2456483  -0.34858648]
[ 2.05920257 -0.22956898  3.6060345  -0.1972334 ]
[ 1.26702199  0.39477371  2.84406185  2.17880712]
[-1.17817166 -0.37225892 -0.14914743 -0.07613924]
[-1.33093517 -0.00374396 -0.70430805  0.02463932]
[-0.64964375  0.18085915  0.53629385  1.81795951]
[ 1.28001974 -0.91768169  0.74931954  0.59386951]
[ 0.68571755 -0.33462208 -1.43030934 -0.03531131]
[ 0.58823561  1.31119964 -0.61015504  0.81113286]
[-1.12593332  1.96542998 -0.03532364  0.01883978]
[-0.21471006  1.05247335 -0.74879195  2.02366304]
[ 1.15806205  2.0361501   0.62989437 -1.86030246]
[-1.11234642  0.42915242 -0.5731526   1.16476757]
[ 1.05448518  2.42531249  0.64454103 -0.36887553]
[-1.37162005 -0.13705895 -0.81819    -0.4919378 ]
[-0.7871619  -1.07175569  0.55942306 -1.64524416]
[-0.48618823 -0.62862095  1.991951   -1.39482524]
[ 0.95930703 -0.63398264  0.17719405  1.41976523]
[-0.76325328 -0.34303653  1.39774779 -0.21664406]
[-1.40647402  0.20751671 -0.95844615 -1.1538667 ]
[ 0.85202944 -1.10679658 -0.9627282   0.13615009]
[-1.00049992 -0.88249177  0.17610058 -1.17232633]
[-0.43994667  0.27438468  1.50814509  1.73585099]
[-0.36275899  0.30807219 -0.14675896  2.39141678]
[-0.09236586  0.29663658  1.04595947  2.45380517]
[ 1.01769623  2.04701722  0.29383892 -0.5370414 ]
[ 1.65753675 -0.42542569  2.31240272  0.73000158]
[-1.03425519 -0.05410746  0.05993911  0.88929978]
[ 1.04360754  1.6633134   0.12488603 -1.45279378]
[ 0.71830839  0.01498795 -1.31088509 -0.85681561]
[-1.06910753  1.49716362 -0.45458596  0.88819807]
[ 0.64170889  0.37243034 -1.16351877  0.45191522]
[ 1.04958808 -1.61596987 -0.09802907 -0.99463259]
[ 1.32908541 -0.67437003  1.17328518  0.97260428]
[ 0.97823043 -0.93707702 -0.27336707  0.77523874]
[ 0.55271666 -0.03088789 -1.19864038  1.0723518 ]
[-0.24272203 -0.98379134  1.9703862  -2.19508897]
[ 0.47738011  0.44523799  2.04373316  2.57290683]
[-1.25087211 -0.53732547 -0.46881389 -0.64603589]
[ 1.11676358  2.14389071  0.52512661 -1.03720012]
[-0.8248889  -0.22080595  1.13437451  0.27029357]
[-0.84803016 -0.70090152  0.89500335 -0.90664371]
[-1.38116576  0.48375595 -0.8270503  -0.21782839]
[ 1.19199883 -1.21819536  0.25330015  0.0399902 ]
[-0.92489832 -0.13641713  0.59196441  0.70744614]
[ 1.07780723 -0.21727582  1.31783436  1.9058147 ]
[ 0.55516352 -0.17833298  0.11454846  2.22344164]
[-0.86543606 -1.23870553 -0.03048761 -1.92697359]
[ 0.68418826 -0.80567364 -1.53921604 -0.71684598]
[-1.31772986  1.23439755 -0.43835044 -0.89167899]
[-1.0391159  -0.28040406  0.31364827  0.30044504]
[-0.67928553  0.00895824  1.51224609  0.75245417]
[ 0.76879315 -0.51685197 -0.24367934  1.63001558]
[ 0.74786866  2.06113058  0.07248249  0.45389621]
[ 1.30053299  2.66479615  1.24426806 -1.46903468]
[-0.89576524 -0.57853543  0.83999981 -0.5799344 ]
[-1.09052292 -0.55542026  0.14975774 -0.41721934]
[-1.15162211  1.46004245 -0.45244509  0.59693623]
[ 1.045385   -1.08919008 -0.19522707  0.44496511]
[ 0.85018817 -0.90087445 -0.75292581  0.68262422]
[ 0.85968896  1.30288759 -0.44558146 -0.36930033]
[ 1.06164737  1.9624328   0.30382266 -0.92340465]
[ 0.83453704  0.81435593 -0.59047099 -1.94922939]
[ 0.96363349  1.43125026 -0.19452474 -1.04881153]
[-0.44586511 -0.09308803  2.57535492 -0.47441835]
[ 0.71714534  0.17560207 -1.24461406 -0.282459  ]
[ 1.25979605  3.04497338  1.45193018 -0.70129432]
[ 1.2871099  -1.32448773  0.62898272 -0.45919058]
[ 0.21192422  0.23660591 -0.83712582  2.06520341]
[ 0.62075322 -1.34755745 -1.5614366  -1.39546318]
[ 0.7010731  -0.63907977 -1.45932269 -0.12181775]

Populations

0.00311719259841
0.0197115703675
0.00174936875772
0.0149528403121
0.00630409672012
0.014642888564
0.0225832017694
0.0111054133412
0.00492083583611
0.00634491634354
0.00233571332939
0.0123001157181
0.0124246900854
0.00675937977491
0.00213126867028
0.0155338005969
0.00203443781246
0.00627265815806
0.0235423147254
0.00474072697971
0.00234262067169
0.0138435423183
0.00600609353496
0.0173414996455
0.0154993677607
0.00532628411552
0.0156493553332
0.00218760125032
0.0111062492009
0.0095279201002
0.00258872256859
0.00208159690744
0.0242901493144
0.0177982623571
0.0174458725802
0.0186368197356
0.00588688585337
0.0046216215497
0.016114109202
0.0101924162084
0.00554772574271
0.0279534331953
0.00500609078779
0.0130143728894
0.00860773744903
0.0107546970767
0.00881563016917
0.00822083742992
0.00402144808597
0.0131502462765
0.0188107356188
0.00198810967058
0.00441059634566
0.00526075708975
0.00190253914028
0.00848945707767
0.0165574413014
0.00652485418984
0.0138249280972
0.00440386867533
0.011525001791
0.00718754693572
0.0149047375295
0.0148564494188
0.0106508232296
0.00203786014355
0.018925641452
0.00397603903196
0.00946627038733
0.0199226660858
0.0141974030537
0.00678808272013
0.013166070257
0.00185334792988
0.0042184302845
0.00667667363297
0.0160019779706
0.00783835391898
0.0156551168122
0.00437233406015
0.00211925820526
0.00653490134763
0.00375296049778
0.020113789594
0.0207618155615
0.00613255244465
0.0185999360266
0.0276407219328
0.00517983598205
0.0041343305072
0.0145421758956
0.016239520119
0.00739195649066
0.00777889412934
0.00549175835457
0.00900369814858
0.00633241669406
0.00241380151362
0.0123549229321

State labels

0
1
2
3
4
5
6
7
8
9
10
11
12
13
14
15
16
17
18
19
20
21
22
23
24
25
26
27
28
29
30
31
32
33
34
35
36
37
38
39
40
41
42
43
44
45
46
47
48
49
50
51
52
53
54
55
56
57
58
59
60
61
62
63
64
65
67
68
69
70
71
72
73
74
75
76
77
78
79
80
81
82
83
84
85
86
87
88
89
90
91
92
93
94
95
96
97
98
99

Eigen values

1.0
0.64691651987
0.573056293044
0.543989355927
0.533715371677
0.52865045138
0.517612583072
0.499052513166
0.483579922567
0.476643549525
0.472164974878
0.461379741518
0.435440050536
0.417170477693
0.400505107737
0.389305895273
0.374398490606
0.363690830909
0.349806378802
0.340899322152
0.328045114378

Left eigenvectors

[  3.11719260e-03   7.69980645e-03  -5.44591810e-04  -7.24469962e-05
   8.64859654e-03   4.76681773e-03   3.18062020e-03   1.43273559e-03
   1.36677532e-03  -5.59602159e-03  -2.59712881e-03  -1.52473047e-02
   1.23966779e-02   3.30933003e-03   7.08594015e-03  -1.05617165e-02
   3.99569118e-03   5.68033774e-03   9.15305423e-03   2.29319330e-03
   5.54763062e-03]
[ 0.01971157 -0.00616197 -0.03570448  0.01402899  0.01583414 -0.04503828
  0.00979446 -0.01638588 -0.00161432 -0.00272997  0.02149953  0.00893308
  0.01025796 -0.00301759  0.01957709 -0.00696219  0.0086775  -0.00433909
 -0.01420799  0.010628    0.0139297 ]
[  1.74936876e-03   6.92608121e-04  -4.29594158e-04  -5.29937193e-05
  -2.21761354e-03  -8.40365286e-04   7.92714233e-04  -7.72186637e-04
   2.34054596e-03  -2.83780753e-03  -2.71159057e-03  -8.46385888e-04
  -6.73611656e-06   3.06608381e-03  -7.33541023e-04  -5.70191525e-04
  -1.08883464e-03   4.03982013e-04   1.13454368e-03  -2.88225575e-04
  -1.87624950e-03]
[ 0.01495284 -0.00474088  0.01847439  0.00078934  0.00166494 -0.00499346
  0.01579944 -0.00400614 -0.01031958 -0.0084592   0.02239518 -0.00819375
  0.0126925   0.00554566  0.00602789  0.00230144  0.0142124  -0.00937941
 -0.01588103  0.00692816 -0.00309552]
[ 0.0063041  -0.00127247  0.0034591   0.00607118 -0.00954092  0.00393698
  0.01211816  0.00148841  0.00308309  0.00971474  0.00955594 -0.01471854
  0.00602183 -0.01438635 -0.0095792   0.0108197   0.00783026 -0.0061562
  0.01185025  0.00659182 -0.00278092]
[ 0.01464289 -0.00533154 -0.00605476  0.00043278 -0.00211899  0.00613602
 -0.0059353   0.00652967 -0.00956082  0.00693912 -0.00629119  0.00046231
  0.01555064  0.01558574 -0.01304962 -0.00222991  0.0086999   0.0019951
 -0.01127229  0.00136658 -0.01268452]
[ 0.0225832  -0.01034208  0.01958133  0.00478644  0.02219943  0.00924142
  0.01140665  0.00735043 -0.02452293  0.01341427  0.0183148   0.00592075
 -0.01368142  0.01856801 -0.02153462 -0.01264757 -0.02787643 -0.0221502
  0.01169371  0.0165816  -0.00069305]
[ 0.01110541  0.00850447  0.00222078 -0.00295363  0.01013916 -0.00189856
  0.00609807  0.02374888  0.0024908   0.00621844 -0.00432484  0.0280433
  0.00476447 -0.00756578 -0.00637319 -0.00919825 -0.00082197 -0.00842811
  0.01791492 -0.01862158 -0.01047316]
[ 0.00492084 -0.00435324  0.01326686  0.0117746   0.0049171   0.00062185
 -0.01240402 -0.01027119 -0.00801514 -0.01735542 -0.00501717  0.00644996
 -0.00143858 -0.01348849  0.00130534  0.0003851   0.01258574 -0.00067956
  0.00441893 -0.00564919 -0.00304851]
[  6.34491634e-03  -5.02480137e-03   1.63422628e-02   9.49377394e-03
   1.20990895e-02   3.13759694e-03  -7.98579019e-03  -1.16886750e-02
  -2.24072356e-02  -1.30194254e-02  -2.32879201e-05   6.37272176e-03
   7.06450295e-03  -1.28024286e-02  -8.03935214e-03   9.59454395e-04
   8.89497097e-03  -1.84578498e-03  -3.69293525e-03   6.65969262e-03
  -1.49183173e-02]
[ 0.00233571 -0.00150761 -0.00301589 -0.00768496 -0.00258841  0.00424216
 -0.00800602  0.00551945 -0.00441349 -0.00126744  0.00255285  0.00135379
  0.00075564 -0.00391881  0.0047572   0.00012197 -0.00134197  0.00168609
 -0.00041777  0.00588299  0.01000407]
[ 0.01230012 -0.00195051  0.00371064 -0.01632832  0.01672592  0.00271438
  0.00213239 -0.00190551 -0.00800006 -0.00308713  0.00188965 -0.01641906
 -0.00714313  0.01979437  0.00035744  0.00671824  0.00531628 -0.01639538
 -0.00489785 -0.0190283   0.00342232]
[ 0.01242469  0.00607684  0.00680618 -0.00543574 -0.01437464 -0.002508
  0.01963873 -0.01137482  0.00036291 -0.00512798  0.01058249  0.02212176
  0.00190776  0.00716863  0.01713725  0.01933268  0.00607649  0.00474224
  0.01207911 -0.01433561  0.00144256]
[ 0.00675938 -0.00206884 -0.00331944 -0.00192576  0.00279245  0.00752117
 -0.00114355 -0.00490063 -0.00124174  0.00682777 -0.00313759  0.00038113
 -0.01142669  0.00337937  0.00694031 -0.0013687   0.00953957 -0.01086445
  0.00579374 -0.01365609  0.00924275]
[ 0.00213127  0.00174088  0.00117074 -0.00354955 -0.00379766 -0.00172003
  0.00449563 -0.00236838  0.00017067 -0.00416945 -0.00089007 -0.00166567
 -0.00156827 -0.00018438 -0.01097571  0.00084945 -0.00380108  0.00646641
  0.00161452 -0.00243868  0.00859233]
[ 0.0155338  -0.00179646 -0.0005487  -0.01978853 -0.02433007 -0.00508006
 -0.01402303 -0.00059411  0.00544968 -0.004041   -0.01139845 -0.00653913
 -0.00395989  0.00182695 -0.00577596 -0.02004404  0.01246178 -0.0114128
 -0.00244958  0.01109562 -0.03016168]
[ 0.00203444  0.00219597  0.00160818 -0.00114698  0.00282828  0.00267436
  0.00264188 -0.00228767 -0.00256531  0.00363874 -0.00583866  0.00089666
  0.00741842 -0.00626705  0.00457278 -0.00420727 -0.00503438  0.00396532
 -0.00776789 -0.00348723  0.00210369]
[ 0.00627266 -0.004218    0.00949344  0.00471964  0.00509027  0.00143996
 -0.00598867 -0.00378115 -0.00908157 -0.0003813  -0.00105058  0.00646835
  0.01037918  0.00211857 -0.01039455 -0.00092757  0.00706028  0.0096501
 -0.00800009  0.01170296 -0.00706426]
[ 0.02354231  0.01616614 -0.00052971 -0.02387632 -0.00835836 -0.00515794
  0.0023035  -0.00848572  0.00448666 -0.01106579 -0.01614455 -0.02818024
 -0.0134446  -0.00824852 -0.04186717  0.0063505   0.00866936  0.01678341
  0.00601253 -0.01360232  0.00661608]
[ 0.00474073 -0.00174743 -0.01324783 -0.00407941  0.01423238 -0.03058165
 -0.00120312 -0.00470245 -0.00122086  0.00584265  0.00137325  0.00214456
  0.00459066 -0.0093215  -0.00128164  0.00297729  0.00302827 -0.00077386
  0.00586959  0.00307587  0.00557188]
[ 0.00234262  0.00021077 -0.00252224  0.0013125  -0.00094658 -0.0026316
  0.00219138 -0.00356467 -0.00054286 -0.00240382  0.00115896  0.00431299
 -0.00070792  0.00010182  0.00493282  0.00289003  0.00587567 -0.00344697
  0.00077043 -0.0038579   0.00587346]
[ 0.01384354  0.01695346 -0.00085524 -0.0097931  -0.00825865 -0.00856479
  0.01374777 -0.00409596  0.01111128 -0.02216185 -0.02084529  0.00126119
 -0.01127419 -0.01018317 -0.00351226 -0.01047885  0.00274784 -0.00941078
 -0.02819602  0.01199942  0.00829567]
[  6.00609353e-03   1.30777067e-02   2.84993619e-03  -2.25854330e-03
  -6.27320470e-05  -2.68526053e-03   1.50169524e-02   1.36086026e-02
   7.42258257e-03  -1.21845115e-02  -3.24564062e-03   8.22662261e-03
  -9.81507335e-03  -1.45323118e-02  -3.08429354e-04  -6.76301090e-03
  -6.78972190e-04  -4.88218698e-03  -1.83947988e-02   1.59677402e-03
  -3.66253872e-03]
[ 0.0173415  -0.01186899  0.01214987  0.01689113 -0.00900191 -0.01130735
 -0.00017561  0.00396407  0.00052492 -0.00146376  0.0212047  -0.01666833
 -0.00253919 -0.01982353  0.02538783  0.00346035 -0.0040903  -0.01159
 -0.00480514 -0.01016081  0.00345642]
[ 0.01549937  0.00822919 -0.00224274  0.00283271  0.00058841 -0.00233354
  0.01173231  0.0083096  -0.00408587 -0.00131921 -0.00582737  0.03419479
  0.00663486  0.00883185  0.00584979  0.00941675 -0.00300397 -0.01870155
  0.01587381 -0.01546852  0.00155243]
[ 0.00532628 -0.00570632  0.01189524  0.0109468  -0.00495558 -0.00812755
 -0.00639819  0.01061303  0.01141073  0.00534732  0.00454283 -0.01205824
 -0.00225659 -0.00654971  0.0055966   0.00115807 -0.00580565  0.00099769
 -0.00385158 -0.0041782   0.00614878]
[  1.56493553e-02   6.21437896e-04  -6.21379646e-03   3.20806265e-05
  -1.92181492e-02  -4.47410504e-03   5.73102021e-03  -8.86342114e-03
   9.59276855e-03  -2.17447993e-02  -3.05930488e-03   7.88664969e-03
   1.30800620e-02   2.01412478e-02  -2.06503370e-03   1.61582589e-03
  -1.23754010e-02   4.15201962e-03   1.26474725e-02   2.97233674e-03
  -8.29035402e-03]
[ 0.0021876  -0.00139878  0.00194518 -0.00225561  0.00358706 -0.00774851
 -0.00321875  0.00314152  0.00223733  0.00634399 -0.00231383 -0.00076559
  0.00171386  0.00360823 -0.00519602 -0.00076026  0.00343455  0.00247554
 -0.00368395 -0.00675998 -0.00261262]
[ 0.01110625  0.00120786  0.00975223  0.00693597 -0.00899774 -0.00286101
  0.02383823  0.0147579  -0.00029349 -0.00118207  0.01576662 -0.00014299
 -0.00701582 -0.01976217 -0.01314489 -0.01597259 -0.0029664  -0.00555988
 -0.01026136  0.00749451  0.01312005]
[ 0.00952792 -0.00331638 -0.0236183   0.01663358 -0.0037565   0.00055711
  0.00497507  0.00301794 -0.01261008  0.00036176  0.00270614 -0.00553456
 -0.00229332  0.0085517   0.00441243 -0.00217085  0.00269889  0.01645315
 -0.01056323 -0.0045105  -0.01311865]
[ 0.00258872 -0.00143678 -0.00387145 -0.00813712 -0.00371434  0.00313372
 -0.0088647   0.0043593  -0.00221743 -0.00204359  0.00290034  0.00031695
  0.00076528 -0.00467651  0.00072291 -0.00506987 -0.00453401 -0.00590305
  0.00249928 -0.00144698 -0.00028206]
[  2.08159691e-03   4.07271106e-05  -2.98183947e-03   2.43352511e-04
  -6.06047219e-04   3.03871095e-04  -6.11542369e-04   7.61022953e-04
  -3.44560149e-03  -1.22138626e-03  -3.66100282e-04  -5.51502890e-03
   1.05866368e-04  -2.91150372e-03  -4.69929022e-04   4.00431738e-03
  -7.73406936e-03   4.00728559e-03   6.24457044e-03  -4.04211831e-03
  -3.89033599e-03]
[  2.42901493e-02  -8.59191334e-03  -1.08119649e-02  -1.06936553e-02
  -2.13712819e-02   1.98211981e-05  -5.74941831e-03   1.98942354e-04
  -1.54847692e-02  -2.55559013e-03   1.82903302e-02  -2.54510049e-03
   2.81585511e-03   9.42846088e-03   8.32505134e-03  -7.82835876e-03
   1.33950673e-02   2.28677736e-02  -1.19545980e-02   1.56101222e-02
  -4.36000112e-03]
[ 0.01779826 -0.0043597  -0.00384062 -0.01749589 -0.01881339  0.00759374
 -0.00218792  0.00522136 -0.00712117  0.00280836  0.01711892  0.00087766
  0.01326167 -0.00565367  0.01560586 -0.00571804 -0.00262848  0.0133379
 -0.01266412 -0.00677842  0.00175739]
[ 0.01744587 -0.00591009  0.00305224 -0.00806304 -0.01277632 -0.00320053
  0.0090952  -0.00763407 -0.00639479 -0.00169167  0.02407724 -0.00265013
  0.00534571  0.00274115 -0.00540934 -0.00537453  0.00453788  0.00950753
  0.00408691  0.00839555 -0.00288933]
[ 0.01863682  0.00962227 -0.01677659  0.01092726 -0.00945167  0.01159987
  0.01042889  0.00433922 -0.00284404 -0.00099892 -0.00555864 -0.03107621
  0.0186762  -0.00504343 -0.0078457   0.01341795 -0.00274643  0.02536217
  0.02823579 -0.03004011 -0.01127931]
[ 0.00588689  0.00238575  0.00254327 -0.00316853 -0.00089282  0.00254953
  0.00577271 -0.01008494  0.0079159   0.01396124 -0.01924726 -0.00194953
  0.00105679 -0.008804    0.0149761   0.00723872 -0.00819801 -0.00637473
  0.00475558  0.01720127 -0.01293462]
[ 0.00462162  0.00078384  0.00460553  0.00209898  0.00416276  0.00134807
  0.00749853  0.00827013 -0.00426242  0.00478888  0.00343541  0.00888754
  0.00158264 -0.0057183  -0.00885898 -0.01040286 -0.00463877 -0.00627703
  0.00557712  0.00025582  0.00263189]
[ 0.01611411 -0.00628394 -0.00204371  0.00314185  0.00831873  0.01760454
  0.00749696 -0.02317862  0.00359712  0.03451457  0.00169971  0.01062772
 -0.02518141  0.00064975  0.01212661 -0.02534799  0.00180357  0.00978106
  0.01145938  0.00441879 -0.00080184]
[  1.01924162e-02  -4.89628288e-03   5.71148832e-03   1.00994591e-02
   1.55495821e-03   5.20215433e-03  -4.26750127e-03  -8.25509552e-05
   7.59279075e-03   1.00733432e-02  -1.18775139e-02  -4.85011525e-03
   5.21900915e-03   1.78882720e-03   4.41132072e-03   2.20588327e-02
  -8.32246833e-03  -1.35074827e-02  -8.31883124e-03   3.13816948e-03
   9.63521514e-03]
[ 0.00554773  0.00041908  0.00521776 -0.00646239  0.00234869 -0.00229098
  0.00402383 -0.00727271  0.0020047  -0.00437526 -0.0028861  -0.00620026
 -0.00906916  0.01036919  0.00209968 -0.00048419 -0.00341531 -0.0095621
 -0.01055544 -0.00018213 -0.00023604]
[ 0.02795343  0.00791101 -0.02233147  0.01973274 -0.01057829  0.01399828
 -0.013587   -0.00580051  0.01119254 -0.01364456 -0.02899494 -0.00420412
 -0.01356808  0.00341407 -0.01980728 -0.01149865  0.02991916 -0.00455916
  0.00339605  0.0061708   0.02548066]
[ 0.00500609 -0.00366487  0.00770556  0.00157754  0.0108153   0.00293035
 -0.00406792 -0.00634019 -0.01830128 -0.00647235  0.00149546 -0.00143489
 -0.00414849 -0.00591477 -0.00661054  0.00420589 -0.0095483  -0.006193
 -0.00208212  0.00345778 -0.01194819]
[ 0.01301437 -0.00459699 -0.00946319  0.02671848 -0.00287561  0.01282915
 -0.00293166  0.0061447   0.01117091  0.00507733 -0.0065511  -0.01448004
  0.01227757 -0.01039347 -0.00788091  0.02549894 -0.00150258 -0.01409174
 -0.00278732 -0.00167483  0.00667207]
[ 0.00860774 -0.00294049  0.00425741 -0.01114821  0.01664865  0.00353048
 -0.00647598  0.00969542  0.0086013   0.00155263  0.00172561  0.00204056
 -0.01546973  0.0019216  -0.00020242  0.01022028  0.00791419  0.01938802
  0.01002735  0.00404229  0.00409772]
[ 0.0107547  -0.00321105  0.01376757  0.00589329 -0.01146977  0.00023212
  0.01903394  0.00695891  0.00487183  0.01220054  0.02155717 -0.01935614
 -0.00650867 -0.0214253  -0.01689557 -0.00200012  0.00850892 -0.0105973
  0.00351385  0.01097223  0.00436874]
[ 0.00881563  0.03062869  0.00393929 -0.00046177 -0.00216783 -0.00188532
  0.00634899  0.00614705 -0.00055598  0.00130517  0.00224472  0.0138182
 -0.00047796 -0.0095596   0.00466072  0.00573579 -0.00748719  0.00031657
 -0.0060537  -0.02391375 -0.01069132]
[  8.22083743e-03  -3.18812919e-03   2.84112379e-03  -1.35356158e-03
  -1.97079415e-03  -7.57811711e-03   8.59918262e-03  -5.10174309e-03
  -3.14661048e-03  -8.49670878e-03   1.56664166e-02  -2.20482709e-03
   7.31836196e-03   7.82835447e-03   1.06360336e-02   6.66962079e-03
   8.27804458e-03  -4.90908092e-03  -8.13286845e-03   6.61368466e-04
  -5.36368359e-06]
[ 0.00402145 -0.00516163  0.01395405  0.01214681 -0.00377184 -0.00942481
 -0.00982817  0.00568357  0.00737685 -0.00068073 -0.00202071 -0.00321855
 -0.0027562  -0.00110213  0.00955621 -0.0088372  -0.003994    0.0062182
  0.00295728 -0.00788582  0.00610098]
[ 0.01315025 -0.00482573  0.00541164 -0.00761484  0.00540982  0.0098563
  0.00886258 -0.01515825  0.00997669  0.01858189  0.01624802  0.00283377
 -0.02582964  0.00476905  0.0056858  -0.00617449  0.00127286  0.00598626
  0.0023666  -0.00324577  0.0072659 ]
[ 0.01881074 -0.00406216 -0.03937943  0.0354532  -0.00356227  0.00189237
  0.0096112   0.00826919 -0.01593167 -0.00428344 -0.00754717 -0.0004758
 -0.01570813  0.01144919  0.00051087 -0.00755936 -0.00121595  0.00445484
 -0.01219568  0.00145901 -0.00344707]
[ 0.00198811 -0.00015887  0.00038472 -0.00042728  0.0008647   0.0030537
  0.00262897 -0.0061958   0.00287892  0.00934148 -0.00560078  0.00102605
 -0.00375123 -0.00292132  0.00751835 -0.00194493 -0.00280405 -0.00061134
  0.00427548  0.00816766 -0.00583758]
[ 0.0044106  -0.00286306 -0.00557364  0.00358965  0.00795409  0.00980461
 -0.00717724 -0.01517557  0.02306181 -0.00425156  0.01198547  0.00855921
  0.00358777 -0.00391622 -0.01005085 -0.0007163  -0.00853382  0.00442396
 -0.0061499  -0.00220212 -0.00325653]
[  5.26075709e-03  -1.54418070e-03  -1.39424464e-02  -3.27461957e-03
   1.07950242e-02  -2.86612187e-02  -1.75695270e-03  -6.88869266e-03
  -2.85064667e-03   1.54935238e-03  -8.46581039e-05   1.40946989e-04
   1.98176369e-03  -1.06922764e-02   2.17095546e-03   4.69527382e-03
  -6.03262836e-03  -3.64682146e-03   7.30635791e-03   1.10979253e-02
   5.10974770e-03]
[ 0.00190254 -0.00012206 -0.00345794  0.0007655   0.00650845  0.00024521
  0.00067382 -0.00036962  0.00722875 -0.00590603  0.00620217 -0.00253891
  0.006883    0.00279161  0.00235207 -0.00320033 -0.00111019 -0.00551608
  0.0006991   0.0009767  -0.00264019]
[ 0.00848946  0.00313676  0.00554779 -0.00676904 -0.01315439 -0.00539139
  0.01774293 -0.00636299 -0.00096581 -0.0118584   0.00249118  0.00406935
 -0.00058317  0.00237287 -0.01993233  0.00034041 -0.0145005   0.01269733
  0.00233148 -0.00171121  0.02010646]
[ 0.01655744 -0.00030501 -0.01054913  0.01097177 -0.00416892  0.01084751
 -0.01063576 -0.00878713 -0.00471894 -0.01503841 -0.02035817  0.00479126
 -0.01749293 -0.00634068  0.00252881  0.00329677  0.03116579 -0.02936782
  0.00096502 -0.01708051  0.02737132]
[ 0.00652485 -0.00117496  0.00279258 -0.00617805  0.00783721  0.00527725
 -0.00511406  0.01686015  0.01026681 -0.00640946  0.00156972  0.0092989
 -0.00488526 -0.00400785  0.00770629  0.0216199   0.00518022  0.01838746
 -0.00307594  0.01578365  0.0026753 ]
[ 0.01382493 -0.00458678 -0.01244843 -0.01960429 -0.01247     0.00909017
 -0.02458901  0.01438655  0.00318828 -0.0023049   0.00803778  0.00987174
  0.0161755  -0.00914664 -0.00506856 -0.017744   -0.01087078 -0.02255782
  0.00295836 -0.004263   -0.00979492]
[ 0.00440387 -0.00308482  0.00413966  0.00018617  0.00227649  0.00113464
 -0.0008679   0.0005896   0.00031919  0.00884713  0.00222749  0.00220011
 -0.00478112  0.00915483 -0.00093729 -0.0029631  -0.0051547  -0.00897195
 -0.00264797  0.0009999   0.00778318]
[ 0.011525   -0.00123032 -0.00293284 -0.01658851  0.02170792 -0.02621209
 -0.00596073  0.0082766   0.00333657  0.01853387 -0.00712147  0.00197087
  0.00432539 -0.00164188 -0.02005854  0.00132509  0.01794032  0.00907371
  0.0058221  -0.02473043 -0.0064947 ]
[ 0.00718755  0.01022496  0.00429539 -0.00809169  0.00486129  0.00567133
  0.00874269 -0.00725142 -0.0024384   0.00562652 -0.01709647 -0.00351397
  0.01271112 -0.01554792  0.01669221 -0.00662894 -0.01514749  0.00858165
 -0.02433101 -0.01134448  0.00075123]
[ 0.01490474 -0.00118249  0.00574322 -0.01007324  0.00318784 -0.00142191
  0.00178266 -0.00909398 -0.00324036  0.00698571 -0.0097375  -0.00619709
 -0.00015082  0.00328023 -0.0124495   0.00409999 -0.00210323  0.01221319
 -0.01788946 -0.01141695  0.00018103]
[ 0.01485645 -0.00207884  0.00814189 -0.01310943  0.02173393  0.01086402
 -0.00033966 -0.01500485 -0.01143937 -0.00488026 -0.00565477 -0.0181445
 -0.02036318  0.00473857  0.00093603  0.01544045 -0.0125556  -0.00966482
 -0.01714182 -0.01858877  0.00201905]
[ 0.01065082 -0.00245505  0.01169854  0.00115631 -0.01798904 -0.01174291
 -0.00114374 -0.00886729  0.00548902 -0.01696523 -0.00676765  0.00771386
  0.00117125  0.01738571  0.00656127 -0.0104542  -0.0142751   0.00449867
  0.02375815  0.00223128 -0.00927666]
[ 0.00203786  0.0234203   0.00190842  0.0052469  -0.00074433 -0.00159896
 -0.01159773 -0.00252606 -0.00274638  0.00509116  0.00854131 -0.0019158
 -0.00223093  0.00443749 -0.00020173  0.00159471  0.00021558 -0.00071322
  0.00046955  0.00526623  0.0003832 ]
[ 0.01892564 -0.00675669 -0.01237039 -0.00443611 -0.00678152  0.01213653
  0.00064335 -0.01566549 -0.01093564  0.00956163  0.01781967 -0.00438393
 -0.01436289 -0.00480707  0.01958953 -0.00638119  0.0016918   0.01770016
  0.00452528 -0.02063954 -0.00559894]
[ 0.00397604 -0.00235257  0.00461932  0.00344646 -0.00089385  0.00013057
 -0.00202632  0.0024566  -0.00246282  0.00299737 -0.00225741  0.00528368
  0.00414639  0.00792806 -0.0020919  -0.0027504   0.00243181  0.00997376
 -0.00056396  0.00759009  0.003309  ]
[ 0.00946627 -0.00031701 -0.01170018  0.0161394   0.00554097  0.00309354
  0.00608415  0.01787751 -0.00694741 -0.00532414 -0.00660448  0.00776208
 -0.0148205   0.00768298 -0.00039707 -0.00276522 -0.01026677  0.00170191
  0.0023167   0.00646427 -0.00970617]
[ 0.01992267 -0.00577748 -0.00052685 -0.01358409 -0.02665687  0.00213449
 -0.00405925 -0.00590709  0.00362707  0.0111098  -0.00032404 -0.00763928
 -0.00819089 -0.00591618  0.00289882 -0.01347443  0.03742544 -0.00624788
 -0.00088512  0.00655524 -0.03439355]
[ 0.0141974  -0.00465694  0.01279409  0.01639565  0.00068609 -0.00220597
 -0.0044963   0.01389442  0.0071983   0.0085911  -0.0117736   0.01346078
 -0.00715545  0.01115046 -0.00090026 -0.01911322 -0.00231436  0.01808867
  0.01145775  0.00869109  0.01433322]
[ 0.00678808 -0.00358581 -0.00118581 -0.00899718 -0.00392169 -0.00438471
 -0.00907394  0.00664855  0.0010201   0.0087807   0.0005027   0.00035192
  0.00835451  0.00257725 -0.00578976 -0.00825611  0.00799329 -0.00139616
 -0.00764093 -0.0078349  -0.01391803]
[ 0.01316607  0.00115558  0.00364641 -0.00958369 -0.01195767  0.00015176
  0.00954956 -0.00237785  0.00403671 -0.0118315   0.00740104  0.02003192
  0.0069689   0.00992734  0.016172    0.02631467  0.01357643  0.01124753
 -0.00444481  0.00313876 -0.00167972]
[  1.85334793e-03   3.62323246e-03   8.35469693e-04  -7.83808672e-04
   4.78626849e-03   3.35835908e-03   2.82678905e-03  -9.20190479e-04
  -1.06173585e-03   8.25507604e-05  -4.73666276e-03  -5.64197218e-03
   9.95810291e-03  -2.49839832e-03   6.25640601e-03  -7.69714365e-03
  -1.24592895e-03   5.42844116e-03  -1.41697042e-04  -1.00738398e-03
   4.44848342e-03]
[ 0.00421843 -0.00057345  0.00431565 -0.00534239  0.01620144  0.00499684
  0.00238089  0.00436705  0.00030207 -0.00447581  0.00447465 -0.00768212
 -0.00639497  0.00891247  0.00258977  0.00088152 -0.00038462 -0.00140187
  0.00574865  0.00208663 -0.00030794]
[ 0.00667667 -0.00169868  0.00541027 -0.00123248 -0.00333785 -0.0018548
  0.00488404 -0.00252121 -0.00811686 -0.00268784 -0.00031367  0.00424043
  0.0039646   0.00824046 -0.00739627  0.00088421 -0.02038189  0.00257329
  0.01255316  0.00306537  0.00631107]
[ 0.01600198 -0.0042107   0.00997774 -0.00279916 -0.00768793  0.00306174
  0.00697738  0.00166653 -0.00837497  0.01189329 -0.00525552  0.00535958
  0.02660873  0.02956565  0.00321644  0.02950886 -0.00219901 -0.00657309
 -0.00307    -0.0057226   0.00862957]
[ 0.00783835  0.02557403 -0.00118941  0.00388295  0.00153222  0.00097939
 -0.00894973 -0.00577243  0.00125737 -0.00319449 -0.00606827 -0.0129112
  0.00294132  0.0044693  -0.0051318  -0.01010595  0.0089309   0.00139975
  0.00681438  0.01686202  0.01405862]
[ 0.01565512 -0.00428416  0.01043754  0.00096071  0.01848474  0.01283705
 -0.01383065 -0.01459207  0.01362191 -0.01285111 -0.00382189  0.01332816
 -0.00304913 -0.00669782 -0.01665875  0.02373786  0.00461671  0.01911174
 -0.00909948  0.01083433  0.00192608]
[ 0.00437233 -0.00519708  0.01518685  0.0130717  -0.00414624 -0.00795923
 -0.01082781 -0.00317678  0.00129194 -0.01273587 -0.00224749  0.00089784
 -0.00251929 -0.00705526  0.01261934 -0.00784179  0.00058153  0.0032663
  0.01119133 -0.01113094  0.00045451]
[ 0.00211926  0.02425825  0.00254017  0.00481301 -0.00120875 -0.00197898
 -0.00991924 -0.00107088 -0.00303614  0.00578078  0.00980456  0.0015536
 -0.00274638  0.00261437  0.00116938  0.00389386 -0.00215726 -0.00089306
 -0.00143658 -0.00072167 -0.00339861]
[ 0.0065349   0.00629524  0.0004124  -0.00210246  0.01357887  0.0027931
  0.0100235   0.025146    0.01004677 -0.01213766 -0.00187654  0.00838337
 -0.0083347  -0.00412555  0.00658779  0.00019878  0.00378132  0.00160742
  0.00046582  0.00635387 -0.01285763]
[ 0.00375296 -0.00108512 -0.00192009  0.00373199 -0.00116643  0.00252062
 -0.0037521   0.0025506   0.00779863  0.00067185 -0.00035707 -0.00321464
  0.00461398 -0.00024442 -0.00310931  0.00156469 -0.00170955 -0.00377701
  0.00164812 -0.00564698  0.00061522]
[ 0.02011379  0.00951313 -0.00303747 -0.01194828 -0.00836922 -0.01766206
 -0.00176304 -0.01651377  0.01515377 -0.01034089 -0.03474332 -0.00397126
 -0.00602975  0.00202307 -0.0020077   0.00408265 -0.01366539 -0.01625447
  0.00956665  0.03191711 -0.00690522]
[ 0.02076182 -0.01530171  0.02729316  0.00757169 -0.0038903  -0.03008467
 -0.02115843  0.01484707  0.01475421  0.02375655 -0.00777628 -0.01062561
  0.00633542  0.03245479 -0.00248689 -0.00828392 -0.0089903   0.00032495
 -0.03616816  0.00202595 -0.00437683]
[ 0.00613255 -0.00429203  0.00405209  0.00483855  0.00081784 -0.00283334
 -0.00784926  0.01335034  0.00995159  0.00321331 -0.00074612 -0.00760609
 -0.00352058 -0.00569425  0.00420603  0.01723814 -0.00723995  0.00665785
 -0.00421128  0.00454755  0.00072456]
[ 0.01859994 -0.0081517  -0.01394802 -0.00752203  0.00296759 -0.00764444
 -0.01467942  0.00255464 -0.02567692 -0.00896665  0.00203943 -0.01532466
 -0.01590726 -0.01606313  0.00382306  0.0144112  -0.04658455  0.00201975
  0.01176371  0.00350584 -0.01153454]
[ 0.02764072  0.00161812  0.00899013  0.01151977  0.02211078  0.01691088
  0.00529321 -0.004581   -0.02345849  0.0252655  -0.01246696  0.02252071
  0.03947652 -0.01408375 -0.00983736 -0.01939244  0.00322307  0.00775105
  0.01311793  0.00811576  0.01510575]
[ 0.00517984  0.00363207  0.00203438 -0.00456131  0.02134672  0.00524938
  0.00806986  0.00913886  0.00622309 -0.01450525  0.0074883  -0.01530526
  0.0069504   0.01200606  0.01139369 -0.00752482  0.00646643 -0.00598433
  0.00762338  0.00378278 -0.00391018]
[ 0.00413433 -0.0005814  -0.00284106  0.00619991  0.00021132  0.00496609
 -0.00177152  0.00108471 -0.00050308  0.00288066 -0.00528366 -0.0008932
  0.00710191 -0.00058263 -0.00652553  0.00191065  0.00445699 -0.00240298
 -0.00095362  0.00146224  0.00372777]
[ 0.01454218 -0.00564499 -0.01178832 -0.02939952 -0.00902046  0.00903326
 -0.02568093  0.00911081 -0.01603957 -0.00872664  0.00687902 -0.00939205
 -0.01430185 -0.01238837  0.00905816 -0.00299441 -0.00750767  0.00040228
  0.00683304 -0.00094114  0.00992966]
[  1.62395201e-02   6.56628579e-04  -4.07989769e-04  -7.10369327e-03
   5.19856995e-03   3.37206072e-05   8.42349018e-04   1.12411713e-02
   1.66910062e-02   9.28598954e-03  -1.05045975e-02  -4.50156267e-03
  -1.21706786e-02  -6.60891244e-03  -3.61963905e-04   8.79268792e-03
   1.32231967e-02   4.72889276e-03   1.76645884e-02  -7.17700827e-03
  -1.59120965e-02]
[  7.39195649e-03  -2.69951097e-03  -2.27348134e-02   2.51201472e-02
  -1.26523402e-03   4.17654803e-03   5.75688610e-03   1.03688904e-02
  -9.47221711e-03  -1.82068315e-03  -5.00387198e-03  -3.04027623e-03
  -8.68214341e-03   8.05871860e-03  -4.77592988e-05   1.83006455e-03
  -3.80480230e-03   6.62574887e-03  -1.05682622e-02   6.55939114e-04
  -1.11483022e-02]
[ 0.00777889 -0.00391826 -0.00987514  0.00409848  0.00780784  0.00881937
 -0.00223401 -0.02244636  0.01928025  0.00604983  0.01570491  0.00944295
 -0.009187   -0.00322687 -0.00116084 -0.01085977 -0.00280058  0.01037116
 -0.00436601 -0.00381625  0.00262364]
[ 0.00549176 -0.00264696 -0.00895891  0.00425067  0.00362528  0.00897839
 -0.00821445 -0.00627524  0.02467966 -0.0088226   0.01156628  0.00298589
  0.01604591 -0.00136457 -0.0093504  -0.00105837 -0.01292546 -0.01010262
 -0.00158003 -0.00414576 -0.00764812]
[ 0.0090037  -0.00403405 -0.00600164 -0.01394905 -0.00505584  0.01181175
 -0.01605128  0.01578262 -0.00645941  0.00086134  0.00504836  0.01094028
  0.01177297 -0.00488201  0.00914605  0.00229679  0.00087693  0.00455822
 -0.00553789  0.01635749  0.01939829]
[ 0.00633242  0.00024733  0.00444294 -0.00082996 -0.00784431  0.00339653
  0.00986161 -0.0054024   0.00093062  0.01178109 -0.00237089  0.00019435
  0.00952589 -0.0049005   0.00539499  0.01283801  0.00745741 -0.00550738
  0.01161922  0.00777354 -0.00930894]
[ 0.0024138  -0.00092495  0.00418598 -0.00072954 -0.00275183 -0.00441625
 -0.00055265 -0.00209447  0.00307458 -0.00260932 -0.00312414 -0.00144675
 -0.00169541  0.00975239  0.00132071 -0.0030659  -0.00509217 -0.0019817
 -0.00196291  0.00051627 -0.00338742]
[ 0.01235492 -0.0031104  -0.00582202  0.00114994 -0.00220018  0.00981221
 -0.00804467  0.00481246 -0.00191406  0.00865556 -0.00994231  0.01181775
  0.0053411   0.00912706  0.00459818  0.00517111 -0.00146103 -0.03053051
  0.00151336 -0.00410342  0.02563231]

Right eigenvectors

[ 1.          2.47010931 -0.17470586 -0.0232411   2.77448257  1.52920219
  1.02034767  0.4596237   0.43846355 -1.79521201 -0.83316277 -4.89135792
  3.97687261  1.06163797  2.27318009 -3.38821429  1.28182365  1.82226076
  2.93631335  0.7356598   1.77968811]
[ 1.         -0.31260676 -1.81134626  0.71171346  0.80329166 -2.28486538
  0.49688892 -0.83128224 -0.08189709 -0.13849582  1.09070592  0.45318984
  0.52040316 -0.15308724  0.99317765 -0.35320304  0.44022371 -0.22012895
 -0.72079466  0.53917585  0.7066765 ]
[ 1.          0.39591888 -0.24557096 -0.03029305 -1.267665   -0.48038201
  0.45314301 -0.44140873  1.33793744 -1.62218945 -1.55003944 -0.4838236
 -0.0038506   1.7526801  -0.41931755 -0.3259413  -0.62241574  0.23093016
  0.64854461 -0.16475976 -1.07252944]
[ 1.         -0.31705525  1.2355107   0.05278878  0.11134597 -0.33394717
  1.05661819 -0.2679183  -0.69014198 -0.56572553  1.49772104 -0.54797285
  0.84883533  0.37087654  0.40312697  0.15391316  0.95048179 -0.62726619
 -1.06207436  0.46333388 -0.20701868]
[ 1.         -0.20184835  0.54870718  0.96305371 -1.513447    0.62451122
  1.92226689  0.2361021   0.4890616   1.54102025  1.51583022 -2.33475769
  0.95522419 -2.28206309 -1.5195205   1.71629585  1.2420903  -0.97653995
  1.87977032  1.0456402  -0.44112901]
[ 1.         -0.36410408 -0.41349468  0.02955547 -0.14471114  0.41904438
 -0.40533689  0.44592764 -0.65293238  0.47388984 -0.42964114  0.03157232
  1.06199246  1.06438941 -0.89119133 -0.15228633  0.59413848  0.13625034
 -0.76981338  0.093327   -0.86625783]
[ 1.         -0.45795476  0.86707499  0.2119467   0.98300624  0.40921637
  0.50509452  0.32548203 -1.08589246  0.59399312  0.81099231  0.26217481
 -0.60582309  0.8222043  -0.95356814 -0.56004338 -1.23438765 -0.98082645
  0.51780563  0.73424482 -0.03068878]
[ 1.          0.76579507  0.19997273 -0.26596328  0.91299282 -0.17095844
  0.54910814  2.13849621  0.224287    0.55994658 -0.38943542  2.52519215
  0.42902219 -0.68126913 -0.57388142 -0.82826764 -0.07401503 -0.75891864
  1.61316977 -1.67680233 -0.94306806]
[ 1.         -0.88465432  2.69605802  2.39280475  0.9992404   0.12636989
 -2.52071503 -2.08728555 -1.62881758 -3.52692606 -1.01957734  1.31074523
 -0.29234393 -2.74109822  0.26526879  0.07825991  2.55764272 -0.13809834
  0.89800298 -1.14801331 -0.61951063]
[ 1.         -0.79194131  2.57564669  1.4962804   1.90689504  0.49450564
 -1.25861237 -1.84221105 -3.53152578 -2.05194596 -0.00367033  1.00438231
  1.11341152 -2.01774585 -1.26705408  0.15121624  1.40190516 -0.29090769
 -0.58203057  1.04961078 -2.35122363]
[ 1.         -0.64546008 -1.29120623 -3.29019662 -1.10818672  1.81621501
 -3.42765539  2.36306872 -1.88956765 -0.54263665  1.09296312  0.57960613
  0.3235165  -1.67777818  2.0367226   0.05222041 -0.57454281  0.72187292
 -0.17886244  2.51871047  4.28308856]
[ 1.         -0.15857671  0.30167555 -1.32749337  1.35981815  0.22067938
  0.17336304 -0.15491784 -0.6504055  -0.25098393  0.15362889 -1.3348706
 -0.58073678  1.60928324  0.02906003  0.54619311  0.43221405 -1.33294558
 -0.39819534 -1.54700176  0.27823469]
[ 1.          0.48909372  0.54779491 -0.43749512 -1.15694133 -0.20185579
  1.58062098 -0.91550162  0.02920913 -0.4127251   0.85173063  1.78046748
  0.15354586  0.57696642  1.37928958  1.5559891   0.4890655   0.38167904
  0.97218599 -1.15380054  0.11610422]
[ 1.         -0.30606988 -0.49108706 -0.28490215  0.41312155  1.11270178
 -0.16917998 -0.72501167 -0.18370584  1.01011714 -0.46418381  0.05638577
 -1.69049394  0.49995197  1.02676801 -0.20248882  1.41130862 -1.607314
  0.85714053 -2.02031697  1.36739589]
[ 1.          0.8168268   0.54931485 -1.66546334 -1.78187857 -0.80704609
  2.10936827 -1.11125361  0.08007933 -1.95632142 -0.41762267 -0.7815384
 -0.73583923 -0.08651158 -5.14984599  0.39856419 -1.78348432  3.03406582
  0.75754045 -1.14423651  4.0315542 ]
[ 1.         -0.11564857 -0.03532315 -1.27390135 -1.56626657 -0.32703263
 -0.90274304 -0.03824647  0.35082703 -0.26014259 -0.73378375 -0.42096123
 -0.25492097  0.11761108 -0.37183181 -1.29035031  0.80223609 -0.73470776
 -0.15769344  0.71428851 -1.9416807 ]
[ 1.          1.07939747  0.79047877 -0.56378117  1.39020428  1.31454531
  1.29857979 -1.12447444 -1.26094289  1.78857046 -2.86991362  0.4407424
  3.6464203  -3.08048394  2.24768551 -2.06802367 -2.47458263  1.94910056
 -3.81819906 -1.71409782  1.03404242]
[ 1.         -0.6724428   1.51346415  0.75241445  0.81150127  0.22956204
 -0.95472672 -0.60279805 -1.44780294 -0.06078825 -0.16748584  1.03119822
  1.65466951  0.33774615 -1.65712052 -0.14787539  1.12556455  1.53843853
 -1.27539073  1.86570945 -1.12619856]
[ 1.          0.68668431 -0.02250015 -1.01418751 -0.3550356  -0.21909224
  0.09784501 -0.36044545  0.19057836 -0.47003814 -0.68576727 -1.19700396
 -0.57108237 -0.35036993 -1.77837959  0.26974833  0.36824589  0.71290378
  0.25539238 -0.57778193  0.28102949]
[ 1.         -0.36860012 -2.79447173 -0.86050296  3.00215235 -6.45083527
 -0.25378459 -0.99192667 -0.25752535  1.23243848  0.28966985  0.45237041
  0.96834567 -1.96625912 -0.27034575  0.62802307  0.63877756 -0.16323655
  1.23811938  0.6488178   1.17532278]
[ 1.          0.0899722  -1.0766758   0.56027042 -0.40407048 -1.12335733
  0.93543953 -1.52165866 -0.23173165 -1.02612533  0.49472943  1.84109718
 -0.30219042  0.04346624  2.10568354  1.23367315  2.50816228 -1.47141693
  0.32887458 -1.64683256  2.50721729]
[ 1.          1.2246472  -0.06177895 -0.70741259 -0.59657072 -0.61868486
  0.99308186 -0.29587543  0.80263246 -1.60087977 -1.50577697  0.09110315
 -0.81440073 -0.7355896  -0.25371121 -0.75694849  0.19849258 -0.67979547
 -2.03676366  0.86678827  0.59924456]
[ 1.          2.17740643  0.47450746 -0.37604198 -0.01044473 -0.44708936
  2.50028614  2.26579931  1.23584199 -2.0286916  -0.54039129  1.3697127
 -1.6341859  -2.41959466 -0.05135274 -1.12602491 -0.11304722 -0.81287229
 -3.06268937  0.265859   -0.60980381]
[ 1.         -0.68442669  0.70062396  0.97402929 -0.5190962  -0.65204015
 -0.01012635  0.2285885   0.03026931 -0.08440818  1.22277222 -0.96118186
 -0.14642257 -1.14312672  1.4639925   0.1995414  -0.2358676  -0.668339
 -0.27708931 -0.58592447  0.19931471]
[ 1.          0.53093739 -0.14469879  0.18276298  0.03796368 -0.1505571
  0.75695438  0.53612526 -0.2636151  -0.08511391 -0.37597467  2.20620556
  0.42807315  0.56982007  0.37742145  0.6075568  -0.19381257 -1.20660056
  1.0241588  -0.99800991  0.10016116]
[ 1.         -1.07135078  2.23330985  2.0552406  -0.93040076 -1.52593222
 -1.20124884  1.99257608  2.14234259  1.00395034  0.85290884 -2.26391262
 -0.42367    -1.22969573  1.05075151  0.21742523 -1.09000064  0.18731425
 -0.72312653 -0.78444916  1.15442125]
[ 1.          0.03971013 -0.39706405  0.00204996 -1.22804734 -0.28589708
  0.36621446 -0.56637612  0.61298171 -1.38950128 -0.19549079  0.50396004
  0.83582114  1.2870337  -0.13195647  0.10325191 -0.79079302  0.2653157
  0.8081785   0.18993349 -0.5297569 ]
[ 1.         -0.63941361  0.88918463 -1.03108614  1.63972154 -3.54201244
 -1.47135862  1.43605776  1.02273001  2.89997586 -1.05770401 -0.34996686
  0.7834442   1.64940023 -2.37521197 -0.34753121  1.57000648  1.13162358
 -1.68401301 -3.09013558 -1.1942867 ]
[ 1.          0.10875526  0.87808499  0.62451041 -0.81015144 -0.25760384
  2.14637971  1.3287923  -0.02642522 -0.10643314  1.4196169  -0.01287437
 -0.63169981 -1.77937408 -1.18355805 -1.43816256 -0.26709269 -0.50060822
 -0.92392636  0.67480106  1.18132115]
[ 1.         -0.34806957 -2.47885109  1.74577273 -0.39426255  0.05847104
  0.52215699  0.31674743 -1.32348722  0.03796839  0.28402254 -0.58087789
 -0.24069419  0.89754158  0.46310537 -0.22784105  0.28326129  1.72683593
 -1.10866043 -0.47339787 -1.37686413]
[ 1.         -0.55501698 -1.49550731 -3.14329519 -1.43481409  1.21052934
 -3.42435399  1.68395827 -0.8565739  -0.78942061  1.12037604  0.12243412
  0.29562132 -1.80649474  0.27925437 -1.95844417 -1.75144524 -2.28029633
  0.96544755 -0.55895532 -0.10895811]
[ 1.          0.01956532 -1.43247689  0.11690665 -0.29114533  0.1459798
 -0.2937852   0.36559574 -1.65526836 -0.58675446 -0.17587472 -2.64942213
  0.05085825 -1.39868757 -0.22575409  1.9236757  -3.71545006  1.92510163
  2.99989417 -1.94183528 -1.86891899]
[  1.00000000e+00  -3.53720071e-01  -4.45117269e-01  -4.40246584e-01
  -8.79833288e-01   8.16017958e-04  -2.36697528e-01   8.19024828e-03
  -6.37491726e-01  -1.05210968e-01   7.52993732e-01  -1.04779121e-01
   1.15925805e-01   3.88159857e-01   3.42733642e-01  -3.22285329e-01
   5.51460888e-01   9.41442282e-01  -4.92158275e-01   6.42652379e-01
  -1.79496678e-01]
[ 1.         -0.24495067 -0.21578605 -0.9830113  -1.0570351   0.42665633
 -0.12292866  0.29336325 -0.40010481  0.15778853  0.96183123  0.04931161
  0.74511036 -0.31765292  0.8768194  -0.3212695  -0.14768172  0.74939321
 -0.71153688 -0.38084749  0.09873917]
[ 1.         -0.33876697  0.17495458 -0.46217439 -0.73234071 -0.18345483
  0.52133832 -0.43758629 -0.36655028 -0.09696682  1.38011087 -0.15190585
  0.30641669  0.15712308 -0.310064   -0.30806878  0.26011176  0.5449732
  0.23426238  0.48123389 -0.16561694]
[ 1.          0.51630437 -0.90018506  0.58632642 -0.50715042  0.62241699
  0.55958551  0.23283049 -0.15260332 -0.05359915 -0.29826127 -1.66746314
  1.00211292 -0.27061643 -0.42097861  0.7199699  -0.14736574  1.36086336
  1.51505398 -1.61186907 -0.60521641]
[ 1.          0.40526595  0.4320225  -0.53823573 -0.1516626   0.43308587
  0.98060471 -1.71311892  1.34466617  2.37158245 -3.269515   -0.33116442
  0.17951662 -1.49552717  2.54397688  1.229635   -1.39258855 -1.08286955
  0.80782594  2.92196403 -2.197192  ]
[ 1.          0.16960384  0.99651795  0.45416425  0.90071365  0.29168765
  1.62248814  1.78944238 -0.92227895  1.03619144  0.74333485  1.9230359
  0.34244282 -1.2372928  -1.91685554 -2.25091111 -1.00371059 -1.35818862
  1.20674558  0.05535318  0.56947418]
[ 1.         -0.3899649  -0.12682706  0.19497486  0.51623891  1.09249246
  0.46524219 -1.43840534  0.22322783  2.14188478  0.10547977  0.65952915
 -1.56269357  0.04032205  0.75254617 -1.57303069  0.1119249   0.60698725
  0.71113971  0.27421887 -0.04976025]
[ 1.         -0.4803849   0.56036647  0.99087978  0.15256031  0.51039461
 -0.41869378 -0.00809925  0.74494512  0.98831749 -1.16532858 -0.4758553
  0.51204828  0.17550571  0.43280422  2.16423979 -0.81653537 -1.32524834
 -0.81617853  0.3078926   0.9453318 ]
[ 1.          0.07554043  0.94052227 -1.16487259  0.42336116 -0.41295766
  0.72531092 -1.31093536  0.36135568 -0.78865919 -0.52023104 -1.11762113
 -1.6347526   1.86908851  0.37847508 -0.08727679 -0.61562277 -1.72360635
 -1.90266058 -0.03282963 -0.04254732]
[ 1.          0.28300667 -0.79888129  0.70591486 -0.3784253   0.50077158
 -0.48605848 -0.20750611  0.40039964 -0.48811756 -1.0372586  -0.15039722
 -0.48538142  0.12213407 -0.70858142 -0.41135036  1.07032139 -0.16309855
  0.12148943  0.22075269  0.91153945]
[ 1.         -0.73208207  1.53923631  0.31512328  2.16042913  0.58535717
 -0.81259509 -1.2664956  -3.65580183 -1.29289436  0.29872814 -0.28662864
 -0.82868948 -1.18151384 -1.32049918  0.84015485 -1.90733665 -1.23709351
 -0.41591717  0.69071425 -2.38673124]
[ 1.         -0.35322391 -0.72713415  2.05299763 -0.22095684  0.98576764
 -0.22526297  0.47214716  0.85835202  0.39013288 -0.50337428 -1.11261886
  0.94338573 -0.79861495 -0.60555457  1.95929052 -0.11545579 -1.08278257
 -0.21417246 -0.12869116  0.51266943]
[ 1.         -0.34160952  0.49460271 -1.29513798  1.93414901  0.41015156
 -0.75234391  1.12636141  0.99925172  0.18037607  0.20047185  0.23706158
 -1.79718857  0.22324145 -0.02351603  1.18733586  0.91942714  2.25239416
  1.16492234  0.46961107  0.47605048]
[ 1.         -0.2985719   1.28014487  0.54797353 -1.0664895   0.02158288
  1.76982547  0.6470576   0.45299552  1.13443794  2.00444217 -1.7997848
 -0.60519354 -1.99218108 -1.57099443 -0.18597644  0.79118133 -0.98536474
  0.32672657  1.02022716  0.40621723]
[ 1.          3.4743624   0.44685263 -0.05238069 -0.24590772 -0.21386082
  0.72019699  0.69729028 -0.06306721  0.14805159  0.25462998  1.56746647
 -0.0542178  -1.08439196  0.52868838  0.65063844 -0.84930882  0.03591012
 -0.68670059 -2.71265371 -1.21276863]
[  1.00000000e+00  -3.87810757e-01   3.45600288e-01  -1.64650084e-01
  -2.39731556e-01  -9.21818145e-01   1.04602271e+00  -6.20586787e-01
  -3.82760334e-01  -1.03355757e+00   1.90569595e+00  -2.68199816e-01
   8.90220981e-01   9.52257545e-01   1.29378955e+00   8.11306736e-01
   1.00695880e+00  -5.97150954e-01  -9.89299267e-01   8.04502548e-02
  -6.52449782e-04]
[ 1.         -1.2835258   3.46990738  3.02050679 -0.93793203 -2.34363574
 -2.4439369   1.41331311  1.83437593 -0.16927382 -0.50248426 -0.80034544
 -0.68537458 -0.27406293  2.37630953 -2.1975161  -0.99317458  1.54625781
  0.73537762 -1.96094077  1.51710947]
[ 1.         -0.36696901  0.4115241  -0.5790644   0.41138563  0.74951451
  0.67394786 -1.15269685  0.75866929  1.41304495  1.23556771  0.21549155
 -1.96419421  0.36265824  0.43237199 -0.46953398  0.09679325  0.45522046
  0.17996585 -0.24682198  0.55252962]
[ 1.         -0.21594881 -2.0934551   1.88473206 -0.18937449  0.10060058
  0.51094209  0.43959944 -0.84694587 -0.22771246 -0.40121624 -0.02529417
 -0.83506195  0.60865188  0.02715817 -0.40186414 -0.06464127  0.23682445
 -0.64833593  0.07756275 -0.18324997]
[ 1.         -0.07990914  0.19351135 -0.2149191   0.43493429  1.53598314
  1.32234786 -3.11642814  1.44807149  4.69867294 -2.81713934  0.51609131
 -1.88683385 -1.46939435  3.78165921 -0.97828002 -1.41041082 -0.30749616
  2.15052538  4.10825179 -2.9362468 ]
[ 1.         -0.64913154 -1.26369281  0.81387042  1.80340575  2.22296593
 -1.62727106 -3.44070691  5.22872907 -0.96394116  2.71742581  1.94060214
  0.8134427  -0.88791226 -2.27879555 -0.16240473 -1.93484481  1.00302895
 -1.39434581 -0.49927889 -0.73834133]
[ 1.         -0.29352823 -2.65027374 -0.62246166  2.05199061 -5.44811672
 -0.33397336 -1.30944891 -0.54187004  0.29451129 -0.01609238  0.02679215
  0.37670694 -2.03245962  0.41266978  0.89250915 -1.14672247 -0.69321229
  1.38884153  2.10956809  0.97129512]
[ 1.         -0.06415638 -1.81754187  0.40235597  3.42093     0.12888732
  0.3541684  -0.1942787   3.79952629 -3.10428989  3.2599439  -1.33448242
  3.61779639  1.46730628  1.23628148 -1.68213479 -0.58352858 -2.89932613
  0.36745725  0.51336528 -1.38771857]
[ 1.          0.36948919  0.6534919  -0.79734722 -1.54949681 -0.63506911
  2.08999641 -0.74951684 -0.11376596 -1.39683797  0.29344351  0.47934119
 -0.06869369  0.27950833 -2.34789185  0.04009771 -1.70806002  1.49565865
  0.27463286 -0.20156942  2.36840346]
[ 1.         -0.01842159 -0.63712331  0.66264889 -0.25178555  0.65514424
 -0.64235527 -0.53070559 -0.2850041  -0.90825664 -1.22954836  0.28937212
 -1.05649968 -0.38295053  0.15272976  0.19911083  1.88228309 -1.7736932
  0.05828346 -1.03159135  1.65311316]
[ 1.         -0.18007437  0.42799103 -0.94684809  1.20113175  0.808792
 -0.78378082  2.58398803  1.57349247 -0.98231471  0.24057568  1.42515124
 -0.74871483 -0.61424363  1.18106696  3.31346931  0.7939207   2.81806478
 -0.47141903  2.41900383  0.41001666]
[ 1.         -0.33177587 -0.90043361 -1.41803906 -0.90199363  0.6575204
 -1.77859943  1.04062379  0.23061845 -0.16672083  0.58139756  0.71405331
  1.17002405 -0.66160524 -0.3666247  -1.2834784  -0.78631727 -1.6316775
  0.21398713 -0.30835582 -0.70849728]
[ 1.         -0.7004799   0.94000487  0.04227345  0.51692929  0.25764511
 -0.19707718  0.1338832   0.07247968  2.00894579  0.50580201  0.49958559
 -1.08566351  2.078816   -0.2128324  -0.67284072 -1.1704932  -2.03728804
 -0.60128303  0.2270503   1.76735155]
[ 1.         -0.1067521  -0.25447653 -1.43935013  1.88354992 -2.27436726
 -0.51720006  0.71814324  0.2895069   1.60814464 -0.61791497  0.17100832
  0.37530496 -0.1424624  -1.74043669  0.11497494  1.55664361  0.7873062
  0.50517142 -2.14580729 -0.56353113]
[ 1.          1.42259327  0.59761573 -1.12579244  0.67634914  0.78904881
  1.21636599 -1.00888715 -0.33925395  0.78281497 -2.37862445 -0.4888964
  1.76849227 -2.16317478  2.32237953 -0.9222815  -2.10746352  1.19396029
 -3.3851613  -1.5783519   0.10451771]
[ 1.         -0.07933671  0.38532859 -0.6758417   0.21388093 -0.09540003
  0.11960369 -0.61013998 -0.21740502  0.46869028 -0.653316   -0.41577963
 -0.01011894  0.22007959 -0.83527113  0.27507985 -0.1411117   0.81941634
 -1.20025296 -0.76599465  0.01214566]
[ 1.         -0.13992837  0.54803735 -0.88240684  1.46292873  0.73126628
 -0.0228625  -1.00998906 -0.76999387 -0.32849454 -0.38062726 -1.22132169
 -1.37066287  0.31895733  0.06300512  1.03930958 -0.84512818 -0.65054691
 -1.15383005 -1.25122528  0.13590415]
[ 1.         -0.23050351  1.09836984  0.10856566 -1.68898127 -1.10253528
 -0.10738511 -0.83254465  0.51536122 -1.5928559  -0.63541065  0.72424982
  0.10996783  1.6323346   0.61603397 -0.98153882 -1.34028137  0.42237727
  2.23064013  0.2094936  -0.87098067]
[  1.          11.49259317   0.93648043   2.57471098  -0.36525218
  -0.78462913  -5.69112928  -1.23956383  -1.34768041   2.49828605
   4.19131123  -0.94010256  -1.09474312   2.17752479  -0.09899293
   0.78254249   0.10578571  -0.3499865    0.23041168   2.5841959
   0.18803979]
[ 1.         -0.35701232 -0.65363113 -0.23439676 -0.35832426  0.64127439
  0.03399359 -0.82773878 -0.57782112  0.50522085  0.94156243 -0.2316398
 -0.75891176 -0.25399756  1.03507889 -0.33717185  0.08939194  0.93524743
  0.23910828 -1.09055978 -0.29583861]
[ 1.         -0.59168752  1.16179031  0.86680788 -0.22480981  0.03283859
 -0.50963198  0.61785036 -0.61941587  0.75385706 -0.56775267  1.32888058
  1.04284365  1.99395982 -0.52612786 -0.69174367  0.61161563  2.50846507
 -0.14183918  1.90895839  0.83223642]
[ 1.         -0.03348796 -1.23598677  1.70493737  0.585338    0.32679616
  0.6427191   1.88854846 -0.73391245 -0.56243241 -0.69768562  0.81997247
 -1.56561145  0.81161675 -0.04194628 -0.29211292 -1.08456291  0.1797868
  0.24473157  0.68287371 -1.02534296]
[ 1.         -0.28999515 -0.02644459 -0.68184076 -1.33801705  0.10713874
 -0.20375053 -0.29650103  0.18205764  0.55764619 -0.01626507 -0.38344663
 -0.4111341  -0.29695716  0.14550359 -0.67633662  1.87853566 -0.31360681
 -0.04442774  0.32903433 -1.72635279]
[ 1.         -0.32801364  0.90115697  1.15483422  0.04832496 -0.15537837
 -0.31669865  0.9786593   0.50701548  0.60511796 -0.82927868  0.94811598
 -0.50399688  0.78538738 -0.06341005 -1.34624754 -0.163013    1.27408311
  0.80703104  0.61216052  1.00956622]
[ 1.         -0.52825052 -0.17468994 -1.32543745 -0.5777315  -0.64594281
 -1.33674567  0.97944453  0.15027745  1.29354587  0.07405569  0.05184383
  1.23076116  0.37967233 -0.85292975 -1.21626553  1.17754807 -0.20567806
 -1.12563882 -1.15421466 -2.05036191]
[ 1.          0.08776938  0.2769553  -0.72790783 -0.90821839  0.0115267
  0.72531556 -0.1806042   0.30659943 -0.89863528  0.56212995  1.52148029
  0.52930752  0.75400933  1.22830883  1.99867288  1.03116803  0.85428159
 -0.33759593  0.23839744 -0.12757972]
[ 1.          1.95496615  0.45078945 -0.42291502  2.58249863  1.81204998
  1.52523388 -0.49650174 -0.57287455  0.04454143 -2.55573316 -3.04420562
  5.37303479 -1.34804603  3.37573205 -4.15310236 -0.67225853  2.92899194
 -0.07645464 -0.54354823  2.40024193]
[ 1.         -0.13593888  1.02304634 -1.26643956  3.84063251  1.18452681
  0.56440148  1.03523005  0.07160751 -1.06101254  1.06073931 -1.82108418
 -1.5159607   2.11274559  0.61391809  0.20896787 -0.09117711 -0.3323206
  1.36274561  0.49464634 -0.07299813]
[ 1.         -0.25441963  0.8103236  -0.18459496 -0.49992687 -0.27780336
  0.73150855 -0.37761489 -1.21570373 -0.40257183 -0.04698057  0.63511158
  0.59379883  1.23421624 -1.10777805  0.13243231 -3.05270144  0.38541469
  1.88015113  0.459116    0.94524239]
[ 1.         -0.26313632  0.62353159 -0.17492571 -0.48043598  0.19133533
  0.4360325   0.10414529 -0.52337081  0.74323844 -0.32842921  0.33493206
  1.66283976  1.84762492  0.20100268  1.84407591 -0.13742108 -0.41076748
 -0.19185151 -0.35761851  0.53928144]
[ 1.          3.26267898 -0.15174194  0.49537795  0.19547714  0.12494789
 -1.14178665 -0.73643375  0.16041287 -0.40754603 -0.77417698 -1.64718236
  0.37524754  0.57018349 -0.65470324 -1.28929488  1.13938494  0.17857646
  0.86936419  2.15121981  1.79356817]
[ 1.         -0.27365875  0.66671747  0.06136731  1.18074746  0.81999074
 -0.8834588  -0.9320959   0.8701253  -0.82088866 -0.2441302   0.85136095
 -0.19476913 -0.42783609 -1.06410873  1.51630021  0.29490111  1.22079834
 -0.58124633  0.6920629   0.12303191]
[ 1.         -1.18862841  3.47339726  2.98963819 -0.94828937 -1.82036119
 -2.47643746 -0.72656363  0.29548122 -2.91283147 -0.51402477  0.20534623
 -0.57618869 -1.6136141   2.8861791  -1.79350195  0.13300323  0.74703912
  2.55957804 -2.5457669   0.10395127]
[  1.          11.44657379   1.19861344   2.27108375  -0.57036308
  -0.93380614  -4.6805237   -0.5053067   -1.43264257   2.72773973
   4.62641199   0.73308716  -1.29591549   1.23362418   0.55178536
   1.83737032  -1.01793179  -0.42140239  -0.67786976  -0.3405291
  -1.60367765]
[ 1.          0.96332664  0.06310789 -0.32172806  2.07790003  0.42741209
  1.5338414   3.84795474  1.53740215 -1.85735865 -0.28715647  1.28286023
 -1.275414   -0.63131059  1.00809253  0.0304188   0.57863478  0.24597519
  0.07128118  0.97229712 -1.96753295]
[ 1.         -0.28913835 -0.51162025  0.99441252 -0.31080365  0.67163602
 -0.99977117  0.67962423  2.07799347  0.1790195  -0.09514396 -0.85656216
  1.22942306 -0.06512685 -0.82849626  0.41692101 -0.45552012 -1.00640761
  0.43915166 -1.50467317  0.16392808]
[ 1.          0.47296548 -0.15101409 -0.59403443 -0.41609345 -0.87810685
 -0.08765353 -0.82101716  0.75340186 -0.51411952 -1.7273382  -0.19743953
 -0.29978166  0.1005813  -0.09981721  0.20297788 -0.67940411 -0.80812545
  0.47562643  1.58682734 -0.34330782]
[ 1.         -0.73701209  1.31458438  0.364693   -0.1873775  -1.44903849
 -1.01910296  0.71511407  0.71064144  1.1442424  -0.374547   -0.5117861
  0.30514768  1.56319624 -0.11978198 -0.39899779 -0.43302071  0.01565143
 -1.74205206  0.09758047 -0.21081156]
[ 1.         -0.69987658  0.66075034  0.78899414  0.13336088 -0.46201639
 -1.27993412  2.17696316  1.62274825  0.52397564 -0.12166568 -1.24028066
 -0.5740806  -0.92852835  0.68585388  2.8109244  -1.18057633  1.08565662
 -0.68670845  0.74154226  0.11815036]
[ 1.         -0.43826508 -0.74989586 -0.4044117   0.15954827 -0.4109927
 -0.789219    0.13734645 -1.38048454 -0.48207947  0.10964696 -0.82390939
 -0.85523223 -0.86361215  0.20554183  0.77479827 -2.50455426  0.10858884
  0.63245978  0.18848691 -0.62013885]
[ 1.          0.05854125  0.32524929  0.41676817  0.79993504  0.61181033
  0.19150055 -0.16573391 -0.84869297  0.91406817 -0.45103592  0.81476554
  1.42820144 -0.50952904 -0.35590084 -0.70158953  0.11660601  0.28042127
  0.47458711  0.29361594  0.54650328]
[ 1.          0.70119349  0.39275065 -0.88058921  4.1211192   1.01342595
  1.55793749  1.76431432  1.2014076  -2.80032917  1.44566335 -2.95477726
  1.34181921  2.31784637  2.19962276 -1.4527138   1.24838476 -1.15531173
  1.47174174  0.73028917 -0.75488451]
[ 1.         -0.14062836 -0.68718862  1.4996176   0.0511133   1.20118457
 -0.42848994  0.26236702 -0.12168293  0.69676662 -1.27799618 -0.21604344
  1.71779078 -0.14092463 -1.57837732  0.46214267  1.07804339 -0.58122638
 -0.2306597   0.35368168  0.90166294]
[ 1.         -0.38818048 -0.81062948 -2.02167296 -0.62029657  0.62117681
 -1.76596193  0.6265093  -1.10296874 -0.60009176  0.47303956 -0.64584887
 -0.98347413 -0.85189222  0.62288859 -0.20591202 -0.51626868  0.02766314
  0.4698771  -0.06471773  0.68281795]
[ 1.          0.04043399 -0.02512327 -0.43743246  0.32011845  0.00207645
  0.05187031  0.6922108   1.02780169  0.57181428 -0.64685394 -0.27719801
 -0.74944817 -0.40696476 -0.02228908  0.54143767  0.81426031  0.29119658
  1.08775311 -0.44194707 -0.97983785]
[ 1.         -0.36519573 -3.07561515  3.39830831 -0.17116362  0.56501253
  0.77880411  1.40272611 -1.28142219 -0.24630599 -0.67693472 -0.4112952
 -1.1745393   1.09020103 -0.00646098  0.24757512 -0.51472196  0.89634576
 -1.42969757  0.08873687 -1.50816664]
[ 1.         -0.50370401 -1.26947811  0.52687213  1.00372113  1.13375591
 -0.28718803 -2.8855468   2.47853356  0.77772429  2.01891345  1.21391965
 -1.18101657 -0.41482335 -0.14922906 -1.39605634 -0.36002241  1.33324392
 -0.56126324 -0.49059065  0.33727697]
[ 1.         -0.48198722 -1.63133723  0.77400922  0.66013113  1.63488375
 -1.49577709 -1.1426642   4.49394497 -1.60651594  2.10611628  0.54370295
  2.92181641 -0.24847647 -1.70262333 -0.19271962 -2.35360991 -1.83959724
 -0.28770864 -0.75490544 -1.39265424]
[ 1.         -0.44804373 -0.66657524 -1.54925783 -0.56152963  1.31187729
 -1.78274342  1.75290405 -0.71741791  0.09566503  0.56069872  1.21508728
  1.30757056 -0.54222226  1.0158106   0.25509361  0.09739701  0.50626137
 -0.61506788  1.81675204  2.1544798 ]
[ 1.          0.03905835  0.7016177  -0.13106526 -1.23875429  0.5363721
  1.55732177 -0.85313453  0.14696054  1.86044084 -0.37440474  0.03069111
  1.50430546 -0.77387547  0.8519631   2.02734747  1.17765619 -0.86971194
  1.83487921  1.22757863 -1.47004561]
[ 1.         -0.38319376  1.73418725 -0.30223674 -1.1400386  -1.82958384
 -0.22895494 -0.86770537  1.27374988 -1.08100129 -1.29428291 -0.59936419
 -0.70238068  4.04026215  0.5471478  -1.2701561  -2.10960609 -0.82098542
 -0.81320324  0.21388088 -1.40335604]
[ 1.         -0.25175379 -0.47123062  0.09307553 -0.17808089  0.79419397
 -0.6511306   0.38951786 -0.15492299  0.7005758  -0.80472449  0.9565218
  0.43230546  0.7387385   0.37217381  0.41854684 -0.11825488 -2.4711207
  0.12249021 -0.33212808  2.07466393]
