Cluster centers 

[ 0.913972    0.53949491 -0.5962306   0.68570955]
[-0.56861016 -1.36514212 -0.11801398 -0.27502313]
[-0.54454856  0.1152078   1.46200416  0.38996542]
[ 1.19251113  0.34595666  0.10867676 -0.55274967]
[-1.66640801 -0.21669232 -1.4611144  -0.92425191]
[-1.18330827  0.73987797  0.11343102  1.95725109]
[ 0.28266706  1.84298093 -0.74572037  0.07492742]
[ 1.44645829 -1.34066666  0.21369456  1.03409481]
[-1.23745239 -1.34312971 -1.80057663 -0.04134029]
[-0.34408333 -0.60762807  1.37822764 -0.34260835]
[-0.78496554 -0.00638906  1.01940301 -1.10319168]
[ 0.72130527 -2.5260959  -1.92415638  0.32573446]
[ 0.62411713  1.47106608 -0.13182431 -0.5753789 ]
[ 1.45849843 -1.58646193 -0.34802423 -0.37426178]
[-1.0988196   0.07810431  0.29347997 -1.34593188]
[ 0.40004794 -1.40023363  1.14822329  1.21895988]
[-0.38867398  2.16809044 -2.53693319  1.64252899]
[ 0.2562373   1.65035411 -1.2395854   0.72955256]
[-1.07518069 -0.47536733 -0.17519052 -0.92153081]
[-0.61827887  0.00277178  0.75415495  1.60605257]
[ 1.29518952 -0.51727006 -0.18255361  0.92341124]
[ 0.55595972 -1.1149196  -0.66091806  2.91264216]
[-1.34420537 -0.92187909 -1.42994707 -0.41546205]
[ 0.41307203  0.4678355  -1.28971939 -2.16758848]
[-1.35353772  0.7311669  -0.49592502  2.57328613]
[-0.18747604 -0.62740334  0.86679085  1.66861818]
[ 0.9556873   0.72744951 -0.24372767  0.01095268]
[-2.00984023 -0.5765164  -2.78047257 -0.26977078]
[ 0.34900869 -1.47119815 -3.40539762 -0.35820043]
[ 0.66705708  1.17507305 -0.59518907  0.25374067]
[ 0.52691322  1.68403372  0.06361124 -0.9772978 ]
[-0.88842438  0.01759422 -0.43754711  2.86582081]
[ 1.36812958 -0.20342841  0.1018578  -0.12719445]
[-0.81402867  0.83762108  1.5353984  -0.2180572 ]
[ 1.58680766 -1.50192721  0.18389697  0.092908  ]
[ 1.02227818  0.76915601  0.14993286 -0.87337648]
[ 0.38621152 -1.79312989  0.99810919  0.43350181]
[ 1.32418748 -0.3026355  -0.06270344  0.44145209]
[-0.24834821 -0.63826106  1.48454757 -0.06347193]
[-0.79858188 -0.92830102 -0.03510821 -0.58880572]
[-0.84686591  0.54550075  1.00888184  0.97524466]
[ 1.31788845 -1.38459177 -0.73813237 -0.67527854]
[-0.00741557 -0.88824109  0.42171719  2.25658926]
[-0.5727409  -0.19119664  0.36826243  2.14515204]
[-0.07388063 -0.77673538  1.4164188   0.70239899]
[ 1.05047817 -1.91302846 -1.55929328 -0.30165449]
[-0.91070187  0.33168813  0.97542538 -1.39009326]
[ 0.4369372   1.84118696  0.24838543 -1.33273922]
[ 0.69707319 -1.54797431  0.65475354  1.84381203]
[-0.52723727  0.05144308  1.60869788 -0.32892531]
[ 1.33669102 -0.28855569  0.00552087 -1.04678802]
[ 1.02266397  0.42592274 -0.37921681  0.445594  ]
[-0.70153004 -0.55302347  0.66121045 -0.8050736 ]
[ 1.52371869 -0.90991867  0.18692054  0.21102605]
[-1.80804449 -0.73376468 -2.42691222 -0.27502888]
[ 1.09260185  0.37856804 -0.20995024  0.18995731]
[-0.50338845 -2.1771053  -1.61455942  0.41533432]
[ 0.94182142 -0.73926718 -0.7344382   2.18585559]
[ 1.03355354  0.33861787 -0.0864733  -1.60426619]
[-1.03476273 -0.1565919   0.25353238 -1.1666437 ]
[-0.6422172   0.25255092  1.56202753 -0.72049945]
[ 0.77720456  1.26559025  0.21638467 -1.18988493]
[-1.06698747  0.73532228  0.51810357  1.50996052]
[ 1.41869413 -0.32778982  0.15488967 -0.46295785]
[ 0.51181321  1.42087884 -0.73259384  0.28467262]
[-0.0932307   2.24342736 -1.2814218   0.45554021]
[-1.51826991 -1.37939574 -2.61853394  0.22079156]
[-0.92535687 -1.0538786  -0.53304524 -0.47344583]
[-0.59965575 -0.14740202  1.32619537 -0.80831477]
[-1.33160028 -0.17241096 -0.53808173 -1.12474308]
[-0.42180206 -0.22760401  1.06701354  1.26715343]
[ 0.20137452  1.51822375 -1.63798918  1.22060631]
[-0.32443166 -0.32831942  1.44061728  0.59610386]
[ 1.26174146 -2.25270317 -0.60164861  0.09879707]
[ 0.93970586  0.8880502  -0.03146235 -0.47672529]
[ 1.14728516 -0.97372649 -1.00068813 -1.05505177]
[ 0.05475014 -1.29192317  1.2316959   0.20044576]
[-0.38473694 -1.22448998  0.51870298 -0.31750073]
[-1.02577288 -1.25100195 -1.08526657 -0.25771034]
[-0.28721493 -0.42956929  1.54396644  0.19860015]
[-1.2167729  -0.68387369 -0.78416865 -0.70670236]
[ 0.59384251  1.11117028 -0.93782672  0.7247109 ]
[-1.42262515 -0.37709349 -0.97479944 -0.90313573]
[-1.25744863  0.10108768 -0.11652967 -1.37076341]
[-1.72848453 -0.58902949 -2.03227265 -0.49902475]
[ 0.91026987 -2.3608864  -1.67116995  0.12140224]
[-0.17991228 -0.58897144  1.25734285  1.05851711]
[ 0.7615058   1.09433347 -0.3800498   0.00302838]
[ 0.76815875  0.74024074 -0.83115249  0.85242477]
[-0.82904645 -0.66063027  0.23206003 -0.78086385]
[ 1.32402186 -0.01770984  0.16405205 -0.79133522]
[-0.89183146  1.20169972  1.4529793  -1.61306147]
[-0.9809664   0.97602937  1.14257968  0.49701649]
[-0.42898269 -0.25292038  1.54742268 -0.32539829]
[ 1.09297321  0.51798829 -0.03998163 -0.24250288]
[-0.72413469  0.28236653  0.98635258  1.16094903]
[ 1.05091937  0.10838558 -0.54064264  0.95310081]
[-0.30034493 -1.56647767  0.17168613 -0.12564658]
[-0.36161301 -0.88675184  1.02393148 -0.39491653]
[ 0.29745068  1.94330047 -0.3914146  -0.39713238]

Populations

0.00212553559976
0.00864470055492
0.0111673236678
0.0176926975544
0.00883740960564
0.0230247921695
0.0180616691294
0.0179684011953
0.0078642658665
0.00300207218611
0.012783446971
0.00610542089063
0.0135090437352
0.0102291979564
0.00892652195637
0.00718905301983
0.00283452592872
0.0106343102396
0.00795935287737
0.00988739925045
0.0146970341161
0.00256139025779
0.00694555734998
0.00975163973016
0.00572461390126
0.0109155120445
0.0238945989767
0.0024502234032
0.0031253166995
0.013684008407
0.0123797207246
0.0329229855878
0.00973290515208
0.00722573337567
0.0204218549225
0.00487421680336
0.0153168816594
0.0135605996235
0.0211306280376
0.0214202735793
0.00782578163637
0.00355129966582
0.00439421301028
0.00436430859489
0.00420100801614
0.0084366809505
0.00937775076941
0.00293571366129
0.00866753288694
0.0159582931879
0.00879607541891
0.0124261664383
0.0185023372021
0.00653445082004
0.0178650972718
0.00245132010922
0.00716481742891
0.0140560398387
0.00724658921524
0.00856811177281
0.0085970512295
0.0107196553684
0.0154431447372
0.014908740473
0.0161487696954
0.00263298315455
0.0128266516891
0.00452382280997
0.0057375619782
0.00955528453256
0.00988825603484
0.0141034571
0.0105276436018
0.00507557134588
0.00432161375234
0.00725287434138
0.0085825670518
0.00789580674324
0.00801530399206
0.0147966414244
0.0100544074952
0.0113461434637
0.0140076994474
0.00526087581035
0.00312627892539
0.00710738875769
0.0219672270126
0.007307863508
0.0115475417317
0.00282363075104
0.00390568282704
0.0135867748432
0.0178586171485
0.00811137084593
0.018796206764
0.00361001387448
0.00434936539216
0.00917308774355

State labels

0
1
2
3
4
5
6
7
8
9
10
11
12
13
14
15
16
17
18
19
20
21
22
23
24
25
26
28
29
30
31
32
33
34
35
36
37
38
39
40
41
42
43
44
45
46
47
48
49
50
51
52
53
54
55
56
57
58
59
60
61
62
63
64
65
66
67
68
69
70
71
72
73
74
75
76
77
78
79
80
81
82
83
84
85
86
87
88
89
90
91
92
93
94
95
97
98
99

Eigen values

1.0
0.791806043629
0.712127263327
0.689833171995
0.676935908365
0.660184340112
0.633201541966
0.596709198403
0.583454849541
0.569771961969
0.558264020614
0.533354319231
0.511920268723
0.510213499448
0.484483608194
0.467582049368
0.444967528053
0.437073776562
0.425935334424
0.411241668051
0.385705548884

Left eigenvectors

[ 0.00212554 -0.00064372 -0.00082975 -0.00025776  0.00210134 -0.0030506
 -0.00089522 -0.00376967 -0.00058107 -0.00195889 -0.00377879  0.00443021
 -0.00908369 -0.00773281  0.00890969  0.00195542 -0.00955013 -0.00233608
 -0.00060378  0.00375183 -0.00210303]
[ 0.0086447  -0.0048544   0.01079758 -0.01009678 -0.01620227  0.00339697
 -0.00628953  0.00290106  0.00533717 -0.01217917  0.00483307 -0.00356601
  0.00142163  0.00170894 -0.00356309 -0.00815264 -0.00445957 -0.00605337
 -0.00327585 -0.00124497  0.00554795]
[  1.11673237e-02  -1.79254933e-03  -8.10327732e-03  -5.04850063e-03
   2.55705151e-03   6.25839510e-03   1.04566398e-02  -2.58884253e-03
  -1.44728078e-02  -6.99590584e-03   1.60414704e-02   1.01891940e-02
  -5.58743124e-03  -8.43893763e-03  -8.60368031e-03   7.41557577e-05
  -9.99724430e-03  -2.99445568e-03   1.28006741e-02  -1.33244008e-03
   1.24486778e-02]
[ 0.0176927  -0.00281981 -0.0147487  -0.01011935  0.00964106  0.01602845
 -0.0058205  -0.01872685  0.01354601 -0.01151582  0.01630399  0.00474499
 -0.00721505  0.00802347 -0.00903786  0.00426443  0.02266245  0.01029284
  0.00162622  0.0342193  -0.0179762 ]
[ 0.00883741 -0.00349644  0.00074341 -0.01241751  0.00498917  0.00648198
  0.00277231 -0.00383215 -0.01831989  0.007249    0.00672943  0.0059083
  0.01352825 -0.00487666  0.01467525 -0.00433682  0.02266904 -0.00110974
 -0.00740762  0.01561732  0.00749745]
[ 0.02302479 -0.00645077  0.02402685  0.0002486   0.01825567 -0.00242273
  0.00382336  0.00666074  0.01256026  0.00515181 -0.00543622  0.02062264
 -0.02110331 -0.00084299  0.01330548 -0.01132629 -0.0092751  -0.01563978
  0.0056338   0.01051262 -0.0200903 ]
[ 0.01806167  0.00160906  0.00118458  0.00974126 -0.00090001  0.00259733
 -0.0157487   0.00023901 -0.00638142  0.02044369  0.00871112  0.01935873
 -0.00698266 -0.00727598  0.0189179   0.01184983 -0.00556294  0.03227209
 -0.01739718 -0.00231822  0.02304813]
[  1.79684012e-02  -7.04537207e-04  -3.48262732e-02   1.67229596e-02
  -4.79086095e-03   1.43720788e-02   4.67770917e-03   3.05321189e-02
   4.37604268e-05  -9.23674914e-03   8.07249088e-03  -1.95005712e-02
  -1.43963540e-02   1.13412930e-02   8.19805658e-03   1.01116963e-02
   1.12701383e-02  -3.08718561e-03  -5.90624159e-03  -3.15575279e-03
  -1.71193836e-02]
[ 0.00786427 -0.00438361 -0.00140921 -0.01528901 -0.00637571 -0.02196407
  0.01398645  0.00077467 -0.00189299  0.01619761  0.00733692 -0.00026858
  0.00010852 -0.00038121 -0.00672378  0.01618645  0.00793328 -0.00363215
  0.01048709 -0.00425389 -0.0103201 ]
[ 0.00300207  0.02662031  0.00202065 -0.00925223 -0.00103905  0.00284464
  0.0021435   0.00115654 -0.00059201  0.00064835 -0.00045634 -0.00407202
 -0.00730961 -0.00321832 -0.00128241 -0.00530803 -0.00112255  0.00111802
  0.00242357 -0.00168605 -0.0032581 ]
[ 0.01278345  0.00102007  0.00542347  0.01219102  0.01430159 -0.01723517
  0.00743083  0.00198558  0.00401293 -0.00562888 -0.01086248  0.00998509
  0.00407473  0.00640867 -0.01370401 -0.01304375  0.0041002   0.00389977
  0.01598578  0.00762425  0.01243968]
[ 0.00610542 -0.00073882 -0.01955065 -0.00261445  0.00161146  0.00325452
 -0.00752916  0.00920735 -0.00790551  0.00029097 -0.00531134  0.00997365
 -0.01519672  0.02605954 -0.0146791   0.00320449 -0.00160534 -0.01086732
 -0.00898469 -0.00258104 -0.00169904]
[ 0.01350904 -0.00017975 -0.00123277  0.01963427 -0.01200778 -0.00032767
 -0.0008702   0.02418972  0.01769393  0.02498294  0.00801495  0.0165791
 -0.00791318 -0.01232269  0.01782594 -0.01146131  0.01556131  0.01332122
 -0.01459537 -0.01821348 -0.00811359]
[ 0.0102292  -0.00522446  0.01400492 -0.01195777  0.00455673  0.00053372
 -0.01257129  0.02364943 -0.013612   -0.00660209 -0.00935864 -0.01389997
  0.00849637 -0.00203432  0.00823067  0.01426603 -0.00131889  0.00676824
 -0.00262945  0.00254473  0.01655847]
[ 0.00892652  0.00015559  0.00663081  0.00657626  0.00681701  0.00211856
  0.01526439  0.00031481  0.00998049  0.01077232 -0.0113148   0.00122512
 -0.00433007  0.00703207 -0.01009824 -0.01307579 -0.00875226  0.01192464
  0.01033202  0.01650719  0.00584718]
[  7.18905302e-03   8.97265154e-06  -3.54502052e-03  -4.98452410e-03
   2.46186641e-02   3.10393078e-03  -1.26063529e-02  -1.43608387e-02
   2.79312660e-02  -1.94560664e-03   1.61260725e-02  -5.62498353e-03
   5.17979749e-03   2.66119891e-04  -8.36181369e-03   9.54508077e-03
   7.12922270e-03  -1.21537147e-03  -2.89255112e-05  -1.01368066e-02
   9.14847508e-03]
[ 0.00283453 -0.00026857 -0.00947808 -0.00237662  0.00137831  0.00394329
 -0.00384974  0.00387631 -0.00649347  0.00231546 -0.00165774  0.01100096
 -0.00820229  0.014638   -0.01017303  0.00140599 -0.00470045 -0.00954015
 -0.00982084 -0.00686794  0.00774695]
[ 0.01063431 -0.00296874  0.00280548 -0.00346791  0.0168581  -0.00103859
 -0.00668583 -0.00849521  0.01588493 -0.00554069  0.01868868  0.00364578
 -0.02041448 -0.00465725  0.00759825  0.00739364 -0.00556107  0.00320552
 -0.0079668   0.00629565 -0.00516539]
[ 0.00795935 -0.00045569 -0.01311431 -0.00228172  0.00076705 -0.00012564
 -0.00179144  0.00576427  0.00149113 -0.00133702  0.00055004 -0.01525921
  0.00750521  0.00011803  0.00756504 -0.00518616 -0.00610476  0.00121323
 -0.00671883 -0.00590983 -0.0111202 ]
[ 0.0098874  -0.00423726  0.0050275  -0.00886189 -0.00491193  0.00901862
 -0.00269902 -0.01105954 -0.00269402 -0.00376159  0.00162541  0.00668384
 -0.00026008  0.00135815  0.00284827 -0.01755429  0.02772169 -0.00845204
 -0.01112961  0.0168888  -0.00657417]
[ 0.01469703 -0.00332134  0.00587343  0.00492938 -0.0024203   0.0192086
  0.011348   -0.01909019 -0.00860436 -0.00410212 -0.0133805   0.00530952
  0.01276813  0.00039269 -0.00689412  0.00663362  0.00469804  0.01946906
  0.00238562 -0.02633036 -0.02015802]
[  2.56139026e-03  -8.89888564e-05  -1.84717739e-03   3.68458575e-03
  -2.24196228e-03   4.43843587e-03   4.09501495e-03  -1.99830049e-03
   2.15317386e-03   2.14476472e-03  -7.43438168e-03  -9.42574972e-03
  -4.72701757e-03  -3.61927699e-03  -5.51809371e-04   7.72924991e-03
   7.70172013e-03  -8.95168893e-03  -3.31567581e-03  -1.01010851e-03
   7.46544476e-03]
[ 0.00694556 -0.00114372 -0.00063637  0.00077512 -0.00905237  0.00616115
  0.00408979 -0.00049138  0.00251656 -0.01071226  0.0064326   0.00517996
  0.01204268  0.00125809 -0.00119134  0.0029651  -0.02114439 -0.00067708
  0.00138843 -0.00411923 -0.00416389]
[ 0.00975164 -0.00153765  0.0052899   0.00383234  0.01136913 -0.00996722
  0.01595553  0.00395293 -0.00584878 -0.00041574  0.00869092  0.00636545
  0.00373529  0.00461913 -0.00474354 -0.00645646  0.00123952 -0.00664518
  0.00713212 -0.00068001  0.00810277]
[ 0.00572461 -0.00156908  0.00699025  0.00288418  0.00723373  0.00486949
  0.01012104 -0.00333559  0.00209625  0.00617085 -0.00781524 -0.00223489
 -0.00189018  0.01089576 -0.00366097 -0.00588595 -0.00681415  0.01387478
  0.0057694  -0.00191682 -0.00241687]
[ 0.01091551 -0.00011191 -0.0071469   0.00801948  0.00178126 -0.00236084
  0.00452894 -0.01218689 -0.00231083 -0.01266189 -0.01279499 -0.00491398
  0.00262452 -0.01167524  0.00380907  0.01098173 -0.01156337 -0.00470629
 -0.00509237 -0.00230299  0.00089219]
[ 0.0238946  -0.008947    0.01546097 -0.01027515 -0.02664509  0.00611289
 -0.00782095 -0.01808223  0.00777073 -0.00974145 -0.0138518   0.00502625
 -0.00466637  0.00042941 -0.00633302 -0.02352517  0.0280382  -0.00601906
 -0.01615868  0.00764057 -0.00655607]
[ 0.00245022  0.00019159 -0.00322068 -0.00545861  0.00290218  0.00208289
 -0.00219781 -0.00041255 -0.00273764  0.00602941 -0.0002104   0.00092062
  0.00950605 -0.00344956  0.00544975 -0.00588003  0.00421197 -0.00315943
 -0.00258895  0.00332143  0.00287155]
[ 0.00312532  0.00087367 -0.00494583 -0.00516874  0.01063812  0.00198698
 -0.00775847 -0.00510953  0.01270064  0.00412111  0.00469219 -0.00305681
  0.00915789 -0.00235277 -0.00235774 -0.00051087  0.00092191 -0.00383437
 -0.00035722 -0.00761712  0.00587234]
[ 0.01368401 -0.00175632  0.0156839   0.01084508 -0.00908717  0.00213671
 -0.00857256  0.00010231  0.00230396  0.01054473  0.00335804  0.00621907
 -0.00069543  0.0013707  -0.00154571 -0.0128796  -0.00576671 -0.00195243
 -0.02529762  0.00279098 -0.02032055]
[ 0.01237972  0.00045571 -0.00845605  0.00755479  0.0027972  -0.0222521
 -0.01644167 -0.00418754 -0.00989836 -0.01416097 -0.00922397 -0.00810274
 -0.0010824  -0.00724078 -0.01064051 -0.01792078  0.01030687  0.01609224
  0.0067225  -0.01669842  0.01578112]
[ 0.03292299 -0.01205341  0.00570261 -0.01214567 -0.04711091  0.02139551
 -0.00534083 -0.0208703   0.01660054 -0.03520015  0.01828703  0.00548792
  0.00328371  0.01832822  0.01806447 -0.02477847 -0.00112895 -0.01104964
  0.04547292 -0.02216229  0.01244801]
[ 0.00973291  0.00206556  0.00785655  0.00980981  0.0017268   0.00632776
 -0.00230497 -0.01298565 -0.00604619  0.00483883 -0.0134732  -0.01317117
  0.00627458 -0.00261894 -0.01537176  0.01437241  0.00442661 -0.01052009
 -0.00412065  0.00930936 -0.00133918]
[ 0.00722573 -0.00195864  0.00536927 -0.00342348  0.02586232  0.00200052
 -0.00847262 -0.00738348  0.02321413 -0.00254534  0.01710335 -0.00238364
 -0.00944993  0.00281849 -0.00221474  0.01110314  0.00073604  0.00094818
  0.00166265 -0.007669    0.00241239]
[ 0.02042185 -0.01206402  0.02315448 -0.03151582 -0.03911676 -0.0064157
 -0.01317651  0.01784884  0.02031416 -0.01569183  0.00070234 -0.0121034
  0.0061715   0.0025799  -0.01415396  0.01838654 -0.01958038  0.01036255
 -0.02224494  0.00962001  0.02703762]
[ 0.00487422  0.00137227 -0.0034425   0.00418494 -0.00190836  0.00864699
  0.00862629  0.00767079  0.00059759  0.00166772  0.00203091  0.00245626
 -0.00093687 -0.01595254 -0.01152186  0.00254606 -0.00397972 -0.00389146
  0.00712317 -0.00046219  0.00436425]
[ 0.01531688 -0.00611355 -0.00103533 -0.01114593 -0.00582713 -0.0085028
  0.00318048 -0.00123589  0.00296082 -0.01546724  0.02388719 -0.0153161
 -0.00633953 -0.00299014  0.00721201 -0.00370223 -0.00615615 -0.00949736
 -0.0157799   0.00407213 -0.00874685]
[ 0.0135606  -0.00537661  0.00746099 -0.01202647 -0.0149672  -0.01130208
  0.01083096  0.00357582  0.01668352  0.01575332 -0.00561607  0.00985845
 -0.00227628 -0.00190657 -0.00084047  0.01475227 -0.00081012 -0.00347361
  0.00993643 -0.00257523  0.0015633 ]
[ 0.02113063 -0.00881256  0.03962486 -0.00891837  0.02715889  0.0169913
 -0.00841793  0.03014492 -0.03152926 -0.0077899  -0.0100148  -0.01325425
  0.00676996 -0.00076219  0.00139954  0.00885716  0.00689771 -0.01823703
  0.00262284 -0.00538654 -0.0159815 ]
[ 0.02142027 -0.00752672  0.02695569 -0.00795161 -0.00853694  0.0118194
 -0.01117603  0.00415114 -0.01028151 -0.0128978   0.00867438 -0.00320099
 -0.00372856 -0.00721253 -0.0068196  -0.03564978  0.00883367 -0.02551305
 -0.01083682 -0.00219638 -0.02304379]
[  7.82578164e-03  -4.25599442e-03   1.88036549e-02  -5.93666070e-03
   1.48312057e-02   5.29849883e-03  -6.21826634e-03   2.04332752e-02
  -1.36494250e-02  -4.31173873e-03  -6.80190887e-03  -1.03114644e-02
   2.87786010e-03   2.51527657e-03   4.22034292e-03   1.05189575e-02
   6.63646303e-04  -3.78022467e-03   4.30284345e-03  -3.18115382e-03
   8.22995869e-05]
[ 0.0035513   0.035081    0.00459383 -0.0079777  -0.00216122 -0.00074971
  0.00209295  0.00023141 -0.00166606 -0.00386711  0.00120458 -0.00073474
 -0.00597016  0.00504543  0.00587579  0.00254681  0.00274159  0.00269266
 -0.00185541 -0.00537712 -0.00315008]
[ 0.00439421 -0.00283009  0.00204706 -0.01054573 -0.00930572 -0.00861925
 -0.00314939  0.00596558  0.00562977  0.00149199 -0.00326463 -0.00120682
  0.00201655  0.0005612  -0.00955354  0.01208916 -0.00084249  0.00612847
  0.00016011  0.00047601 -0.00483153]
[ 0.00436431  0.00256514  0.00403182  0.01474723 -0.00635594 -0.00204738
 -0.01648389 -0.00871895 -0.00988523  0.01526881  0.01051306 -0.00552409
  0.00137536  0.00191215 -0.00386992  0.00666893 -0.00671571 -0.00777802
  0.00966752  0.00662324 -0.0053738 ]
[ 0.00420101  0.02914606  0.00475095 -0.00106846 -0.00196453 -0.00444551
  0.00035732 -0.00106669 -0.00142167 -0.00557681  0.00200781  0.00396155
  0.00197526  0.00942656  0.00773128  0.00887868  0.00399094  0.00124653
 -0.00459211 -0.00283264  0.00120187]
[ 0.00843668 -0.00187429 -0.00259102 -0.00203322  0.00278187 -0.00445587
 -0.0033443  -0.00938428 -0.00021606  0.00172358 -0.01744857  0.01410051
 -0.01410913 -0.01264911  0.02423808  0.00920779 -0.01606662 -0.00582485
  0.00479585  0.00670525 -0.00284054]
[ 0.00937775 -0.0019011   0.00852448  0.00615239 -0.00112047  0.00482451
 -0.00120287  0.00311506  0.00450744  0.01661857  0.00240411 -0.00221443
 -0.0118165   0.0077523   0.00594179 -0.00285707 -0.00568896  0.01932903
 -0.01230385 -0.00149447  0.00710106]
[ 0.00293571 -0.00119531  0.00144121 -0.00018933 -0.00253046  0.00451576
  0.0035661  -0.00838472 -0.00014274 -0.00012147 -0.00791114  0.00366187
  0.00035341 -0.00018389  0.00440737  0.00603291  0.0035221  -0.00146894
  0.00509379 -0.01383314 -0.00324898]
[  8.66753289e-03   6.21834532e-03   8.68845597e-05   2.36718122e-04
  -1.28819562e-04   1.05533840e-02   4.78849453e-03  -1.62455972e-03
   8.38293098e-03   1.07648395e-02  -8.08723371e-03  -1.18255815e-02
  -8.22087430e-03  -8.41124079e-03  -1.95748427e-02  -2.20090579e-03
   1.98054968e-03   3.96907144e-03   2.05544101e-03   2.72314343e-02
   8.38533385e-03]
[ 0.01595829 -0.00116844 -0.00908377  0.00079413  0.00087731  0.02707562
  0.01333832  0.0027981  -0.02294759 -0.00984632  0.01100216  0.01931985
  0.00814106 -0.02550289 -0.02107649  0.01803764 -0.01584629  0.01083481
  0.00408798 -0.01785571 -0.00124708]
[ 0.00879608 -0.00368484  0.00263447 -0.00373705 -0.00882094  0.00636547
  0.00673962 -0.01856087  0.00465674  0.00204316 -0.01846418  0.00852939
 -0.00656643 -0.0007979   0.01693502  0.01293949  0.00658212 -0.01551654
  0.01157999 -0.01833278  0.00456545]
[  1.24261664e-02  -3.65235312e-03   4.40701229e-03   3.89707662e-03
   3.96000318e-03   6.54086988e-03   2.65803125e-02  -1.72472038e-02
   1.81250744e-05   1.93488619e-02  -1.22357566e-02  -1.83934835e-02
  -2.06331711e-03   2.88986415e-02   5.62471204e-03  -1.55247501e-02
  -1.58373696e-02   2.19875132e-02  -1.15304795e-02  -1.15647188e-03
   7.65547500e-03]
[ 0.01850234 -0.0067287   0.03311472  0.00059134  0.04171245  0.00390558
  0.0025668   0.01730648  0.00503456  0.00331473 -0.00011778 -0.00157599
 -0.01513561  0.01807489  0.00014982  0.00265471 -0.00611893  0.0007817
  0.01889727 -0.00889904 -0.00732673]
[ 0.00653445 -0.00188175 -0.0050458  -0.0028771  -0.0031712  -0.00143878
  0.00687948 -0.00452524  0.00040752  0.00240576 -0.00047301 -0.00811861
  0.00617021  0.01103525  0.00344614 -0.00411345 -0.01637281  0.00423576
 -0.00105774 -0.00343652 -0.00858805]
[ 0.0178651  -0.00310341 -0.01197111  0.00384845  0.00739639 -0.03244046
  0.00135656 -0.00868957 -0.01111111 -0.01990731 -0.00086017 -0.01235492
 -0.01682769 -0.02540775  0.00313316 -0.0071697  -0.00416571  0.00210423
 -0.01593058 -0.0063362   0.00373373]
[ 0.00245132 -0.00026632  0.00091445  0.00264644  0.00114953 -0.00227405
 -0.00045446 -0.0024696  -0.00308754 -0.00237855 -0.00290211 -0.00013117
  0.00099179 -0.00056378 -0.00311073 -0.004759   -0.00092384  0.0031698
 -0.00514528 -0.00289944 -0.00322609]
[ 0.00716482 -0.00072465 -0.01561153 -0.01204244  0.00257141 -0.00183523
 -0.00859684  0.00307225  0.0006162   0.010424   -0.00850047  0.00624469
  0.00239709  0.01135941 -0.00327774  0.00293163 -0.00452416 -0.0046389
  0.00200329  0.00690389 -0.01567003]
[ 0.01405604  0.0042836  -0.00565271  0.01527125 -0.0072497   0.0006713
  0.01131354  0.00330167  0.01255942 -0.01898041  0.00599242  0.00859381
  0.02424034  0.00489553  0.00778111  0.00809793 -0.01695791 -0.01170914
  0.00440339  0.01126665 -0.00556079]
[  7.24658922e-03  -1.29357486e-03   3.28117091e-03   5.55872298e-03
  -8.30980839e-03  -7.78110221e-04  -1.39671394e-02  -4.53308201e-03
  -6.75613806e-03  -3.39819095e-05   8.99813897e-03  -5.20482867e-03
  -4.14680505e-03  -1.22381034e-03  -1.96097736e-04  -1.48759395e-02
   2.74602293e-03  -1.50707581e-03   1.62746333e-02  -1.27382518e-02
   2.61920927e-03]
[ 0.00856811 -0.0022046  -0.0021343   0.00062096  0.00862045 -0.01168376
 -0.0011822  -0.00860791 -0.00250503 -0.01070058  0.00064199  0.00476638
 -0.02312673 -0.01893828  0.0102406  -0.00193631 -0.01793658 -0.00232996
 -0.00689841  0.00563388 -0.0036518 ]
[  8.59705123e-03  -1.38975407e-03  -1.49211439e-02  -6.15716523e-05
   2.20938564e-03  -5.85505225e-03  -9.51909816e-03  -1.04020603e-03
  -7.93979702e-03  -1.19233400e-02  -7.74918677e-03   2.44171910e-03
  -1.46477907e-02   1.41569197e-02  -1.19407296e-02  -4.66331653e-03
   8.31194481e-03   8.00819278e-03   8.65617707e-03   8.88631041e-03
  -5.86766009e-05]
[ 0.01071966  0.00773491  0.00943202  0.02482068 -0.00644934 -0.00709575
 -0.02068919 -0.01653426 -0.01313512  0.01435318  0.0044501  -0.00488959
  0.01197643  0.00434996 -0.01305411  0.01342069 -0.00886505 -0.015736
 -0.00356583  0.01972933 -0.01072533]
[ 0.01544314 -0.00207367  0.01291823  0.01124289  0.00644738  0.00262351
  0.00730885 -0.00440988 -0.00954697 -0.00196054 -0.00586079  0.00476022
  0.01197747  0.00415618 -0.00587748 -0.01327338  0.00046849  0.00865305
 -0.01741688 -0.01577693 -0.01300315]
[ 0.01490874  0.02663735  0.0058538   0.02348475 -0.0010392  -0.01655933
 -0.00594584 -0.00498962  0.00048046 -0.00708525  0.00306565  0.01644461
  0.02780925  0.01359161  0.00367759  0.01814938  0.00190021 -0.00598786
 -0.00622462  0.01145383  0.014215  ]
[ 0.01614877 -0.00135143 -0.01279137 -0.00226387  0.00371934 -0.02229636
 -0.01673716  0.01264814 -0.00864142 -0.00349156 -0.0129293  -0.01470319
  0.00645229 -0.01627277  0.0009832  -0.00724606  0.00547618  0.0196774
 -0.00816381 -0.01911172  0.00753244]
[  2.63298315e-03   7.94934534e-04  -6.10514813e-03  -2.17565201e-03
   2.24829177e-03   2.41672920e-03  -1.63887677e-03   3.91201507e-05
   2.22555770e-03   3.08258079e-03  -2.98901783e-03  -4.96685033e-03
   9.05932509e-03  -5.33862457e-04   3.59458284e-03  -4.12881323e-03
  -4.61599677e-03  -8.91053964e-04   3.24100686e-04  -1.21544785e-03
  -4.29699780e-03]
[ 0.01282665  0.00384384 -0.00267556  0.01191111  0.01285721 -0.00981758
 -0.00415327 -0.01429803  0.00471993 -0.01210759 -0.00584232 -0.00863324
  0.01330552 -0.00237017 -0.01051126  0.0056332   0.0030821   0.00224896
 -0.00447672 -0.00582261  0.01055522]
[  4.52382281e-03  -7.80849814e-05  -7.86246214e-03  -7.75672663e-03
   3.70423107e-03   2.35972111e-04  -7.50210837e-03   1.16578249e-03
  -1.66529678e-03   8.34172831e-03  -9.31502599e-03   4.99006923e-03
   4.86743798e-03  -1.70308094e-03   1.33952941e-02   1.33495198e-03
  -8.16084981e-03  -2.54035459e-03   4.00240555e-03   9.78112999e-03
  -2.21552515e-04]
[  5.73756198e-03  -1.59217803e-03  -2.44547511e-03  -6.04398816e-03
   2.64043995e-03   2.92757346e-03  -6.87298431e-03   6.44862113e-03
  -1.00801451e-02   2.55500882e-03  -3.34754133e-03   5.45549908e-04
   5.37035102e-03  -1.30055432e-05   1.77412569e-02   5.78874805e-03
   1.33025645e-03   8.73998126e-03   4.88897970e-03   1.49152135e-02
   1.49814495e-02]
[ 0.00955528 -0.00261816 -0.00470701 -0.00330743 -0.00028967 -0.01615099
 -0.00331257 -0.00374088 -0.00102984 -0.00503109 -0.01444821  0.00683594
 -0.01141679 -0.00194436 -0.00594117 -0.0010256   0.00639322  0.00463865
  0.00888125  0.00658493 -0.00846147]
[ 0.00988826  0.00111883  0.00056983  0.0119568  -0.00410302 -0.00010159
  0.01574653  0.01443813  0.01562761  0.00725071 -0.00031497  0.01470612
  0.00571043 -0.00832991 -0.00327766 -0.00202009 -0.00477794 -0.00308316
  0.00871949  0.00696179  0.00419697]
[ 0.01410346 -0.00183998  0.00064108 -0.00643724 -0.00934995 -0.01092434
 -0.00453411  0.00506688  0.01584679  0.01300174 -0.00818646  0.01522237
  0.0063573  -0.00296499  0.00116187 -0.00986149  0.01300953 -0.00044909
  0.01285373 -0.01146629 -0.00956636]
[ 0.01052764 -0.00210243  0.00862028 -0.00513042 -0.01221498  0.00212004
 -0.00209204  0.00190097  0.01122888  0.01119114 -0.00357748 -0.00075418
 -0.0082782  -0.00150906 -0.00593762  0.00442429 -0.00235529  0.01640931
 -0.01318849  0.01399583  0.01890808]
[ 0.00507557  0.01848174 -0.00245598 -0.010068    0.00105803  0.0081986
  0.00147073  0.00215576  0.001542    0.00790146 -0.00297682 -0.00677334
 -0.00371664 -0.01459048 -0.01222718 -0.01346594 -0.00647868 -0.00274897
  0.00694676  0.00653201  0.00068785]
[ 0.00432161 -0.00266218  0.00420824 -0.00629541 -0.01081037  0.00083642
 -0.00289244  0.00132346  0.00570236 -0.00687389  0.00211533 -0.00198159
  0.00176764  0.00274115 -0.00110449  0.00131778 -0.00519582  0.00119592
  0.00043884 -0.00056196  0.00997585]
[ 0.00725287  0.00468506  0.00068047  0.00743027  0.00139823 -0.01364048
 -0.00417106 -0.00060393  0.00218424 -0.00352142 -0.00590091  0.00839226
  0.00998592  0.00276444 -0.00534986 -0.00609172  0.00865543  0.00409512
  0.00888649 -0.00263089  0.01184349]
[ 0.00858257 -0.00166925  0.00179059  0.00514338 -0.00533434  0.00777701
  0.00870866 -0.01780567  0.00206654  0.00315135 -0.02302092 -0.01440542
 -0.0054378  -0.00219528  0.001415    0.01436793  0.0107455  -0.01788351
 -0.00793301 -0.00479251  0.01264888]
[ 0.00789581 -0.00020134 -0.0118204  -0.00584392  0.00315367  0.01052873
 -0.00361676  0.0005583  -0.0109088   0.00722756  0.0020433   0.02005517
 -0.00312734  0.00691416 -0.00807029 -0.00065967 -0.00986491 -0.00898852
 -0.01168755 -0.01274585  0.01965399]
[ 0.0080153  -0.00165725 -0.01444763  0.00031944 -0.00145032  0.00637102
 -0.00161482  0.00569307 -0.00797633 -0.01237781  0.00139446 -0.00646786
 -0.00459604  0.01220406  0.01063922  0.00140476  0.00267131  0.01093036
  0.02523382  0.01355765  0.00872848]
[ 0.01479664  0.00117147 -0.01707083  0.02194176 -0.00092754 -0.00580932
  0.00862109  0.02982845  0.00758143 -0.00426097  0.00217428 -0.0050653
 -0.0044609  -0.00893075  0.01031898 -0.00165793  0.01895879 -0.00558538
 -0.0144038  -0.00630624 -0.00246304]
[ 0.01005441 -0.00074427 -0.00454084  0.01543772 -0.0117883   0.00847408
 -0.00604518  0.01039254  0.00416758  0.01537739  0.01243847 -0.00907827
 -0.01541825  0.00058464  0.0112633  -0.00115753  0.00713151  0.00676685
  0.00467762 -0.01254396  0.00088201]
[  1.13461435e-02  -4.72122366e-03  -6.80924624e-03  -2.02643989e-02
  -9.91302332e-03  -2.76221656e-02  -2.62608408e-03   8.34885966e-03
   5.22239622e-03   1.48745953e-02  -1.06268099e-02   4.21996542e-03
   1.77864889e-03  -6.70510233e-05  -1.67001660e-02   1.96847837e-02
   1.05468340e-02   8.26287791e-03   1.47401555e-02  -5.11715837e-03
  -2.78556697e-02]
[ 0.0140077  -0.00049528 -0.0046748   0.01067813  0.00297517 -0.02008525
 -0.01033183 -0.01306272 -0.01201022 -0.01400846 -0.01339719 -0.00535311
 -0.00545968 -0.00732793 -0.01205698 -0.01342558 -0.00526171  0.00798841
 -0.00908498  0.00105799 -0.0021923 ]
[  5.26087581e-03   4.29869489e-03  -1.28202386e-03  -2.89776278e-03
  -6.11823518e-04   9.80023256e-03   5.02984953e-03   3.79165654e-03
  -4.87958222e-03  -6.29797448e-06   4.20267632e-03   1.96366391e-03
  -2.11870317e-03  -1.78532902e-02  -1.52667057e-02  -6.60627772e-03
  -7.86787505e-03  -5.45097429e-03   8.41887724e-03  -4.37447482e-04
   1.65665535e-03]
[  3.12627893e-03  -1.15558797e-03  -3.23638865e-03  -8.18242539e-04
  -3.94833776e-03   3.39380440e-03  -8.90218591e-04  -7.59914153e-05
  -1.00032157e-03  -7.06765501e-03   2.12611839e-03  -1.65273816e-03
  -1.28521357e-03   6.13835394e-03   5.85595702e-03  -2.17329028e-03
   9.49094763e-04   3.20034020e-03   1.61140805e-02   3.16606678e-03
   5.71972500e-03]
[  7.10738876e-03   1.07162591e-03   2.73797085e-03   1.67029070e-02
  -1.03604933e-02   8.73301784e-04  -2.10267432e-02  -5.41481027e-03
  -1.02323854e-02   1.98799680e-02   1.76725036e-02  -6.70931351e-03
  -7.19720490e-03  -2.00726650e-06   3.82630521e-03   3.86766412e-04
  -3.62454257e-03   4.77811976e-04   1.78448373e-02  -6.18166214e-03
   1.21236943e-03]
[ 0.02196723  0.0073566   0.00175472  0.03619599  0.00911419 -0.01833361
  0.02590286  0.0294891   0.01676391 -0.01125659  0.00233207  0.03057167
  0.02654557  0.00312514  0.0052964  -0.00896365  0.00911576 -0.02470537
 -0.00115305  0.01524696  0.00958802]
[  7.30786351e-03  -6.81323674e-04  -8.58336194e-03   2.21431812e-03
  -1.89566800e-03   3.23789972e-03   2.87073489e-03   3.29555111e-03
   5.51251412e-03  -1.12411893e-02   1.09063669e-02  -4.73154246e-03
   6.92722615e-05   4.45048473e-03   4.04087314e-03   4.50678769e-03
   9.92053045e-04  -4.68668391e-03  -4.40780537e-03   1.15143632e-02
  -1.38814531e-02]
[ 0.01154754 -0.00434246  0.0006638  -0.00842006 -0.00116736  0.01218102
  0.00405541 -0.01508309 -0.00225354  0.00282747 -0.00148163  0.01337811
 -0.00371158  0.00960064  0.01146187 -0.00962694  0.01462133 -0.00980189
 -0.00295209  0.00476924  0.00688063]
[ 0.00282363 -0.00060692 -0.00232882 -0.00159471  0.00166018  0.00606319
  0.00037717 -0.00450573 -0.00259615 -0.00181995  0.00487448  0.00618446
  0.00203234 -0.00339798 -0.00313474  0.00623952  0.00786149  0.01301144
 -0.00198515  0.00630893 -0.00679217]
[ 0.00390568 -0.00151532  0.00408902 -0.00152954 -0.00762304  0.00130137
 -0.00150693  0.00193635  0.0035432  -0.0036071   0.00270714  0.00123753
  0.00494403  0.00103758 -0.0027531   0.00135864 -0.01277282  0.00095529
 -0.00842158  0.00043196 -0.0018805 ]
[ 0.01358677  0.00644679 -0.02521615 -0.02249384  0.01380043  0.00551466
 -0.01851839  0.00271651  0.00855287  0.02617746 -0.0105675  -0.00301271
  0.03256217 -0.01179911  0.00749843 -0.02298064 -0.01166208 -0.01302339
 -0.00135935 -0.00724628  0.00128593]
[  1.78586171e-02  -6.99995183e-05  -2.57155705e-02   9.82807807e-03
   2.25579396e-03   1.45092355e-02   1.08179664e-02  -3.36330062e-03
   6.29471970e-03  -1.13031263e-02  -8.66343643e-03  -3.24246688e-02
   1.97475650e-02   1.22516856e-02   1.38308728e-02   4.56572408e-03
  -1.24891675e-02   1.22988938e-02   3.74664008e-03   2.94064953e-03
  -2.45874464e-02]
[ 0.00811137 -0.00147212 -0.00267796 -0.00161551  0.00198396  0.01583321
  0.00418927 -0.0068233  -0.01538109 -0.00057619  0.00817498  0.01709926
  0.00956431 -0.0140229  -0.00459186  0.01509174  0.00969293  0.02846967
 -0.00574422 -0.00114686 -0.00677847]
[ 0.01879621 -0.00938723 -0.00494754 -0.02482353  0.00338675 -0.04031232
  0.04827861 -0.01304616 -0.03319298  0.01999383  0.04772731 -0.01799003
  0.00033775  0.0009819   0.00414228  0.00358232  0.00829197 -0.01815139
 -0.00374972 -0.00094383  0.01288434]
[  3.61001387e-03  -1.77822754e-03   9.28686050e-03  -1.00602683e-03
   9.47043586e-03   2.75557424e-03  -7.21207529e-04   7.12640874e-03
  -3.70674933e-03  -5.78860813e-04  -1.53426508e-03  -2.38834847e-03
  -1.80436326e-03   3.37275156e-03   2.74248158e-04   2.15879823e-03
  -5.03415391e-05  -3.34349544e-03   4.90125992e-03  -3.24219507e-03
  -5.37165581e-03]
[ 0.00434937 -0.00219556 -0.00088182 -0.00412535  0.0007687  -0.00644853
  0.01504517 -0.00668879 -0.00675946  0.00849533  0.00770979 -0.00954888
  0.00089264  0.00890237  0.00308678 -0.00375383 -0.00565142  0.00170913
 -0.00437569 -0.00147271  0.00391196]
[ 0.00917309  0.0014585  -0.01211017  0.01312976 -0.00513792  0.01293068
  0.00926198  0.0122158   0.00705726  0.00550257 -0.00398345 -0.02091649
 -0.01185419 -0.011379   -0.00371597  0.01024731  0.01315361 -0.00831348
 -0.00123664  0.00257186  0.00673028]

Right eigenvectors

[ 1.         -0.30285069 -0.3903708  -0.12127046  0.98861475 -1.43521667
 -0.42117576 -1.77351688 -0.27337753 -0.92160019 -1.77780444  2.08427795
 -4.2736011  -3.63805328  4.19173663  0.91996586 -4.49304451 -1.09905382
 -0.2840594   1.7651221  -0.98941191]
[ 1.         -0.56154612  1.24904074 -1.16797307 -1.8742426   0.39295374
 -0.72755869  0.33558883  0.61739253 -1.40885997  0.55907908 -0.41250857
  0.1644505   0.19768593 -0.41217088 -0.94307943 -0.51587378 -0.70024096
 -0.37894329 -0.14401515  0.64177503]
[ 1.         -0.16051736 -0.72562393 -0.45207794  0.22897622  0.56042032
  0.93636041 -0.23182301 -1.29599609 -0.62646217  1.43646507  0.91241145
 -0.50033754 -0.7556813  -0.7704335   0.00664042 -0.89522294 -0.26814443
  1.14626158 -0.11931597  1.11474138]
[ 1.         -0.15937718 -0.83360373 -0.57195081  0.54491757  0.90593575
 -0.32897752 -1.05845096  0.76562727 -0.65088001  0.92150941  0.26818937
 -0.40779808  0.45349074 -0.51082451  0.2410276   1.28089296  0.58175643
  0.09191448  1.93409162 -1.01602373]
[ 1.         -0.39564088  0.08412032 -1.40510776  0.56455163  0.73347004
  0.31370109 -0.43362827 -2.0729933   0.82026289  0.76147038  0.66855563
  1.53079337 -0.55182019  1.66058309 -0.49073446  2.56512296 -0.12557252
 -0.83821156  1.76718265  0.84837615]
[ 1.         -0.2801664   1.04352099  0.01079721  0.79287009 -0.10522282
  0.16605419  0.2892857   0.54551008  0.22375075 -0.23610272  0.895671
 -0.91654729 -0.03661234  0.57787623 -0.49191726 -0.40283117 -0.67925836
  0.24468406  0.45657827 -0.87255077]
[ 1.          0.08908693  0.06558529  0.5393332  -0.04982963  0.14380356
 -0.87194049  0.0132329  -0.35331298  1.1318826   0.48229873  1.07181294
 -0.3866008  -0.40284083  1.04740592  0.6560763  -0.30799703  1.78677249
 -0.96320988 -0.12835047  1.27607977]
[ 1.         -0.03920979 -1.93819544  0.93068712 -0.266627    0.79985295
  0.26032974  1.69921178  0.00243541 -0.51405515  0.44926039 -1.08527025
 -0.80120395  0.63117986  0.45624853  0.56274881  0.62721987 -0.17181193
 -0.32870156 -0.17562791 -0.95274941]
[ 1.         -0.55740857 -0.17919144 -1.94411208 -0.81071866 -2.79289524
  1.77848173  0.09850529 -0.24070793  2.05964652  0.93294395 -0.03415232
  0.01379934 -0.04847317 -0.8549787   2.05822749  1.00877617 -0.46185438
  1.33351188 -0.54091376 -1.31227756]
[ 1.          8.8673127   0.67308596 -3.08194805 -0.34611182  0.94755982
  0.71400718  0.38524654 -0.19719959  0.21596744 -0.15200986 -1.35640466
 -2.43485434 -1.07203357 -0.42717461 -1.76812199 -0.37392499  0.3724164
  0.80730036 -0.56162734 -1.0852823 ]
[ 1.          0.07979582  0.42425757  0.95365707  1.11875874 -1.34824085
  0.58128532  0.15532457  0.31391604 -0.44032557 -0.84972975  0.78109541
  0.31875044  0.50132534 -1.0720122  -1.02036214  0.32074315  0.30506382
  1.25050594  0.59641551  0.97310816]
[ 1.         -0.12100987 -3.2021783  -0.42821813  0.26393968  0.53305478
 -1.23319261  1.50806207 -1.29483523  0.04765685 -0.86993857  1.63357332
 -2.4890542   4.26826322 -2.40427297  0.52486046 -0.2629371  -1.77994641
 -1.47159223 -0.42274501 -0.27828464]
[ 1.         -0.01330584 -0.09125534  1.45341659 -0.88886943 -0.02425586
 -0.06441596  1.79063146  1.30978369  1.84934901  0.59330243  1.22725924
 -0.58576937 -0.91218105  1.31955634 -0.8484172   1.15191811  0.98609621
 -1.08041479 -1.34824316 -0.60060442]
[ 1.         -0.51074002  1.36911231 -1.16898446  0.4454629   0.05217652
 -1.2289619   2.31195382 -1.33070033 -0.64541663 -0.91489479 -1.35885273
  0.83060029 -0.1988734   0.80462528  1.394638   -0.12893374  0.66165882
 -0.25705357  0.24877125  1.61874589]
[ 1.          0.01743049  0.74282143  0.73671018  0.76368059  0.23733349
  1.71000468  0.03526628  1.11807106  1.20677674 -1.26754908  0.13724491
 -0.48507968  0.78777229 -1.13126311 -1.46482473 -0.98047833  1.33586591
  1.15745136  1.84923015  0.65503434]
[  1.00000000e+00   1.24809923e-03  -4.93113698e-01  -6.93349192e-01
   3.42446551e+00   4.31757948e-01  -1.75354847e+00  -1.99759811e+00
   3.88524969e+00  -2.70634622e-01   2.24314280e+00  -7.82437341e-01
   7.20511794e-01   3.70173776e-02  -1.16313145e+00   1.32772435e+00
   9.91677579e-01  -1.69058632e-01  -4.02354957e-03  -1.41003364e+00
   1.27255635e+00]
[ 1.         -0.09475122 -3.34379804 -0.83845454  0.48625724  1.39116425
 -1.35816146  1.36753305 -2.2908487   0.81687633 -0.58483716  3.88105914
 -2.8937094   5.16418053 -3.58897073  0.49602167 -1.65828397 -3.36569506
 -3.46472214 -2.42295758  2.73306856]
[ 1.         -0.27916657  0.26381385 -0.32610589  1.58525588 -0.09766441
 -0.62870378 -0.79884928  1.49374305 -0.52101984  1.75739451  0.34283156
 -1.9196808  -0.43794581  0.71450313  0.69526304 -0.52293664  0.30143204
 -0.74916039  0.59201274 -0.48572908]
[ 1.         -0.05725259 -1.64765991 -0.28667107  0.0963704  -0.01578503
 -0.22507386  0.7242128   0.18734328 -0.16798043  0.06910669 -1.91714147
  0.94294267  0.01482937  0.95045882 -0.65158085 -0.76699186  0.15242766
 -0.84414309 -0.74250129 -1.39712324]
[ 1.         -0.42855137  0.50847577 -0.89628146 -0.49678698  0.91213262
 -0.27297592 -1.11854892 -0.27246993 -0.38044255  0.16439183  0.67599607
 -0.02630454  0.13736167  0.28807048 -1.77542024  2.80373914 -0.85482991
 -1.12563557  1.70811303 -0.66490431]
[ 1.         -0.22598731  0.39963357  0.33539949 -0.16467959  1.30697145
  0.7721287  -1.29891431 -0.58544855 -0.27911209 -0.91042162  0.36126478
  0.86875562  0.02671875 -0.46908208  0.45135781  0.31965934  1.32469329
  0.16231993 -1.79154253 -1.37157092]
[ 1.         -0.0347424  -0.72116203  1.4385101  -0.87529117  1.73282297
  1.59874698 -0.78016244  0.84062702  0.83734398 -2.9024791  -3.67993502
 -1.84548901 -1.41301271 -0.21543354  3.01759948  3.0068515  -3.49485554
 -1.29448287 -0.39435947  2.91460652]
[ 1.         -0.1646693  -0.09162303  0.11159992 -1.30333205  0.88706382
  0.5888354  -0.07074703  0.36232634 -1.54231773  0.92614631  0.74579534
  1.73386872  0.18113622 -0.17152614  0.42690609 -3.04430469 -0.09748356
  0.19990175 -0.59307426 -0.59950446]
[ 1.         -0.15768083  0.54246241  0.39299491  1.16586893 -1.02210688
  1.63618893  0.40536035 -0.59977398 -0.04263288  0.89122624  0.65275699
  0.38304226  0.47367755 -0.4864348  -0.6620893   0.12710898 -0.68144188
  0.73137656 -0.06973289  0.83091344]
[ 1.         -0.27409354  1.22108692  0.50382122  1.2636188   0.85062255
  1.76798577 -0.58267483  0.36618229  1.07795031 -1.36519958 -0.39040041
 -0.33018401  1.90331778 -0.63951352 -1.02818218 -1.19032467  2.42370624
  1.00782419 -0.33483807 -0.42218947]
[ 1.         -0.01025274 -0.6547471   0.73468615  0.16318655 -0.21628277
  0.41490853 -1.1164745  -0.2117018  -1.15999032 -1.17218451 -0.45018331
  0.24043926 -1.06960114  0.34895938  1.00606623 -1.05935182 -0.43115619
 -0.46652638 -0.21098343  0.08173582]
[ 1.         -0.37443601  0.64704891 -0.43001968 -1.11510915  0.25582721
 -0.32731039 -0.75674974  0.32520868 -0.40768411 -0.57970439  0.21035094
 -0.19528987  0.01797089 -0.26503993 -0.98453927  1.17341142 -0.25190055
 -0.67624827  0.31976157 -0.27437456]
[ 1.          0.07819437 -1.31444313 -2.2278024   1.18445455  0.85008104
 -0.8969846  -0.16837249 -1.11730313  2.46076097 -0.0858713   0.37572981
  3.87966507 -1.40785454  2.22418487 -2.39979168  1.71901378 -1.28944586
 -1.05661895  1.35556133  1.17195462]
[ 1.          0.27954718 -1.58250416 -1.65382857  3.40385237  0.63576865
 -2.48245758 -1.63488513  4.06379372  1.31862011  1.50134935 -0.97808019
  2.93022877 -0.75280889 -0.75440173 -0.16346293  0.29498061 -1.22687336
 -0.11429914 -2.43723174  1.87895818]
[ 1.         -0.12834867  1.14614814  0.79253712 -0.66407188  0.15614653
 -0.62646534  0.00747693  0.16836872  0.77058801  0.24539915  0.45447732
 -0.0508207   0.10016816 -0.11295736 -0.94121578 -0.42141933 -0.14267955
 -1.84869949  0.20395941 -1.4849855 ]
[ 1.          0.03681095 -0.68305667  0.61025514  0.2259504  -1.79746401
 -1.32811328 -0.33825833 -0.79956274 -1.14388464 -0.74508699 -0.65451714
 -0.0874331  -0.58489073 -0.85951128 -1.44759168  0.83256044  1.2998874
  0.5430253  -1.34885295  1.27475591]
[ 1.         -0.36610917  0.17321064 -0.36891156 -1.43094281  0.6498653
 -0.162222   -0.63391266  0.50422339 -1.06916628  0.5554488   0.16668961
  0.09973921  0.55669972  0.54868863 -0.75261921 -0.03429055 -0.33562079
  1.38119079 -0.67315561  0.37809478]
[ 1.          0.21222446  0.80721532  1.00790124  0.1774188   0.65014109
 -0.23682257 -1.33420083 -0.62121082  0.49716147 -1.38429377 -1.35326161
  0.64467745 -0.26908098 -1.57936025  1.47668198  0.45480836 -1.08087895
 -0.42337347  0.95648321 -0.13759263]
[ 1.         -0.27106453  0.74307558 -0.47379001  3.57919622  0.27685981
 -1.17256243 -1.02183115  3.2127027  -0.35226021  2.36700605 -0.3298821
 -1.30781582  0.390063   -0.30650695  1.53661109  0.10186331  0.131222
  0.23010164 -1.06134502  0.33386106]
[ 1.         -0.59074056  1.13380872 -1.54323984 -1.91543614 -0.3141583
 -0.64521589  0.87400693  0.99472643 -0.76838397  0.03439142 -0.59266891
  0.3022006   0.12633039 -0.69307909  0.90033649 -0.95879546  0.50742453
 -1.08927152  0.4710646   1.3239552 ]
[ 1.          0.28153593 -0.70626672  0.85858779 -0.39152037  1.7740271
  1.76977965  1.57374731  0.12260264  0.3421514   0.41666405  0.50392962
 -0.19220956 -3.27284107 -2.36383721  0.52235178 -0.81648392 -0.7983756
  1.46139835 -0.09482332  0.89537411]
[ 1.         -0.39913783 -0.06759411 -0.72768924 -0.38043816 -0.55512633
  0.20764549 -0.08068778  0.1933043  -1.00981644  1.55953329 -0.99994928
 -0.41389139 -0.19521888  0.47085376 -0.24170881 -0.40191945 -0.62005841
 -1.03022921  0.26585916 -0.57105954]
[ 1.         -0.39648749  0.5501965  -0.88686829 -1.10372722 -0.83345004
  0.79870841  0.26369204  1.23029392  1.16169758 -0.41414615  0.72699229
 -0.16785987 -0.14059663 -0.06197856  1.08787726 -0.05974102 -0.25615449
  0.73274302 -0.18990515  0.11528258]
[ 1.         -0.41705165  1.87523322 -0.42205889  1.28528545  0.80410757
 -0.39837557  1.4265984  -1.49211185 -0.36865444 -0.47394689 -0.62725291
  0.32038609 -0.03607026  0.0662329   0.419162    0.32643197 -0.86306165
  0.12412503 -0.25491616 -0.75631902]
[ 1.         -0.351383    1.25841948 -0.37121888 -0.39854468  0.5517858
 -0.52174992  0.19379479 -0.47998965 -0.60213064  0.40496107 -0.14943761
 -0.17406681 -0.33671502 -0.31837134 -1.66430084  0.41239769 -1.19107035
 -0.50591406 -0.1025373  -1.07579361]
[ 1.         -0.54384273  2.40278298 -0.75860291  1.89517244  0.67705682
 -0.79458725  2.61102036 -1.74416124 -0.55096589 -0.86916671 -1.31762741
  0.36774091  0.32140899  0.53928708  1.34414145  0.08480256 -0.48304755
  0.54982922 -0.40649662  0.01051647]
[ 1.          9.87835486  1.29356307 -2.24641578 -0.60857238 -0.21110837
  0.58934793  0.06516275 -0.46914213 -1.08892804  0.33919533 -0.20689384
 -1.68112058  1.42072747  1.65454638  0.71714925  0.77199762  0.75821789
 -0.52245838 -1.51412606 -0.88702205]
[ 1.         -0.64404895  0.46585324 -2.39991311 -2.11772166 -1.96150094
 -0.7167122   1.3575998   1.28117921  0.33953423 -0.74293738 -0.27463911
  0.45891143  0.12771295 -2.17411876  2.75115475 -0.19172827  1.39466739
  0.03643703  0.10832639 -1.09952118]
[ 1.          0.58775413  0.92381676  3.37905348 -1.45634422 -0.46912012
 -3.77697518 -1.99778476 -2.2650159   3.49856367  2.40887275 -1.26574327
  0.31513856  0.43813344 -0.88672086  1.52806203 -1.53877918 -1.7821889
  2.21513154  1.5175915  -1.23130689]
[ 1.          6.9378727   1.13090779 -0.25433395 -0.46763271 -1.05820113
  0.08505622 -0.25391318 -0.33841212 -1.32749379  0.4779362   0.94299985
  0.47018805  2.24388083  1.84033916  2.11346473  0.94999698  0.29672175
 -1.09309802 -0.67427527  0.28609107]
[ 1.         -0.22215965 -0.30711336 -0.24099725  0.32973569 -0.52815389
 -0.39640035 -1.1123187  -0.02560953  0.20429581 -2.06817903  1.67133386
 -1.67235517 -1.4992988   2.87293969  1.09140017 -1.90437637 -0.69041914
  0.56845218  0.79477389 -0.33668969]
[ 1.         -0.20272407  0.90901141  0.65606216 -0.11948174  0.51446366
 -0.12826866  0.33217589  0.48065221  1.77212713  0.25636302 -0.23613624
 -1.26005667  0.82666977  0.63360512 -0.30466485 -0.60664447  2.06115795
 -1.31202586 -0.15936374  0.75722377]
[ 1.         -0.40716094  0.49092482 -0.06449165 -0.86195682  1.53821418
  1.21473132 -2.85611047 -0.04862228 -0.04137832 -2.69479407  1.24735416
  0.12038277 -0.06263827  1.50129436  2.05500785  1.19974138 -0.50036787
  1.73510973 -4.71202115 -1.10670732]
[ 1.          0.71742968  0.01002414  0.0273109  -0.01486231  1.21757646
  0.55246338 -0.18743047  0.9671646   1.24197273 -0.93304909 -1.3643538
 -0.94846762 -0.97043079 -2.25840997 -0.25392529  0.22850212  0.45792401
  0.23714257  3.14177456  0.96744183]
[ 1.         -0.07321866 -0.56921933  0.04976282  0.05497489  1.69664908
  0.83582399  0.17533818 -1.43797267 -0.61700321  0.68943226  1.21064656
  0.51014578 -1.5980961  -1.32072315  1.13029857 -0.99298159  0.67894552
  0.25616643 -1.11889854 -0.07814612]
[ 1.         -0.41891895  0.29950538 -0.42485436 -1.00282632  0.72367171
  0.76620706 -2.11013041  0.52941155  0.23228115 -2.09913877  0.96968113
 -0.74651824 -0.09071036  1.92529223  1.47105275  0.74830202 -1.76403024
  1.31649468 -2.08420031  0.51903307]
[  1.00000000e+00  -2.93924368e-01   3.54655824e-01   3.13618576e-01
   3.18682612e-01   5.26378744e-01   2.13905976e+00  -1.38797463e+00
   1.45862157e-03   1.55710629e+00  -9.84676700e-01  -1.48022188e+00
  -1.66046151e-01   2.32562807e+00   4.52650628e-01  -1.24935958e+00
  -1.27451774e+00   1.76945266e+00  -9.27919290e-01  -9.30674710e-02
   6.16076972e-01]
[ 1.         -0.36366755  1.78975852  0.03196035  2.25444241  0.21108591
  0.13872827  0.93536737  0.27210427  0.17915204 -0.00636581 -0.08517785
 -0.81803793  0.97689776  0.00809762  0.14347976 -0.33071117  0.04224873
  1.02134515 -0.48096862 -0.39598952]
[ 1.         -0.28797417 -0.77218384 -0.44029667 -0.48530539 -0.22018334
  1.05280149 -0.6925207   0.06236478  0.36816491 -0.07238689 -1.24243203
  0.9442587   1.68877934  0.52738019 -0.62950142 -2.5056138   0.64821954
 -0.16187056 -0.52590822 -1.31427271]
[ 1.         -0.17371373 -0.67008394  0.21541708  0.41401344 -1.81585681
  0.07593334 -0.48639936 -0.62194518 -1.11431313 -0.04814783 -0.6915672
 -0.94193097 -1.42220037  0.17537895 -0.40132454 -0.23317615  0.11778441
 -0.89171543 -0.35466926  0.20899576]
[ 1.         -0.10864257  0.37304285  1.07959891  0.4689421  -0.9276825
 -0.18539244 -1.00745675 -1.25954053 -0.97031457 -1.18389847 -0.05350866
  0.40459304 -0.22999082 -1.26900036 -1.94140277 -0.37687512  1.29309988
 -2.09898379 -1.1828056  -1.31606056]
[ 1.         -0.10114019 -2.17891527 -1.68077371  0.35889339 -0.25614526
 -1.19986918  0.42879683  0.08600321  1.45488735 -1.18641778  0.87157723
  0.33456383  1.5854433  -0.45747742  0.40917072 -0.63144064 -0.64745484
  0.27960066  0.96358165 -2.18708005]
[ 1.          0.3047514  -0.40215493  1.08645439 -0.51577123  0.04775848
  0.804888    0.23489325  0.89352449 -1.3503384   0.42632325  0.61139614
  1.72454955  0.34828628  0.5535779   0.57611717 -1.20645039 -0.83303263
  0.31327399  0.80155241 -0.39561605]
[ 1.         -0.1785081   0.45278831  0.76708129 -1.14671995 -0.10737606
 -1.92740874 -0.62554698 -0.93231972 -0.00468937  1.24170678 -0.7182453
 -0.57224232 -0.16888088 -0.02706069 -2.05281948  0.37894006 -0.20797037
  2.24583357 -1.75782723  0.36144029]
[ 1.         -0.25730255 -0.24909822  0.07247305  1.00610807 -1.36363248
 -0.13797662 -1.00464508 -0.29236645 -1.24888377  0.07492831  0.55629261
 -2.69916269 -2.21032119  1.19519945 -0.22598996 -2.09341091 -0.27193334
 -0.80512576  0.65753998 -0.42620769]
[ 1.         -0.16165474 -1.73561184 -0.00716195  0.25699342 -0.68105355
 -1.10725153 -0.12099568 -0.92354888 -1.38691043 -0.90137729  0.28401821
 -1.70381568  1.64671808 -1.38893317 -0.5424321   0.96683672  0.9315046
  1.00687746  1.03364633 -0.0068252 ]
[ 1.          0.72156329  0.87988086  2.31543624 -0.6016371  -0.66193807
 -1.93002335 -1.54242504 -1.22533074  1.33895948  0.41513462 -0.45613297
  1.11724014  0.40579318 -1.21777372  1.25197044 -0.82698986 -1.46795734
 -0.33264393  1.8404821  -1.00052909]
[ 1.         -0.13427795  0.83650279  0.72801813  0.41749113  0.16988207
  0.47327449 -0.28555566 -0.61820142 -0.12695222 -0.3795073   0.30824154
  0.77558515  0.26912776 -0.38058858 -0.85949969  0.03033637  0.56031643
 -1.12780626 -1.02161379 -0.84200131]
[ 1.          1.78669326  0.39264219  1.57523354 -0.06970405 -1.11071286
 -0.39881605 -0.33467744  0.03222683 -0.47524152  0.20562791  1.10301831
  1.86529852  0.91165375  0.24667348  1.21736483  0.12745599 -0.40163399
 -0.4175149   0.76826259  0.95346743]
[ 1.         -0.08368603 -0.79209563 -0.14018852  0.23031745 -1.38068465
 -1.03643551  0.78322617 -0.53511302 -0.21621185 -0.80063715 -0.9104833
  0.39955303 -1.00767883  0.06088414 -0.44870657  0.33910847  1.21850793
 -0.50553746 -1.18347832  0.46644051]
[ 1.          0.30191402 -2.31871902 -0.82630685  0.85389524  0.91786732
 -0.62244104  0.01485773  0.8452609   1.17075599 -1.13522102 -1.88639655
  3.44070758 -0.20275954  1.365213   -1.56811229 -1.7531433  -0.33841993
  0.12309258 -0.46162386 -1.63198834]
[ 1.          0.29967587 -0.20859377  0.92862209  1.0023824  -0.76540508
 -0.32380004 -1.11471222  0.36797852 -0.94394023 -0.45548254 -0.67307065
  1.03733391 -0.18478501 -0.81948612  0.43917946  0.2402886   0.17533478
 -0.34901686 -0.45394647  0.82291277]
[ 1.         -0.01726084 -1.73801284 -1.7146398   0.81882762  0.0521621
 -1.65835593  0.25769853 -0.36811715  1.84395558 -2.05910496  1.1030647
  1.07595681 -0.37646942  2.96105631  0.29509378 -1.80397203 -0.56155042
  0.88473968  2.16213817 -0.04897462]
[  1.00000000e+00  -2.77500799e-01  -4.26221994e-01  -1.05340704e+00
   4.60202427e-01   5.10246943e-01  -1.19789282e+00   1.12393054e+00
  -1.75686906e+00   4.45312631e-01  -5.83443167e-01   9.50839242e-02
   9.35998782e-01  -2.26673686e-03   3.09212466e+00   1.00892122e+00
   2.31850472e-01   1.52329182e+00   8.52100546e-01   2.59957341e+00
   2.61111768e+00]
[ 1.         -0.27400178 -0.49260753 -0.34613608 -0.03031552 -1.69026771
 -0.34667465 -0.39149808 -0.10777713 -0.52652398 -1.51206445  0.71540946
 -1.19481391 -0.20348516 -0.62176768 -0.107333    0.66907692  0.48545432
  0.92945964  0.68913992 -0.88552763]
[ 1.          0.11314768  0.05762712  1.20919231 -0.41493842 -0.01027405
  1.59244804  1.46012923  1.58042149  0.73326462 -0.03185342  1.48723121
  0.57749604 -0.84240438 -0.33146997 -0.20429176 -0.48319323 -0.31179969
  0.88180225  0.70404628  0.42443941]
[ 1.         -0.1304632   0.04545567 -0.45643014 -0.66295432 -0.77458609
 -0.32148946  0.35926544  1.12361017  0.92188324 -0.58045798  1.07933641
  0.45076193 -0.21023124  0.08238214 -0.69922537  0.92243576 -0.03184227
  0.91138878 -0.81301299 -0.67829878]
[ 1.         -0.19970613  0.81882308 -0.48732883 -1.16027703  0.20137796
 -0.19871873  0.18056966  1.06660923  1.06302377 -0.33981747 -0.07163829
 -0.78632962 -0.14334304 -0.56400272  0.42025469 -0.22372426  1.55868809
 -1.25274874  1.32943604  1.79604081]
[ 1.          3.64131228 -0.48388215 -1.98361971  0.2084551   1.61530547
  0.28976544  0.42473252  0.30380769  1.55676356 -0.58649959 -1.33449736
 -0.73225949 -2.87464793 -2.40902599 -2.65308754 -1.27644308 -0.54160724
  1.36866594  1.28695063  0.13552091]
[ 1.         -0.61601422  0.9737669  -1.45672566 -2.50146574  0.19354414
 -0.66929578  0.30624293  1.3194976  -1.59058421  0.48947712 -0.45853106
  0.4090229   0.63428881 -0.25557307  0.30492886 -1.20228713  0.27672894
  0.10154517 -0.13003363  2.30836337]
[ 1.          0.64595942  0.09382055  1.02445835  0.19278262 -1.88069927
 -0.57509007 -0.08326754  0.30115486 -0.48552035 -0.81359648  1.15709408
  1.37682195  0.38115036 -0.73761913 -0.83990453  1.19337923  0.56461963
  1.22523765 -0.36273755  1.63293723]
[ 1.         -0.19449281  0.20863156  0.59928222 -0.62153197  0.90614037
  1.01469168 -2.07463208  0.24078379  0.3671809  -2.68228807 -1.67845063
 -0.63358672 -0.25578351  0.16486864  1.67408345  1.25201462 -2.08370184
 -0.92431631 -0.55840026  1.47378736]
[ 1.         -0.02549963 -1.49704804 -0.74012899  0.39941094  1.33345836
 -0.45806039  0.07070783 -1.38159365  0.91536749  0.25878257  2.53997789
 -0.39607575  0.87567465 -1.02209776 -0.08354674 -1.24938633 -1.13839127
 -1.48022279 -1.6142553   2.4891675 ]
[ 1.         -0.20676088 -1.80250548  0.03985409 -0.18094335  0.79485745
 -0.20146703  0.71027523 -0.99513716 -1.54427218  0.17397525 -0.80693871
 -0.57340844  1.52259461  1.32736283  0.17525943  0.33327613  1.36368608
  3.1482051   1.69147048  1.0889769 ]
[ 1.          0.07917154 -1.15369633  1.48288758 -0.06268603 -0.39261053
  0.58263851  2.01589318  0.51237519 -0.2879685   0.14694418 -0.34232782
 -0.30148072 -0.60356606  0.69738696 -0.11204777  1.28128996 -0.37747595
 -0.97345055 -0.426194   -0.16645915]
[ 1.         -0.07402399 -0.45162713  1.53541815 -1.1724506   0.84282244
 -0.60124717  1.03363     0.41450297  1.52941755  1.23711587 -0.90291455
 -1.53348177  0.05814791  1.1202353  -0.11512619  0.70929231  0.67302367
  0.46523094 -1.24760766  0.08772354]
[ 1.         -0.41610823 -0.60013751 -1.78601645 -0.87369099 -2.43449818
 -0.23145169  0.73583237  0.46027941  1.31098248 -0.93660105  0.3719295
  0.15676242 -0.00590959 -1.47188038  1.73493168  0.92955232  0.72825431
  1.29913354 -0.4510042  -2.45507822]
[ 1.         -0.03535761 -0.33373059  0.76230421  0.21239517 -1.43387203
 -0.73758241 -0.93253821 -0.85740146 -1.00005416 -0.95641628 -0.38215478
 -0.38976303 -0.52313569 -0.86073949 -0.95844318 -0.37563011  0.57028679
 -0.64857045  0.07552938 -0.15650685]
[  1.00000000e+00   8.17106323e-01  -2.43690196e-01  -5.50813758e-01
  -1.16296894e-01   1.86285191e+00   9.56085965e-01   7.20727246e-01
  -9.27522792e-01  -1.19713422e-03   7.98854880e-01   3.73257987e-01
  -4.02728224e-01  -3.39359660e+00  -2.90193236e+00  -1.25573725e+00
  -1.49554472e+00  -1.03613438e+00   1.60028055e+00  -8.31510755e-02
   3.14901056e-01]
[ 1.         -0.36963687 -1.0352207  -0.2617305  -1.26295121  1.08557313
 -0.28475341 -0.0243073  -0.31997195 -2.26072439  0.68007956 -0.52865985
 -0.4111001   1.9634697   1.87313965 -0.69516839  0.30358608  1.02368991
  5.1543963   1.01272691  1.82956324]
[  1.00000000e+00   1.50776318e-01   3.85228801e-01   2.35007646e+00
  -1.45770742e+00   1.22872382e-01  -2.95843438e+00  -7.61856493e-01
  -1.43968281e+00   2.79708466e+00   2.48649739e+00  -9.43991350e-01
  -1.01263701e+00  -2.82419686e-04   5.38355976e-01   5.44175118e-02
  -5.09968244e-01   6.72274997e-02   2.51074451e+00  -8.69751514e-01
   1.70578741e-01]
[ 1.          0.33488987  0.07987888  1.64772692  0.41489921 -0.83458936
  1.17915915  1.34241318  0.76313282 -0.51242654  0.10616147  1.39169433
  1.20841713  0.14226368  0.24110452 -0.40804628  0.41497109 -1.1246467
 -0.0524894   0.69407756  0.4364695 ]
[ 1.         -0.09323158 -1.1745378   0.30300486 -0.25940112  0.44307063
  0.3928282   0.45095959  0.75432637 -1.53823198  1.49241524 -0.64745906
  0.00947914  0.60899943  0.55294863  0.61670387  0.13575145 -0.64132067
 -0.60315924  1.57561278 -1.89952276]
[ 1.         -0.37605055  0.0574842  -0.72916456 -0.10109136  1.05485843
  0.3511922  -1.30617343 -0.19515319  0.24485473 -0.12830694  1.15852438
 -0.32141767  0.83140156  0.99258097 -0.8336784   1.2661856  -0.84882874
 -0.25564623  0.41300938  0.5958525 ]
[ 1.         -0.21494263 -0.8247599  -0.56477399  0.58795755  2.1473044
  0.13357589 -1.59572124 -0.91943555 -0.64454407  1.72631523  2.19025104
  0.71976017 -1.20340813 -1.11017971  2.20975082  2.7841765   4.6080534
 -0.70304973  2.23433263 -2.40547378]
[ 1.         -0.38797741  1.04694081 -0.3916196  -1.95178078  0.33320035
 -0.38582934  0.49577726  0.90719181 -0.92355074  0.69312793  0.31685257
  1.26585662  0.26565881 -0.70489553  0.34786137 -3.27031574  0.24458965
 -2.15623711  0.11059873 -0.48147837]
[ 1.          0.47449009 -1.85593323 -1.65556895  1.01572515  0.40588447
 -1.36297163  0.19993802  0.62949942  1.92668708 -0.77777853 -0.22173873
  2.3966078  -0.86842605  0.55189156 -1.69139776 -0.85834062 -0.95853448
 -0.1000495  -0.5333337   0.09464581]
[ 1.         -0.00391965 -1.43995307  0.55032694  0.12631403  0.81245011
  0.60575611 -0.18832929  0.3524752  -0.63292282 -0.48511239 -1.81563155
  1.10577235  0.68603776  0.77446494  0.25565944 -0.69933564  0.6886812
  0.20979452  0.16466278 -1.37678333]
[ 1.         -0.18148795 -0.33014885 -0.1991665   0.24459017  1.95197703
  0.51646863 -0.84120194 -1.89623764 -0.07103459  1.00784173  2.10806073
  1.1791239  -1.72879521 -0.56610171  1.86056537  1.19498064  3.50984633
 -0.70816859 -0.14138893 -0.83567529]
[ 1.         -0.49942136 -0.26322    -1.3206669   0.18018269 -2.14470482
  2.56852932 -0.69408489 -1.76594024  1.06371648  2.53919897 -0.95710941
  0.0179691   0.05223952  0.22037831  0.19058763  0.44115127 -0.96569442
 -0.19949357 -0.05021373  0.68547535]
[ 1.         -0.49258191  2.57252765 -0.27867672  2.62337935  0.76331403
 -0.19977971  1.97406686 -1.02679642 -0.16034864 -0.42500254 -0.66158983
 -0.4998217   0.93427662  0.07596873  0.59800275 -0.01394497 -0.92617246
  1.35768451 -0.89811153 -1.48798758]
[ 1.         -0.50479904 -0.2027478  -0.94849399  0.17673833 -1.48263593
  3.45916482 -1.53787768 -1.55412659  1.95323403  1.77262425 -2.19546613
  0.20523479  2.04681945  0.70970719 -0.86307431 -1.29936624  0.39296164
 -1.00605314 -0.33860274  0.89943206]
[ 1.          0.15899723 -1.32018491  1.43133524 -0.56010767  1.40963218
  1.0096902   1.33170032  0.7693439   0.59985999 -0.4342545  -2.280202
 -1.29227867 -1.24047646 -0.40509524  1.11710591  1.43393524 -0.90629027
 -0.13481212  0.28037068  0.73369804]
