Cluster centers 

[-1.08483807  0.16012333  0.60408553 -0.01092776]
[ 1.7911907  -0.02999251 -0.16623035 -1.6612418 ]
[ 0.45687901 -0.36805802 -0.58298706  1.304248  ]
[ 0.80841798  1.32673662 -0.15462746  0.79074285]
[-1.04828037  0.05725166 -1.81872859 -0.68791297]
[ 0.50895042 -2.62893713 -0.62708644  0.63687078]
[ 0.12785021 -1.29467016  1.08793625  1.36787012]
[-1.10184595  0.75283116  0.17264072 -0.17008904]
[-0.56739174  0.25364603  1.73940113 -0.54904097]
[-0.74048662 -0.61548525  1.80863618  0.55368193]
[-1.06035544 -1.29485045 -0.02066647 -0.29984837]
[ 1.6911391  -0.58092202  0.7354664  -1.37140456]
[ 0.20311468  1.72398719 -1.28185072 -2.6807036 ]
[ 0.5489304   0.70010112 -0.04264209  1.35639499]
[-1.14106084 -0.46693094 -0.14849007 -0.24052472]
[ 1.3275135   1.04787641 -0.30423805 -0.54597428]
[ 0.51516084  1.34337222 -0.97038025  1.16167472]
[ 0.62507771 -1.90955359 -1.71998728  0.47239253]
[-0.78697633  1.04894194  0.75762198 -0.69425303]
[-0.8589031  -2.6702265   0.07944479 -0.51912384]
[ 0.52931183 -1.46048503  2.35056594 -2.08030413]
[-1.00492477  1.40477726 -0.1714175  -0.40837671]
[ 0.50516874 -1.2028131  -0.98537554  0.99437455]
[ 0.35199268 -0.29798784  0.91528867  1.48321041]
[-0.8163002  -1.50487726 -2.73802273 -1.5674608 ]
[ 0.07376408  0.62770879 -0.11691052 -2.9675781 ]
[ 0.39183661 -0.49568428  2.37616629  0.34063949]
[ 1.31252756 -0.01764365  1.00570224 -0.41660501]
[ 0.49221886 -1.99292496 -0.65396296  0.86491503]
[-0.72077879 -2.10548781  1.09061443  0.33044155]
[ 1.20281775  0.47724809  0.64820052 -0.06595728]
[-1.12967255 -0.28186157 -1.06235328 -0.54126072]
[ 1.97866705  0.01159434 -1.15356205 -2.656294  ]
[-0.53806418  0.72554316  1.089541   -1.16358479]
[-0.93892206 -2.00231704 -1.68424317 -1.31895236]
[ 0.04887583 -0.61446921  2.12501073 -1.57348381]
[ 2.07928793 -0.8880587  -0.10589532 -2.40839366]
[ 0.39615552 -1.53909733 -0.1359898   1.15787304]
[-1.00866564 -0.73114996  0.9322415   0.1907114 ]
[-1.10102359  0.90802288 -1.22507687 -0.37386984]
[ 0.59819103  2.35215227 -1.48693119  0.32869548]
[ 0.46096575  0.10730982 -1.41434671  1.09640999]
[ 1.07372096  1.46341726 -0.42105334  0.03181764]
[-0.62818533  2.46736187 -1.15938234 -0.81553941]
[-0.34254536 -1.74056791  1.57504193  0.97168719]
[ 1.66094062  0.46285519 -0.42846065 -1.42848456]
[-1.0414193  -0.9878136  -1.61823498 -0.9422789 ]
[-0.98872886  0.85260447  0.61641984 -0.26743179]
[ 0.50755927  0.74626336 -0.57112617  1.32998753]
[-0.33749209 -0.24578157  2.33042703 -0.08371051]
[ 0.82771371  0.50939874  0.93060988  0.7621908 ]
[-0.63793612 -0.01488105  1.9524198   0.03021168]
[-1.15732016 -0.11918857 -0.56681314 -0.34328979]
[ 0.46626097  0.01991555 -0.82792755  1.2824583 ]
[ 0.20869585 -2.43104382  0.4585585   0.95198044]
[ 0.41244402 -0.28903391  0.16248589  1.46179912]
[-0.99980427  0.855134   -1.96669271 -0.50474303]
[ 1.43789485  0.65151978 -0.02155248 -0.72145691]
[-1.13449027  0.30156875  0.16973873 -0.10918166]
[-1.14269526  0.2771202  -0.96728413 -0.40400315]
[ 0.66438265 -3.44256462 -1.11700176  0.11702937]
[ 1.88196678 -0.43070996  0.03942935 -1.85519151]
[-1.12740432 -0.73639619 -0.62050891 -0.47443477]
[-0.91870493 -0.0654091   1.38991478  0.20759352]
[-1.1294141   0.87064283 -0.68829126 -0.28949755]
[ 0.57530548 -1.25766143 -2.03414766  0.52551821]
[ 0.46792572  0.15943912 -0.36363421  1.39745578]
[-0.89455369  1.86207326 -0.59508305 -0.57887999]
[ 1.96888336 -1.1608138   0.53523498 -2.1141603 ]
[-0.86107866  0.63771826  1.12046746 -0.30596868]
[ 1.05967955  1.1449491   0.01658483  0.23387773]
[-0.32605435  0.08528586  1.74275634 -1.18809686]
[ 0.76993479  1.64866914 -0.57240735  0.71364119]
[ 0.48700617  1.85623999 -1.33718169  0.92983841]
[-1.1597622   0.12874423 -0.30012807 -0.23082191]
[-0.33723544  0.28232407  1.41354604 -1.45553479]
[-0.68413352  1.68457766 -0.04796026 -1.06362135]
[ 1.62611922  0.26414152 -0.02593013 -1.19830919]
[ 0.27037107 -1.41722901  0.50406665  1.3132026 ]
[ 0.88334314  0.87712916  0.46768655  0.70701365]
[-0.97268464  1.2507117   0.22266782 -0.42034803]
[-0.85020594 -0.92447389 -2.71437105 -1.3058096 ]
[ 0.34234252 -0.64756149  0.491278    1.46560454]
[ 0.53629992 -1.01409123 -1.60582956  0.79616553]
[-0.81198434 -1.5034218   1.25205341  0.42252935]
[ 0.48602891 -0.65413205 -1.05520596  1.10165713]
[-0.10910487 -0.42996143  2.38478679 -0.68066864]
[ 0.45491638  0.73410951 -1.20832825  1.20709906]
[ 0.47348402  0.18473645  0.49792811  1.44854294]
[ 1.11831212  0.88584413  0.28953417  0.14141089]
[ 0.38818518 -2.14630757 -0.12866777  0.96015448]
[-1.13982099  0.69463355 -0.25758656 -0.21583029]
[ 0.67007909  0.776303    0.41501425  1.15591412]
[ 1.4651792  -0.1277858   0.80955934 -0.78156945]
[-0.78577911 -1.00677179  1.55569703  0.55298414]
[ 0.62631626 -2.30822318 -1.41500101  0.46378244]
[ 0.45413618 -2.62903766 -0.38709818  0.70915683]
[ 0.55610614  1.11688655 -0.57523367  1.23558438]
[ 0.42899163 -0.86021405 -0.31199371  1.28741299]
[ 0.50076413  0.11309943  1.25060948  1.26147014]

Populations

0.0191039730686
0.00558301533332
0.0101413499906
0.0137453225665
0.0150930970292
0.00898021458297
0.0075430947509
0.0110364368318
0.010968542077
0.00449317102161
0.0145461811801
0.0175691837559
0.00268962008789
0.00951532484311
0.0307752020887
0.00475965388132
0.00499549192218
0.00110984820904
0.0191349923768
0.0023513943316
0.00209722424705
0.013687416196
0.00879345591416
0.0110650197844
0.00248543392852
0.00246131290968
0.0061854001018
0.0052982911091
0.00941875668999
0.00260635139068
0.015762805395
0.0321212248516
0.00601758771441
0.0124695182411
0.0097535940742
0.00537272236803
0.00500396563862
0.00981527583376
0.0160012809687
0.00526298904521
0.0031586462405
0.00520389096908
0.0102684664594
0.00209711070344
0.00822450017957
0.0157390313777
0.00874853790297
0.0225857284614
0.0143373620762
0.0061489818383
0.00336987861747
0.0197257862131
0.0150271518415
0.00885762790134
0.0030434077109
0.0106998868125
0.00992355612173
0.00899503439361
0.0127933594114
0.0110161374279
0.00389895538714
0.00774174161342
0.0286122023499
0.0237811165407
0.0175416971787
0.00441712419291
0.0221541637558
0.00529847587783
0.00655749226491
0.0137102347223
0.016562152265
0.00544651595284
0.0118713255879
0.0090544706738
0.0158661606238
0.00563651950778
0.00389601003167
0.00641594773364
0.0010854007024
0.00706296627228
0.00984343973813
0.00230257999194
0.00791629016345
0.00486819802107
0.0145944736021
0.00529338031754
0.0040388197645
0.021994071145
0.0054702691994
0.0101162570743
0.0177456111412
0.0135021139143
0.0189235636118
0.0132160371418
0.00609621677983
0.00264411653208
0.0103227924763
0.0139310242388
0.0047912529204

State labels

0
1
2
3
4
5
6
7
8
9
10
11
12
13
14
15
16
17
18
19
20
21
22
23
24
25
26
27
28
29
30
31
32
33
34
35
36
37
38
39
40
41
42
43
44
45
46
47
48
49
50
51
52
53
54
55
56
57
58
59
60
61
62
63
64
65
66
67
68
69
70
71
72
73
74
75
76
77
78
79
80
81
82
83
85
86
87
88
89
90
91
92
93
94
95
96
97
98
99

Eigen values

1.0
0.68616425789
0.625534866866
0.607190149514
0.564431706519
0.560833628555
0.5534738922
0.535979460836
0.519754412566
0.509779511823
0.499098541714
0.486167708813
0.464979963442
0.456151984457
0.447971202803
0.439367797366
0.420984300746
0.392969102445
0.380372916264
0.365701396734
0.347975331461

Left eigenvectors

[ 0.01910397  0.01824071  0.00022634 -0.03186757  0.02181389  0.01606856
  0.00969516  0.00264184 -0.00695224 -0.00689987 -0.0054846  -0.01608976
  0.01785612 -0.00452252  0.0217612  -0.00651658 -0.02576945  0.00813029
  0.00355081 -0.01487449  0.01056174]
[ 0.00558302  0.00431871 -0.00029768 -0.00381192 -0.00116564 -0.00372565
  0.00122617  0.00195184 -0.01176363  0.00181356  0.00206062  0.00455919
 -0.00774544 -0.00214819  0.00635225  0.00565635  0.01035401 -0.0027327
  0.00791088  0.00599651  0.01534291]
[ 0.01014135 -0.00138399 -0.01202447  0.02283966  0.01578588 -0.00334396
  0.00736994  0.00489873 -0.00490656 -0.02369929  0.00408804  0.01278204
 -0.01413728 -0.00059578  0.00480603 -0.03178732 -0.00857468 -0.0103859
 -0.0143223   0.01325247  0.00288321]
[ 0.01374532  0.00733189 -0.00222543  0.00556934 -0.00427662 -0.00080618
 -0.00097172 -0.00632197 -0.00610361 -0.0024509  -0.00026459 -0.00973393
 -0.01734436  0.01137719 -0.01186421  0.01869096 -0.01084027 -0.00288731
 -0.02642718  0.002589    0.00138558]
[ 0.0150931   0.00717447 -0.00592658 -0.00665074  0.01646287 -0.00222617
 -0.00181794 -0.01201189 -0.01120688 -0.0069369  -0.00513076 -0.02242221
  0.02908279  0.00280679  0.00510327  0.01700559  0.00457696  0.01138744
 -0.02217941  0.01769013  0.00261184]
[  8.98021458e-03  -2.12113168e-02   1.08375765e-02  -7.96566849e-04
  -3.09640641e-03  -5.19720691e-03  -7.33445129e-03  -3.82372220e-03
   2.63843781e-03  -3.35332969e-03   1.58715765e-02  -3.05927318e-03
   8.57036794e-03   1.00946649e-02  -4.32414513e-04  -3.02537085e-05
  -1.77936240e-02  -5.25186561e-03   9.50809543e-03   1.69294690e-04
   6.80701758e-03]
[ 0.00754309  0.00430809  0.00450709 -0.00182693  0.00025892 -0.00345395
  0.00361699 -0.0048275  -0.01154043  0.00358071 -0.00169419  0.01138487
 -0.00370132  0.01085026  0.00464106  0.00061535  0.00932178  0.00207586
  0.00624812 -0.00331941 -0.00300489]
[  1.10364368e-02  -7.76835881e-03   4.49631581e-04   1.11684790e-02
   2.93450422e-03   1.50691576e-02  -2.57473868e-03  -7.24543804e-03
   1.48343513e-02   1.58468800e-02  -2.71909530e-02  -1.39124039e-02
  -3.82633139e-02  -1.25728063e-02   3.57214919e-05   1.84156641e-02
  -5.66994431e-03   2.34351912e-03  -1.02564958e-02  -2.10899032e-02
  -1.63287109e-02]
[ 0.01096854  0.00979541  0.00934446 -0.01644557 -0.00479042  0.01989652
 -0.0169432   0.00596064  0.00255974 -0.02002159 -0.01003729  0.01397838
 -0.00535089  0.01235625 -0.01407454 -0.00936672  0.00108382  0.00331171
  0.01439947  0.00807959 -0.01190677]
[ 0.00449317  0.00118808 -0.00677799 -0.005175    0.00332123  0.00244068
 -0.00286985 -0.00172296 -0.00354888  0.00283282  0.00361607  0.00402353
 -0.00025569 -0.00544942  0.00548182  0.00447348 -0.00120866  0.00202942
  0.00614174 -0.00700826  0.00218489]
[ 0.01454618 -0.02740856  0.01236184  0.00847314  0.00327917  0.00700731
  0.01350368  0.03447841  0.01072428  0.0029917  -0.0116937   0.01033714
 -0.00158699  0.0013572  -0.00030491  0.01719079 -0.00510908  0.00802284
 -0.00760147  0.00995221 -0.00298043]
[ 0.01756918  0.00668131  0.03246595  0.02257593  0.01346232 -0.00380998
  0.00265252  0.02434787 -0.00180122 -0.00243794 -0.00839138  0.02569406
  0.007034    0.00010434  0.02189258 -0.00237759  0.00266368 -0.01905466
 -0.01219376 -0.01052247  0.00161866]
[ 0.00268962  0.00103791  0.00140542  0.00458655  0.00125342 -0.00188345
 -0.00196087 -0.00590235 -0.00074036  0.00378393 -0.00705645 -0.00844469
 -0.00406531  0.00080558 -0.00119107  0.00175008 -0.00447444 -0.00303698
  0.01038575  0.00335084 -0.00555616]
[  9.51532484e-03  -1.25410185e-02  -6.31298278e-03  -3.23129447e-03
  -2.06141151e-03  -1.87599669e-02  -3.49925142e-05  -4.97272954e-03
   1.43812990e-02  -8.29094856e-03   1.57975671e-03   4.80398620e-03
   7.80827636e-03   1.63071399e-02   5.26592230e-03   1.08100669e-02
  -3.35326275e-03   1.19480235e-02   2.66433785e-03   1.41470781e-03
   5.70549579e-04]
[ 0.0307752   0.01420618 -0.00980996 -0.01677021 -0.00363553 -0.00742988
  0.02219563 -0.05228482  0.01779001 -0.00674151 -0.00130157  0.02699215
 -0.0076694   0.03095078 -0.01673213  0.02535844  0.02109444  0.00046127
 -0.02787276 -0.00856822 -0.00932037]
[ 0.00475965 -0.00018607 -0.00648422  0.00193547  0.00228338  0.00448778
  0.00313654 -0.00268973 -0.00453488  0.00107727  0.01043657  0.0047249
 -0.00233546 -0.00027768 -0.00026468  0.00244285  0.0079595   0.00585786
  0.01141344 -0.01296301 -0.00401756]
[ 0.00499549  0.00876062  0.00520068 -0.00834289 -0.01220028  0.00769269
 -0.00472243  0.00726    -0.00163977 -0.02480875 -0.0046865  -0.00612759
  0.00052808 -0.00404865  0.00375089 -0.00203262 -0.00581224  0.02025317
  0.00316253 -0.00534112 -0.01503688]
[  1.10984821e-03   7.69545531e-04  -4.08854537e-04  -1.96709846e-03
   7.15669546e-04  -6.40290502e-04   1.56247114e-03   1.72483031e-04
  -1.08966484e-03   2.00758221e-03   3.49673391e-04   5.53676908e-04
  -1.64670977e-03  -1.09161540e-03   8.84971158e-04  -2.50249760e-03
  -2.25748597e-03   1.57942769e-03   1.30100675e-05   9.21045643e-04
   1.23307527e-03]
[ 0.01913499  0.01639298  0.00949361 -0.01549183  0.0001519  -0.00134043
  0.00935241 -0.00997108 -0.00410753  0.01442095  0.008936    0.02873647
 -0.01508815  0.0234411  -0.017102   -0.01486883  0.00746132  0.02401358
 -0.00397229 -0.0017421  -0.01010643]
[ 0.00235139  0.00107047 -0.00539262 -0.00356457  0.00118028 -0.00412737
 -0.00784832  0.00571963 -0.00041178  0.00484979  0.00249657  0.00174018
  0.00090789 -0.00348429  0.00032559  0.00227063  0.00116154 -0.00332247
  0.00163552 -0.00202005 -0.00658653]
[ 0.00209722  0.00247367 -0.0018344  -0.00327309 -0.00315755  0.00494506
 -0.00779703  0.00274108  0.00206876 -0.00292052 -0.00420711  0.00769736
  0.00121986  0.00100527 -0.00713721 -0.00374047 -0.00327524 -0.00386444
  0.00538596  0.00497173 -0.0063033 ]
[ 0.01368742  0.01927427  0.01259611  0.00554027 -0.0357457  -0.00027972
 -0.01030166  0.01501857 -0.00141151 -0.02406363  0.01226629 -0.00914186
 -0.01431672 -0.0078589   0.015898    0.01565439  0.00377824 -0.00249306
 -0.01885688 -0.00207348  0.01298167]
[ 0.00879346 -0.00403671 -0.00423015 -0.00753598 -0.00113032  0.00072591
  0.00509842 -0.02418781 -0.0005522  -0.00540851 -0.00344373  0.00820879
  0.0081461   0.0020745  -0.00172028  0.00925368  0.01069104 -0.00473348
 -0.02652806 -0.0033878  -0.00584781]
[ 0.01106502  0.00330367  0.00720259 -0.00423285 -0.01204546 -0.01745022
  0.00354356  0.00907064 -0.02175074  0.00811106 -0.0009697  -0.00246153
 -0.00938124 -0.01095666  0.00774585 -0.00290823  0.02488955 -0.00747184
  0.00675797  0.01064688  0.01057817]
[ 0.00248543  0.00107492 -0.0007817  -0.00373193  0.00118587 -0.00287811
 -0.00022781  0.00323798 -0.00176696  0.00608831  0.00334621 -0.00028817
 -0.0027329  -0.00154521  0.00076654 -0.00309398  0.00088217  0.00235649
  0.00055587 -0.00016566 -0.00644479]
[ 0.00246131  0.00316681  0.00311928  0.00012982 -0.00824407 -0.00332399
 -0.00108815  0.00443548 -0.00466426 -0.00279403  0.00212252 -0.00231371
 -0.00504017 -0.00416092  0.00518131  0.00267659  0.0070761  -0.0026031
 -0.00282307  0.00252915  0.00673386]
[ 0.0061854  -0.00659073  0.00710337 -0.00377635 -0.00829761 -0.01358722
  0.00565651  0.00218106 -0.0022133   0.00712825  0.00041971  0.00606832
 -0.00612941  0.01061616  0.00047425 -0.00195992 -0.0166358   0.00524754
  0.00189166 -0.00872541 -0.00160586]
[ 0.00529829  0.00616866  0.00315373  0.01133959  0.00344905  0.00409669
  0.00580164  0.0089922  -0.00337491  0.00604738 -0.00345018  0.00421218
  0.01667581  0.01237682  0.01542471 -0.00251187  0.00138118 -0.01023104
 -0.00390031 -0.00727096 -0.01322684]
[ 0.00941876  0.00435694 -0.01134455  0.01474713 -0.02313031  0.01324263
 -0.00472788 -0.00091718  0.0076212   0.01173478  0.00411939  0.00172171
  0.00941412 -0.00402733 -0.00098786 -0.01038216 -0.00750542 -0.00124078
  0.0026992  -0.00260391  0.00601861]
[ 0.00260635  0.00376484  0.00116953 -0.00598255  0.00462592  0.00044542
  0.00561116  0.0005478   0.00330288  0.00101241 -0.00023621 -0.00493611
  0.00317073 -0.00461148  0.00376806 -0.00395112 -0.00728649 -0.0035819
 -0.0010216  -0.00702882  0.00262623]
[ 0.01576281  0.00814277 -0.00147372 -0.00453955 -0.01823118 -0.00803558
  0.01232848 -0.00120916 -0.00301544 -0.01976039 -0.01079459 -0.01602699
  0.01267686 -0.01548735 -0.00886057 -0.00328899  0.00835665  0.00995664
 -0.00042724  0.00436521 -0.00762286]
[ 0.03212122 -0.0514397   0.01050065 -0.03109239  0.0037189   0.0178343
 -0.01744396 -0.01275338  0.00075802  0.00030444  0.01183425 -0.01793994
  0.00640645  0.02243591  0.00903003 -0.01394937  0.01985143 -0.0262782
 -0.00078649 -0.0006531   0.01202887]
[ 0.00601759  0.00492112  0.0038733  -0.00482935 -0.0046326  -0.00554437
  0.00741575 -0.00379006  0.01057666  0.00124923  0.01002657 -0.00462745
 -0.0018893  -0.00498125 -0.00432619 -0.00153875 -0.00019011 -0.01166668
 -0.00605408 -0.00251082 -0.00710963]
[ 0.01246952 -0.02652617  0.0071803  -0.00093312  0.00291699  0.0181831
  0.004789    0.02075278  0.00569285  0.00347959 -0.02085539 -0.00776464
 -0.01235154 -0.00237353 -0.0048492   0.00973917  0.01203507  0.00063338
 -0.00888959 -0.00846191 -0.00355148]
[ 0.00975359  0.01044102 -0.00978175  0.02053091 -0.01555829  0.01351713
  0.00788694  0.00015352  0.01995733  0.01359787  0.0003582  -0.00111862
  0.01909373  0.01287566  0.01255168 -0.00681588  0.00900104  0.00150513
  0.01044409 -0.01033567  0.00398325]
[ 0.00537272  0.0035482   0.00904004  0.00721327  0.0126303  -0.00087336
 -0.00922204 -0.00543231 -0.00500664  0.00596127  0.00191549 -0.00135322
  0.01317679 -0.00409628  0.00038156 -0.00026823  0.00256628  0.01593191
 -0.01200962  0.00755404 -0.00320232]
[  5.00396564e-03   2.52973532e-03  -3.90456354e-03  -4.50693343e-03
   2.04712251e-03   2.30563391e-03   5.69775429e-03  -4.08110116e-03
  -5.96755528e-03  -2.52574116e-03   7.78712593e-05   2.82109451e-03
  -2.34629454e-03  -4.51692278e-03   5.22637995e-03  -4.33862182e-03
  -7.53900267e-03   1.59339804e-03   1.82145561e-03   7.07914612e-03
   9.67520777e-03]
[ 0.00981528  0.0084037  -0.01096034  0.02133681 -0.02903559  0.0167941
  0.00062225  0.00303871  0.02079046  0.01462665  0.0038044  -0.00548846
  0.01195462  0.00730664  0.01591473 -0.00847803  0.00587921  0.01409943
  0.00272026  0.00544535  0.02285845]
[ 0.01600128  0.01633339  0.00799495 -0.01872575  0.01420468 -0.00817849
  0.02798113  0.00146848  0.02386522  0.01045582  0.00242807 -0.01575632
  0.00424248 -0.02034699  0.00395864 -0.01489258 -0.01659131 -0.02122555
 -0.0067508  -0.01848651  0.00297517]
[ 0.00526299 -0.00015698  0.00307243  0.00073093  0.00432538  0.00334097
 -0.00735936 -0.00178707 -0.00362428  0.00943549  0.00600803 -0.00031449
  0.0022353  -0.00017172 -0.00305142 -0.00767376  0.00481317  0.01458641
 -0.01063951  0.00766936 -0.00543126]
[ 0.00315865  0.00344456 -0.00080127 -0.00299484  0.00076346  0.00204628
  0.0036908  -0.00183271 -0.00507019 -0.00016495 -0.00199547  0.00240636
  0.00213546  0.00078186 -0.00342723 -0.0057916  -0.005472    0.00361085
  0.00248208 -0.00250051  0.00451007]
[ 0.00520389 -0.0005276  -0.00982107  0.00785146  0.0094703  -0.01166957
 -0.00485367 -0.00487721  0.0114795  -0.01126284 -0.00731345 -0.00450298
 -0.01489479  0.00524249  0.01538241 -0.01457092  0.00332723  0.00169281
  0.00397275  0.00532053 -0.00540801]
[ 0.01026847 -0.00015578  0.00329402  0.01346475 -0.0022229  -0.00588098
 -0.00640573 -0.0132734  -0.01768331  0.00785372 -0.00964483 -0.02499441
  0.0011348   0.00497423 -0.00857083  0.00052684 -0.01108814 -0.00627492
  0.01888341  0.01826695 -0.01111079]
[ 0.00209711 -0.00035772 -0.00527737  0.00635677  0.00632501 -0.00519328
 -0.00072797 -0.00118703  0.0040572  -0.00922031 -0.00251387  0.00035955
 -0.00995381  0.002444    0.00865231 -0.01407683 -0.00011611 -0.00147782
 -0.00114431  0.00659076 -0.00270327]
[ 0.0082245   0.00048681 -0.00050866 -0.00114507  0.00500735  0.00112265
 -0.00443545 -0.00999013 -0.00909474 -0.00247363 -0.0059195  -0.01782651
  0.00817434  0.00999485 -0.00477093  0.01216149 -0.00297546 -0.00379761
 -0.00905132  0.01867884  0.00188743]
[ 0.01573903 -0.01873704 -0.00995825  0.00781216 -0.00638619  0.02270246
 -0.00643722 -0.02241151 -0.00530552  0.00570192  0.01325836  0.00594386
 -0.00568421 -0.02779878  0.01275231  0.00013343 -0.00482531 -0.00297803
  0.00108718 -0.01388096 -0.01036857]
[ 0.00874854  0.00440182 -0.0063516  -0.00410041  0.0032799  -0.00028905
  0.00722443 -0.0041042  -0.0052701   0.00471648  0.00616235  0.01163185
 -0.01064317  0.0044376  -0.00911314  0.00190504  0.00617469  0.00974306
 -0.00084933 -0.00552127  0.00839888]
[ 0.02258573  0.00299841 -0.00923518 -0.01514225  0.00442021 -0.01404765
 -0.01608505  0.02046144 -0.01207706  0.02111952  0.02526083 -0.0047195
 -0.00532285 -0.0072917   0.00515188 -0.00117995  0.01931316  0.00181112
  0.00735073  0.00332261 -0.03360986]
[ 0.01433736  0.01494089 -0.01356302 -0.00746537  0.00499134 -0.0011285
 -0.0117438   0.0083082  -0.00037204 -0.0007872  -0.00758454 -0.00300038
 -0.00425043  0.00138647  0.00317028  0.02805109 -0.01257824 -0.01811337
 -0.00486949  0.00688245  0.02619178]
[ 0.00614898  0.00829963  0.01483288  0.00488893 -0.00364045 -0.00061209
 -0.00326938  0.00794967  0.00529888 -0.01001    -0.00017035  0.00944383
 -0.00292092 -0.00451269  0.00670727  0.00561238  0.00623979 -0.00780696
 -0.00642121 -0.00100253  0.00769006]
[ 0.00336988  0.00010897 -0.00543041 -0.0004001  -0.00439603  0.00173135
  0.00044834 -0.00658306 -0.00313765 -0.00148452 -0.00533996  0.00940618
  0.0050391  -0.00635914 -0.00606555 -0.00248437 -0.0040203  -0.0057765
 -0.00499006 -0.00127572 -0.00133539]
[ 0.01972579  0.01049399  0.00656196  0.0152312   0.01421662 -0.00435827
 -0.00381162 -0.0210094   0.02690675  0.01325007 -0.03279868 -0.01302138
 -0.02917616 -0.00385301  0.0080666   0.0100559  -0.00667037 -0.00560169
  0.0220031  -0.0159276  -0.00734179]
[ 0.01502715  0.01620679  0.02533392 -0.0049983   0.00877403  0.00134236
 -0.00537042 -0.00682107  0.02366174 -0.01088626 -0.00531916  0.01925212
 -0.00202552 -0.00732594 -0.01475181  0.00448184  0.01313818 -0.00221659
  0.01279639  0.00937571  0.00501277]
[ 0.00885763  0.00472605 -0.00660476  0.00773022 -0.00736111  0.00266627
  0.00658743 -0.00290105 -0.0158381  -0.00271067 -0.01139657  0.00278458
  0.01032694 -0.0024143  -0.02030788 -0.01121426 -0.00846047 -0.00270189
  0.00802264 -0.00634492  0.00803685]
[  3.04340771e-03  -4.59758490e-03  -4.19052434e-03  -3.61437112e-04
  -1.56825403e-03  -9.10210914e-03  -3.16304179e-03   1.89109550e-03
  -7.08757975e-04  -2.78908208e-03  -8.01192751e-03  -2.10759085e-03
   4.39094256e-03  -3.13981239e-03  -7.34884818e-05  -2.49851072e-03
   7.29294103e-03   7.24643611e-03  -3.11548464e-03  -6.72783406e-03
   5.38853171e-03]
[ 0.01069989  0.00261142 -0.00906597 -0.00820131  0.00715891  0.00615733
  0.0042398  -0.00985212 -0.01225525 -0.00135481  0.00868471  0.00354215
 -0.00083829 -0.00129045  0.02078713  0.01495725  0.0093623   0.00866971
  0.02447559  0.00293537  0.00522186]
[ 0.00992356 -0.01567506  0.00876109 -0.01722951  0.00463276  0.02739261
 -0.01368992  0.00397569  0.00050343 -0.00464201 -0.00438514 -0.01292332
 -0.00246115  0.0143702  -0.00176975 -0.01875918  0.01550828 -0.01343534
 -0.00302727 -0.01137583  0.00657327]
[  8.99503439e-03   7.91589487e-03  -1.15512395e-02   5.22398530e-03
  -4.53015943e-03   2.57607838e-03  -2.09196189e-05  -3.04575010e-03
   7.47209049e-03  -5.86505462e-03  -6.02489250e-03   5.35107723e-03
   4.04428772e-03   5.87997956e-03  -2.36260271e-03   1.82530345e-03
  -2.56672669e-03  -1.06739885e-02   1.30008929e-03   8.71779187e-03
   3.68970925e-03]
[ 0.01279336  0.00392186 -0.00410389 -0.01747913  0.00453868  0.01039431
 -0.00494691 -0.00087933 -0.00215671  0.0022804   0.00068013  0.00247821
 -0.00464385  0.00752564  0.0045215   0.00158394 -0.00191962  0.00581078
  0.00406623  0.01209175  0.01268647]
[ 0.01101614  0.00555292 -0.02786257 -0.0130795   0.00415107 -0.01510587
 -0.03369677  0.01903902  0.00421388  0.01295058 -0.00108173  0.01065039
  0.00685932 -0.01159723 -0.0012692   0.01027632 -0.0053176  -0.01358769
  0.00219865 -0.00888418 -0.00470182]
[  3.89895539e-03   4.52256052e-03   1.47209679e-02   6.83544519e-03
   1.08895711e-02  -1.04535089e-03  -9.55556363e-03  -6.03741975e-03
   8.07572785e-03  -6.21179498e-04  -3.30713790e-05   7.83099951e-03
   5.17876045e-03  -1.03377918e-02  -4.53570670e-03   3.17167359e-03
   2.23346030e-03   7.45753457e-03   5.96598795e-03  -1.37496827e-03
   7.35361229e-03]
[ 0.00774174  0.00285563  0.00382428  0.00525438 -0.00711561 -0.00711637
 -0.0045518  -0.00127073 -0.01316519  0.00274486  0.00797792 -0.01337115
 -0.00288375 -0.00150562 -0.00312447  0.00079486 -0.00138318 -0.00538163
 -0.00033952  0.00637762 -0.01095685]
[ 0.0286122  -0.00758563 -0.01446824  0.01769811 -0.01222773  0.02157334
 -0.00530827  0.01239782  0.00863329  0.03202194 -0.01013568 -0.00230627
 -0.01124028 -0.00654139 -0.0125569  -0.01710921 -0.00662817  0.03286775
 -0.02462581  0.0407411   0.01454207]
[ 0.02378112 -0.06030387  0.02004    -0.00859856 -0.01798671 -0.03350978
  0.01452843  0.01100915  0.02459656 -0.00962211  0.00697732  0.02226105
  0.02344376  0.0250138   0.00759963  0.01526047 -0.04448496  0.01186252
  0.01477395  0.01628608  0.00407115]
[ 0.0175417   0.01543675 -0.00110388 -0.00099081  0.00506877  0.01103618
 -0.00370698 -0.00427961 -0.00035152 -0.01092784 -0.01769998  0.00281037
 -0.00371568  0.01591154 -0.01751558  0.01870634 -0.00960893 -0.01261395
  0.00268295  0.01508656  0.01090103]
[ 0.00441712  0.00398737 -0.00356275  0.00203986 -0.00272261  0.00376172
  0.00535276 -0.00581723  0.00371533  0.00476694  0.00511549  0.00729971
  0.00132151  0.00893584 -0.00051663 -0.00057004  0.0092037   0.00705906
  0.0056309  -0.01142348 -0.00365521]
[ 0.02215416  0.01024293  0.0003871  -0.02559513  0.00761252 -0.01500232
  0.01367194  0.01082387 -0.00449045  0.03468158  0.00489895  0.00216452
 -0.01749186 -0.0054047   0.00104891 -0.02318307 -0.01247504  0.01479474
 -0.00349257 -0.00437598 -0.00688634]
[ 0.00529848 -0.00293328  0.00193328  0.00492042 -0.00754533 -0.00724811
  0.00279758 -0.00364292 -0.01513692  0.00254217 -0.01753149 -0.00494485
  0.0044461  -0.00244166 -0.00846503 -0.00723081 -0.00088295 -0.00231453
  0.01370447 -0.00408965  0.00499477]
[  6.55749226e-03  -1.03522525e-02  -5.89483593e-03  -5.00814957e-05
  -7.78332691e-03   2.56087034e-03   4.22337130e-03  -1.78178571e-02
  -7.18673369e-03  -5.30925757e-03  -7.38960915e-03   1.44142698e-02
   7.81820319e-03  -1.98370144e-02   2.11785513e-03  -2.71066864e-04
   7.29506343e-04  -6.26980614e-03  -1.83933826e-02  -6.97763298e-03
  -7.18716167e-03]
[ 0.01371023  0.01056828  0.01711701  0.00263367 -0.00202282  0.00076882
 -0.0089765   0.00904531 -0.01195073 -0.00664658  0.00523281  0.01721804
 -0.00909353  0.00937045  0.00465587  0.002434    0.00734762 -0.00823286
  0.0041369  -0.00136824  0.00222919]
[ 0.01656215 -0.01055651  0.01850452  0.02092403  0.0014754  -0.0012829
 -0.02518757 -0.01334315 -0.01119962 -0.00280613  0.03442474 -0.01579019
  0.00183551 -0.00459993 -0.01192887 -0.00403109 -0.02075475 -0.00660613
  0.01028177 -0.0117222   0.0040857 ]
[ 0.00544652 -0.00284939 -0.00323448  0.00178563  0.0013068   0.00519595
  0.00458155  0.01011773  0.0010568   0.00980799 -0.00059106 -0.00049801
 -0.00603579 -0.00451433 -0.00566709 -0.00110952 -0.00119713  0.01242364
 -0.00502603  0.01259066 -0.00063411]
[ 0.01187133 -0.00682     0.01295569  0.00169159 -0.00874213 -0.01667121
  0.00548278 -0.00022732 -0.01696637  0.00860988 -0.02208681  0.00451257
 -0.00450147  0.00368609  0.00483948 -0.00831976  0.00625518 -0.00611603
  0.01635102 -0.01608146  0.0085808 ]
[ 0.00905447 -0.01252677  0.00478338 -0.00095877  0.00150305  0.01607252
 -0.01482505 -0.0060949  -0.00360358  0.00597174  0.01113135 -0.00902017
 -0.00090176  0.00052139 -0.0025587  -0.01511276  0.00395426  0.00023343
 -0.00733655 -0.00195081  0.00229446]
[ 0.01586616 -0.01214232 -0.02855723 -0.00252543  0.01225373 -0.03333757
 -0.02684503  0.00865786  0.01228991 -0.0107161  -0.00392363 -0.00891114
  0.00937198  0.00565616  0.0052416  -0.00314964  0.01546146  0.01838666
 -0.00985464 -0.0135718   0.00772688]
[ 0.00563652  0.00331429  0.00522426 -0.00762299 -0.00142648 -0.00668469
  0.01138225  0.00073936  0.01258147 -0.00055053  0.00346115 -0.00649
  0.00543386 -0.01274077 -0.00849154 -0.00824667  0.00681335 -0.00977236
  0.00320106  0.00858969 -0.0075316 ]
[  3.89601003e-03  -9.03586492e-03   3.62602808e-03  -8.47443963e-03
   1.91186162e-03   1.08910239e-02  -6.52642563e-03  -2.23642100e-04
   2.70279940e-04  -1.60238547e-03  -2.85300404e-05  -7.21261938e-03
  -5.04067238e-05   8.90558425e-03   6.10087433e-04  -9.77957248e-03
   9.73416872e-03  -1.05499655e-02  -1.57037863e-03  -5.72491273e-03
   5.67295037e-03]
[ 0.00641595  0.00449031 -0.01524716 -0.00145168 -0.00891737  0.00436067
 -0.01750551  0.00581242  0.00563272  0.00480281 -0.00714611  0.01572635
  0.00809651 -0.00621318 -0.0118059  -0.00443769 -0.0105624  -0.01325308
  0.00344918  0.00665552 -0.00637726]
[ 0.0010854  -0.00173771 -0.00138661 -0.00074733  0.00093348  0.0027679
  0.00183537 -0.00147998 -0.00229529 -0.00103974  0.00211143  0.00205259
 -0.00098018 -0.00497374  0.00466244  0.0014237  -0.00125671 -0.00024043
  0.00398788  0.00437979  0.0005359 ]
[ 0.00706297 -0.01298214 -0.0057055  -0.00138137  0.00367713  0.01325805
  0.00595005 -0.00488583 -0.00745878 -0.00339564  0.00996816  0.00765155
 -0.00280626 -0.01863057  0.01645626  0.0087703  -0.00012405 -0.00193511
  0.01323611  0.01062112 -0.00452297]
[ 0.00984344 -0.00138383 -0.01547458  0.01640974  0.01489048  0.00392736
  0.01380349  0.01163638 -0.01262354 -0.01631629  0.01510403  0.00305535
 -0.00719067  0.00178919 -0.02860589 -0.00039521  0.00103812  0.00201363
  0.00709857 -0.01912108  0.01039957]
[ 0.00230258  0.00459902  0.00201491 -0.00632969 -0.00294971  0.00494616
 -0.00103363  0.00353361 -0.00152998 -0.01245428 -0.00288736 -0.00493622
  0.00249256 -0.0027019   0.00481662 -0.00196702 -0.0068502   0.013557
  0.00253377 -0.00585437 -0.00860913]
[ 0.00791629  0.00322351 -0.0081504   0.00653757  0.01065806  0.00697243
  0.00857423  0.01198178 -0.00576747 -0.00609424 -0.00034975 -0.00111628
  0.00217031  0.00927709 -0.00531183  0.01823536 -0.00316469 -0.00901547
  0.00573052 -0.00095311 -0.00192108]
[ 0.0048682   0.00564157 -0.00011219  0.00472398  0.00801307  0.00478503
  0.00648799  0.00868092 -0.0080172   0.00200677 -0.0029534  -0.00018994
  0.01381083  0.01129945  0.01058988  0.00278014 -0.00371232 -0.0091493
 -0.00242589 -0.00514518 -0.013203  ]
[ 0.01459447 -0.0192561   0.00171192  0.00027239 -0.02042306 -0.0180298
  0.00859825  0.0016249  -0.01539555 -0.00364964 -0.03540632 -0.00149026
  0.0110108  -0.01945409 -0.00534963 -0.00773231  0.01524519  0.01025933
 -0.00215658 -0.01108394  0.01095644]
[ 0.00529338  0.00173079  0.00440698 -0.00091907 -0.00973053 -0.00714255
  0.00163487 -0.0012591  -0.0023992   0.00426095  0.00806995  0.001805
 -0.01128721  0.01015292 -0.0039667   0.00160323 -0.01307937  0.00368269
 -0.00859097 -0.0079873  -0.00574656]
[  4.03881976e-03  -1.94811396e-03  -1.88330875e-03  -3.22227376e-03
  -2.51480971e-05   6.58456421e-04   1.55076393e-03  -7.35190464e-03
   1.69529360e-03  -1.85343234e-03   1.55801921e-03  -3.57131176e-04
  -8.94751224e-04   5.36928564e-03   2.54819827e-03   1.91192099e-03
   3.56602383e-03  -2.08037890e-03   1.11819706e-03   2.08060239e-03
   1.29732086e-03]
[ 0.02199407  0.00367344 -0.01916415  0.00751274 -0.00412034 -0.00639131
  0.00692998 -0.02262054  0.01339087 -0.01010933  0.00601729 -0.01208268
 -0.00449813  0.01383439  0.01875172  0.01722152  0.00923729  0.00368092
  0.02659339  0.01067383 -0.01008339]
[ 0.00547027 -0.01236044 -0.00398589  0.00300215 -0.00163683  0.00319442
  0.0047393  -0.00819535 -0.00344981 -0.00713282  0.00355889  0.01323521
  0.00145578 -0.01495166  0.01000305 -0.00151783 -0.00813511 -0.00469816
 -0.00448679  0.00382446 -0.00625313]
[ 0.01011626  0.00584803  0.02916303  0.02166325  0.02368735 -0.00339025
 -0.02151292 -0.01132824  0.0070068   0.00419416  0.00268439  0.00750215
  0.01211499 -0.01786476 -0.0016806   0.004077   -0.0024976   0.0146151
  0.00378622 -0.00717555  0.00915579]
[ 0.01774561  0.00060174  0.01620843 -0.01545939 -0.00422849 -0.0144176
  0.01660219  0.00218127  0.02793602  0.00190152  0.01449311 -0.00250189
  0.00690251 -0.01645503 -0.02134144 -0.0120963   0.02310879 -0.01625029
  0.01158195  0.02782698 -0.01410503]
[  1.35021139e-02   9.37063581e-03   6.17109687e-03   7.94675561e-03
  -2.94730503e-02  -6.54232422e-03  -8.49873663e-03  -4.14800691e-05
   3.05808507e-04  -1.97798458e-03   3.06346099e-02  -1.46554569e-02
  -1.29415647e-02  -2.62798768e-03   1.90784774e-03   5.45850547e-03
  -1.15711069e-02  -1.00363588e-02  -1.16115082e-02  -9.16581935e-03
  -9.82446461e-03]
[ 0.01892356  0.01255494  0.00733363  0.01576135  0.01100515 -0.00577558
  0.00402352  0.00673014 -0.03192484  0.01513355 -0.00420411  0.00051536
  0.01612527  0.01538923  0.00960541 -0.01115139  0.00224213 -0.0029409
 -0.01760768  0.01411052 -0.02755943]
[  1.32160371e-02  -1.63559555e-02  -6.20064616e-03   8.25196644e-03
   1.26638370e-02   1.57883533e-02   1.97556895e-02   3.22098452e-02
   7.51259959e-05  -1.73204935e-05   3.20182752e-03  -1.36308065e-03
  -6.55493399e-03  -1.00525232e-02  -1.26791514e-02   2.17477113e-02
   7.44050049e-03   8.51807787e-03   5.15359285e-03   9.48245601e-03
  -1.03678296e-02]
[ 0.00609622  0.00476366 -0.00157923 -0.00942447  0.0034514   0.00264099
  0.003787    0.0010246  -0.00022252  0.00946496  0.00020056  0.0023227
 -0.00614219  0.00062888  0.00110929 -0.00735596 -0.01062358  0.00855474
 -0.00483104  0.00738234  0.01607374]
[ 0.00264412 -0.00072576 -0.00900935 -0.00272812  0.00277586 -0.00834208
 -0.01105111  0.00534369  0.00303398  0.00086058 -0.00095109  0.00072371
  0.0034416  -0.00164646  0.00075456  0.00189996  0.00196062  0.00048114
 -0.00172454 -0.00602394  0.00054447]
[ 0.01032279 -0.00270755 -0.01257331  0.01765684  0.01385306 -0.00538016
  0.00347317  0.00668501 -0.00523744 -0.01971344  0.01949027 -0.00833193
 -0.00386041  0.00087112 -0.02572061 -0.00560681 -0.00114352  0.00085372
 -0.00220512 -0.01787081  0.01221082]
[  1.39310242e-02   4.47525176e-03  -8.46895897e-03   6.93786968e-03
   5.97723460e-03  -9.13430422e-04   2.54638260e-02   7.52378727e-03
   1.85799325e-02  -8.93984211e-03   1.26128714e-02  -2.50270960e-02
   2.05890167e-02  -1.04873232e-02  -1.65856437e-02   2.62043377e-03
   1.72512071e-02   7.56752583e-05   8.64141471e-03   5.81255504e-04
  -4.50971108e-03]
[ 0.00479125  0.00667313 -0.00114883 -0.00955766  0.00627224  0.0011207
  0.00482414  0.00216311  0.00300646  0.00417845 -0.00142635 -0.0043779
 -0.00010156 -0.00390102  0.00465548 -0.0014683  -0.01402472 -0.00332567
 -0.00432843 -0.00151336  0.01713135]

Right eigenvectors

[ 1.          0.95481224  0.01184797 -1.6681123   1.14185074  0.84111065
  0.50749448  0.13828729 -0.36391568 -0.36117483 -0.28709213 -0.84222044
  0.93468096 -0.23673172  1.13909312 -0.34111119 -1.34890547  0.42558117
  0.18586785 -0.77860708  0.55285559]
[ 1.          0.77354508 -0.05331955 -0.68277035 -0.20878254 -0.66731776
  0.21962511  0.34960307 -2.10703906  0.32483604  0.36908707  0.81661834
 -1.38732186 -0.38477235  1.13778129  1.01313486  1.85455566 -0.48946652
  1.41695496  1.07406348  2.74813985]
[ 1.         -0.13646973 -1.18568759  2.25213213  1.55658537 -0.32973515
  0.7267219   0.48304546 -0.48381745 -2.33689733  0.40310617  1.26038877
 -1.39402308 -0.05874733  0.47390473 -3.13442676 -0.84551652 -1.02411405
 -1.41226736  1.30677567  0.28430249]
[ 1.          0.53340947 -0.16190455  0.40518094 -0.31113299 -0.05865144
 -0.07069477 -0.45993628 -0.44404984 -0.17830802 -0.01924964 -0.70816292
 -1.26183725  0.82771364 -0.86314524  1.35980524 -0.78865182 -0.21005774
 -1.9226309   0.18835474  0.10080358]
[ 1.          0.47534772 -0.39266822 -0.44064785  1.09075523 -0.14749567
 -0.12044856 -0.79585317 -0.74251702 -0.45960771 -0.33994098 -1.48559359
  1.92689354  0.18596525  0.33811954  1.12671326  0.30324846  0.75447976
 -1.46950711  1.17206764  0.17304864]
[ 1.         -2.36200556  1.20682824 -0.08870243 -0.34480317 -0.57873972
 -0.81673453 -0.42579408  0.29380565 -0.37341309  1.7673939  -0.34066816
  0.95436115  1.12410063 -0.04815191 -0.00336893 -1.98142526 -0.58482629
  1.05878265  0.01885196  0.75800166]
[ 1.          0.57112978  0.59751177 -0.24219952  0.03432506 -0.45789513
  0.47950985 -0.63998952 -1.52993311  0.47470001 -0.2246015   1.5093103
 -0.49069039  1.4384356   0.61527224  0.0815778   1.23580305  0.27520056
  0.8283225  -0.44005943 -0.39836285]
[  1.00000000e+00  -7.03882868e-01   4.07406474e-02   1.01196421e+00
   2.65892359e-01   1.36540061e+00  -2.33294379e-01  -6.56501564e-01
   1.34412506e+00   1.43586923e+00  -2.46374382e+00  -1.26058837e+00
  -3.46699886e+00  -1.13920883e+00   3.23668702e-03   1.66862407e+00
  -5.13747724e-01   2.12343817e-01  -9.29330356e-01  -1.91093407e+00
  -1.47952742e+00]
[ 1.          0.89304545  0.85193299 -1.49934009 -0.43674177  1.81396254
 -1.54470824  0.54343091  0.23337087 -1.82536445 -0.91509749  1.27440652
 -0.48783999  1.1265173  -1.28317322 -0.85396179  0.09881128  0.30192803
  1.31279713  0.7366151  -1.08553788]
[ 1.          0.2644201  -1.50850963 -1.15174747  0.73917275  0.54319686
 -0.63871306 -0.38346275 -0.78983954  0.63047204  0.80479266  0.89547616
 -0.05690635 -1.21282246  1.22003294  0.99561826 -0.26899955  0.4516683
  1.36690479 -1.55975833  0.48626849]
[ 1.         -1.88424419  0.84983387  0.58249952  0.22543195  0.48172883
  0.92833163  2.37027222  0.7372576   0.20566929 -0.80390185  0.71064296
 -0.10910016  0.09330295 -0.02096177  1.18180766 -0.35123183  0.55154249
 -0.52257465  0.6841806  -0.20489419]
[ 1.          0.380286    1.84789191  1.28497322  0.76624618 -0.2168556
  0.15097557  1.38582837 -0.10252181 -0.13876242 -0.47761932  1.46245064
  0.40035994  0.00593876  1.24607862 -0.1353271   0.15161105 -1.08455025
 -0.69404223 -0.59891648  0.09213036]
[ 1.          0.38589475  0.52253349  1.70527665  0.46602125 -0.70026778
 -0.7290508  -2.19449353 -0.27526383  1.40686482 -2.62358772 -3.13973164
 -1.51148255  0.29951452 -0.44283765  0.65068012 -1.66359596 -1.12914932
  3.86141867  1.24584164 -2.06578004]
[ 1.         -1.31798113 -0.66345426 -0.33958846 -0.21664121 -1.97155296
 -0.00367749 -0.52260218  1.51138287 -0.87132586  0.16602236  0.50486833
  0.82060008  1.71377648  0.55341487  1.13606914 -0.35240654  1.25566113
  0.28000493  0.14867677  0.05996112]
[ 1.          0.46161127 -0.31876183 -0.54492616 -0.11813168 -0.2414242
  0.72121806 -1.69892682  0.57806312 -0.21905651 -0.04229283  0.87707467
 -0.24920703  1.00570504 -0.54368856  0.82398941  0.68543621  0.01498829
 -0.90568895 -0.27841322 -0.30285324]
[ 1.         -0.03909394 -1.36232927  0.40663987  0.47973673  0.94287955
  0.65898561 -0.5651094  -0.95277415  0.22633265  2.1927167   0.99269765
 -0.49067927 -0.05833963 -0.05560978  0.51324176  1.67228566  1.23073296
  2.39795501 -2.72351946 -0.84408763]
[ 1.          1.75370504  1.04107472 -1.67008355 -2.44225706  1.53992559
 -0.94533764  1.45330999 -0.32824904 -4.96622774 -0.93814644 -1.22662303
  0.10571083 -0.81045998  0.75085518 -0.40689075 -1.16349741  4.05428926
  0.63307685 -1.06918839 -3.0100909 ]
[ 1.          0.69337908 -0.3683878  -1.77240315  0.64483552 -0.57691718
  1.40782417  0.15541137 -0.9818143   1.80887999  0.31506416  0.49887625
 -1.48372521 -0.9835718   0.79738035 -2.25481068 -2.0340493   1.42310244
  0.01172238  0.82988434  1.11103055]
[ 1.          0.85670147  0.49613852 -0.80960714  0.00793859 -0.07005104
  0.48875973 -0.52109143 -0.21466048  0.75364286  0.46699775  1.50177612
 -0.78851113  1.22503826 -0.89375518 -0.77704939  0.38993046  1.2549564
 -0.20759308 -0.09104277 -0.52816478]
[ 1.          0.45524753 -2.29337157 -1.51593709  0.50195099 -1.75528413
 -3.33773001  2.43244295 -0.17512164  2.06251814  1.06173994  0.74006424
  0.38610841 -1.48179809  0.13846742  0.96565247  0.49397977 -1.41297734
  0.69555229 -0.85908549 -2.8011154 ]
[ 1.          1.17949607 -0.87468168 -1.56067764 -1.50558487  2.35790561
 -3.7177876   1.30700524  0.98642697 -1.39256551 -2.00603872  3.67026147
  0.58165317  0.47933252 -3.40316875 -1.78353495 -1.56170372 -1.84264742
  2.5681359   2.37062244 -3.00554406]
[ 1.          1.40817418  0.92026969  0.40477135 -2.61157371 -0.0204364
 -0.75263744  1.09725361 -0.10312471 -1.7580839   0.89617251 -0.66790251
 -1.04597704 -0.57416961  1.16150456  1.14370669  0.27603749 -0.18214276
 -1.37768009 -0.15148787  0.94843839]
[ 1.         -0.45905821 -0.48105653 -0.85699887 -0.12854084  0.08255082
  0.57979761 -2.7506605  -0.062797   -0.615061   -0.39162384  0.93351169
  0.92638236  0.23591442 -0.19563182  1.05233739  1.21579543 -0.53829565
 -3.01679516 -0.38526389 -0.66501822]
[ 1.          0.29856843  0.65093352 -0.38254319 -1.08860721 -1.57706224
  0.32024843  0.81975795 -1.96572123  0.73303657 -0.08763658 -0.22246042
 -0.8478287  -0.99020697  0.70003078 -0.26283097  2.24939013 -0.67526698
  0.61075048  0.96221059  0.95600105]
[ 1.          0.43248734 -0.31451318 -1.50151911  0.47712655 -1.15799265
 -0.09165907  1.30278255 -0.71092528  2.44959566  1.34632754 -0.11594309
 -1.09956692 -0.62170592  0.308414   -1.2448466   0.35493444  0.94811889
  0.22365009 -0.06665382 -2.59302403]
[ 1.          1.28663585  1.26732414  0.05274449 -3.34946094 -1.3504964
 -0.44210109  1.80207715 -1.8950307  -1.13517761  0.86235256 -0.94003126
 -2.04775681 -1.69052849  2.10510154  1.08746452  2.87492814 -1.05760733
 -1.14697832  1.02756083  2.73588028]
[ 1.         -1.06552942  1.14840901 -0.61052568 -1.34148352 -2.19665913
  0.91449361  0.3526137  -0.35782581  1.15243199  0.06785426  0.98107172
 -0.99094736  1.71632529  0.07667221 -0.31686304 -2.68952764  0.84837565
  0.30582694 -1.41064606 -0.25962078]
[ 1.          1.16427415  0.59523446  2.14023613  0.65097401  0.7732092
  1.0950015   1.69718832 -0.63698002  1.14138283 -0.65118813  0.79500817
  3.14739367  2.33600174  2.91126054 -0.47408967  0.26068325 -1.93100766
 -0.73614422 -1.37232116 -2.49643484]
[ 1.          0.46258174 -1.20446323  1.5657193  -2.45577091  1.40598483
 -0.50196427 -0.09737811  0.80915179  1.24589461  0.43736048  0.18279573
  0.99950816 -0.42758627 -0.10488196 -1.10228528 -0.7968586  -0.13173525
  0.28657701 -0.27645978  0.63900243]
[ 1.          1.44448826  0.44872369 -2.29537462  1.7748645   0.17089686
  2.15287918  0.21017802  1.26724301  0.38843935 -0.09062919 -1.89387671
  1.21653909 -1.76932563  1.44572349 -1.51595949 -2.79566741 -1.37429791
 -0.39196471 -2.69680622  1.00762874]
[ 1.          0.51658122 -0.09349367 -0.28799103 -1.15659481 -0.50978079
  0.78212452 -0.07670972 -0.19130113 -1.25360855 -0.68481372 -1.01676017
  0.80422617 -0.98252472 -0.56211899 -0.20865508  0.53015011  0.63165402
 -0.02710412  0.27693135 -0.48359823]
[ 1.         -1.60142397  0.32690689 -0.96797018  0.11577699  0.55521863
 -0.54306638 -0.39703902  0.02359888  0.00947786  0.36842446 -0.5585073
  0.19944606  0.69847617  0.2811234  -0.43427277  0.61801609 -0.81809459
 -0.02448516 -0.02033224  0.37448366]
[ 1.          0.8177888   0.64366332 -0.8025392  -0.76984391 -0.92136129
  1.23234603 -0.62983108  1.7576243   0.20759636  1.66621036 -0.76898789
 -0.31396312 -0.82778206 -0.71892448 -0.25570906 -0.03159195 -1.938763
 -1.00606407 -0.4172471  -1.18147518]
[ 1.         -2.12728132  0.57582831 -0.07483234  0.23392981  1.45820387
  0.38405642  1.66428097  0.45654117  0.27904805 -1.67250987 -0.62269004
 -0.99053892 -0.19034672 -0.38888405  0.78103854  0.96515943  0.05079421
 -0.71290553 -0.67860778 -0.28481303]
[ 1.          1.07047909 -1.00288699  2.10495824 -1.59513449  1.3858617
  0.80861892  0.01573995  2.04615139  1.39413989  0.03672453 -0.11468807
  1.95761009  1.32009416  1.28687768 -0.69880716  0.92284375  0.15431568
  1.07079382 -1.05967792  0.40838781]
[ 1.          0.66041     1.68258075  1.34257317  2.35081942 -0.16255396
 -1.71645549 -1.01109013 -0.9318622   1.10954436  0.35652202 -0.25186928
  2.45253514 -0.76242253  0.07101753 -0.04992448  0.47764927  2.96533262
 -2.23529513  1.40599915 -0.59603283]
[ 1.          0.5055461  -0.78029384 -0.90067234  0.40910003  0.46076134
  1.13864776 -0.81557338 -1.1925652  -0.5047479   0.01556191  0.56377176
 -0.46888702 -0.90266862  1.04444761 -0.86703669 -1.5066056   0.31842705
  0.36400242  1.41470718  1.93350803]
[ 1.          0.85618532 -1.11666115  2.17383731 -2.95820458  1.71101691
  0.06339619  0.30959029  2.11817337  1.49019225  0.3876     -0.55917581
  1.21796107  0.7444152   1.62142489 -0.86375914  0.59898591  1.43647812
  0.27714588  0.55478298  2.32886482]
[ 1.          1.02075546  0.49964441 -1.17026561  0.88772143 -0.51111449
  1.74868075  0.09177249  1.49145688  0.65343637  0.15174201 -0.98469095
  0.26513353 -1.27158536  0.24739546 -0.93071154 -1.03687359 -1.32649096
 -0.42189124 -1.15531456  0.18593341]
[ 1.         -0.02982737  0.5837803   0.1388806   0.82184803  0.63480501
 -1.39832335 -0.33955352 -0.688635    1.79279994  1.14156165 -0.05975439
  0.42472043 -0.03262805 -0.57978771 -1.45806179  0.91453166  2.77150751
 -2.0215713   1.45722443 -1.03197225]
[ 1.          1.09051696 -0.25367604 -0.94814002  0.24170361  0.64783304
  1.16847407 -0.58021938 -1.60517928 -0.05222208 -0.63174718  0.76183382
  0.67606838  0.24752954 -1.08503111 -1.83357167 -1.73238747  1.14316256
  0.78580615 -0.79163866  1.42785005]
[ 1.         -0.10138609 -1.88725432  1.5087667   1.81984937 -2.24246916
 -0.93270047 -0.93722324  2.20594623 -2.16431162 -1.40538142 -0.86530934
 -2.86224068  1.00741656  2.95594335 -2.80000501  0.63937399  0.32529639
  0.7634185   1.02241302 -1.0392247 ]
[ 1.         -0.0151704   0.3207903   1.31127149 -0.21647868 -0.57272277
 -0.62382522 -1.29263733 -1.72209826  0.76483867 -0.93926686 -2.43409363
  0.11051313  0.48441777 -0.83467516  0.05130682 -1.07982448 -0.61108654
  1.83897086  1.77893617 -1.08203036]
[ 1.         -0.17057626 -2.51649721  3.03120586  3.01605845 -2.47639885
 -0.34713081 -0.56603086  1.93466253 -4.39667287 -1.19872812  0.17145197
 -4.74644012  1.16541273  4.12582491 -6.71248985 -0.05536542 -0.70469425
 -0.54565911  3.14278086 -1.28904685]
[ 1.          0.05918967 -0.06184713 -0.13922634  0.60883345  0.13650086
 -0.5392967  -1.2146797  -1.10581051 -0.30076382 -0.71974017 -2.16748826
  0.99390058  1.21525339 -0.58008716  1.47869106 -0.36177986 -0.46174368
 -1.10053075  2.27112145  0.22948871]
[ 1.         -1.19048246 -0.63271072  0.49635582 -0.40575481  1.44243068
 -0.40899738 -1.42394469 -0.337093    0.36227884  0.84238745  0.37765109
 -0.36115402 -1.76623167  0.8102345   0.00847774 -0.30658215 -0.18921327
  0.06907534 -0.88194509 -0.65878092]
[ 1.          0.50314896 -0.72601803 -0.46869705  0.37490887 -0.0330402
  0.82578763 -0.46913007 -0.60239775  0.5391164   0.70438579  1.3295759
 -1.21656531  0.50723957 -1.04167538  0.2177547   0.70579725  1.11367832
 -0.09708282 -0.6311073   0.96003257]
[ 1.          0.1327567  -0.40889459 -0.67043455  0.19570821 -0.62197015
 -0.71217757  0.90594575 -0.53472079  0.93508232  1.11844234 -0.20895933
 -0.23567301 -0.32284545  0.22810328 -0.05224296  0.85510465  0.08018869
  0.32545907  0.14711098 -1.4881015 ]
[ 1.          1.04209473 -0.94599113 -0.52069375  0.34813508 -0.07871048
 -0.81910497  0.57947926 -0.02594865 -0.05490553 -0.52900552 -0.20927013
 -0.29645858  0.09670298  0.22111996  1.95650307 -0.87730533 -1.26336862
 -0.33963622  0.48003605  1.82681975]
[ 1.          1.34975608  2.41225041  0.7950797  -0.59204029 -0.09954253
 -0.53169415  1.29284266  0.86174939 -1.62791145 -0.02770381  1.5358357
 -0.47502572 -0.73389243  1.09079432  0.91273268  1.0147676  -1.2696351
 -1.04427203 -0.16304061  1.25062296]
[ 1.          0.03233644 -1.61145532 -0.11872812 -1.30450705  0.51377084
  0.13304261 -1.95350004 -0.93108602 -0.44052549 -1.58461538  2.79125053
  1.49533431 -1.88705248 -1.79993174 -0.73722748 -1.19301096 -1.71415531
 -1.48078324 -0.37856414 -0.3962729 ]
[ 1.          0.53199361  0.33265895  0.77214669  0.72071263 -0.22094259
 -0.19323057 -1.06507278  1.36403944  0.67171325 -1.66273107 -0.6601195
 -1.47908714 -0.19532861  0.40893688  0.50978455 -0.33815502 -0.28397802
  1.11544834 -0.80745071 -0.37219275]
[ 1.          1.07850021  1.6858764  -0.33261801  0.58387814  0.08932919
 -0.35738138 -0.45391622  1.57459922 -0.72443938 -0.35396981  1.28115591
 -0.13479045 -0.4875135  -0.98167679  0.29824963  0.87429639 -0.14750576
  0.85155158  0.62391815  0.3335808 ]
[ 1.          0.53355705 -0.74565843  0.87271889 -0.83104731  0.30101379
  0.74370162 -0.32751949 -1.78807522 -0.30602667 -1.2866391   0.31437058
  1.1658812  -0.27256678 -2.29269944 -1.26605714 -0.95516254 -0.30503577
  0.90573239 -0.71632297  0.90733619]
[ 1.         -1.51067006 -1.37691849 -0.11876066 -0.51529541 -2.99076233
 -1.03930925  0.62137435 -0.23288302 -0.91643393 -2.63255149 -0.69251019
  1.44277171 -1.03167656 -0.02414678 -0.82095827  2.3963076   2.38102706
 -1.02368297 -2.21062529  1.7705586 ]
[ 1.          0.2440607  -0.84729558 -0.7664855   0.66906377  0.5754578
  0.39624694 -0.92076863 -1.14536263 -0.12661906  0.8116636   0.33104579
 -0.07834558 -0.12060417  1.94274267  1.39788864  0.87499077  0.81026212
  2.28746214  0.27433658  0.48802984]
[ 1.         -1.57958094  0.88285794 -1.73622344  0.46684511  2.7603624
 -1.37953768  0.40063115  0.05073068 -0.46777645 -0.44189231 -1.30228705
 -0.24801042  1.44809012 -0.17833783 -1.89036872  1.56277441 -1.35388381
 -0.30505875 -1.1463459   0.6623909 ]
[ 1.          0.88002942 -1.28417958  0.58076324 -0.50362892  0.28638894
 -0.00232569 -0.3386035   0.8306906  -0.65203248 -0.66980205  0.59489236
  0.44961337  0.65369173 -0.26265633  0.20292345 -0.28534929 -1.18665344
  0.14453411  0.96917827  0.41019401]
[ 1.          0.306554   -0.32078245 -1.36626559  0.35476867  0.8124769
 -0.38667794 -0.06873324 -0.16858029  0.1782487   0.05316242  0.1937109
 -0.36298904  0.58824605  0.3534257   0.12380932 -0.15004779  0.45420262
  0.31783898  0.94515798  0.99164511]
[ 1.          0.50407175 -2.52925068 -1.18730391  0.37681759 -1.37124946
 -3.05885527  1.72828476  0.38251913  1.175601   -0.09819518  0.96679871
  0.6226609  -1.0527494  -0.1152129   0.93284206 -0.48270976 -1.2334352
  0.1995846  -0.80646953 -0.4268117 ]
[ 1.          1.15994159  3.77561846  1.75314783  2.79294582 -0.2681105
 -2.45080097 -1.5484711   2.07125423 -0.15931947 -0.00848211  2.00848656
  1.32824306 -2.65142603 -1.16331331  0.81346753  0.57283556  1.91270067
  1.53015035 -0.35265042  1.88604679]
[ 1.          0.36886135  0.49398247  0.67870836 -0.91912305 -0.91922024
 -0.58795585 -0.16414036 -1.70054612  0.35455306  1.03050652 -1.72714958
 -0.37249399 -0.19448079 -0.40358762  0.10267234 -0.1786651  -0.69514437
 -0.04385622  0.82379597 -1.41529467]
[ 1.         -0.26511872 -0.5056669   0.61855103 -0.42736083  0.75399102
 -0.18552462  0.4333053   0.30173448  1.1191708  -0.35424341 -0.0806044
 -0.39284906 -0.22862252 -0.43886504 -0.59796909 -0.23165532  1.14873188
 -0.86067506  1.42390655  0.5082471 ]
[ 1.         -2.53578821  0.84268548 -0.36157081 -0.75634441 -1.40909176
  0.61092315  0.46293648  1.03428938 -0.40461139  0.29339754  0.93608109
  0.98581399  1.05183466  0.31956576  0.64170526 -1.87060004  0.49882091
  0.62124706  0.68483246  0.17119247]
[ 1.          0.88000346 -0.0629289  -0.05648318  0.28895546  0.62913976
 -0.21132377 -0.243968   -0.02003904 -0.62296379 -1.00902352  0.16021067
 -0.21181986  0.90706983 -0.99851102  1.06639257 -0.54777643 -0.71908383
  0.15294672  0.86004011  0.62143546]
[ 1.          0.90270649 -0.80657638  0.46180779 -0.61637596  0.85162272
  1.21181967 -1.31697142  0.84112049  1.07919564  1.15810529  1.65259339
  0.29917852  2.02299989 -0.11696117 -0.12905323  2.0836411   1.59811233
  1.27478807 -2.58618146 -0.82750907]
[ 1.          0.46234769  0.01747311 -1.15531935  0.34361588 -0.67717857
  0.6171272   0.48857056 -0.20269088  1.56546548  0.22113001  0.09770284
 -0.7895516  -0.24395884  0.04734609 -1.04644323 -0.56310122  0.66780835
 -0.15764829 -0.19752399 -0.31083717]
[ 1.         -0.55360756  0.36487552  0.928649   -1.42405725 -1.36796149
  0.52799655 -0.68754118 -2.85684326  0.47979238 -3.30877981 -0.93325928
  0.83912811 -0.46082341 -1.59763445 -1.36469626 -0.16664252 -0.43682953
  2.58649374 -0.77185384  0.94267975]
[ 1.         -1.57869077 -0.89894668 -0.00763729 -1.1869365   0.39052587
  0.64405281 -2.71717546 -1.09595763 -0.80964755 -1.1268956   2.19813752
  1.19225504 -3.02509155  0.32296723 -0.04133697  0.11124776 -0.95612864
 -2.80494156 -1.06407033 -1.0960229 ]
[ 1.          0.77083131  1.2484844   0.19209518 -0.14754054  0.05607629
 -0.65472954  0.659749   -0.871665   -0.48478982  0.38167178  1.2558529
 -0.66326557  0.68346368  0.33959074  0.17753158  0.5359221  -0.60049006
  0.30173793 -0.09979688  0.16259278]
[ 1.         -0.6373877   1.11727754  1.26336422  0.08908272 -0.07746004
 -1.52079095 -0.80564105 -0.67621781 -0.16943031  2.0785184  -0.95339
  0.11082565 -0.27773734 -0.72024871 -0.24339185 -1.25314352 -0.39886911
  0.62079924 -0.70777004  0.24668868]
[ 1.         -0.5231585  -0.59386138  0.32784826  0.23993408  0.95399507
  0.84118822  1.85765134  0.19403195  1.80078278 -0.10852161 -0.09143703
 -1.10819207 -0.82884744 -1.04049831 -0.20371276 -0.2197979   2.28102441
 -0.92279723  2.31169148 -0.11642467]
[ 1.         -0.57449388  1.09134308  0.14249408 -0.73640683 -1.40432561
  0.46185084 -0.01914888 -1.42918922  0.72526665 -1.86051782  0.38012313
 -0.37918858  0.3105035   0.40766118 -0.70082816  0.5269154  -0.51519342
  1.37735409 -1.35464708  0.72281746]
[ 1.         -1.3834895   0.52828914 -0.10588868  0.16600075  1.77509219
 -1.63731812 -0.67313679 -0.39798872  0.65953469  1.22937565 -0.99621224
 -0.09959319  0.0575841  -0.28258931 -1.66909352  0.43671864  0.0257802
 -0.81026844 -0.21545266  0.2534059 ]
[ 1.         -0.76529697 -1.79988309 -0.15917077  0.77231881 -2.10117412
 -1.69196792  0.54568078  0.77459911 -0.67540576 -0.24729562 -0.56164441
  0.59068964  0.35649181  0.33036352 -0.19851285  0.97449276  1.15885978
 -0.62111056 -0.855393    0.4870035 ]
[ 1.          0.58800294  0.92685966 -1.35242931 -0.25307738 -1.18595977
  2.0193764   0.13117396  2.23213466 -0.09767259  0.61405869 -1.1514201
  0.96404549 -2.26039679 -1.50652114 -1.46307833  1.20878708 -1.73375849
  0.56791477  1.523935   -1.33621524]
[ 1.         -2.31926121  0.93070296 -2.17515858  0.49072297  2.79543015
 -1.67515627 -0.05740286  0.06937352 -0.41128885 -0.00732289 -1.85128357
 -0.01293804  2.28582169  0.15659288 -2.51015074  2.49849683 -2.70788972
 -0.40307356 -1.46942967  1.45609234]
[ 1.          0.69986695 -2.3764468  -0.22626076 -1.38987619  0.67966181
 -2.7284366   0.90593347  0.87792428  0.74857449 -1.11380502  2.45113379
  1.26193584 -0.96839641 -1.84008631 -0.69166566 -1.64627331 -2.06564698
  0.53759524  1.03734059 -0.99396979]
[ 1.         -1.60098197 -1.2775056  -0.68853282  0.86003496  2.55011697
  1.69095814 -1.36353115 -2.11469187 -0.95793094  1.94529704  1.89108893
 -0.90305658 -4.58239666  4.29559319  1.3116837  -1.15783272 -0.22151042
  3.67411198  4.03517931  0.4937382 ]
[ 1.         -1.8380584  -0.80780561 -0.19557889  0.52062146  1.87712257
  0.84243    -0.69175345 -1.05604008 -0.48076615  1.41132706  1.0833335
 -0.39732047 -2.63778262  2.3299367   1.24173083 -0.01756397 -0.2739802
  1.8740157   1.5037764  -0.64037824]
[ 1.         -0.14058381 -1.57207004  1.66707337  1.51273105  0.39898215
  1.4023033   1.18214587 -1.28243227 -1.65758019  1.53442577  0.31039451
 -0.73050398  0.18176423 -2.90608652 -0.04014996  0.10546323  0.20456542
  0.72114727 -1.9425202   1.05649712]
[ 1.          1.99733349  0.87506535 -2.74895434 -1.28104491  2.148095
 -0.44890165  1.53463148 -0.66446249 -5.40883777 -1.25396917 -2.1437788
  1.0825074  -1.17342212  2.09183512 -0.85426872 -2.97500973  5.88774298
  1.10040273 -2.54252457 -3.73890493]
[ 1.          0.40719985 -1.02957346  0.82583719  1.34634493  0.88077022
  1.0831118   1.51356026 -0.72855755 -0.76983593 -0.04418078 -0.14101073
  0.27415701  1.1718992  -0.67099972  2.30352378 -0.39976894 -1.13885088
  0.72389009 -0.12039837 -0.24267379]
[ 1.          1.15886138 -0.02304491  0.97037632  1.64600329  0.98291573
  1.33272898  1.78318864 -1.64685082  0.41221977 -0.60667149 -0.03901569
  2.83694966  2.32107518  2.17531873  0.57108138 -0.76256471 -1.87940258
 -0.49831401 -1.05689565 -2.71209144]
[ 1.         -1.31941039  0.11729928  0.01866396 -1.39936912 -1.23538547
  0.58914417  0.11133642 -1.05488894 -0.25007028 -2.42600848 -0.10211117
  0.7544501  -1.33297622 -0.36655158 -0.52981103  1.0445868   0.70295962
 -0.14776698 -0.75946113  0.75072534]
[ 1.          0.32697237  0.83254503 -0.17362671 -1.83824469 -1.34933702
  0.30885162 -0.23786259 -0.45324554  0.8049574   1.52453626  0.3409911
 -2.13232493  1.91804087 -0.74936951  0.30287427 -2.47089151  0.69571616
 -1.62296468 -1.50892149 -1.0856131 ]
[ 1.         -0.48234734 -0.46630176 -0.79782559 -0.0062266   0.16303189
  0.38396463 -1.82031016  0.41974975 -0.45890444  0.38576101 -0.08842464
 -0.22153779  1.32941947  0.63092646  0.47338606  0.88293711 -0.51509575
  0.27686233  0.51515109  0.32121286]
[ 1.          0.16701936 -0.87133235  0.34158004 -0.1873388  -0.29059257
  0.31508378 -1.02848363  0.60884008 -0.45963869  0.27358692 -0.54936098
 -0.20451563  0.62900547  0.85258065  0.78300752  0.4199901   0.16735958
  1.20911637  0.48530474 -0.45845938]
[ 1.         -2.25956738 -0.72864668  0.54881217 -0.29922253  0.58396084
  0.86637441 -1.49816179 -0.63064717 -1.30392411  0.65058822  2.41948002
  0.26612612 -2.73325785  1.82862117 -0.27746858 -1.48715021 -0.85885432
 -0.82021307  0.69913541 -1.14311115]
[ 1.          0.57808191  2.88278829  2.14142951  2.34151338 -0.33512907
 -2.12656941 -1.11980569  0.69262744  0.41459646  0.26535378  0.74159368
  1.19757621 -1.7659458  -0.16612841  0.40301511 -0.24688954  1.4447145
  0.3742708  -0.70930921  0.90505755]
[ 1.          0.03390925  0.91337675 -0.87116706 -0.23828385 -0.81246017
  0.93556607  0.12291889  1.57424957  0.10715458  0.81671503 -0.14098666
  0.38896999 -0.92727349 -1.20263211 -0.6816502   1.30222591 -0.915736
  0.6526657   1.56810495 -0.7948463 ]
[ 1.          0.6940125   0.45704672  0.5885564  -2.1828471  -0.48454074
 -0.62943749 -0.00307212  0.02264894 -0.14649444  2.26887509 -1.08541944
 -0.95848433 -0.19463528  0.14129993  0.40427044 -0.85698484 -0.74331759
 -0.85997706 -0.67884328 -0.72762418]
[ 1.          0.66345529  0.38753934  0.83289527  0.58155778 -0.3052059
  0.21261933  0.35564864 -1.68704146  0.79972009 -0.22216279  0.02723397
  0.85212654  0.81323126  0.50759012 -0.58928579  0.11848339 -0.15540944
 -0.93046332  0.74565879 -1.45635499]
[  1.00000000e+00  -1.23758396e+00  -4.69175903e-01   6.24390379e-01
   9.58217418e-01   1.19463597e+00   1.49482703e+00   2.43717877e+00
   5.68445708e-03  -1.31056635e-03   2.42268350e-01  -1.03138379e-01
  -4.95983321e-01  -7.60630670e-01  -9.59376193e-01   1.64555464e+00
   5.62990283e-01   6.44525872e-01   3.89949937e-01   7.17496169e-01
  -7.84488537e-01]
[ 1.          0.78141179 -0.25905097 -1.54595405  0.56615373  0.43321835
  0.62120549  0.16807199 -0.03650169  1.55259524  0.0328983   0.38100629
 -1.00754075  0.10315876  0.18196427 -1.20664316 -1.7426515   1.40328595
 -0.79246595  1.21097068  2.63667448]
[ 1.         -0.27448264 -3.40731951 -1.03176993  1.04982508 -3.15495856
 -4.17950904  2.0209749   1.14744555  0.32547145 -0.3597007   0.2737071
  1.30160728 -0.62268762  0.28537317  0.71856323  0.74150332  0.1819675
 -0.65221796 -2.27824171  0.2059164 ]
[ 1.         -0.26228883 -1.21801475  1.71047154  1.34198726 -0.52119266
  0.33645601  0.6475966  -0.50736666 -1.90970005  1.88808141 -0.80713944
 -0.37396996  0.08438756 -2.49163258 -0.54314844 -0.11077618  0.08270208
 -0.21361651 -1.73119895  1.18289895]
[ 1.          0.32124356 -0.60792077  0.49801576  0.42905924 -0.06556807
  1.82785024  0.54007424  1.33370901 -0.64172181  0.90538005 -1.79650078
  1.47792556 -0.75280346 -1.19055451  0.18810058  1.23833014  0.00543214
  0.62030003  0.04172382 -0.32371712]
[ 1.          1.39277266 -0.23977566 -1.9948139   1.30910255  0.2339044
  1.00686341  0.45147149  0.62748964  0.8721004  -0.29769923 -0.91372862
 -0.02119666 -0.81419535  0.97166325 -0.30645501 -2.92714994 -0.69411283
 -0.9034021  -0.31585842  3.57554674]
