Cluster centers 

[-0.98077223 -0.66146947  0.78461237  0.10554167]
[ 0.97182552 -0.37135442 -1.28232275 -0.89145162]
[ 0.88339508  1.98471146 -0.02167192  0.83089505]
[-1.21668935 -0.48711741 -0.93169803  1.73598022]
[-0.93031938  0.94500093  0.30362709 -1.0081661 ]
[ 1.0736525  -0.76285128  0.96187703  0.99794674]
[ 1.03076667 -1.43586163 -0.13610145 -0.50036831]
[ 1.11854217  0.5331673   0.22720735  0.1170517 ]
[-1.00653677  1.86773577 -2.13588589 -0.73981732]
[-1.05675353 -0.62231314  0.43594057  0.62318968]
[-0.70714266 -0.41225314  0.21051652 -1.42586238]
[ 0.72809406 -2.08636757 -1.09221065  0.40660154]
[-0.92195039  0.46421598  1.32280401 -0.76720422]
[ 1.04092126  1.16166836 -1.36021637  0.16637697]
[ 0.97635554  1.20721587  0.98877556  0.59869296]
[-0.83621314  0.89997561 -1.17403021 -1.28032006]
[ 1.09509654  0.64043878 -0.69768317 -0.05920771]
[-0.98784206  0.13456639  1.91497157  0.36337171]
[-1.40733884  0.01658455 -2.70428278  3.03992342]
[-1.35674063  0.26217183 -0.80132748  2.6957961 ]
[-0.81524343 -1.32704514 -0.33338925  0.03803813]
[ 1.04653065  0.56923029  1.41118806  0.53427061]
[ 0.73643657 -2.00209431 -0.61162677 -0.69350113]
[-0.87365631  0.04870236  1.02293003 -1.00763346]
[ 0.87344093 -1.53055308 -0.58562097 -1.02988737]
[-0.4340057   0.3642167  -2.50192948 -1.57377276]
[ 1.11666875 -1.18519003  0.34943325 -0.00887011]
[-0.85007949  0.44977271  0.15489232 -1.25918368]
[-0.66033649  0.06598901 -0.72000602 -1.59427964]
[-0.92260842 -0.55993967  1.06203788 -0.34472012]
[-0.96847969  1.51399374 -1.26495862 -0.93435564]
[ 1.07607611  0.69097787  0.84864358  0.36549949]
[ 0.95641721 -1.21283963 -0.29383308  1.69103075]
[-0.40406551 -0.88212828 -0.58024775 -1.72317952]
[-1.32395011 -0.20019868 -1.5046907   2.36291755]
[ 1.09572351 -0.05501111 -0.6945819  -0.47696222]
[-1.06421642 -0.04981608  1.3929502   0.80938629]
[ 1.02561103  1.30485529 -0.06506421  0.44699103]
[-0.99670498  1.628032    0.1269359  -0.67305463]
[-1.14436377  0.46387355  1.08040348  2.14281601]
[-0.63767081 -1.72767436 -1.27658375  0.27031217]
[-0.9288369   1.10625571 -0.40968441 -1.07295035]
[-1.17403988 -0.46304879 -0.25167578  1.40336343]
[ 1.15330816 -0.66409631  0.77914446  0.18296542]
[-0.88366397  0.18360225  1.02376005 -0.9919934 ]
[ 1.14713816 -0.10379306  0.93407017  0.20549458]
[-0.94913625  1.24417736  0.85264921 -0.70402951]
[-0.9668668  -0.08686718  1.60372056 -0.13210977]
[-0.40205083 -0.42519686 -1.15141734 -1.81036351]
[-0.80073909 -0.79468938  0.69747562 -0.85389922]
[-1.05914506 -1.01874431 -1.86676495  1.51606096]
[ 0.76479157  0.09485473  1.56504992  2.25938435]
[-0.80230951 -0.07766625  0.50011521 -1.28415136]
[ 1.07396716 -0.19290836  1.55290295  0.79263837]
[-0.97464954 -0.97020805 -0.03415397  0.41444795]
[-0.78887523 -1.21058495  0.18187798 -0.41157432]
[-1.06973739 -0.92808112 -1.02653419  1.18658913]
[-1.05554945 -0.40527651  0.9203475   0.55481311]
[ 1.12422426  0.37734325 -0.21778377 -0.09073641]
[ 1.05702265  1.0250263   0.24656506  0.35499956]
[ 0.7366121  -1.32064957 -1.01887856 -1.38248726]
[-0.02987175 -2.16076293 -0.95782081 -0.67639941]
[-0.85286891  1.09929322 -1.58262813 -1.20367744]
[ 0.98622571  1.70209014 -1.19204513  0.55855563]
[ 1.13337262 -0.48569576 -0.08679052 -0.43096358]
[ 1.01889396 -1.62174233 -0.08451858  0.00877581]
[ 0.99489558  0.51585472 -1.88105057 -0.40376353]
[ 0.85625381 -1.68420044 -1.05293775  1.33952969]
[ 0.77437825  1.20434768  2.15109904  0.98160735]
[ 0.82447377  2.36048825 -0.50698612  1.02554342]
[-0.90285809  1.01230845  2.0936341  -0.18318444]
[-0.84807795 -0.44424116  0.96534306 -0.88485001]
[-0.67771797  0.34421372 -1.18044988 -1.54903113]
[ 1.0238469  -0.72908347 -0.70907749 -0.84766945]
[-1.28555075  0.65891981 -0.02089522  2.97000599]
[ 0.93777062  2.02870038 -2.05634586  0.73545822]
[ 0.98769727  1.60688452 -0.39059268  0.57869502]
[ 1.11544454 -0.92522217  0.03960836 -0.45046173]
[-0.92277936  0.07838801  1.53090645 -0.60651166]
[-0.98148438  1.46802145 -0.54722662 -0.88599595]
[ 1.1415325   0.14821463  0.65679535  0.11682606]
[-0.69545638  1.52869509 -3.93047823 -0.86317741]
[-1.25470504 -0.39517082 -1.14754794  1.96293887]
[ 0.92852312  1.59637443  0.51488519  0.68239502]
[ 0.83642368 -0.96210279 -1.14946043 -1.24099436]
[-0.80452619  1.26331571 -2.59015618 -1.13070995]
[-1.07738353 -0.76758265 -0.23681071  0.92123108]
[-0.92964468  0.78047538  1.5727902  -0.59583285]
[ 0.90906565 -1.78751747 -0.58516685  0.64358192]
[-1.24205815 -0.10234643 -0.1491831   1.88983939]
[-0.90678531 -0.2970118   1.26891766 -0.60552747]
[ 1.08864874 -1.24652809  0.38296395  0.52435888]
[ 1.15076467 -0.04233048  0.17165046 -0.14679289]
[ 0.42924714 -0.9294595  -1.6885816  -1.66884641]
[-0.59075536 -1.50370873 -0.13116488 -0.80132464]
[ 1.05448519  1.17458484 -0.6797631   0.27501297]
[-1.13310546 -0.29542623  0.55412494  1.13472849]
[-0.64035221 -0.30148412 -0.25187567 -1.59708606]
[ 1.09991355  0.20481934  1.28681419  0.4392829 ]
[-0.86088169  0.65587622 -0.18764279 -1.2561639 ]

Populations

0.0119020214042
0.00946953671484
0.0113376565842
0.00925267264506
0.0166217042147
0.011952766697
0.010730048749
0.0139256332612
0.00713722510959
0.0114416374098
0.0122590651792
0.00696161619026
0.00544521668005
0.00710454938408
0.0114120215799
0.00782361710237
0.00917536841244
0.00644712931589
0.00550465958706
0.00941701383561
0.00821452513996
0.00344964268668
0.00696741827839
0.00734192314923
0.00590816332153
0.00313734194148
0.0143147627755
0.0147021850886
0.00551602491023
0.00898528917877
0.0099924550488
0.0177670363075
0.00450823490965
0.00680831394111
0.00414324782796
0.0161549934073
0.0132785599253
0.0168142960802
0.0077814358984
0.00195561333675
0.00448763279597
0.011337200784
0.0139842679026
0.0204863890054
0.014642777309
0.0147479802522
0.0103607063623
0.0144731516242
0.00217994596063
0.0126021128625
0.00582711591597
0.00118269321559
0.0188575272125
0.00790834655847
0.014625206456
0.0093686770838
0.0151678037239
0.0108553682306
0.01606842162
0.0192676902787
0.0059024884676
0.00589512050822
0.00903090814242
0.0058479314414
0.0233036906205
0.0139713872977
0.00911105158566
0.00797506826585
0.00689462053551
0.00826181865611
0.00462454486766
0.0115436653974
0.00551431952599
0.0128270190651
0.00449946466846
0.00234239901719
0.0115942155097
0.0177491602272
0.00906183754064
0.0113996742555
0.0184712312235
0.00220154887401
0.00820106027862
0.0139037329514
0.00670575239099
0.00442978808649
0.00971926754101
0.00657101469605
0.00942603085701
0.0089725852764
0.0121466439389
0.00657407695216
0.0252771103365
0.00785235487331
0.0078291208436
0.0124447092843
0.0122661987526
0.00691379870845
0.0123556799904
0.0088942701848

State labels

0
1
2
3
4
5
6
7
8
9
10
11
12
13
14
15
16
17
18
19
20
21
22
23
24
25
26
27
28
29
30
31
32
33
34
35
36
37
38
39
40
41
42
43
44
45
46
47
48
49
50
51
52
53
54
55
56
57
58
59
60
61
62
63
64
65
66
67
68
69
70
71
72
73
74
75
76
77
78
79
80
81
82
83
84
85
86
87
88
89
90
91
92
93
94
95
96
97
98
99

Eigen values

1.0
0.504301389415
0.43198131178
0.420778864347
0.406707754087
0.393906608815
0.375961277975
0.370025395406
0.358656982162
0.350357464664
0.342880735119
0.319444891192
0.318730274491
0.310618049495
0.300702972399
0.295348727013
0.285594700786
0.279771834464
0.269909357565
0.264945879358
0.250476014247

Left eigenvectors

[ 0.01190202  0.01606202  0.00452032 -0.00892623 -0.00195804  0.01308139
 -0.0125685  -0.00828409  0.01027023 -0.00933954 -0.0051228  -0.00512728
  0.00353785  0.00967698 -0.00975079  0.00107371  0.01133736  0.01971493
  0.00756092 -0.0096029   0.00867673]
[ 0.00946954 -0.00830829  0.00358481 -0.00203006  0.00033729  0.01211303
  0.01289702  0.00257588  0.00271493 -0.00715809  0.00143842  0.0039266
  0.01148461  0.00419248 -0.01293264 -0.00082119 -0.01380143 -0.00044293
 -0.01643393 -0.01258557 -0.00236341]
[ 0.01133766 -0.00708213  0.00180606 -0.01360399  0.00245172  0.01514727
  0.00782138  0.007123   -0.01031788 -0.00394637  0.01397169  0.01021398
 -0.01557133  0.0082343   0.00059885  0.00417979 -0.00998514 -0.00716487
 -0.00124336 -0.01360736  0.00226472]
[ 0.00925267  0.0038761  -0.01851838  0.01280161  0.0071714   0.00223329
  0.01004539  0.0107774   0.00331017 -0.00204542  0.00401644  0.00290952
 -0.00643639  0.00865063  0.01171725  0.01451771  0.01856381 -0.00172401
  0.00119628  0.00753212  0.01055534]
[ 0.0166217   0.01483584 -0.00261895 -0.02178891  0.00404929 -0.01233649
  0.02300203 -0.01554711 -0.01386575  0.02349475  0.00775736 -0.02651322
 -0.00872981  0.00329774  0.01003143 -0.01020476  0.00387135  0.00461934
  0.010889   -0.0236883   0.00581583]
[ 0.01195277 -0.0053327  -0.01987193  0.00727667  0.00993666  0.00791251
 -0.00815808  0.03731816  0.00551089  0.00854221  0.01045139 -0.00755474
  0.00606891 -0.00230959  0.02314787 -0.0042794   0.00067521 -0.00686309
 -0.00097394 -0.00648442 -0.00778229]
[ 0.01073005 -0.0070662  -0.01652428 -0.00394215  0.00975136 -0.0028713
 -0.01149806  0.02919181  0.01640143 -0.00123562  0.01028501 -0.01554576
  0.00164372  0.00771116  0.00795877 -0.00096272  0.01559444 -0.01051861
 -0.00182378  0.00039898  0.00702459]
[ 0.01392563 -0.00292435 -0.00967278  0.00434684  0.00329452  0.01605428
  0.01254795  0.01570225 -0.0048691  -0.00015631 -0.00213233 -0.00469692
 -0.0056092  -0.01135137 -0.03153359 -0.001245    0.00996159 -0.01250007
  0.01135202  0.01040594  0.00830435]
[  7.13722511e-03   3.03588681e-03  -1.48149639e-03  -4.75627409e-03
  -9.30494385e-03   2.17549290e-03  -1.07306805e-02   3.17281193e-03
   5.09909770e-03  -8.66062587e-03   1.91898758e-03  -5.85621871e-03
  -8.95946275e-04   4.67901938e-03  -2.50101140e-03   1.84682702e-02
   1.49835295e-02   4.76913197e-03  -4.85278616e-05   1.24864759e-03
  -6.35138416e-03]
[  1.14416374e-02   1.25038995e-02   1.24456102e-02   4.20724318e-03
  -8.22986296e-03   9.59245147e-04  -1.71690270e-02  -1.02738107e-02
   6.55249774e-03  -6.07433384e-03   5.15886079e-03   1.15273543e-03
  -2.94241837e-03   2.68802747e-04   1.20942826e-02   1.60821156e-02
  -1.20884921e-02  -2.59997012e-02   6.12234907e-03  -3.98036418e-05
   6.02997052e-03]
[ 0.01225907  0.01479078  0.00235144  0.00959648 -0.00043413 -0.00303313
  0.01592544  0.00127297 -0.00480662  0.00996045  0.0097918  -0.0079077
 -0.01448424 -0.02512484 -0.00909882 -0.00176478 -0.00996244 -0.00293709
 -0.01065935 -0.00715868  0.00842985]
[ 0.00696162 -0.00687695  0.01815806 -0.00666509  0.0220579  -0.01804764
  0.00563782  0.00224943  0.00818681  0.0093387   0.00221513  0.00744912
 -0.00079509 -0.00098428 -0.00295985  0.00772491  0.01224469  0.00023899
 -0.01141143  0.01694177 -0.01043013]
[ 0.00544522  0.00769612  0.00457656  0.00707388 -0.00357971  0.00285209
 -0.01164627  0.0154004  -0.00706501  0.01333466  0.00410977 -0.00095672
  0.02056399  0.00608038 -0.00203781 -0.00942005 -0.00388094  0.00284861
  0.00227736  0.00123045 -0.0010827 ]
[ 0.00710455 -0.00757657 -0.00102216  0.00383915 -0.00861457 -0.00254978
  0.00654853 -0.00453916  0.00048681  0.00305281  0.01026036  0.00340447
  0.00887008 -0.00297899  0.01109167 -0.00338832  0.00438125  0.00707319
  0.00149595 -0.00416383 -0.00464973]
[ 0.01141202 -0.01225543  0.00448096 -0.00888892 -0.01159413 -0.00184529
 -0.00584135 -0.00957903  0.0068734   0.00675402  0.00223445  0.02404709
  0.0164462   0.00712881 -0.0006362   0.00151006  0.00394593 -0.00396726
 -0.00608996 -0.01004391  0.00541741]
[ 0.00782362  0.00052916  0.00584624 -0.01063928  0.00533858 -0.00014723
 -0.00916704 -0.00364544 -0.00053912 -0.0154007  -0.0034596  -0.00091424
  0.01012728 -0.00466338 -0.00251825  0.01011111  0.00751716  0.01560403
  0.01766318 -0.00819695 -0.00107098]
[  9.17536841e-03  -1.49999677e-02   6.71400539e-04  -3.83474330e-03
   5.22131747e-03  -4.65785877e-03  -4.29043988e-03  -1.31639550e-02
  -1.70696910e-02  -5.61710494e-04  -3.33051138e-05   1.31065862e-03
   9.89414034e-03   5.86830492e-03  -2.81602004e-03   6.67676328e-04
   5.34891295e-03   5.82062389e-03  -7.74804802e-03  -9.47025522e-03
   6.65535100e-03]
[  6.44712932e-03   1.55176614e-02   1.62479213e-02   1.78155391e-02
   3.07131169e-03  -1.77526153e-03  -1.03102175e-02   1.08148953e-02
   8.86567579e-03  -8.36466417e-03  -5.73035276e-04   1.02991472e-02
  -1.53458338e-05  -2.68020831e-03  -2.22732064e-03  -1.57799863e-02
   1.63145858e-03   1.95618955e-02   7.18547922e-03  -9.29541224e-03
   1.81662072e-02]
[ 0.00550466  0.0105085   0.00241799  0.01015813 -0.00171688 -0.01186724
  0.00219274  0.00647371  0.0006497  -0.01378942 -0.00326371  0.00904172
  0.00155719  0.00506594 -0.00119256 -0.00108977 -0.00151764 -0.00535168
 -0.00044152 -0.00290937 -0.00105555]
[ 0.00941701  0.01561217  0.00127452 -0.00975695 -0.00045995  0.00403325
  0.01110476 -0.01074817 -0.00497238  0.02161998  0.00694339 -0.00599596
 -0.00155205  0.01426386  0.01018585 -0.01249302  0.01166143  0.01677321
  0.00040117  0.00307331 -0.00085878]
[ 0.00821453  0.01099497 -0.00415937 -0.01340173 -0.00358117  0.00306618
  0.00774891 -0.00565084 -0.00267158  0.00670678  0.00423314 -0.00073415
 -0.02103578  0.00912663 -0.00035436  0.00190893 -0.00056423  0.00403467
 -0.00134556 -0.01286533 -0.00629375]
[ 0.00344964 -0.0060749   0.01284709 -0.00252552  0.01443142 -0.01099405
  0.00111644  0.00047962  0.00457119  0.003152    0.006521    0.00108806
 -0.00605657 -0.0059195  -0.00611205  0.00223004  0.01025123 -0.00199641
 -0.00793478  0.0018603  -0.01034682]
[ 0.00696742 -0.00961804  0.01184055  0.00018216 -0.00384393  0.00155308
  0.00328556 -0.00253741  0.00968583 -0.00294396 -0.01127404  0.00168731
 -0.00253977 -0.01352118  0.01640551 -0.00866045  0.00125738  0.00062985
  0.01599228  0.00098206  0.00687619]
[ 0.00734192  0.00530817 -0.01864371 -0.00446451  0.00054628 -0.00474198
 -0.00089733 -0.01675878  0.0206421   0.00663918  0.00441687 -0.00112313
  0.00763237 -0.0166495  -0.01046239  0.00333012 -0.01369615  0.00157173
  0.00387345  0.01266736  0.00118191]
[ 0.00590816 -0.00896059 -0.00330039 -0.0002986  -0.00657361 -0.00050954
 -0.00986804  0.00545588  0.00217288  0.00917023 -0.00391824 -0.00054467
 -0.00240289 -0.00715778  0.00207257 -0.00179632  0.00353786 -0.00958841
 -0.0091892  -0.01016799  0.00682892]
[ 0.00313734  0.00152544  0.00249479 -0.00506707 -0.00464723  0.00446685
 -0.00656111 -0.00317671  0.0045173  -0.0071258  -0.00393132 -0.00422781
  0.00047885  0.0040364  -0.00398743  0.01191198  0.00893273  0.00369536
  0.00357504 -0.00212892  0.00234697]
[ 0.01431476 -0.01948815 -0.00546784 -0.00088311  0.01864209 -0.01058696
 -0.00276877  0.00970759 -0.00350094  0.01424519 -0.01846806  0.0204218
  0.0084971   0.02019852  0.00643906  0.00953594 -0.02724268  0.01120263
 -0.00062823  0.00158997 -0.0137692 ]
[ 0.01470219  0.01205974  0.01588202 -0.01089901  0.00266949  0.03891882
  0.01166776  0.00852658 -0.00796394  0.00821243  0.00323578  0.01639194
 -0.00667196 -0.00178595 -0.0151206  -0.02755514  0.00039075 -0.03191293
  0.00300157  0.01373109 -0.01428357]
[  5.51602491e-03   6.47752921e-03   6.05855375e-04  -5.38704141e-03
   6.21578796e-04   1.45203787e-02   1.90270323e-03  -3.82950774e-03
   9.38049754e-04   6.50742631e-03  -8.90464870e-05   1.38121438e-02
  -1.28155313e-02   1.43644719e-02  -5.90831674e-03  -7.81365514e-05
   1.98674798e-03  -1.07953151e-02   6.29408859e-03  -6.39195096e-03
  -4.58428028e-03]
[ 0.00898529 -0.00049476  0.00125584 -0.00537763 -0.01630286  0.00440133
 -0.01738266 -0.01542696  0.01526015  0.00639443 -0.00348699  0.00897266
 -0.00300931  0.00171243 -0.00072235  0.01014973  0.00517754 -0.01853579
 -0.00323665 -0.01575361  0.0029031 ]
[  9.99245505e-03   1.33912649e-02   1.65533869e-02   4.72845237e-06
  -9.41069019e-04  -1.51720606e-03  -1.39790760e-02   1.09384713e-02
  -1.55859020e-03   4.69574412e-03  -2.85807565e-03  -4.35065891e-03
  -1.90582581e-02  -4.47357955e-03   1.85210885e-03  -5.87814090e-03
  -9.80660609e-03   2.82590436e-02  -1.80618098e-02   9.06708313e-03
   2.71738697e-02]
[ 0.01776704 -0.00304066 -0.0297912   0.0058401   0.0152399   0.00024409
  0.00531142  0.00220586  0.00409974  0.01437721 -0.01228686  0.03255787
 -0.00699764  0.01773037 -0.00018995  0.01632762 -0.02110706  0.00081569
  0.01411091  0.01247845  0.00227089]
[ 0.00450823 -0.00497934  0.00308647 -0.00486374  0.00839252 -0.00010355
 -0.00138349 -0.0011451  -0.00500593 -0.00939031  0.02440928 -0.00099941
 -0.0054485   0.00494673  0.00664472  0.00159751 -0.01165499 -0.00168365
  0.01029924 -0.00818895  0.00449522]
[ 0.00680831  0.00783021 -0.00776352 -0.01372505 -0.00080856 -0.00536089
  0.00169228 -0.0005377  -0.00239535 -0.00879156 -0.00338946 -0.01874595
 -0.00410842  0.01062873  0.00930926 -0.01280091  0.00845027 -0.0017168
 -0.00130318 -0.00249473 -0.00886791]
[  4.14324783e-03   4.84181743e-03   2.25977916e-03  -2.47163198e-03
  -5.75843013e-04   1.34201059e-04  -6.87455971e-03   1.59587056e-04
   5.37623433e-04  -1.42576604e-03   1.66781512e-03  -5.05313941e-04
  -5.22080764e-03   1.40615546e-03   3.48198035e-03   1.98465703e-03
   1.75304658e-03   8.66586705e-03   1.47301326e-05  -1.91033236e-03
  -1.47326245e-03]
[ 0.01615499 -0.01790743  0.00589304 -0.003614   -0.01842443  0.01102489
  0.00819948  0.00231073  0.00353462  0.00442443 -0.00158661 -0.00883993
  0.00573892  0.00290497 -0.00697421  0.00765678 -0.00763549  0.00491251
 -0.0293137  -0.01723539  0.00295721]
[ 0.01327856  0.00805081  0.00991018 -0.01228448  0.00077186  0.00466087
  0.00158513 -0.0019509  -0.01146003 -0.01193407 -0.01806307 -0.01612741
 -0.00345607  0.00802213  0.0076665   0.01307472 -0.00650033 -0.0016883
 -0.01307031  0.01262912  0.01064073]
[ 0.0168143  -0.01415045 -0.00299546 -0.0022923  -0.00047947  0.00345718
 -0.01728902  0.02601513  0.00190463  0.00773358 -0.01226425 -0.00673598
 -0.03356603  0.00091906  0.00600366 -0.01307001 -0.02515802  0.01311368
 -0.00643766  0.01942149  0.0036469 ]
[ 0.00778144  0.00386457  0.00892212  0.00487203  0.00073603 -0.00406736
 -0.0014525  -0.01074732 -0.00305938 -0.00341663 -0.00869634 -0.00412695
 -0.00313556 -0.00167044  0.00432592  0.002028   -0.00883541 -0.01305073
  0.01417836 -0.00021684 -0.00112447]
[ 0.00195561  0.00518316 -0.00018525 -0.00017691 -0.00486327 -0.01339224
  0.00333562  0.00414742 -0.00045664 -0.01193169 -0.00268136  0.0025421
  0.00080617  0.00564717 -0.00178964 -0.00678168 -0.00166835 -0.00642766
 -0.0034056  -0.00136121 -0.00187586]
[  4.48763280e-03   8.06555286e-03  -5.16163786e-03   5.85678015e-05
   2.72269145e-03   1.25743365e-03   9.12422346e-03  -1.38505263e-03
  -1.44683129e-03   7.02850184e-04  -3.77963013e-04  -1.94056323e-04
   1.84351155e-04  -7.00933933e-03  -4.66242722e-03   9.34202433e-03
  -6.27824533e-03   5.00975424e-03  -1.03459246e-02  -9.14914014e-03
   3.21862529e-03]
[ 0.0113372  -0.00077622 -0.00314019 -0.00154475  0.00198917 -0.01334598
  0.00365229 -0.00739295 -0.00279244  0.01811439 -0.00883437 -0.0069663
  0.00367057 -0.00214918  0.00485352  0.00134176 -0.00362616 -0.00246459
  0.00799197 -0.00451357 -0.00316244]
[ 0.01398427  0.0161971  -0.01498513  0.02211805 -0.00497694 -0.00576133
  0.00347815  0.00359382  0.00098885  0.00131612  0.01590523  0.0048521
  0.00334742 -0.01263234  0.01459468  0.02751345 -0.00081848 -0.00819259
 -0.01555212  0.00408184 -0.00028387]
[ 0.02048639 -0.01781373  0.00595278  0.00309159 -0.01957271  0.0220776
  0.01697036  0.00764986  0.01265988 -0.0149004  -0.00555085 -0.02163293
 -0.0106749   0.01430235 -0.02493744  0.01427426  0.01528477 -0.00073432
  0.00655252  0.02934243  0.00583529]
[ 0.01464278  0.01414195 -0.00386838  0.01275467  0.00971194  0.00946259
  0.01562703  0.00144118  0.00114288 -0.02086993 -0.00281534  0.01306284
  0.0024362  -0.00348484 -0.01713819 -0.00508945  0.01376167  0.00327637
 -0.00584585 -0.01704129  0.00337311]
[ 0.01474798 -0.01766401 -0.00142525  0.00776789 -0.04006527 -0.00682625
  0.00654229  0.00992913 -0.02353288 -0.00184582  0.00871385 -0.00073501
 -0.0148668  -0.01204039 -0.00758876  0.00551327 -0.00331654  0.02175545
  0.01029327  0.01442173 -0.02363719]
[ 0.01036071  0.00825993 -0.00511791 -0.01344094  0.01060415  0.01066335
 -0.00907875 -0.00198361  0.0070998  -0.0194774  -0.00231466 -0.00516508
  0.0127179  -0.02549355 -0.01137138  0.00716482  0.00025616  0.0133075
  0.00502456  0.00216325 -0.02505738]
[  1.44731516e-02   1.12177851e-02   4.04631223e-03   8.07168552e-05
  -1.41508257e-04   1.25849957e-03   2.64438136e-03   1.63225847e-03
  -1.02999518e-02   8.66542629e-03  -2.59521155e-03  -4.08016524e-03
  -1.14843057e-02  -7.45715107e-03   7.80569500e-03   1.21661781e-02
  -4.29068022e-03   8.96377861e-03   1.30665053e-03   1.00627672e-02
   5.50174029e-03]
[ 0.00217995 -0.00028635  0.00472439 -0.00114091 -0.00085    -0.00085546
 -0.00137155 -0.00212038  0.00113519 -0.00405156  0.01470164 -0.00248966
  0.0026291   0.00333121  0.00399752  0.00376029 -0.00941721 -0.00769207
  0.0071881   0.00198589  0.00648592]
[ 0.01260211  0.01389064 -0.02552728 -0.01604468  0.00451462 -0.00742947
  0.00538213 -0.01793054  0.01456974  0.01506403  0.00781008 -0.00627711
  0.00756219 -0.02129357 -0.0136865  -0.00455366 -0.01716436  0.01586207
  0.00715627  0.00035934  0.01118215]
[ 0.00582712  0.00323517 -0.00376129 -0.01503615  0.00726747  0.01207626
 -0.0024926   0.0103356  -0.00249145 -0.01087986 -0.00284643 -0.00482341
  0.00771369 -0.01345618  0.0103903  -0.00729997  0.00089224 -0.00504143
  0.00185674  0.00470166 -0.01993963]
[ 0.00118269 -0.00243147  0.0002553   0.00096244 -0.00538829  0.00087857
  0.00198907  0.0016819  -0.00168209 -0.00141935  0.00058025 -0.00201127
 -0.00285437 -0.00028052 -0.00337919  0.00213114  0.00104061  0.00310354
  0.00224579  0.00535991 -0.00319699]
[ 0.01885753  0.01949098  0.01309854 -0.00925464 -0.00496627  0.00270592
 -0.0217155  -0.0033243  -0.01714573  0.01409164 -0.00236193  0.00023789
  0.00312621  0.00755021  0.015411    0.01305003  0.01523257 -0.00737604
 -0.00962145  0.02319056 -0.00097423]
[ 0.00790835 -0.00230098  0.00204283  0.00577873 -0.00136535 -0.00083929
 -0.00219786  0.0072937  -0.00628836  0.00478573 -0.0166273  -0.00836793
  0.00631902  0.01148203 -0.00602813  0.00833126 -0.02113454  0.00230108
 -0.00327506 -0.00231884 -0.00822226]
[ 0.01462521  0.01658422  0.0295479   0.01630294  0.01494119 -0.00799112
  0.00248522 -0.00152275  0.00505015  0.00517904 -0.00353717  0.00428732
 -0.01422999 -0.02460204 -0.00848803 -0.01153438  0.00168747 -0.00038567
  0.00300198  0.00392551 -0.00512701]
[  9.36867708e-03   9.50324512e-03  -6.64035304e-03  -1.03045465e-02
  -2.17220722e-03   9.69447233e-03  -2.31494663e-02  -1.16843890e-02
   2.14092349e-03  -5.86476122e-03   7.97476420e-05   1.99124181e-02
  -5.63774180e-03  -1.23141014e-03   1.98870933e-03  -8.44394186e-03
   1.35220207e-03  -2.32725066e-03  -1.42104678e-02   5.85895914e-03
  -1.69239021e-02]
[ 0.0151678   0.01768866  0.01141603 -0.00288713 -0.01721418 -0.01227026
 -0.0112913   0.00968609 -0.02157405  0.01015683  0.01842611 -0.01015566
  0.02360968 -0.00656981 -0.0089032   0.00228422 -0.0122141  -0.01376276
  0.01968833  0.00413794  0.0137017 ]
[ 0.01085537  0.00657105 -0.00063423  0.00728384 -0.00388629  0.00125981
 -0.03703559 -0.00036867 -0.01317658  0.01111359  0.00348602  0.01082982
  0.00736885 -0.0053645  -0.00025643 -0.00091081  0.01774835 -0.0145446
 -0.02348174  0.00922808  0.0091456 ]
[ 0.01606842 -0.02623448  0.01154544 -0.00811516  0.02643905 -0.00592945
 -0.00448248 -0.00805498 -0.01736532 -0.02046672  0.03884741  0.00125113
 -0.00521291 -0.00582992 -0.01345641 -0.0024633   0.00747347  0.00689584
 -0.00578869 -0.01431792 -0.00315991]
[ 0.01926769 -0.0001592   0.01085747  0.0290678   0.01318335  0.004621
  0.00269388 -0.01612274  0.00558003  0.00317627 -0.02512086  0.00021431
  0.01243375  0.01587384 -0.02205652 -0.00331547 -0.00197457 -0.00338713
  0.02874522 -0.02187522 -0.01916795]
[ 0.00590249  0.00326052 -0.01480929 -0.00871127 -0.00428607 -0.00850557
 -0.00404849 -0.0087022   0.01217451 -0.00184065 -0.00046375  0.00864377
 -0.00158105 -0.00617972 -0.00378189 -0.01599528 -0.00816087  0.00127174
 -0.0082717   0.0101767  -0.00275691]
[  5.89512051e-03  -5.80122283e-03  -9.80550997e-03   1.98773470e-03
  -1.08167976e-02  -8.96786249e-03   9.39258709e-03   6.56844652e-04
  -1.22694698e-02  -5.62178206e-03  -4.20128371e-03   1.18113985e-02
  -3.53944907e-03  -1.56686749e-03   4.98224793e-03  -9.84423136e-05
   8.54110843e-03   4.15928217e-03   5.47244988e-03   9.17576514e-03
   4.89329710e-03]
[ 0.00903091  0.00723816 -0.00180051  0.02178351  0.00757644 -0.00150659
  0.00710368 -0.00216564 -0.00552422 -0.00041998 -0.00356579  0.00399523
  0.00330713 -0.00765775  0.0041439   0.00456785  0.01358005 -0.00731976
  0.00098814  0.00096667 -0.00365013]
[  5.84793144e-03  -9.57970497e-03  -3.64272096e-03   4.16853624e-03
  -9.23539303e-03  -2.71302804e-03   8.87541256e-04   1.03533845e-03
  -1.39511613e-02   3.47953264e-03   2.73948498e-03  -3.55193941e-03
  -8.71330568e-03  -1.15508503e-02  -9.62624919e-03  -6.22743299e-04
   2.11348415e-03  -6.81293880e-05   1.90060972e-03   1.07773126e-03
   1.55255011e-03]
[ 0.02330369 -0.00851371 -0.02158077 -0.02569437  0.01020728 -0.01556472
  0.00152089  0.01764692  0.01179977  0.00193083 -0.00298086 -0.00638685
  0.02905732 -0.00540241 -0.01005191 -0.00721255  0.00075178 -0.00922663
 -0.0030582  -0.00400506  0.00958713]
[ 0.01397139 -0.01679976  0.01669523  0.00044117 -0.00997891  0.00098359
  0.0197808  -0.01166409  0.0342688  -0.00767636  0.02822149 -0.00920855
  0.02037191  0.0150969   0.00286719  0.00213863 -0.00682124 -0.00656401
 -0.00639893  0.03325436  0.0079446 ]
[ 0.00911105 -0.00124652 -0.0102991   0.00732604 -0.00058199  0.00042346
  0.0004042   0.00995725 -0.00081727  0.01345426  0.00748076 -0.00630997
  0.01711925 -0.00445585  0.00664525 -0.00380836  0.0004781   0.00193258
  0.00024647 -0.01429788 -0.00478873]
[ 0.00797507 -0.00698108  0.01123785  0.00246932 -0.01569643  0.00712057
  0.00969683 -0.00192308  0.0123118   0.00149606  0.00781854 -0.00073805
  0.01617509  0.01394554 -0.00826069 -0.00967128  0.00039091  0.01193425
 -0.00634294  0.00476042 -0.00588628]
[  6.89462054e-03  -2.51410314e-03  -9.57239439e-03  -1.64691700e-04
   5.58254541e-03  -2.58973364e-04  -8.69803852e-03  -7.49639009e-03
  -7.55596054e-04  -2.63952033e-03   5.88393737e-04  -2.95041925e-03
  -4.00050660e-04  -8.60326814e-04  -6.53620651e-03  -1.12426061e-02
   4.63603828e-03  -1.53929985e-06   4.91309067e-03   1.06117722e-03
   1.09809111e-02]
[ 0.00826182 -0.00642862 -0.01389221  0.00381164  0.00567791  0.00353244
 -0.00306409  0.00176858  0.01101006  0.00033287 -0.00685708 -0.01554622
 -0.00167128  0.00272497 -0.01997287 -0.00470297  0.00972564 -0.00838643
  0.0105356   0.00527575  0.01598756]
[ 0.00462454 -0.00078105  0.00338273 -0.01071379  0.00293814  0.01512677
  0.00947436  0.00302645 -0.00658038 -0.00988576 -0.01092543  0.00169685
  0.00390004 -0.01015392  0.01355326 -0.00326736 -0.00221311 -0.00871411
 -0.00619747  0.00329487  0.0056145 ]
[ 0.01154367 -0.00562646  0.003535    0.03138357 -0.00640166  0.00711062
  0.00848271 -0.00419223  0.01668131 -0.00633346 -0.00061517 -0.00280673
  0.00320403 -0.00467952  0.02526201 -0.01459019  0.01256847  0.01495254
  0.00746401 -0.01043353 -0.01361175]
[ 0.00551432  0.00415443  0.0002102   0.00380772  0.00548863  0.00353195
  0.00962676  0.00465242 -0.00955799  0.00195002  0.0065924   0.00074911
  0.00502133 -0.01059102 -0.00964479 -0.00312781  0.00771886 -0.00901933
  0.00122621 -0.0047675   0.00337815]
[ 0.01282702 -0.0164265   0.02154851 -0.00709007  0.00945127 -0.00938306
  0.00100613  0.00226315  0.01292654  0.00882031 -0.00522453  0.01092054
 -0.00781372 -0.00454008  0.0041972  -0.00249367 -0.0029261   0.00423763
 -0.00189632  0.0124064   0.00296586]
[ 0.00449946  0.005368   -0.00927773 -0.00529394 -0.00659469 -0.01826176
  0.00549234  0.00471873  0.00156192 -0.01762312 -0.00270039  0.00664571
 -0.00178629  0.0059464  -0.0030771  -0.01661226  0.00237339 -0.00387346
 -0.00601321  0.00058586 -0.00153041]
[ 0.0023424  -0.00437482  0.00355931 -0.00341201 -0.00155791  0.00648131
  0.00514848  0.00038352  0.0012493  -0.00488972 -0.00792643  0.00246999
  0.00172023 -0.00698056  0.00832803 -0.00272788  0.00188721 -0.00285555
  0.00179928  0.00339413  0.0087125 ]
[ 0.01159422 -0.01558188 -0.01366167  0.01373995  0.0086133   0.00218038
 -0.01050478 -0.0104912  -0.01203177 -0.00293667 -0.01169347 -0.0235422
 -0.01030821  0.01496941 -0.01121144 -0.01547239 -0.00919893 -0.00440423
  0.00072084  0.01167789  0.00646634]
[ 0.01774916  0.00080584 -0.00794783 -0.00313073  0.01904679 -0.00896219
 -0.00956266  0.02058586  0.01403731 -0.01499382  0.01064292  0.0189437
 -0.01294968  0.01760227 -0.00449263  0.00902424  0.00063035  0.01429457
  0.01625918  0.00132555  0.01821715]
[ 0.00906184  0.00746943 -0.00470276  0.01919187  0.00178205 -0.00054988
 -0.00322252 -0.0135195   0.00172281 -0.00323634  0.00359394 -0.00134258
  0.00105137 -0.01219652  0.00686536  0.01299077 -0.00395134 -0.00374087
  0.00178915  0.01287542 -0.01860147]
[  1.13996743e-02   6.69618987e-03  -2.47586974e-03  -1.29436046e-02
   1.29008866e-02  -8.67884883e-03   2.21367346e-02  -8.89613159e-04
  -1.42153061e-02   5.10642265e-03  -1.08319336e-02   1.26641553e-03
   1.19854208e-02  -8.90897965e-04   8.05834844e-03   1.01401973e-02
   1.50996899e-02   7.86967121e-05  -2.55968707e-03   1.22374161e-03
   1.31919739e-02]
[ 0.01847123 -0.02465161 -0.00143616 -0.00585155 -0.00400311 -0.00314103
 -0.00029069 -0.00744744  0.00334301  0.00605488 -0.00748933  0.03212072
  0.01756883 -0.00499207  0.0039633  -0.00221584  0.00866275  0.00816635
 -0.00792863 -0.01305285  0.02264889]
[ 0.00220155  0.00323331  0.00445436 -0.00020153 -0.00340957  0.00632891
  0.00155634  0.00303909 -0.00120284  0.00853069  0.00431736  0.00041443
  0.00897735  0.00751741 -0.0025881  -0.01145467  0.00110779  0.00310544
 -0.00029485  0.00435536 -0.00444326]
[  8.20106028e-03   9.26561117e-03   3.47615277e-03  -3.74017698e-04
  -1.78216445e-02  -1.81654265e-02   3.69820615e-03   6.90301937e-03
  -4.80320269e-04  -4.86384019e-03   6.62637441e-03  -3.98073397e-04
  -6.29662231e-03  -7.74514268e-05  -4.09446060e-03  -3.33784970e-03
  -1.67278494e-03  -1.78177853e-03  -7.81167830e-03  -9.56991484e-03
  -4.77238015e-03]
[  1.39037330e-02  -1.66656869e-02   1.35550659e-02  -2.53685084e-04
  -6.30273614e-03  -1.44929206e-02  -7.03056204e-03   1.05845698e-02
   3.19532680e-02   1.96772852e-02  -1.85857000e-02  -2.75728952e-02
  -2.10199582e-02  -7.27583209e-03  -1.31838379e-03   3.70572246e-05
   7.13505318e-03  -2.59275767e-02   1.17612720e-03  -3.48609436e-02
  -1.04996701e-02]
[ 0.00670575 -0.01295617 -0.00382724  0.01618056  0.01495954  0.00041652
 -0.0165443  -0.02374901 -0.02131224 -0.01001018  0.00472549 -0.01217457
 -0.0011692   0.00679444 -0.00656126 -0.01326834  0.00174502 -0.00357146
 -0.01111691  0.00054773 -0.00281459]
[ 0.00442979  0.00676287 -0.00617196  0.00054345  0.00421397  0.0058325
  0.00759701 -0.00180727  0.00311008  0.00404164  0.00321398  0.01066683
 -0.01319658  0.01451265  0.0006156   0.00218242  0.00432422  0.00012801
  0.00361963 -0.00180452  0.00132029]
[ 0.00971927  0.01102849  0.01139445 -0.00591131 -0.00178745 -0.0216644
  0.00427777  0.00102237 -0.00710448 -0.01290361 -0.01297738 -0.01356815
  0.01274973  0.01195869  0.00274272  0.00385573 -0.01005562 -0.01497914
  0.00459646  0.00647514  0.00110566]
[ 0.00657101  0.00329701  0.00576734 -0.00541467 -0.00071245  0.00297352
 -0.00508683 -0.00324994 -0.00439916  0.00262027 -0.0027814   0.00170722
  0.00202771 -0.00284164  0.00289115 -0.00416243 -0.00206787 -0.00280467
  0.0189979   0.00029752  0.00286388]
[ 0.00942603 -0.00854579 -0.00060267 -0.01135526  0.0067684   0.00079567
 -0.00991703  0.01079369 -0.00606394 -0.00785126  0.00818647  0.00766645
 -0.00427116 -0.00667944  0.01298399 -0.00209905 -0.01179825  0.00862874
  0.01709161 -0.00107423 -0.01470744]
[ 0.00897259  0.0039958   0.00230385  0.00150582  0.00138447  0.01686822
  0.00595644  0.00014801 -0.00015018 -0.0141904  -0.00831736 -0.00668669
  0.00629408 -0.00379144  0.00071573  0.0118777  -0.02096702  0.00749565
 -0.03249499 -0.01445803  0.00438933]
[ 0.01214664 -0.00501418 -0.00870139  0.02223488  0.0105864   0.01066181
 -0.00239852 -0.00991146  0.00117713 -0.00985424  0.00196421 -0.00997619
 -0.006474    0.00947001  0.01993459 -0.00720655 -0.00860394  0.00479959
 -0.01084939 -0.00353766 -0.00615003]
[ 0.00657408  0.00325729  0.00604206 -0.00284498  0.01103908 -0.0093088
  0.00679701 -0.00426604 -0.00998546  0.00826194 -0.01042798 -0.00147096
  0.00872786  0.01094654  0.00315996  0.00850919  0.00576029  0.00188709
 -0.00117873  0.00489156 -0.00516962]
[ 0.02527711 -0.02928002 -0.00539474  0.00649303 -0.00931377 -0.00349042
  0.0066687  -0.02991571 -0.01668318 -0.00231946 -0.0219379   0.01295818
  0.00603959 -0.01317199  0.02843449 -0.0170049   0.00490899  0.00078687
  0.01390944  0.00098969  0.02266435]
[ 0.00785235 -0.00799114 -0.00363372  0.00105027 -0.01697869 -0.00136768
 -0.00153953  0.00321872 -0.01534212 -0.00012379  0.00615441  0.01005486
 -0.00114539 -0.00579211 -0.00876494  0.01193633  0.01123044 -0.00128516
  0.00011659  0.00214201  0.00458876]
[  7.82912084e-03  -2.10730344e-03   9.19398316e-03  -6.08683745e-03
  -1.54530912e-03  -2.95844287e-03  -1.31701274e-03   7.42218167e-04
   2.50439395e-03   2.67042005e-03  -4.39849051e-03  -9.44585173e-03
  -8.36564253e-03  -4.34704378e-04  -5.77304689e-04  -6.10488377e-05
  -3.19754688e-03   8.22127018e-03  -2.66877398e-03   5.15680893e-03
  -1.16697724e-03]
[ 0.01244471  0.00582633 -0.00262384  0.00862988  0.00555801  0.0005683
 -0.00521015  0.01055823 -0.0042176   0.00100877 -0.01514816  0.00622742
  0.01080345  0.00568103 -0.01591915  0.01659846 -0.00986207  0.00565497
  0.00975464  0.00091258 -0.01599391]
[ 0.0122662   0.00999835 -0.00093327  0.01844625  0.00034536  0.00414781
  0.00984216 -0.01616453  0.01462524  0.00043729  0.00805675  0.00215101
 -0.01189179  0.0032013   0.00665957 -0.00571702 -0.01309887 -0.01312871
 -0.00886848  0.01252117 -0.00372402]
[ 0.0069138   0.00233024 -0.00765008 -0.00922001 -0.01191412 -0.00357724
 -0.0092407  -0.01146693  0.00038315  0.00230222 -0.00190912  0.0014706
 -0.00584821  0.00130306  0.00463073 -0.00823393  0.00801477  0.0021139
 -0.00108257  0.00253939 -0.01217273]
[ 0.01235568 -0.00846294  0.00197046 -0.00017663 -0.02104367 -0.00540303
  0.00358001  0.00431941 -0.00311386  0.00145782 -0.0001379   0.01028183
 -0.00950805 -0.00554218  0.00097709  0.00510502 -0.00731777  0.00022876
  0.00906699 -0.01991479 -0.01993818]
[ 0.00889427  0.00780365 -0.00502477  0.00670184 -0.00271158  0.00452591
  0.00604209 -0.00483287  0.00513857 -0.00067331  0.00814716 -0.01403343
  0.00289756  0.00749805  0.01757771  0.00618049  0.015684    0.00994799
 -0.00622387 -0.00048446 -0.00668475]

Right eigenvectors

[ 1.          1.34952051  0.37979441 -0.7499757  -0.16451352  1.09909007
 -1.05599681 -0.69602357  0.86289836 -0.78470168 -0.43041401 -0.43079073
  0.29724787  0.81305362 -0.81925516  0.09021252  0.95255751  1.65643518
  0.63526382 -0.80682954  0.72901352]
[ 1.         -0.87737055  0.37856193 -0.21437801  0.03561864  1.27915791
  1.36194848  0.27201706  0.28670145 -0.75590666  0.15190013  0.41465579
  1.21279509  0.44273349 -1.36570989 -0.08671861 -1.4574559  -0.04677377
 -1.73545188 -1.32905835 -0.2495807 ]
[ 1.         -0.62465555  0.15929731 -1.19989453  0.21624538  1.33601388
  0.68985857  0.6282604  -0.91005424 -0.34807648  1.23232571  0.90089011
 -1.37341707  0.72627867  0.0528196   0.36866471 -0.88070549 -0.63195374
 -0.1096668  -1.20019166  0.19975227]
[ 1.          0.41891682 -2.00140906  1.38355769  0.77506245  0.24136675
  1.0856747   1.16478803  0.35775276 -0.22106289  0.43408406  0.31445173
 -0.69562536  0.93493335  1.26636425  1.56902906  2.00631919 -0.18632535
  0.12928991  0.81404763  1.14078851]
[ 1.          0.89255816 -0.15756199 -1.31087083  0.24361482 -0.74219182
  1.38385516 -0.93534991 -0.83419546  1.4134983   0.46670088 -1.59509658
 -0.52520553  0.19839953  0.60351419 -0.61394168  0.23290946  0.27791035
  0.65510755 -1.42514243  0.34989375]
[ 1.         -0.44614767 -1.66253781  0.60878575  0.83132682  0.66198175
 -0.68252664  3.12213594  0.46105597  0.71466356  0.8743912  -0.63204935
  0.50774123 -0.19322647  1.93661204 -0.35802608  0.0564897  -0.57418381
 -0.08148277 -0.54250343 -0.65108714]
[ 1.         -0.65854348 -1.54000006 -0.36739309  0.9087898  -0.26759465
 -1.07157532  2.72056664  1.52855123 -0.11515505  0.9585237  -1.4488058
  0.15318838  0.71865073  0.74172684 -0.089722    1.45334317 -0.98029467
 -0.1699697   0.03718319  0.65466507]
[ 1.         -0.20999733 -0.69460257  0.31214686  0.23657927  1.152858
  0.90106875  1.12757909 -0.34965009 -0.01122428 -0.15312285 -0.33728597
 -0.40279663 -0.81514189 -2.26442772 -0.0894037   0.71534176 -0.89763049
  0.81518886  0.74725053  0.59633537]
[ 1.          0.42535954 -0.20757316 -0.66640382 -1.3037201   0.30480934
 -1.50348074  0.44454419  0.714437   -1.2134444   0.26887026 -0.82051758
 -0.12553146  0.65557963 -0.3504179   2.58759811  2.09934943  0.66820534
 -0.00679926  0.17494861 -0.88989545]
[ 1.          1.09284179  1.0877473   0.36771338 -0.71929066  0.0838381
 -1.50057429 -0.89793185  0.57268881 -0.53089725  0.45088483  0.10074917
 -0.25716759  0.02349338  1.05704124  1.40557816 -1.05653515 -2.27237591
  0.53509378 -0.00347884  0.52701989]
[ 1.          1.20651751  0.19181219  0.78280655 -0.03541298 -0.24741916
  1.29907468  0.10383877 -0.39208732  0.81249696  0.79873961 -0.64504879
 -1.1815126  -2.04949037 -0.74221128 -0.14395716 -0.81265911 -0.23958503
 -0.86950717 -0.58394992  0.68764219]
[ 1.         -0.98783809  2.60831029 -0.95740545  3.16850274 -2.5924496
  0.80984323  0.3231185   1.17599251  1.34145558  0.31819195  1.07002669
 -0.11421073 -0.14138738 -0.42516675  1.10964325  1.75888561  0.03432923
 -1.63919193  2.43359791 -1.49823456]
[ 1.          1.41337274  0.84047306  1.29909911 -0.65740529  0.52377958
 -2.13880836  2.8282431  -1.29747121  2.44887638  0.75474899 -0.17569948
  3.77652374  1.116647   -0.37423923 -1.72996706 -0.71272436  0.52314077
  0.41823052  0.22596893 -0.19883558]
[ 1.         -1.06643949 -0.14387446  0.54037866 -1.21254249 -0.35889425
  0.9217377  -0.6389087   0.06852088  0.42969814  1.4441954   0.4791963
  1.24850708 -0.41930802  1.56120718 -0.47692321  0.61668263  0.99558593
  0.21056258 -0.58607998 -0.65447182]
[ 1.         -1.07390562  0.39265236 -0.77890868 -1.01595784 -0.161697
 -0.51185957 -0.83938107  0.60229471  0.59183361  0.19579771  2.10717149
  1.44112976  0.62467561 -0.0557485   0.1323219   0.34576963 -0.34763854
 -0.53364427 -0.88011633  0.47471101]
[ 1.          0.06763586  0.74725504 -1.35989282  0.68236699 -0.01881837
 -1.17171423 -0.46595386 -0.06890949 -1.96848878 -0.4421999  -0.1168569
  1.29444945 -0.59606393 -0.32187747  1.29238343  0.96082956  1.99447744
  2.25767456 -1.04771868 -0.13689019]
[ 1.         -1.63480822  0.07317423 -0.41793889  0.56905807 -0.50764815
 -0.4676041  -1.43470588 -1.86038209 -0.06121939 -0.00362984  0.14284534
  1.07833712  0.63957159 -0.30691084  0.07276834  0.58296438  0.63437495
 -0.84443999 -1.03213896  0.72534973]
[  1.00000000e+00   2.40691021e+00   2.52017921e+00   2.76332896e+00
   4.76384379e-01  -2.75356898e-01  -1.59919508e+00   1.67747454e+00
   1.37513541e+00  -1.29742460e+00  -8.88822370e-02   1.59747800e+00
  -2.38025842e-03  -4.15721196e-01  -3.45474790e-01  -2.44759885e+00
   2.53051940e-01   3.03420244e+00   1.11452382e+00  -1.44179088e+00
   2.81772030e+00]
[ 1.          1.90901935  0.43926253  1.84536915 -0.31189546 -2.15585415
  0.3983431   1.17604119  0.11802801 -2.5050457  -0.59289892  1.64255829
  0.28288618  0.92030017 -0.21664543 -0.19797186 -0.2757007  -0.97220981
 -0.08020903 -0.52852879 -0.19175631]
[ 1.          1.65786865  0.1353426  -1.03609832 -0.04884221  0.42829424
  1.17922355 -1.14135622 -0.52802123  2.2958423   0.73732433 -0.63671556
 -0.1648135   1.51469     1.08164352 -1.32664365  1.23833648  1.78116037
  0.04260056  0.32635678 -0.09119465]
[ 1.          1.33847964 -0.5063435  -1.63146724 -0.43595559  0.3732628
  0.9433186  -0.68790854 -0.32522631  0.8164534   0.51532332 -0.08937225
 -2.56080251  1.11103604 -0.04313859  0.2323851  -0.06868677  0.49116285
 -0.16380279 -1.56616798 -0.76617365]
[ 1.         -1.76102215  3.72418119 -0.73211108  4.18345276 -3.18701111
  0.32363927  0.13903358  1.32512097  0.91371904  1.89034196  0.31541281
 -1.75570998 -1.71597484 -1.77179142  0.64645672  2.97167913 -0.5787306
 -2.30017513  0.53927285 -2.99938829]
[ 1.         -1.38043069  1.69941746  0.02614451 -0.55170112  0.2229057
  0.4715607  -0.36418186  1.39016026 -0.42253173 -1.61810937  0.24217087
 -0.36452156 -1.94062919  2.35460398 -1.24299222  0.1804659   0.09039969
  2.29529559  0.14095024  0.98690703]
[ 1.          0.72299469 -2.53934954 -0.60808505  0.07440594 -0.6458768
 -0.12221981 -2.28261462  2.81153797  0.90428398  0.60159574 -0.152975
  1.03956045 -2.26773014 -1.42501984  0.45357539 -1.86547128  0.21407624
  0.52758004  1.72534573  0.16098053]
[ 1.         -1.51664524 -0.55861439 -0.05054003 -1.11263187 -0.08624315
 -1.67023838  0.9234472   0.36777563  1.55212868 -0.66319067 -0.09218926
 -0.40670734 -1.21150762  0.35079783 -0.30404016  0.5988082  -1.62290803
 -1.55533917 -1.72100724  1.15584486]
[ 1.          0.48622027  0.79519286 -1.61508505 -1.4812644   1.42376991
 -2.09129509 -1.01254979  1.43984977 -2.27128604 -1.25307472 -1.34757803
  0.15262978  1.28656571 -1.27095847  3.79683713  2.84722775  1.17786244
  1.13951125 -0.678576    0.7480773 ]
[ 1.         -1.36140257 -0.38197184 -0.0616924   1.30229822 -0.73958337
 -0.19342051  0.67815206 -0.24456859  0.99513962 -1.2901406   1.42662478
  0.5935898   1.41102744  0.44981922  0.66616151 -1.9031177   0.7825929
 -0.04388681  0.11107225 -0.96188841]
[ 1.          0.82026837  1.0802487  -0.74131902  0.18157126  2.64714544
  0.79360752  0.57995308 -0.54168404  0.55858534  0.22008846  1.11493216
 -0.45380764 -0.12147507 -1.0284592  -1.8742204   0.02657769 -2.1706247
  0.20415829  0.93394914 -0.97152692]
[ 1.          1.17431109  0.1098355  -0.97661659  0.112686    2.63239903
  0.34494101 -0.69425135  0.17005901  1.17973113 -0.01614324  2.50400316
 -2.32332732  2.6041347  -1.07111857 -0.01416537  0.36017748 -1.95708238
  1.14105514 -1.15879661 -0.83108404]
[ 1.         -0.05506315  0.13976583 -0.59849298 -1.8143944   0.4898375
 -1.93456858 -1.71691292  1.69834822  0.71165522 -0.3880777   0.99859453
 -0.33491497  0.19058177 -0.08039306  1.12959398  0.5762243  -2.06290442
 -0.36021707 -1.7532672   0.32309469]
[  1.00000000e+00   1.34013762e+00   1.65658858e+00   4.73202266e-04
  -9.41779587e-02  -1.51835165e-01  -1.39896311e+00   1.09467306e+00
  -1.55976703e-01   4.69928971e-01  -2.86023369e-01  -4.35394394e-01
  -1.90726484e+00  -4.47695739e-01   1.85350731e-01  -5.88257928e-01
  -9.81401072e-01   2.82803810e+00  -1.80754477e+00   9.07392936e-01
   2.71943877e+00]
[ 1.         -0.17114049 -1.67676834  0.32870439  0.85776255  0.01373845
  0.2989482   0.12415479  0.23075002  0.80920723 -0.69155359  1.83248724
 -0.39385528  0.99793601 -0.01069138  0.91898409 -1.18799015  0.04591044
  0.79421859  0.70233731  0.12781454]
[ 1.         -1.10449916  0.68462832 -1.07885733  1.86159726 -0.02296873
 -0.30688008 -0.25400159 -1.11039582 -2.08292423  5.41437578 -0.22168503
 -1.20856553  1.09726459  1.4739076   0.3543538  -2.58526754 -0.37346177
  2.2845384  -1.81644208  0.9971132 ]
[ 1.          1.15009576 -1.14029926 -2.01592442 -0.11876062 -0.78740388
  0.24856087 -0.07897708 -0.35182752 -1.29129786 -0.49784163 -2.75339098
 -0.60344105  1.56114001  1.36733643 -1.88018761  1.24116931 -0.25216292
 -0.19141062 -0.36642384 -1.30251129]
[ 1.          1.16860435  0.5454125  -0.59654457 -0.13898348  0.0323903
 -1.65922001  0.03851738  0.12975894 -0.34411797  0.4025381  -0.12196083
 -1.26007612  0.33938483  0.84039876  0.47900997  0.42310927  2.09156377
  0.00355521 -0.46107123 -0.35558154]
[ 1.         -1.10847634  0.36478138 -0.22370817 -1.14047869  0.6824447
  0.50755096  0.14303485  0.21879424  0.27387382 -0.09821155 -0.54719467
  0.35524102  0.17981848 -0.43170592  0.47395776 -0.47263944  0.30408639
 -1.81452892 -1.06687715  0.18305255]
[ 1.          0.60630174  0.74632976 -0.92513675  0.05812821  0.35100706
  0.11937543 -0.14692112 -0.86304759 -0.89874708 -1.3603182  -1.21454538
 -0.26027443  0.60414123  0.57735942  0.98464896 -0.48953587 -0.12714453
 -0.98431717  0.95109118  0.80134663]
[ 1.         -0.84157277 -0.17814943 -0.13633065 -0.02851567  0.20560936
 -1.02823313  1.54720312  0.1132744   0.45994097 -0.72939428 -0.40061008
 -1.99627922  0.05465964  0.35705696 -0.77731555 -1.49622803  0.77991249
 -0.38286816  1.15505835  0.21689287]
[ 1.          0.49663957  1.14658985  0.6261096   0.09458735 -0.52270004
 -0.18666262 -1.38114826 -0.39316454 -0.43907403 -1.11757487 -0.53035867
 -0.40295408 -0.2146693   0.55592873  0.26062046 -1.13544692 -1.67716182
  1.8220746  -0.02786692 -0.14450643]
[ 1.          2.65040303 -0.09472805 -0.09046271 -2.4868262  -6.84810429
  1.70566479  2.12077702 -0.2335028  -6.10125027 -1.37111172  1.29989698
  0.41223624  2.88767071 -0.91512734 -3.46780426 -0.85310866 -3.28677538
 -1.7414484  -0.69605085 -0.95921711]
[ 1.          1.7972845  -1.15019167  0.01305093  0.60670994  0.28019976
  2.03319297 -0.30863769 -0.32240412  0.15661936 -0.08422325 -0.04324247
  0.04107982 -1.56192355 -1.03895025  2.08172655 -1.39901048  1.11634674
 -2.3054303  -2.03874527  0.71722118]
[ 1.         -0.06846684 -0.27698142 -0.13625503  0.17545501 -1.17718497
  0.32215121 -0.65209649 -0.24630787  1.59778309 -0.77923689 -0.61446413
  0.32376377 -0.18956862  0.42810609  0.11835037 -0.31984603 -0.21738971
  0.70493333 -0.39812044 -0.27894322]
[ 1.          1.15823729 -1.07157066  1.58163814 -0.35589594 -0.41198618
  0.24871894  0.25699039  0.07071162  0.09411454  1.13736577  0.34696875
  0.23937049 -0.9033253   1.04364983  1.96745704 -0.05852876 -0.58584301
 -1.11211509  0.29188794 -0.02029895]
[ 1.         -0.86953971  0.2905724   0.15090934 -0.95540066  1.07767146
  0.82837235  0.37341177  0.61796564 -0.72733177 -0.27095322 -1.05596586
 -0.52107266  0.69813924 -1.21726871  0.69676795  0.74609413 -0.03584419
  0.31984747  1.43228886  0.28483736]
[ 1.          0.96579664 -0.2641832   0.87105572  0.66325834  0.64622906
  1.0672179   0.09842242  0.07805079 -1.42527159 -0.19226812  0.89210148
  0.16637568 -0.23799043 -1.17041934 -0.34757437  0.93982636  0.22375352
 -0.39923117 -1.16380209  0.23036031]
[ 1.         -1.1977239  -0.09664015  0.52670866 -2.71666118 -0.46285982
  0.44360615  0.6732536  -1.59566813 -0.12515748  0.59085054 -0.04983778
 -1.00805689 -0.81640927 -0.51456239  0.37383252 -0.22488113  1.47514745
  0.69794455  0.97787825 -1.6027407 ]
[ 1.          0.79723659 -0.49397329 -1.29729935  1.0234965   1.02921063
 -0.8762675  -0.19145544  0.68526222 -1.87992994 -0.22340726 -0.49852621
  1.22751326 -2.46059952 -1.09754915  0.69153801  0.02472413  1.28442011
  0.48496276  0.20879387 -2.4185013 ]
[ 1.          0.77507549  0.27957368  0.00557701 -0.00977729  0.08695408
  0.18270944  0.11277837 -0.71165922  0.59872421 -0.17931212 -0.2819127
 -0.79349032 -0.51524031  0.53932241  0.84060324 -0.29645791  0.6193384
  0.09028099  0.69527132  0.38013423]
[ 1.         -0.13135615  2.16720625 -0.52336817 -0.38991958 -0.39242058
 -0.62916705 -0.97267476  0.52074365 -1.85856117  6.74403756 -1.14207329
  1.20603816  1.52811386  1.83376823  1.72494712 -4.31992814 -3.52855792
  3.29737396  0.91097952  2.97526424]
[ 1.          1.10224679 -2.02563464 -1.2731741   0.35824322 -0.5895413
  0.42708142 -1.42282018  1.15613505  1.19535786  0.61974387 -0.49809965
  0.60007284 -1.68968283 -1.08604844 -0.36134071 -1.36202225  1.25868361
  0.56786248  0.02851439  0.88732314]
[ 1.          0.55519148 -0.64548017 -2.58037636  1.24718164  2.07242453
 -0.42775915  1.77370688 -0.42756141 -1.8671083  -0.48847974 -0.82775184
  1.32375851 -2.30923576  1.7830943  -1.25275928  0.15311919 -0.86516708
  0.31863827  0.80685901 -3.42187029]
[ 1.         -2.05587857  0.21586311  0.81376882 -4.55594772  0.74285757
  1.68181002  1.42209484 -1.42225709 -1.20009907  0.49061402 -1.70058395
 -2.41345098 -0.23718805 -2.85720313  1.80193772  0.87986579  2.62412891
  1.89888115  4.53194875 -2.70314377]
[ 1.          1.03359141  0.69460525 -0.49076651 -0.26335733  0.14349275
 -1.15155595 -0.17628513 -0.90922464  0.74726874 -0.1252512   0.01261536
  0.16578075  0.40038188  0.81723324  0.69203303  0.80777126 -0.39114547
 -0.51021819  1.22977745 -0.05166262]
[ 1.         -0.29095588  0.25831358  0.73071228 -0.17264634 -0.10612726
 -0.27791622  0.92227931 -0.79515466  0.60514893 -2.1024997  -1.05811434
  0.79903191  1.4518874  -0.76224938  1.05347671 -2.67243535  0.29096801
 -0.41412704 -0.29321439 -1.03969361]
[ 1.          1.13394752  2.02034087  1.11471553  1.02160546 -0.54639343
  0.16992702 -0.10411787  0.34530433  0.35411708 -0.24185446  0.29314627
 -0.97297731 -1.68216735 -0.58036978 -0.78866471  0.11538098 -0.02637022
  0.20526057  0.26840712 -0.35056008]
[ 1.          1.01436361 -0.70878236 -1.09989345 -0.23185848  1.03477495
 -2.47094292 -1.24717598  0.2285193  -0.62599673  0.00851216  2.12542474
 -0.60176498 -0.13143906  0.21227216 -0.90129501  0.14433223 -0.24840761
 -1.51680623  0.62537742 -1.80643456]
[ 1.          1.16619815  0.75264916 -0.19034624 -1.1349157  -0.80896748
 -0.7444255   0.63859565 -1.42235808  0.66963059  1.21481758 -0.66955376
  1.55656572 -0.43314185 -0.58697993  0.15059676 -0.80526471 -0.9073667
  1.2980344   0.27281059  0.90334109]
[ 1.          0.60532747 -0.05842565  0.67098938 -0.35800582  0.11605418
 -3.41173038 -0.03396169 -1.21383092  1.02378789  0.32113317  0.99764638
  0.67882038 -0.49417942 -0.02362242 -0.08390388  1.63498381 -1.33985361
 -2.16314571  0.85009378  0.84249521]
[ 1.         -1.63267297  0.71851764 -0.50503765  1.64540403 -0.36901256
 -0.27896194 -0.50129254 -1.08071076 -1.27372298  2.41762435  0.07786249
 -0.32441971 -0.36281841 -0.83744463 -0.15330068  0.46510316  0.42915464
 -0.36025264 -0.89105925 -0.19665325]
[ 1.         -0.00826249  0.56350675  1.50862933  0.68422046  0.23983143
  0.13981358 -0.83677606  0.28960546  0.16484936 -1.30378145  0.01112295
  0.64531586  0.82385793 -1.14474122 -0.17207386 -0.10248069 -0.17579333
  1.49188731 -1.13533148 -0.99482325]
[ 1.          0.55239794 -2.50899056 -1.47586332 -0.72614639 -1.4410137
 -0.68589471 -1.47432714  2.06260549 -0.31184344 -0.07856927  1.46442858
 -0.26786177 -1.04696935 -0.64072753 -2.70992223 -1.38261493  0.21545826
 -1.40139238  1.72413671 -0.46707608]
[ 1.         -0.98407197 -1.66332647  0.33718305 -1.83487302 -1.5212348
  1.59328161  0.11142175 -2.08129244 -0.9536331  -0.71267139  2.00358898
 -0.60040317 -0.26579058  0.84514777 -0.01669895  1.44884374  0.70554659
  0.92830161  1.55650171  0.83005888]
[ 1.          0.8014876  -0.19937228  2.41210661  0.83894554 -0.16682586
  0.78659591 -0.2398033  -0.61170107 -0.04650436 -0.39484238  0.4423956
  0.36620076 -0.84794887  0.45885765  0.50580155  1.50373028 -0.81052308
  0.10941758  0.10703997 -0.4041821 ]
[ 1.         -1.63813565 -0.6229076   0.71282235 -1.57925809 -0.46392952
  0.15177012  0.17704353 -2.38565747  0.5950023   0.46845368 -0.6073839
 -1.48998082 -1.97520275 -1.64609474 -0.1064895   0.36140714 -0.01165017
  0.32500547  0.18429273  0.26548706]
[ 1.         -0.36533755 -0.92606681 -1.10258791  0.43801133 -0.66790778
  0.06526397  0.7572585   0.50634771  0.08285497 -0.12791383 -0.27407042
  1.24689764 -0.23182623 -0.43134395 -0.30950257  0.0322602  -0.39593008
 -0.13123229 -0.17186397  0.41139958]
[ 1.         -1.20244054  1.19495873  0.03157697 -0.71423872  0.07040026
  1.41580764 -0.83485563  2.45278404 -0.54943437  2.0199487  -0.65910042
  1.45811628  1.08055849  0.2052188   0.15307207 -0.48822918 -0.46981834
 -0.45800221  2.38017598  0.56863348]
[ 1.         -0.13681459 -1.13039646  0.80408269 -0.0638779   0.04647754
  0.04436407  1.09287637 -0.08970125  1.47669709  0.82106453 -0.69256238
  1.87895395 -0.48906002  0.72936166 -0.41799364  0.05247506  0.21211392
  0.02705194 -1.56929021 -0.52559556]
[ 1.         -0.87536287  1.40912267  0.30963057 -1.96818783  0.89285389
  1.2158935  -0.24113691  1.54378598  0.18759257  0.98037328 -0.0925446
  2.0282065   1.74864205 -1.03581476 -1.21268976  0.04901659  1.49644457
 -0.79534569  0.59691217 -0.73808471]
[  1.00000000e+00  -3.64647065e-01  -1.38838597e+00  -2.38869854e-02
   8.09695817e-01  -3.75616559e-02  -1.26156885e+00  -1.08728103e+00
  -1.09592116e-01  -3.82837651e-01   8.53409893e-02  -4.27930621e-01
  -5.80235936e-02  -1.24782330e-01  -9.48015410e-01  -1.63063450e+00
   6.72413841e-01  -2.23260996e-04   7.12597691e-01   1.53913797e-01
   1.59267810e+00]
[ 1.         -0.77811235 -1.68149536  0.46135558  0.68724759  0.42756145
 -0.37087405  0.21406702  1.33264405  0.04029029 -0.82997219 -1.88169412
 -0.2022897   0.32982675 -2.41749105 -0.56924207  1.17717912 -1.01508252
  1.27521554  0.63857047  1.93511429]
[ 1.         -0.16889226  0.7314737  -2.31672292  0.63533683  3.27097483
  2.04871221  0.65443099 -1.42292417 -2.13767181 -2.36248848  0.3669219
  0.84333559 -2.19565744  2.93072387 -0.70652567 -0.47855639 -1.88431812
 -1.34012462  0.71247465  1.21406609]
[ 1.         -0.48740637  0.30622838  2.71868333 -0.55456054  0.61597607
  0.73483687 -0.36316297  1.44506144 -0.54865231 -0.0532907  -0.24314051
  0.27755726 -0.4053758   2.1883876  -1.26391315  1.08877647  1.29530256
  0.64658902 -0.90383129 -1.17915344]
[ 1.          0.75339003  0.03811959  0.69051461  0.99534055  0.64050522
  1.74577526  0.84369811 -1.7333035   0.35362816  1.1955063   0.13584749
  0.91059896 -1.92063875 -1.7490446  -0.56721515  1.39978389 -1.63561886
  0.22236762 -0.86456728  0.61261329]
[ 1.         -1.28061711  1.67993143 -0.55274503  0.73682496 -0.73150746
  0.07843867  0.1764359   1.00775873  0.68763526 -0.40730678  0.85136977
 -0.60916087 -0.3539469   0.3272155  -0.19440787 -0.2281202   0.3303675
 -0.14783814  0.96720837  0.23122005]
[ 1.          1.19303047 -2.0619634  -1.17657205 -1.46566145 -4.05865239
  1.22066479  1.04873053  0.34713558 -3.91671407 -0.60015904  1.47700042
 -0.39700039  1.32157865 -0.68388046 -3.69205319  0.52748289 -0.86087039
 -1.33642791  0.13020717 -0.3401309 ]
[ 1.         -1.86766573  1.51951559 -1.45663176 -0.66509257  2.76695415
  2.19795112  0.16373035  0.53334044 -2.08748534 -3.38389492  1.05447002
  0.73438656 -2.98008979  3.55534069 -1.16456643  0.80567571 -1.21907139
  0.76813532  1.44899637  3.71947849]
[ 1.         -1.34393542 -1.17831814  1.18506946  0.74289666  0.18805754
 -0.90603642 -0.90486544 -1.03773893 -0.25328734 -1.00856039 -2.03051232
 -0.88908226  1.29111    -0.96698544 -1.33449247 -0.7934067  -0.37986429
  0.06217207  1.00721709  0.55772119]
[ 1.          0.04540156 -0.44778601 -0.17638756  1.07310956 -0.50493617
 -0.53876663  1.15982184  0.79087156 -0.84476236  0.59962975  1.06730147
 -0.72959381  0.99172423 -0.25311766  0.50843208  0.03551437  0.805366
  0.91605335  0.07468255  1.02636675]
[ 1.          0.82427367 -0.51896284  2.11787822  0.19665415 -0.06068055
 -0.35561491 -1.49191549  0.19011724 -0.35713932  0.3966013  -0.14815787
  0.11602189 -1.3459209   0.75761278  1.43356927 -0.43604161 -0.41281532
  0.19743811  1.42083939 -2.05272582]
[ 1.          0.58740186 -0.21718776 -1.13543636  1.13168906 -0.76132428
  1.94187431 -0.07803847 -1.24699231  0.44794461 -0.95019677  0.11109226
  1.05138274 -0.07815118  0.70689287  0.88951641  1.32457205  0.00690342
 -0.22454037  0.10734882  1.15722376]
[ 1.         -1.33459499 -0.07775142 -0.31679278 -0.21672132 -0.17005005
 -0.01573727 -0.40319144  0.18098442  0.32780038 -0.40545893  1.73895956
  0.95114549 -0.27026188  0.21456597 -0.11996188  0.46898582  0.44211175
 -0.42924228 -0.70665848  1.226171  ]
[ 1.          1.46865236  2.0232848  -0.09153967 -1.54871371  2.87475465
  0.70692789  1.38043393 -0.54636159  3.87485859  1.96105399  0.1882446
  4.07774328  3.41460014 -1.17558046 -5.20300317  0.50318586  1.41057233
 -0.13392893  1.97831849 -2.01824472]
[ 1.          1.1298065   0.42386626 -0.04560602 -2.1730903  -2.2150095
  0.45094244  0.84172279 -0.05856807 -0.59307456  0.80798997 -0.04853926
 -0.76778149 -0.00944407 -0.49925991 -0.40700221 -0.20397179 -0.21726197
 -0.95252053 -1.1669119  -0.58192234]
[ 1.         -1.19864838  0.97492277 -0.01824583 -0.45331251 -1.04237622
 -0.50566003  0.7612754   2.29817906  1.41525195 -1.33674172 -1.98312894
 -1.5118212  -0.52330062 -0.09482229  0.00266527  0.51317536 -1.86479249
  0.08459075 -2.5073082  -0.75516914]
[ 1.         -1.93209831 -0.57073954  2.41293744  2.23085233  0.06211382
 -2.4671798  -3.54158732 -3.17820225 -1.49277498  0.70469205 -1.81554124
 -0.17435733  1.01322515 -0.9784525  -1.97865065  0.26022686 -0.5325971
 -1.65781636  0.08168031 -0.41972782]
[ 1.          1.52668022 -1.39328485  0.12268071  0.95128086  1.31665434
  1.71498286 -0.40798192  0.70208428  0.91237797  0.72553896  2.40797657
 -2.9790556   3.27615006  0.13896855  0.49266933  0.97616905  0.02889654
  0.81711204 -0.40736078  0.29804878]
[ 1.          1.13470432  1.17235636 -0.60820574 -0.18390771 -2.22901585
  0.44013262  0.10519038 -0.73096825 -1.32763144 -1.33522218 -1.39600541
  1.31179931  1.23041101  0.28219455  0.39670961 -1.03460648 -1.54118025
  0.47292206  0.66621646  0.11375972]
[ 1.          0.50175031  0.87769463 -0.82402324 -0.10842256  0.45252004
 -0.77413158 -0.49458648 -0.66948021  0.39876211 -0.42328274  0.25981117
  0.30858465 -0.43245125  0.43998525 -0.63345377 -0.31469583 -0.42682426
  2.89116651  0.04527701  0.43583531]
[ 1.         -0.90661549 -0.0639365  -1.20467087  0.7180544   0.08441146
 -1.05208929  1.14509352 -0.64331891 -0.83293365  0.86849547  0.81332735
 -0.45312361 -0.70861625  1.37746115 -0.22268635 -1.25166715  0.91541584
  1.81323481 -0.11396429 -1.56030054]
[ 1.          0.44533476  0.25676558  0.16782417  0.15430012  1.87997279
  0.66384857  0.01649621 -0.01673795 -1.58152875 -0.92697426 -0.74523555
  0.7014794  -0.42255821  0.0797685   1.32377638 -2.33678727  0.83539454
 -3.62158627 -1.61135656  0.48919302]
[ 1.         -0.41280397 -0.7163618   1.83053719  0.87154932  0.87775808
 -0.19746322 -0.81598372  0.09690962 -0.81127303  0.16170832 -0.82131256
 -0.5329871   0.77964026  1.64116064 -0.59329578 -0.70833908  0.39513733
 -0.89320076 -0.29124609 -0.50631531]
[ 1.          0.49547416  0.91907414 -0.43275672  1.67918273 -1.4159862
  1.03391081 -0.64891895 -1.51891446  1.2567459  -1.58622752 -0.22375136
  1.32761794  1.66510639  0.48066969  1.29435552  0.87621346  0.28704957
 -0.17930022  0.74406732 -0.78636397]
[ 1.         -1.15836117 -0.21342392  0.25687371 -0.36846643 -0.13808618
  0.26382348 -1.18350992 -0.66001121 -0.09176139 -0.86789584  0.51264485
  0.23893522 -0.5211033   1.12491061 -0.67273894  0.19420698  0.03112988
  0.55027803  0.03915369  0.89663514]
[ 1.         -1.01767425 -0.46275588  0.13375268 -2.16224211 -0.17417482
 -0.19606023  0.40990514 -1.95382428 -0.01576501  0.78376643  1.28048924
 -0.14586542 -0.73762714 -1.11621812  1.52009583  1.43019973 -0.16366566
  0.01484786  0.272786    0.58438067]
[ 1.         -0.26916221  1.17433149 -0.77746117 -0.19737965 -0.37787677
 -0.16821975  0.09480224  0.31988189  0.34108811 -0.56181155 -1.20650223
 -1.06852898 -0.05552403 -0.07373812 -0.00779766 -0.40841711  1.05008855
 -0.34087786  0.65867024 -0.14905597]
[ 1.          0.46817763 -0.21084015  0.69345737  0.44661629  0.04566618
 -0.41866419  0.84841101 -0.3389068   0.08106003 -1.21723657  0.50040702
  0.86811602  0.4565013  -1.27919038  1.3337765  -0.792471    0.45440762
  0.78383838  0.07333059 -1.28519725]
[ 1.          0.81511388 -0.076085    1.50382771  0.02815533  0.33814991
  0.80238071 -1.31781069  1.19232043  0.03564976  0.65682504  0.17536054
 -0.96947666  0.26098587  0.54292057 -0.46607929 -1.06788343 -1.07031606
 -0.72300174  1.02078635 -0.3036004 ]
[ 1.          0.33704165 -1.10649471 -1.33356574 -1.72323728 -0.5174062
 -1.33655916 -1.65855639  0.05541874  0.33298986 -0.27613204  0.21270539
 -0.84587577  0.1884722   0.66978022 -1.19094086  1.15924263  0.3057513
 -0.15658171  0.36729237 -1.76064349]
[ 1.         -0.68494361  0.15947832 -0.01429574 -1.70315765 -0.43729124
  0.28974602  0.34958887 -0.25201887  0.11798745 -0.01116095  0.83215442
 -0.76952903 -0.44855293  0.07907995  0.4131719  -0.59225978  0.01851457
  0.73383156 -1.61179208 -1.61368554]
[ 1.          0.87737896 -0.56494495  0.75350072 -0.30486807  0.50885659
  0.67932427 -0.54336849  0.57773899 -0.07570196  0.91600041 -1.57780607
  0.32577815  0.84302053  1.97629623  0.69488489  1.76338264  1.11847222
 -0.69976142 -0.05446834 -0.75157982]
