Cluster centers 

[-1.06437284 -0.69482784  1.08899743 -0.03676165]
[ 0.06598009 -0.47225716  1.01982772 -0.44841137]
[ 0.45099094 -0.43593455 -0.15349749  1.460464  ]
[-0.83731176  1.97819505 -2.04304193 -1.42686815]
[ 0.67016054 -1.05086349  0.35597085 -0.94342535]
[ 1.15970868  1.49874271  0.35022411  1.1074289 ]
[-0.22535392 -0.71792941 -1.36257766  0.35306285]
[-1.55500487  1.11213241 -0.1477791   0.51003929]
[-1.61007501 -0.31908008  0.43426046 -0.87902983]
[ 1.30257775  1.49002081  0.71909428 -1.67306358]
[ 1.05893696 -0.51361553  0.30974884 -1.2114703 ]
[-0.52540643 -0.12369474  0.18234255  1.5681205 ]
[ -8.78581203e-01  -7.07425818e-04   1.61834441e+00   4.74398700e-01]
[-0.72359966  0.35774293 -1.37596127 -0.07449371]
[-0.34389176 -0.56144018 -0.57400169  1.10521102]
[ 1.19890005  1.08710423  0.16476549  1.11643458]
[ 0.79536764  3.27993577  1.27522819  0.90726046]
[-2.0471997   1.0023867   0.17288607 -1.49677395]
[ 1.64033008  0.33458124  0.0807693  -1.76436842]
[-1.68352299 -0.12419947  1.02130535 -0.0453988 ]
[-0.2280909  -0.01352401 -2.28920605 -0.9895866 ]
[ 0.56053185 -1.53272082 -1.19757633  0.73427098]
[ 0.74287417  0.38661308  0.90639679 -0.98610788]
[-0.18652668 -0.72992337  0.99900491 -0.33698408]
[-0.34500059 -1.22848166  0.69920547 -0.46826609]
[-1.24855441  1.79100622 -1.23506417 -0.60398187]
[-1.03173642  0.42995787 -0.62943356  0.57210895]
[ 1.55662088  0.36716332 -0.39057918  0.81349707]
[-0.73168378  1.08956626  1.78925408  1.65531627]
[-0.07146111 -2.3170203  -0.6452131  -1.31524687]
[ 0.52004315  2.11018377  1.16735709  1.38251698]
[ 0.77199534  0.12472004  0.04510785  1.41458645]
[-0.65031488 -0.15611096 -0.82298948  0.68557911]
[ 1.53444877  2.53384917  0.31002393  0.62623823]
[-0.24606665  0.05883829  1.44698449 -0.04413076]
[ 1.92000203  1.66559409 -0.28769739  0.37943407]
[ 1.1538514  -1.03213251  0.00732393 -1.23735361]
[-0.87388445  1.33907273 -1.71860884 -0.83248763]
[ 1.43485614 -0.38001041 -0.61467895  0.85634601]
[-0.27551124  1.11508513  1.87987954  0.31472249]
[ 0.33650984 -1.02082108 -0.67733453  1.16839644]
[ 0.27744417  0.26965002  0.43065103  1.68046047]
[ 1.27648131  0.51579754 -0.12100309  1.06960741]
[ 0.02045748 -0.78981708 -2.26618689 -0.75355515]
[ 0.12537794  0.67281161  1.47645819 -0.31174126]
[-0.24553769 -0.49060548 -1.76813647 -0.19157638]
[-1.35704905  0.22862382  1.67418649  0.94175384]
[-0.36567579  0.02521537 -1.98262831 -0.61618963]
[ 0.82359714 -0.43514191  0.52922376 -1.04066043]
[-0.25766316 -0.33272123  1.25513138 -0.15522759]
[-0.31635562 -1.572876    0.36907987 -0.68617945]
[ 0.90770126 -1.23999057 -0.87217016  0.95858948]
[-2.00030734  0.54744856  1.08746058  0.28060824]
[ 0.01294655  0.9426917   1.03656524  1.7768361 ]
[-1.34563044  1.12377074 -0.61885408  0.20797049]
[-0.03836416 -1.26266831  0.58862317 -0.60170887]
[-0.40978979 -0.28853565 -1.51557046  0.03112478]
[ 0.30844144 -2.03214658 -0.12411748 -0.96273047]
[ 1.67272672  0.9036259   0.20495704 -1.90971904]
[-0.70318771 -0.85050023  1.02983359 -0.15758745]
[-1.86145489  0.78023549 -0.14433053 -1.93863757]
[-0.94004576  1.73605381 -1.77237113 -1.05372252]
[-0.67022273 -0.19396133 -0.39850671  1.091727  ]
[-0.58991991  0.68735608 -1.9361138  -0.79827639]
[ 0.65269632 -0.07346645  0.80925092 -0.89887018]
[ 1.40060571 -0.34725742  0.07979083 -1.46985842]
[-1.03206885  2.42581428 -1.85502033 -1.43446587]
[-2.04033409  0.57441998  0.71754466 -0.50953201]
[-0.03954763 -0.64634226 -0.34036461  1.36760179]
[-1.39053333 -0.24765925  1.30348699  0.29501429]
[-2.23636462  1.24950297  0.59836886 -0.66955763]
[ 1.15017867  0.9043697   0.71289436 -1.42966664]
[ 0.57672706 -0.1809198  -0.02597874  1.47738928]
[-0.5727816   0.4905216   1.78272279  0.46093259]
[-1.49336058 -0.51532815  0.66904695 -0.53258169]
[ 1.38557742 -1.18011282 -0.9813539   0.69519845]
[ 0.19391671 -0.76526094  0.79625987 -0.59628887]
[-0.74790274  1.57969937 -2.05682932 -1.27984316]
[ 0.82611853 -0.44299924 -0.31130076  1.28927579]
[-0.95563723  0.61535006  1.901603    1.03046402]
[ 0.2080125  -1.255678   -1.17258229  0.72334126]
[-0.10558413 -0.84044043 -0.79558265  0.99882849]
[ 0.31329562 -1.21119354 -0.9365108   0.96122949]
[ 1.69760962  1.96764251  0.00205271  0.57408839]
[ 0.4457884   0.11994495  1.0399677  -0.70240532]
[ 1.07172852  1.93848526  0.58291999  1.10994287]
[-0.84569989  0.30202392 -0.99566537  0.31623777]
[-0.45120839  0.16663446  0.65965721  1.80620572]
[-0.4820667  -0.30660155 -1.21495395  0.3612485 ]
[-1.4650895   1.67114141 -0.76571794 -0.19176514]
[-0.77239935 -1.31870192  0.50177246 -0.60128937]
[ 1.71084446  0.76962505 -0.36991048  0.66274992]
[ 0.8022564   0.94581892  0.43089586  1.41209828]
[-0.08293891 -0.94987403 -1.2815474   0.5169186 ]
[-1.17717455  2.09877727 -1.49595961 -0.96473009]
[ 1.89675293  0.2127221  -0.20968254 -1.91220311]
[ 1.43680209 -0.00258764  0.16791637 -1.54962696]
[-1.69237828  1.0383654   0.24639927  0.73669974]
[-1.7222338   0.02356503  0.19857308 -1.27338787]
[-0.03985591 -0.94449938 -1.74760277 -0.03001363]

Populations

0.00839835551943
0.0265115927579
0.025312665886
0.0185305780347
0.0199275461496
0.0161097569099
0.0136224101262
0.00648680475159
0.030111254491
0.0031218663349
0.0302663179628
0.00786841759309
0.0269089557935
0.0145285693831
0.00497385829367
0.00467818077769
0.00592167995911
0.0302561216929
0.0039519735919
0.00780967627127
0.0402762330868
0.0064523222604
0.0121042337095
0.000978331055925
0.0109162152373
0.0115487429965
0.000625021686534
0.0200309855769
0.0178032877882
0.00887590688226
0.00698305118873
0.0141264492012
0.00161743295192
0.006701992385
0.00341667117204
0.000541761757826
0.00309854422663
0.0117672387059
0.00429016627515
0.0106530698309
0.00570508599165
0.00857209973507
0.0222205358597
0.0185903689141
0.00619982340155
0.0236783323693
0.0140432533854
0.00278145379376
0.00520765508801
0.0455532175178
0.00781467782425
0.00806182476162
0.0122026181949
0.0288473965812
0.00357419012515
0.0103043029745
0.00880031685939
0.0381617283056
0.0112998613115
0.00389961472912
0.0057686184357
0.00743448088522
0.00107995101486
0.00299353723637
0.0049451546148
0.00448480968093
0.0261643328652
0.0238549439102
0.00474742875557
0.0069664786537
0.00387662386097
0.000917370289291
0.00056139264115
0.0214712161601
0.0297570286716
0.00980597719484
0.00260592426567
0.00848019971469
0.00758665377703
0.00617785480297
0.0214408301185
0.00577192488821
0.00657578761003
0.00290888197279

State labels

0
1
2
4
5
6
8
9
10
11
12
13
14
15
16
17
18
19
20
21
22
23
24
25
26
27
30
31
32
34
35
36
37
38
39
40
41
42
43
44
46
47
48
49
50
51
52
53
54
55
56
57
58
59
60
62
64
65
66
67
68
69
71
73
74
75
76
78
80
81
82
83
84
88
90
91
92
93
94
95
96
97
98
99

Eigen values

1.0
0.845989507182
0.823722812558
0.809884152366
0.790996172196
0.777581856142
0.76003141337
0.711986423941
0.690427124329
0.671974078985
0.642693992919
0.632753387684
0.61551312225
0.600720012861
0.571848369416
0.550600098705
0.529815644601
0.507409585776
0.49987458016
0.458438362941
0.441509678534

Left eigenvectors

[ 0.00839836 -0.00017905 -0.00727884  0.0154368  -0.00267513  0.00316887
  0.00078353  0.0091034   0.00058129 -0.00026616 -0.0096467   0.00151657
  0.01103263 -0.00070142 -0.0056764  -0.01755826  0.01091201  0.00925282
 -0.01462959  0.00934502 -0.01037435]
[ 0.02651159 -0.0179004   0.02000167 -0.00636059 -0.00934439 -0.05418788
 -0.0065711  -0.0017624  -0.02884748 -0.03744293 -0.01290829 -0.00130595
  0.02970408  0.01902263  0.01627579  0.00887648  0.02877566 -0.01212617
  0.0096389  -0.01365119  0.01051486]
[ 0.02531267 -0.01237796  0.01306224 -0.02280812  0.02740541  0.03052328
  0.02664743 -0.01297974  0.00098747 -0.00064768  0.00090899 -0.00390925
  0.0178434   0.01744377 -0.02621871 -0.00697848 -0.02131353 -0.02339654
  0.00718502  0.01268283 -0.0065317 ]
[ 0.01853058  0.05021289 -0.01553939 -0.00142338  0.00011612  0.00354252
 -0.01292178 -0.00986677 -0.00280743 -0.00737875 -0.00436798  0.01052437
  0.00274636  0.03051564 -0.01484132  0.01676483  0.01500484  0.00231978
  0.00189666 -0.00085686  0.02363603]
[ 0.01992755 -0.00569937  0.00861619  0.00250626 -0.00795436 -0.01630351
  0.00018933  0.00854435  0.02030858 -0.00761693  0.00334914  0.00034151
 -0.01159018 -0.0051      0.00736513  0.02358822 -0.00288644  0.00255436
  0.00958153 -0.00854453 -0.0289538 ]
[ 0.01610976  0.00117328  0.02023818 -0.00877082 -0.00467067 -0.00417794
  0.00139985  0.01384053  0.00815381  0.04354101  0.00546187  0.01143209
 -0.01575903 -0.00497766 -0.00351444 -0.00456949 -0.00484526  0.01785574
 -0.02126111 -0.02090295  0.01520967]
[ 0.01362241 -0.00857948 -0.00739861  0.00028297  0.01995439 -0.02867669
  0.00324139 -0.02873023 -0.02545493 -0.00230168  0.00341101 -0.00364887
  0.00326278 -0.00514139  0.00022386 -0.00417363  0.00722336  0.01302646
 -0.0047748  -0.02060563 -0.00865925]
[ 0.0064868  -0.00256432 -0.00728348  0.00763718  0.01502142 -0.02004895
  0.00568731 -0.01760581 -0.02370258  0.00669597  0.00984447  0.00885021
 -0.00256501 -0.01773745 -0.00188142 -0.0026204  -0.00524086  0.00023587
 -0.00015478 -0.00126807  0.00190704]
[ 0.03011125 -0.00983947  0.01251409 -0.01751876  0.01825196  0.01861789
  0.00646891 -0.01719267  0.01622535  0.00334407 -0.00746401  0.0057079
  0.01129462  0.00022778 -0.02211719 -0.01747826 -0.02324115 -0.03489557
  0.00818823 -0.00150304  0.0009521 ]
[ 0.00312187 -0.0024249   0.0026461   0.00494619 -0.00303505  0.00382058
 -0.00678075  0.00192974 -0.00582596  0.0026284   0.0119972  -0.00552745
 -0.01069308  0.00562738 -0.00587611 -0.00288538  0.00504825 -0.00201647
  0.01065288 -0.00837424 -0.00782587]
[ 0.03026632 -0.01482213 -0.02674222 -0.02327195  0.0394308  -0.0023862
 -0.00323434 -0.03057538  0.00582381  0.00505347 -0.01370335 -0.03732714
 -0.01018061  0.02985765  0.00910843 -0.02395361 -0.00980803 -0.0208922
 -0.00558238 -0.01680336  0.02276506]
[ 0.00786842 -0.00651068 -0.01174198 -0.00287427 -0.01552637  0.00588905
  0.0107617  -0.00605057  0.00209198  0.00093946  0.00751288 -0.00343652
  0.01149919 -0.00502834 -0.00048827  0.01782092 -0.01759992  0.00769798
  0.0093486   0.00224555 -0.00145902]
[ 0.02690896 -0.00439734 -0.01039941  0.00111635 -0.01208209  0.00105587
  0.00654043  0.00272026  0.0075726   0.00255748  0.00353913 -0.04366749
  0.01526471 -0.0233011   0.02828499 -0.01083397 -0.00273163 -0.0044641
  0.00411033  0.00271878  0.02589222]
[ 0.01452857 -0.00454391 -0.00207186  0.00200922  0.00852411 -0.00321384
  0.00270761 -0.01863413  0.01599738 -0.00396933 -0.00016064 -0.00726242
  0.00206098  0.00445236 -0.01535265  0.01359545  0.01598977  0.04679344
 -0.00966072  0.00368943 -0.03594441]
[ 0.00497386 -0.00291613 -0.00225882  0.00043219  0.00688055 -0.0083796
  0.00141472 -0.01229683 -0.00443228 -0.00157629  0.00108387 -0.00287526
  0.00160242 -0.00073519 -0.00379652  0.00196812  0.00723767  0.01874223
 -0.00480812 -0.00832216 -0.01590191]
[ 0.00467818  0.0031268  -0.00541351  0.00708758  0.00082774 -0.0001212
  0.00249256  0.00455316  0.00462776  0.00096635  0.00224425 -0.0027516
  0.00722225  0.00801149  0.00731376  0.00545879 -0.01066204  0.00826875
  0.00320303 -0.01472568  0.0051271 ]
[  5.92167996e-03  -3.10811173e-03   7.63139400e-06   7.79250735e-03
   3.62829048e-04   3.32237971e-03  -3.19638702e-03  -3.36272827e-03
   4.55655542e-03  -6.55344670e-03  -9.57801278e-03   7.08046853e-03
   4.17519729e-03  -3.12699092e-03  -4.56323624e-03  -8.49225563e-03
   6.54033338e-03   1.72589317e-02  -6.92506709e-03  -1.43178203e-03
  -9.40592148e-03]
[ 0.03025612  0.077797   -0.00033709 -0.03142334 -0.01825772  0.00765806
 -0.02199726 -0.01695681 -0.0149763  -0.01220702  0.00301086  0.0041279
 -0.00505141 -0.02812346  0.00413287 -0.01122015 -0.00560864 -0.00879782
 -0.00096158  0.00602748 -0.02470487]
[ 0.00395197  0.0037289  -0.00469726  0.00408025  0.00261153 -0.00049553
  0.00103786  0.00070714  0.00457362  0.00073611  0.00059758 -0.00223834
  0.00246346  0.01140212  0.00312229  0.00856228 -0.00584751  0.00924666
  0.0030701  -0.01565675  0.01211373]
[ 0.00780968 -0.00203535 -0.00173877  0.00624961  0.00406031 -0.00384921
 -0.00020448 -0.00468191  0.02188362 -0.00667441  0.00231599  0.00098702
 -0.02570779 -0.00637909  0.00317244  0.01660412  0.00799137 -0.00805534
 -0.00468384  0.01806446  0.00178409]
[ 0.04027623 -0.0172383   0.04625667 -0.02103179  0.01182488  0.02406087
 -0.00103107 -0.0185219   0.00892175  0.04356583  0.00067918  0.0241349
  0.03557699  0.01423025 -0.00055581 -0.00192164 -0.00085153  0.00458175
 -0.00762217  0.03255316 -0.00283729]
[ 0.00645232 -0.01108708 -0.01817058 -0.01127662 -0.00766282  0.00254981
 -0.00935633  0.01297109 -0.00178493 -0.00319955  0.00881043  0.00975558
  0.00876978 -0.01374437 -0.01501494  0.01134698  0.00460727  0.00811947
  0.00081659  0.00710212  0.01655106]
[ 0.01210423  0.00369573 -0.0050682   0.01203238  0.00706503 -0.00992005
  0.00335815  0.00298842  0.01212494  0.00870568  0.00551832  0.00534378
 -0.02416767  0.0028857  -0.0016625   0.01999985  0.00290824 -0.00491688
  0.0039597   0.00842614  0.01353037]
[ 0.00097833 -0.00079368  0.00014733  0.00056311 -0.00017746 -0.00023289
 -0.0008537  -0.0004028   0.00227563 -0.00237601  0.00478237  0.00147131
 -0.00202952  0.00094896  0.00099585  0.00164977  0.00102816 -0.00357918
 -0.00662915  0.00163208 -0.00015771]
[ 0.01091622 -0.00183342 -0.00723846  0.00056489 -0.00763341  0.00033699
  0.00217448 -0.00213574  0.01129033 -0.0046713   0.00684799 -0.02859386
 -0.00076028 -0.02022727  0.00604143 -0.01748765  0.01060429  0.00443789
  0.00319117  0.0053773   0.01488244]
[ 0.01154874 -0.00058516  0.00772235 -0.01022001  0.01945989  0.02587914
  0.03491709  0.0189547  -0.0209902  -0.02288427  0.00283045  0.00167048
 -0.01118237 -0.00104889  0.00519534  0.00657936  0.0086774   0.0059945
  0.00021389 -0.00112857  0.0006214 ]
[  6.25021687e-04  -7.26838838e-04   5.47947777e-04   4.10394762e-04
  -6.06837624e-04   2.10869066e-04  -1.17241277e-03  -7.23972038e-05
   9.25496307e-05  -1.84067234e-03   5.78164574e-03   1.27579830e-03
  -2.41289487e-04   2.67868257e-03   1.47759319e-03  -1.13531135e-03
   4.52362335e-05  -2.87969877e-03  -6.68274688e-03  -2.01303758e-03
  -1.94853707e-03]
[  2.00309856e-02   1.75290606e-02  -1.74999125e-02   8.70088971e-03
   1.45696475e-02  -2.80179942e-03   4.76665432e-05  -7.47677423e-03
   1.37505235e-02   1.54209241e-03  -2.58876277e-03  -4.45432643e-03
  -6.06902215e-03   3.49622026e-02  -4.12895663e-03   2.42043421e-02
   2.02345504e-03   1.69010962e-02   4.26516636e-03  -2.05943169e-02
   3.01599294e-02]
[ 0.01780329 -0.01149191 -0.01421357  0.00363848 -0.02819428 -0.00045004
  0.00345606  0.00825309 -0.00116847 -0.0063954  -0.00338857 -0.00663381
 -0.00168574 -0.01340623 -0.01210374 -0.03275682  0.02158812  0.00867227
 -0.00513622 -0.00246239  0.02516698]
[  8.87590688e-03   2.36808269e-02  -1.44828401e-03  -9.46379376e-03
  -7.58469141e-03   2.66941230e-03  -6.86996614e-03  -6.18848521e-03
  -2.98216369e-03  -6.47930642e-03   4.68579276e-03  -5.10193513e-03
  -7.89456351e-05  -1.92163489e-02   9.35851282e-03  -8.94167346e-03
  -8.48328036e-03  -1.54783980e-03   2.59765583e-03   6.68348567e-04
  -1.95207692e-02]
[  6.98305119e-03  -3.20736526e-03   5.99116770e-03  -2.55387435e-03
   3.47732479e-03   2.84949295e-03   4.31154467e-04  -7.27129128e-03
   5.28438087e-03   6.42301882e-03   7.94225828e-05   2.46277874e-03
   7.14310260e-03   3.92072644e-03  -4.52615129e-03   3.66276844e-03
   4.78003717e-03   1.61963174e-02  -4.91750718e-03   9.42243514e-03
  -1.41219648e-02]
[ 0.01412645  0.00091891 -0.00879698  0.00794278 -0.00859771  0.00024352
  0.00673883  0.00563895  0.01260543 -0.00535999  0.01563974 -0.01418438
  0.01575926 -0.00719873  0.03005219  0.00903376 -0.03341872  0.01114137
  0.00781982 -0.01817439 -0.0091405 ]
[ 0.00161743 -0.00205417  0.00262845  0.00269285 -0.00108558  0.00354201
 -0.00528403 -0.00181444 -0.00339729 -0.00173066  0.00900714  0.00203343
 -0.00434308  0.00706156  0.00290629 -0.00676177 -0.00348631  0.00762676
  0.0096414   0.01168066  0.0023888 ]
[ 0.00670199 -0.00506632 -0.00142552 -0.00480733  0.000381    0.0046877
  0.00216257 -0.00290553  0.00646305 -0.00375278  0.01059995 -0.00272933
  0.01104501 -0.00493552 -0.02563126 -0.00036848 -0.00056802 -0.0109012
  0.00627492 -0.00406452 -0.00280239]
[ 0.00341667 -0.00570552 -0.01044219 -0.00046691 -0.02352301  0.00499143
  0.01512708 -0.01351255 -0.00636009  0.00561288 -0.00621366  0.00705134
 -0.00838097  0.0088137   0.0041341   0.00050515  0.00225532 -0.00500009
 -0.00244109 -0.00027253 -0.00407397]
[ 0.00054176 -0.00067725  0.00037503  0.00057023 -0.00064555  0.00044635
 -0.00137984  0.0002553  -0.00030483 -0.00116926  0.0058636   0.00039228
 -0.00146919  0.00232224 -0.00058152 -0.00046021  0.0013914  -0.00397993
 -0.00541552 -0.00338177 -0.00325282]
[ 0.00309854 -0.00163047 -0.00166627  0.00026755 -0.0021285   0.00129389
  0.00056824  0.0006208   0.00313026 -0.00104617  0.00598194 -0.00723702
  0.00138502 -0.00505108 -0.00997631 -0.00837253  0.00608628 -0.00385713
  0.00740975 -0.00535208  0.00155209]
[ 0.01176724  0.00438879 -0.01247027  0.02321563  0.01368958 -0.0127647
  0.00963167  0.00353081 -0.00831074  0.0131719   0.00817219  0.01444895
 -0.0062568  -0.00926863 -0.00134473  0.00320793 -0.00834867 -0.01227639
  0.00443796  0.01794817  0.00631024]
[ 0.00429017 -0.00984565 -0.01901458 -0.01440523  0.00192687  0.00223003
 -0.01461079  0.01357044 -0.00386633  0.00214566 -0.00124163  0.00972303
 -0.00097511 -0.00428666  0.00119516  0.00430676  0.00190809  0.00442259
  0.00121647  0.00400299 -0.00279115]
[ 0.01065307 -0.00936192  0.00479943  0.00595792 -0.00724856 -0.00304177
 -0.00792235 -0.0041843  -0.00135575 -0.02012971 -0.00664061  0.01386325
  0.00669282 -0.0020765   0.00587268 -0.01607482  0.00753932  0.00437334
 -0.00470809 -0.0132087   0.01947888]
[ 0.00570509 -0.01203385 -0.02440947 -0.01968298  0.008646    0.00234458
 -0.01965064  0.01388598 -0.00503243  0.00548658 -0.00771724  0.00784711
 -0.00722937  0.00313924  0.01157578 -0.00201996 -0.0007081  -0.00017042
  0.00087376 -0.00044674 -0.01387591]
[ 0.0085721  -0.0033872  -0.00548868  0.00078116  0.00535474 -0.00246889
  0.0008029  -0.01168728  0.0200291  -0.00553441  0.00155878 -0.02013871
 -0.01765951 -0.00530841  0.00184121  0.0023177   0.01710268  0.0106162
 -0.00972347  0.02169172  0.0056259 ]
[ 0.02222054  0.01562092 -0.02348317  0.04514742  0.00857081  0.00085129
  0.01030062  0.03179221  0.00135116  0.01307619 -0.00688508  0.00891448
  0.0241108   0.01848921 -0.00409256 -0.01589357  0.00300106 -0.00641122
 -0.00547379  0.01459501 -0.0165933 ]
[ 0.01859037 -0.0151562   0.01269331  0.02106254 -0.00085096  0.01666139
 -0.02107452 -0.01589937  0.00895079 -0.02840946 -0.03015676  0.03626267
  0.00041757 -0.01625561  0.00209529 -0.01871984 -0.00426701  0.0115776
  0.00471526 -0.02185664  0.01475972]
[  6.19982340e-03  -5.20840243e-03   2.32258351e-03  -1.50031151e-03
  -3.76478820e-03  -7.58149550e-03  -3.14331244e-03   1.96812736e-03
   8.94354674e-04  -1.11460795e-02   1.05363368e-02   4.26372844e-03
   7.36667940e-03   2.44162901e-03  -7.02796137e-05   7.58071850e-03
   4.31472403e-03  -5.78833163e-03  -6.13933046e-03  -4.15506306e-03
   3.41366472e-04]
[ 0.02367833  0.07366863 -0.01076244 -0.01801983 -0.01005109  0.00687944
 -0.02224396 -0.01822991 -0.01180402 -0.01413516 -0.00175592  0.01219462
 -0.00109993  0.00794358 -0.01138635  0.00813448  0.01123994 -0.00504735
  0.00128399  0.00472366  0.00546621]
[ 0.01404325 -0.01272423  0.01754761  0.01574468 -0.00084589  0.02446628
 -0.02555299 -0.01435243 -0.01283183 -0.00126033 -0.01188668  0.00948521
 -0.00035423 -0.00295805  0.00092512  0.0039605  -0.00757922  0.01038545
  0.00500189  0.00116817  0.01237116]
[ 0.00278145 -0.00315694  0.00384218  0.00714107 -0.00185389  0.00848316
 -0.01039219 -0.00164627 -0.01082442  0.0032267   0.00148599 -0.00886424
 -0.00645241  0.00029843 -0.00375209  0.00948397  0.00105745 -0.00300593
  0.00265471 -0.00740949 -0.00345002]
[ 0.00520766  0.00617671 -0.00288814 -0.00138946 -0.00480678  0.00087609
 -0.00060007 -0.00144852  0.0034609  -0.0041003   0.00602346 -0.01077253
  0.00283806 -0.01335961  0.01141838 -0.00615209 -0.00833551  0.00313026
  0.00392304 -0.00274387 -0.00779912]
[ 0.04555322  0.02784141  0.03099675 -0.03614961 -0.01324191  0.00014242
  0.00482781  0.01323922 -0.00636404  0.02134028 -0.00316683 -0.00128081
 -0.01095368 -0.02925391  0.00682624 -0.01724543 -0.01224535 -0.00196389
 -0.01446032 -0.00181757  0.00504269]
[ 0.00781468  0.01414822 -0.00917115  0.01120345  0.00226271  0.00101939
 -0.00016247  0.006806   -0.00030404  0.0021055  -0.00339535  0.00580517
  0.00886462  0.0152007  -0.00599711 -0.00065754  0.00610129 -0.00181259
 -0.00160013  0.00624761  0.00156292]
[ 0.00806182 -0.00471847  0.00871559 -0.00350778 -0.00850741 -0.02362789
 -0.00156941  0.0099767  -0.01255162 -0.01864791 -0.01467784 -0.00915354
 -0.0024654   0.01401076 -0.01305464  0.00089652 -0.01904129 -0.00018055
 -0.00423895  0.01090325  0.00014798]
[ 0.01220262 -0.00530686  0.00331808  0.00934588  0.00259382 -0.00146813
 -0.00258204 -0.00393785  0.02865283 -0.01574567 -0.00862181  0.01535862
 -0.02464005 -0.01466114  0.00519243  0.01623199 -0.00358808 -0.01676147
  0.00885033  0.00302551 -0.0129375 ]
[ 0.0288474   0.0085807  -0.01988476  0.04165145  0.01291439  0.00590193
  0.01786894  0.02925012  0.00765051  0.00202176 -0.00451431  0.00493525
  0.01254297  0.00293997  0.01231619 -0.00707804 -0.01191964 -0.01268582
  0.00902081  0.00041426 -0.01216457]
[ 0.00357419 -0.00125967 -0.00069497  0.00440634 -0.00177512  0.00390854
 -0.00277963  0.00097232 -0.00393683  0.00237276 -0.00281726 -0.01290952
  0.00413336 -0.00583158  0.00530649  0.00426858 -0.0005812  -0.0044737
 -0.00810795  0.00530283  0.00456942]
[ 0.0103043   0.00220105 -0.00409687  0.0142016  -0.00097186 -0.00196828
  0.00375351  0.01688161  0.00348504  0.00934559  0.00377377 -0.00099973
 -0.00234467  0.00418762 -0.00720227 -0.01147317  0.00759115 -0.00552284
  0.01169216 -0.01082437 -0.01047044]
[ 0.00880032 -0.00592992 -0.0017673  -0.00571883  0.00198216  0.00779011
  0.00877512 -0.00886892  0.00664749 -0.00222648  0.0072709  -0.00472734
  0.0131929   0.00068044 -0.02249126  0.00831644 -0.00829771  0.00375258
  0.0066761   0.00317711 -0.01554962]
[ 0.03816173 -0.01002267  0.03535094 -0.01555776 -0.01388235 -0.0362521
 -0.00085692  0.01101865 -0.00338556  0.01248403 -0.00505501 -0.00373568
  0.03317677  0.0066437   0.04619921  0.02520726  0.05514132 -0.02679762
  0.04339826  0.01167704 -0.00699589]
[  1.12998613e-02  -6.53613878e-03  -1.97730908e-03  -1.17022209e-02
   1.69499223e-02   8.71743641e-03   7.51950945e-03  -1.18620777e-02
   1.82276322e-03   1.09703995e-03  -3.42127392e-03  -1.18457315e-02
   3.92423501e-03   1.56013744e-02  -8.00824318e-03  -1.06504822e-02
  -1.27476543e-02  -1.81256650e-02   1.42329253e-03   6.98812737e-05
   5.59115654e-03]
[ 0.00389961 -0.0051806  -0.00877134  0.00021722 -0.02001214  0.00335387
  0.0111394  -0.00876241 -0.00510753  0.00334095 -0.00576872  0.00471575
 -0.00757726  0.00521471  0.00138218 -0.00645672  0.007026   -0.00325692
 -0.00380248 -0.00094395  0.0017367 ]
[ 0.00576862 -0.00500943  0.00424056  0.00176565 -0.00337119  0.00010944
 -0.0054208  -0.00186005  0.00225205 -0.01096749  0.0220995   0.00886945
  0.00481514  0.01057155  0.01386191 -0.00614603 -0.00610389 -0.00096442
 -0.01920234  0.0033971   0.0036296 ]
[ 0.00743448 -0.00764881  0.0092667   0.01683499 -0.00268189  0.02082359
 -0.02296843 -0.00602438 -0.02225845  0.00562194 -0.00718127 -0.01567598
 -0.00505989 -0.0043553  -0.00264524  0.02175005 -0.00244003 -0.00380542
 -0.00461728 -0.00501491  0.00137794]
[ 0.00107995 -0.00132808  0.00146339  0.001184   -0.00084862  0.0013174
 -0.00275121 -0.00100826 -0.00105763 -0.00248351  0.00768777  0.00241931
 -0.0011799   0.00524469  0.00404795 -0.00470601 -0.00311459  0.00409388
  0.00140219  0.00807784  0.00242692]
[ 0.00299354 -0.00451683 -0.00845264 -0.00089977 -0.01737515  0.0043433
  0.01181042 -0.0103728  -0.00376355  0.00414912 -0.00243809  0.00423922
 -0.00303947  0.00536453  0.00322437  0.00617892 -0.00391404 -0.00190641
  0.0010422   0.00059264 -0.00489626]
[  4.94515461e-03  -2.05584724e-03  -2.21523304e-03   4.77864156e-03
  -5.10895568e-03   1.20208044e-03  -6.56439186e-04   5.78328990e-03
   8.14039771e-05   1.84433004e-03   7.72167948e-03  -6.75734197e-03
  -4.24607959e-03  -1.24925923e-03  -1.17052533e-02  -1.45940504e-02
   1.17276611e-02  -3.50784131e-03   1.24312579e-02  -1.21820453e-02
  -1.83358670e-03]
[ 0.00448481  0.00058742  0.00421569 -0.00559781  0.00828203  0.01198289
  0.01701131  0.01090143 -0.01241385 -0.01278207  0.0016965   0.00107105
 -0.00894418 -0.00296549  0.00511763  0.00465364  0.0079272   0.00705023
 -0.00172187 -0.00234853  0.00251903]
[ 0.02616433 -0.00106669  0.01676054  0.00425247 -0.01043807 -0.02097032
  0.00120815  0.02812395  0.01207159  0.03144989  0.00864953  0.00090833
 -0.03305994  0.00352306 -0.00673394  0.00963997  0.00665011  0.00283491
  0.0117297  -0.02133733 -0.00694343]
[ 0.02385494 -0.001286    0.01468793 -0.00712696 -0.02163503 -0.02607844
  0.0016433   0.02710733 -0.00140059 -0.00344643 -0.01267377 -0.01262345
 -0.02782316  0.00018499 -0.02272793 -0.00609862 -0.02673968  0.00827622
 -0.00658861  0.00442383 -0.00633421]
[ 0.00474743 -0.00237866  0.00085731  0.01158072 -0.00146364  0.00983477
 -0.00876875  0.00158143 -0.01105816  0.00462728 -0.00696642 -0.01558668
  0.00441246 -0.0054694   0.00258569  0.01070038 -0.0002992  -0.00636924
 -0.01458119  0.00736881 -0.00016372]
[ 0.00696648  0.00222033  0.00634146 -0.00817175  0.00816419  0.01300929
  0.01882249  0.0128583  -0.0141527  -0.01274687  0.00167599  0.00111072
 -0.01087706 -0.0055154   0.00636382  0.0039947   0.0081844   0.00805582
 -0.00322455 -0.0029492   0.00346932]
[ 0.00387662 -0.00513248 -0.00399835 -0.00406301 -0.00291101 -0.00010918
 -0.00311653  0.00337966  0.00189827 -0.00619309  0.01205363  0.00408223
  0.00798893 -0.00443188 -0.0143292   0.00732521  0.0042641  -0.0066682
 -0.00480833 -0.00187743  0.0047789 ]
[  9.17370289e-04  -1.09289519e-03   1.34964317e-03   1.83737730e-03
  -9.63946559e-04   1.97782945e-03  -3.24085114e-03  -2.53919176e-04
  -2.62541382e-03  -7.35288175e-05   6.63954415e-03  -5.10299891e-04
  -4.58822338e-03   4.58678825e-03  -2.54251613e-04  -4.08186788e-03
  -2.60523636e-04   3.37358619e-03   8.45370878e-03   3.91794250e-03
  -1.33047193e-03]
[  5.61392641e-04  -7.58445122e-04  -1.58554392e-04  -1.13936529e-05
  -4.81325841e-04   8.25758548e-05  -9.26073698e-04   2.88328488e-04
   6.62418550e-04  -1.67026148e-03   4.86420608e-03   9.89694076e-04
  -3.87541193e-04   8.05001126e-04  -1.52612984e-03   1.17501734e-03
   1.53104753e-03  -4.11291987e-03  -5.78265737e-03  -1.48700003e-03
  -1.25516921e-03]
[  2.14712162e-02  -8.28037425e-03   2.63738322e-02  -1.19761148e-02
  -3.00960248e-03  -9.79320491e-03  -6.68542276e-04   2.20715649e-05
   9.52715968e-04   1.97281257e-02  -2.50608923e-03   5.77901974e-03
   3.05139556e-02   8.68698794e-03   2.77682756e-02   1.51328174e-02
   3.56995335e-02  -1.64307316e-02   2.69274443e-02   2.33811089e-02
  -6.80335120e-03]
[ 0.02975703  0.00348281  0.03714403 -0.02284256 -0.00409185  0.00366224
  0.00228528  0.01074019  0.00859565  0.0639388   0.00466872  0.0200361
 -0.00726149 -0.01068266 -0.0015758  -0.01309877 -0.01140345  0.02405012
 -0.03748127 -0.01414565  0.02339435]
[ 0.00980598 -0.00340388  0.00982943 -0.00436225 -0.01207302 -0.02424228
 -0.00064547  0.01627924 -0.01043468 -0.01638696 -0.01698236 -0.01243981
 -0.01239589  0.01286946 -0.02149489 -0.00160517 -0.03110964  0.00348437
 -0.00762738  0.01522948 -0.00305263]
[  2.60592427e-03  -8.23975819e-04  -4.39713438e-04   1.51549846e-03
  -1.97667606e-03   5.98403318e-05  -9.49303304e-05   5.20079523e-04
   2.69305423e-03  -3.57390639e-03   8.42369083e-03  -4.06182994e-04
   4.29946083e-03   1.40910213e-03   1.01419229e-02   1.51946562e-04
  -9.34453285e-03   2.30159830e-03  -4.32453503e-03  -3.51526618e-03
  -1.13547017e-03]
[  8.48019971e-03   1.90307290e-03  -7.01654877e-03   1.97616247e-02
   1.11308365e-03   5.83954286e-03   1.92249692e-05   1.22367638e-02
  -3.77197372e-03   4.46858726e-03  -8.99961317e-03  -5.10859611e-03
   1.27662994e-02   5.33586100e-04   5.95372281e-06  -5.99435702e-03
   3.69987325e-03  -2.92819768e-03  -1.63585612e-02   1.37950798e-02
  -1.24231390e-02]
[ 0.00758665 -0.01062582 -0.02155887 -0.01798312  0.01337107  0.00128197
 -0.01536638  0.00498789 -0.0029535   0.0057363  -0.00990429 -0.00136159
 -0.00907041  0.01009397  0.01383303 -0.00831834 -0.00341145 -0.00608265
 -0.00060008 -0.00580035 -0.01056151]
[ 0.00617785 -0.00015003 -0.00819028  0.01194112  0.01369586 -0.01678145
  0.00689569 -0.01079223 -0.01982911  0.00988077  0.01072835  0.01267084
 -0.0046361  -0.01835474 -0.00220713 -0.00082944 -0.0088608  -0.00596936
  0.00212263  0.00867714  0.00576727]
[ 0.02144083 -0.01016967  0.00699651  0.01787192  0.00723534  0.01206281
 -0.00720827 -0.00956951  0.02963646 -0.02517354 -0.02634833  0.03487957
 -0.01266486 -0.02060957  0.00172869 -0.00578427 -0.01658988 -0.02219348
  0.01689662 -0.01479809 -0.00468822]
[  5.77192489e-03   8.41610135e-04  -7.12840893e-05   1.98987416e-03
   7.78215339e-03   9.07779730e-03   1.38345536e-02   1.07632695e-02
  -6.49051224e-03  -8.21108533e-03   3.98223075e-04   1.43999389e-03
  -2.50268857e-03   5.30927155e-05   4.42501681e-03   1.70093742e-03
   1.84342256e-03   4.52209729e-04   1.91194566e-03  -5.24930227e-04
  -2.40402065e-03]
[ 0.00657579 -0.00351647 -0.00628719 -0.00348761  0.008606   -0.00136474
 -0.00023997 -0.01061735  0.00989077 -0.00150389 -0.00207033 -0.01739341
 -0.01086027  0.00386267  0.00306968 -0.00444806  0.00733638  0.00091748
 -0.00735699  0.00950167  0.0106392 ]
[  2.90888197e-03  -4.45591241e-03  -7.72823391e-03  -3.92300374e-03
  -5.73730666e-03   2.10492813e-03  -4.36481652e-04   2.82939487e-03
  -8.17756813e-05  -8.83736480e-04   5.29894340e-03   2.70309317e-03
   6.65250925e-03  -6.89138043e-03  -6.37440667e-03   1.05590199e-02
  -3.76124932e-03   6.45285058e-03   3.66545579e-03   4.53129769e-03
   8.30792812e-03]

Right eigenvectors

[ 1.         -0.02131954 -0.86669828  1.83807372 -0.31853032  0.37732026
  0.09329617  1.08394996  0.06921526 -0.0316917  -1.14864174  0.18057895
  1.3136656  -0.08351834 -0.67589444 -2.09067865  1.29930295  1.10174237
 -1.74195917  1.1127206  -1.23528339]
[ 1.         -0.6751915   0.75445006 -0.23991737 -0.35246439 -2.04393167
 -0.24785756 -0.06647664 -1.08810822 -1.41232299 -0.48689221 -0.04925952
  1.12041853  0.71752125  0.61391234  0.33481499  1.08539923 -0.45739122
  0.36357316 -0.51491386  0.39661351]
[ 1.         -0.48900259  0.51603561 -0.90105551  1.08267583  1.20585004
  1.0527311  -0.51277646  0.03901091 -0.02558732  0.03591044 -0.15443864
  0.70491975  0.68913192 -1.0357939  -0.27569109 -0.84201067 -0.92430161
  0.28385082  0.50104673 -0.25804087]
[ 1.          2.70973163 -0.83858084 -0.07681251  0.00626618  0.19117148
 -0.69732221 -0.53245904 -0.15150277 -0.39819313 -0.23571752  0.56794592
  0.14820705  1.64677214 -0.80090995  0.90471149  0.80973382  0.12518673
  0.10235306 -0.04624023  1.27551512]
[ 1.         -0.28600438  0.43237597  0.12576874 -0.39916427 -0.81813922
  0.00950089  0.42877079  1.01912084 -0.38223144  0.16806591  0.01713749
 -0.58161593 -0.25592706  0.36959518  1.18369913 -0.14484649  0.12818227
  0.48081819 -0.42877971 -1.4529534 ]
[ 1.          0.0728307   1.25626858 -0.54444153 -0.289928   -0.25934215
  0.08689454  0.85913948  0.50614092  2.70277282  0.339041    0.7096379
 -0.97822877 -0.3089839  -0.2181563  -0.28364733 -0.30076551  1.10838073
 -1.31976629 -1.2975333   0.94412754]
[ 1.         -0.62980633 -0.54312041  0.02077228  1.46482093 -2.10511134
  0.23794571 -2.10904171 -1.86860691 -0.16896268  0.25039695 -0.26785813
  0.23951588 -0.37742155  0.01643326 -0.30637983  0.53025586  0.95625253
 -0.35051061 -1.51262705 -0.63566195]
[ 1.         -0.39531364 -1.12281541  1.17734032  2.31568843 -3.09072792
  0.87675113 -2.71409542 -3.65396892  1.03224548  1.51761513  1.36434102
 -0.39542028 -2.73438925 -0.29003834 -0.40395861 -0.80792645  0.03636164
 -0.0238612  -0.19548424  0.29398818]
[ 1.         -0.32677038  0.41559494 -0.58180102  0.60615091  0.61830342
  0.21483357 -0.5709714   0.53884673  0.11105717 -0.24788115  0.18956027
  0.37509622  0.00756456 -0.73451576 -0.58045614 -0.77184249 -1.15888791
  0.27193252 -0.04991618  0.03161926]
[ 1.         -0.77674565  0.84760107  1.58437068 -0.97219082  1.22381355
 -2.17201767  0.6181361  -1.86618011  0.84193144  3.84295626 -1.77056097
 -3.42522053  1.80256765 -1.88224295 -0.92424843  1.61706125 -0.64591827
  3.41234409 -2.68244717 -2.50679308]
[ 1.         -0.48972367 -0.88356382 -0.76890597  1.30279473 -0.07884021
 -0.10686272 -1.01021138  0.19241898  0.16696667 -0.45275898 -1.23328963
 -0.33636769  0.98649747  0.30094289 -0.79142804 -0.32405766 -0.69027901
 -0.18444191 -0.55518345  0.75215819]
[ 1.         -0.82744416 -1.49229273 -0.36529221 -1.97325157  0.74844172
  1.36770837 -0.76896897  0.26587039  0.11939569  0.9548145  -0.43674822
  1.46143642 -0.63905351 -0.06205481  2.26486752 -2.23677979  0.97833893
  1.18811668  0.28538719 -0.18542713]
[ 1.         -0.16341541 -0.38646648  0.04148622 -0.44899874  0.03923865
  0.24305762  0.10109125  0.28141542  0.09504188  0.13152223 -1.62278646
  0.56727249 -0.86592359  1.05113676 -0.40261589 -0.10151378 -0.16589662
  0.15274939  0.10103624  0.96221573]
[ 1.         -0.31275687 -0.14260561  0.13829457  0.58671392 -0.22120835
  0.18636424 -1.28258548  1.1010981  -0.27320828 -0.01105689 -0.49987196
  0.14185682  0.30645555 -1.05672135  0.93577369  1.10057448  3.22078775
 -0.66494642  0.25394342 -2.47405042]
[ 1.         -0.58629137 -0.4541383   0.08689179  1.38334163 -1.68472875
  0.28443018 -2.47229124 -0.89111489 -0.31691593  0.21791238 -0.57807517
  0.32216877 -0.14781067 -0.76329521  0.39569216  1.45514294  3.76814777
 -0.96667748 -1.67318051 -3.19709748]
[ 1.          0.6683799  -1.15718209  1.51502947  0.1769364  -0.02590772
  0.5328046   0.9732757   0.98922148  0.20656489  0.47972613 -0.58817715
  1.54381624  1.71252309  1.56337725  1.16686157 -2.27910018  1.76751504
  0.68467507 -3.14773739  1.09595996]
[  1.00000000e+00  -5.24869927e-01   1.28872111e-03   1.31592849e+00
   6.12713032e-02   5.61053576e-01  -5.39777064e-01  -5.67867276e-01
   7.69470058e-01  -1.10668708e+00  -1.61744857e+00   1.19568578e+00
   7.05069731e-01  -5.28058075e-01  -7.70598255e-01  -1.43409568e+00
   1.10447262e+00   2.91453301e+00  -1.16944299e+00  -2.41786460e-01
  -1.58838734e+00]
[ 1.          2.57128142 -0.01114112 -1.03857789 -0.60343902  0.25310794
 -0.72703509 -0.5604423  -0.49498398 -0.40345634  0.09951237  0.13643178
 -0.16695506 -0.92951314  0.136596   -0.3708391  -0.18537202 -0.29077807
 -0.03178145  0.19921525 -0.81652475]
[ 1.          0.94355468 -1.18858619  1.03245958  0.66081648 -0.12538816
  0.2626178   0.17893219  1.15730084  0.18626391  0.15121032 -0.56638569
  0.62334844  2.88517067  0.79005948  2.16658335 -1.47964408  2.33975681
  0.77685345 -3.9617543   3.06523554]
[ 1.         -0.26061848 -0.22264303  0.8002391   0.51990702 -0.49287673
 -0.026183   -0.59950125  2.80211634 -0.85463299  0.29655361  0.12638449
 -3.29178667 -0.81681924  0.40621878  2.12609603  1.02326479 -1.03145594
 -0.59974849  2.31308668  0.22844598]
[ 1.         -0.42800171  1.14848547 -0.5221885   0.29359442  0.59739627
 -0.02560004 -0.45987172  0.22151402  1.08167578  0.01686293  0.59923425
  0.88332463  0.35331627 -0.01379994 -0.04771149 -0.02114235  0.11375809
 -0.18924741  0.80824744 -0.0704457 ]
[ 1.         -1.71830809 -2.81612999 -1.74768336 -1.18760683  0.39517683
 -1.45007185  2.01029856 -0.27663346 -0.49587619  1.36546586  1.51194819
  1.35916569 -2.1301436  -2.3270594   1.75858799  0.71404822  1.25837903
  0.12655763  1.10070832  2.56513177]
[ 1.          0.3053253  -0.41871265  0.99406357  0.58368275 -0.81955241
  0.2774357   0.24689051  1.00171041  0.71922566  0.45589974  0.44147989
 -1.99662952  0.23840456 -0.13734835  1.65230209  0.24026674 -0.4062113
  0.32713377  0.69613167  1.11782125]
[ 1.         -0.81126124  0.15058897  0.57558033 -0.18139281 -0.23805248
 -0.87260788 -0.41171819  2.32602759 -2.42863428  4.88829394  1.50389981
 -2.07446871  0.9699782   1.01791167  1.68631328  1.0509277  -3.65845847
 -6.77597662  1.66822964 -0.16120025]
[ 1.         -0.16795349 -0.66309273  0.05174767 -0.69927258  0.03087081
  0.19919747 -0.19564883  1.03427113 -0.42792337  0.62732286 -2.61939362
 -0.06964685 -1.85295599  0.55343605 -1.60198859  0.97142568  0.40654086
  0.29233328  0.49259784  1.36333342]
[ 1.         -0.05066853  0.66867486 -0.88494527  1.68502224  2.24086164
  3.02345357  1.64127798 -1.81753136 -1.98153764  0.24508731  0.14464608
 -0.96827618 -0.09082244  0.4498617   0.5697033   0.75137203  0.51906052
  0.01852051 -0.09772248  0.0538064 ]
[  1.          -1.16290179   0.87668602   0.65660884  -0.97090651
   0.3373788   -1.87579534  -0.11583151   0.14807427  -2.94497356
   9.25031221   2.04120645  -0.38604978   4.28574341   2.36406708
  -1.81643513   0.07237546  -4.60735817 -10.69202401  -3.22074838
  -3.11755113]
[ 1.          0.87509726 -0.87364211  0.43437152  0.7273555  -0.13987327
  0.00237964 -0.37326043  0.68646265  0.07698535 -0.12923791 -0.22237181
 -0.3029817   1.74540601 -0.20612848  1.20834504  0.10101625  0.84374761
  0.21292843 -1.028123    1.50566378]
[ 1.         -0.64549345 -0.79836765  0.20437133 -1.58365582 -0.02527824
  0.19412486  0.4635713  -0.06563214 -0.35922601 -0.19033418 -0.37261693
 -0.09468717 -0.75302012 -0.67985977 -1.83993076  1.21259168  0.48711599
 -0.28849834 -0.13831114  1.41361402]
[ 1.          2.66798956 -0.16317026 -1.06623401 -0.8545258   0.30074812
 -0.7740016  -0.69722286 -0.33598411 -0.7299881   0.5279227  -0.57480719
 -0.00889437 -2.16500119  1.05437258 -1.00740956 -0.95576491 -0.17438667
  0.29266371  0.07529919 -2.19929856]
[ 1.         -0.45930714  0.85795844 -0.36572471  0.49796639  0.40805844
  0.06174299 -1.0412771   0.75674383  0.91980119  0.01137362  0.35267946
  1.02291998  0.56146322 -0.64816241  0.52452264  0.68451985  2.31937543
 -0.70420609  1.34932924 -2.0223201 ]
[ 1.          0.06504894 -0.62273112  0.56226273 -0.60862516  0.01723858
  0.47703654  0.39917688  0.89232792 -0.37942911  1.10712492 -1.0041008
  1.11558524 -0.5095923   2.12737036  0.63949236 -2.36568412  0.78868873
  0.55355852 -1.28655015 -0.64704848]
[ 1.         -1.27001847  1.62507583  1.66489003 -0.67117318  2.18989709
 -3.26692524 -1.12180378 -2.1004192  -1.07000383  5.56878426  1.25719683
 -2.68516675  4.36590695  1.79685653 -4.18055455 -2.15545832  4.71534956
  5.96092706  7.22173051  1.47690686]
[ 1.         -0.75594291 -0.21270068 -0.71729914  0.05684882  0.69944938
  0.32267571 -0.43353265  0.96434692 -0.55995003  1.58161224 -0.40724176
  1.64801939 -0.73642531 -3.82442379 -0.05498029 -0.08475326 -1.62656161
  0.93627751 -0.60646514 -0.41814305]
[ 1.         -1.66990496 -3.05624788 -0.13665514 -6.88477431  1.4609032
  4.42743253 -3.95488739 -1.86148872  1.64279121 -1.81862888  2.06380287
 -2.45296347  2.57961721  1.20997768  0.14784958  0.66009291 -1.46343796
 -0.71446509 -0.07976617 -1.1923793 ]
[  1.          -1.25009297   0.69223696   1.05254715  -1.19157201
   0.82388052  -2.54694778   0.47123293  -0.56266255  -2.15825733
  10.82320341   0.72407426  -2.71188034   4.28645114  -1.07338317
  -0.84946883   2.56829285  -7.34626883  -9.99612013  -6.24216863
  -6.00414629]
[ 1.         -0.52620428 -0.53775932  0.08634705 -0.68693541  0.41758095
  0.18338798  0.20035081  1.01023695 -0.33763327  1.93056354 -2.33561991
  0.44698921 -1.63014526 -3.21967628 -2.70208576  1.96423906 -1.24482024
  2.39136371 -1.72729016  0.50090803]
[ 1.          0.37296659 -1.05974521  1.97290395  1.16336386 -1.0847661
  0.81851582  0.30005405 -0.7062607   1.11937087  0.69448693  1.2278961
 -0.53171368 -0.78766414 -0.11427732  0.2726155  -0.70948459 -1.04326872
  0.3771451   1.52526582  0.53625512]
[ 1.         -2.29493346 -4.43213053 -3.35773204  0.44913738  0.51980047
 -3.40564576  3.16314909 -0.90120831  0.5001356  -0.28941408  2.26635375
 -0.22728875 -0.99918166  0.2785813   1.00386782  0.44475969  1.03086616
  0.28354913  0.93306269 -0.65059267]
[ 1.         -0.87879993  0.45052094  0.55926821 -0.68041969 -0.28553002
 -0.74366826 -0.39277917 -0.12726364 -1.88956856 -0.62335138  1.30133826
  0.62825289 -0.19492021  0.55126616 -1.50893743  0.70771347  0.41052387
 -0.4419467  -1.23989585  1.82847563]
[ 1.         -2.10931986 -4.27854569 -3.45007535  1.51549048  0.41096328
 -3.44440719  2.43396586 -0.88209519  0.96169932 -1.35269466  1.37545912
 -1.26718066  0.55025214  2.02902779 -0.35406335 -0.12411695 -0.02987246
  0.15315524 -0.07830474 -2.43219957]
[ 1.         -0.39514192 -0.64029592  0.09112842  0.62467032 -0.28801481
  0.09366412 -1.36340937  2.33654487 -0.64563009  0.18184309 -2.34933179
 -2.06011512 -0.61926611  0.21479122  0.27037734  1.99515622  1.23845924
 -1.13431595  2.53050253  0.65630334]
[ 1.          0.70299453 -1.05682303  2.031788    0.38571589  0.03831098
  0.46356305  1.43075813  0.06080679  0.58847312 -0.30985226  0.40118201
  1.08506821  0.83207739 -0.18417905 -0.71526515  0.13505813 -0.28852692
 -0.24633947  0.65682522 -0.74675495]
[ 1.         -0.81527162  0.68278956  1.13298152 -0.04577448  0.89623763
 -1.13362557 -0.85524774  0.48147454 -1.52818151 -1.62217092  1.9506157
  0.02246167 -0.87441009  0.11270842 -1.00696432 -0.22952799  0.62277382
  0.25363992 -1.17569684  0.79394421]
[ 1.         -0.84008884  0.37462091 -0.24199262 -0.6072412  -1.22285669
 -0.50700032  0.31744894  0.14425486 -1.79780597  1.69945756  0.68771772
  1.18820794  0.39382235 -0.01133574  1.22273136  0.69594305 -0.93362847
 -0.9902428  -0.67019055  0.05506068]
[ 1.          3.11122524 -0.45452686 -0.76102631 -0.42448489  0.29053734
 -0.93942239 -0.76989822 -0.49851558 -0.59696601 -0.07415727  0.51501162
 -0.04645299  0.33547904 -0.48087634  0.34354115  0.47469318 -0.21316307
  0.05422631  0.19949303  0.23085269]
[ 1.         -0.90607418  1.24954036  1.12115602 -0.06023463  1.74220872
 -1.81959157 -1.02201595 -0.91373593 -0.08974651 -0.84643318  0.67542857
 -0.02522388 -0.21063833  0.06587639  0.28202167 -0.53970516  0.73953286
  0.35617735  0.08318343  0.8809329 ]
[ 1.         -1.13499686  1.38135751  2.56738658 -0.66651991  3.04990001
 -3.73624279 -0.59187418 -3.89164205  1.16007576  0.53425007 -3.18690882
 -2.31979733  0.10729421 -1.34896625  3.40971569  0.38017983 -1.08070432
  0.95443359 -2.66389244 -1.24036561]
[ 1.          1.18608191 -0.55459504 -0.2668106  -0.92302186  0.16823137
 -0.11522895 -0.27815136  0.66457876 -0.78735961  1.15665423 -2.06859466
  0.54497871 -2.56537958  2.19261522 -1.18135454 -1.60062598  0.60108798
  0.75332126 -0.52689173 -1.49762517]
[ 1.          0.61118427  0.68045138 -0.79356884 -0.2906909   0.00312651
  0.10598173  0.29063188 -0.13970568  0.4684692  -0.06951937 -0.02811684
 -0.24045907 -0.64219199  0.14985198 -0.37857775 -0.26881415 -0.04311205
 -0.31743788 -0.03989988  0.11069888]
[ 1.          1.81046747 -1.17357959  1.43364158  0.28954593  0.130445
 -0.02079032  0.87092512 -0.03890663  0.26942859 -0.4344833   0.74285471
  1.13435459  1.94514793 -0.76741627 -0.08414128  0.78074698 -0.23194702
 -0.20475909  0.79947149  0.19999795]
[ 1.         -0.58528504  1.08109449 -0.4351105  -1.05527082 -2.93083652
 -0.19467134  1.23752352 -1.55692074 -2.31311321 -1.82066003 -1.13541742
 -0.30581162  1.73791477 -1.61931526  0.11120605 -2.36190836 -0.0223951
 -0.5258055   1.35245404  0.01835505]
[ 1.         -0.43489508  0.27191545  0.76589104  0.21256265 -0.12031276
 -0.21159732 -0.32270543  2.34808856 -1.29035204 -0.70655387  1.25863298
 -2.01924257 -1.20147477  0.42551739  1.33020531 -0.294042   -1.37359643
  0.72528094  0.2479394  -1.06022317]
[ 1.          0.29745145 -0.6893088   1.44385471  0.44767941  0.20459127
  0.61943002  1.01396038  0.26520622  0.07008453 -0.15648948  0.17108123
  0.43480436  0.10191466  0.42694272 -0.24536163 -0.41319648 -0.43975622
  0.31270797  0.01436048 -0.42168685]
[ 1.         -0.35243541 -0.19444131  1.23282105 -0.49665037  1.09354569
 -0.77769402  0.27203849 -1.10145944  0.66385871 -0.78822292 -3.61187262
  1.15644752 -1.63157985  1.48466968  1.19427868 -0.16260907 -1.25166892
 -2.26847289  1.48364634  1.27845   ]
[ 1.          0.21360506 -0.39758786  1.37822059 -0.09431588 -0.19101558
  0.36426583  1.63830661  0.3382121   0.90695969  0.36623239 -0.09702043
 -0.22754259  0.40639532 -0.6989576  -1.11343443  0.73669733 -0.53597432
  1.13468739 -1.05047106 -1.01612332]
[ 1.         -0.67383067 -0.20082181 -0.64984378  0.22523688  0.88520782
  0.99713688 -1.0077956   0.75536989 -0.25299947  0.8262089  -0.53717895
  1.49913911  0.07731943 -2.55573317  0.94501546 -0.94288743  0.42641418
  0.75862029  0.36102219 -1.76693849]
[ 1.         -0.26263671  0.92634543 -0.40767961 -0.36377674 -0.94995962
 -0.02245483  0.28873574 -0.08871607  0.32713488 -0.13246284 -0.09789072
  0.86937289  0.17409332  1.21061629  0.66053775  1.44493777 -0.70221198
  1.13721942  0.30598813 -0.18332214]
[ 1.         -0.57842646 -0.17498525 -1.03560748  1.50001153  0.77146402
  0.66545148 -1.04975427  0.16130846  0.09708437 -0.30277132 -1.04830769
  0.3472817   1.38066955 -0.70870278 -0.94253212 -1.12812485 -1.60406084
  0.12595664  0.00618426  0.49479869]
[ 1.         -1.32849025 -2.2492847   0.05570373 -5.13182417  0.86005288
  2.85653939 -2.24699252 -1.30975262  0.85673935 -1.47930457  1.20928579
 -1.94307983  1.33723841  0.35443915 -1.65573285  1.80171605 -0.83519027
 -0.97509022 -0.24206289  0.44535235]
[ 1.         -0.86839401  0.73510881  0.30607828 -0.58440238  0.01897097
 -0.93970504 -0.32244239  0.39039713 -1.90123332  3.83098625  1.53753422
  0.83471235  1.83259565  2.40298673 -1.06542479 -1.05811922 -0.16718318
 -3.32875916  0.588893    0.62919761]
[ 1.         -1.02882929  1.24644832  2.26444769 -0.3607363   2.80094707
 -3.08944685 -0.81032921 -2.99394843  0.75619872 -0.96594088 -2.10855047
 -0.68059763 -0.58582477 -0.35580731  2.92556349 -0.32820506 -0.51186027
 -0.6210635  -0.67454717  0.18534473]
[ 1.         -1.22976381  1.35505235  1.09634643 -0.78579032  1.21987023
 -2.54753581 -0.93361936 -0.97933    -2.29965071  7.11863085  2.24020195
 -1.09255101  4.85641364  3.7482756  -4.35761873 -2.88400971  3.79080155
  1.29838699  7.47981816  2.24724813]
[ 1.         -1.50885999 -2.82362966 -0.30057086 -5.80422056  1.45089167
  3.94530497 -3.46506389 -1.25722466  1.38602467 -0.81445268  1.41612399
 -1.01534326  1.79203801  1.07711154  2.06408793 -1.30749828 -0.63684177
  0.34815066  0.19797369 -1.63560936]
[ 1.         -0.41572962 -0.44796032  0.96632804 -1.03312355  0.24308248
 -0.13274392  1.16948616  0.01646136  0.372957    1.56146371 -1.36645717
 -0.85863434 -0.25262289 -2.36701463 -2.95118182  2.37154589 -0.70934917
  2.51382593 -2.46343061 -0.3707845 ]
[ 1.          0.13098039  0.93999289 -1.24817008  1.84668576  2.67188356
  3.79309448  2.43074582 -2.76797714 -2.85008091  0.37827692  0.23881697
 -1.99432864 -0.66122977  1.14110347  1.03764433  1.76756762  1.57202511
 -0.38393312 -0.52366225  0.56167953]
[ 1.         -0.04076889  0.64058732  0.16252915 -0.39894281 -0.80148491
  0.04617549  1.07489645  0.46137578  1.20201374  0.3305846   0.03471638
 -1.2635498   0.13465132 -0.25737094  0.36843954  0.25416688  0.1083503
  0.44830869 -0.81551199 -0.26537775]
[ 1.         -0.05390916  0.61571862 -0.29876251 -0.90694115 -1.09320913
  0.06888738  1.13634007 -0.0587128  -0.14447427 -0.53128495 -0.52917531
 -1.16634781  0.00775487 -0.95275545 -0.25565437 -1.12092812  0.34693945
 -0.27619455  0.18544691 -0.26553028]
[ 1.         -0.50104156  0.1805837   2.43936654 -0.3083011   2.0715986
 -1.84705174  0.33311366 -2.32929439  0.97469086 -1.46740966 -3.2831836
  0.92944207 -1.15207647  0.54465004  2.25393128 -0.06302327 -1.34161907
 -3.07138603  1.55216921 -0.03448556]
[ 1.          0.31871555  0.91028191 -1.17301037  1.17192503  1.86741283
  2.70186523  1.8457384  -2.03154246 -1.82974302  0.24057856  0.15943769
 -1.5613421  -0.79170526  0.91349219  0.57341774  1.17482528  1.15636935
 -0.46286691 -0.42334093  0.49800216]
[ 1.         -1.32395615 -1.03139962 -1.04808072 -0.75091391 -0.02816459
 -0.80392887  0.87180516  0.48966966 -1.59754833  3.10931222  1.05303767
  2.06079525 -1.14323099 -3.69631027  1.88958466  1.09995149 -1.72010417
 -1.2403397  -0.48429637  1.23274769]
[ 1.         -1.19133484  1.47120872  2.00287421 -1.0507715   2.15597723
 -3.53276227 -0.27679028 -2.86189105 -0.08015173  7.23758359 -0.55626381
 -5.00149551  4.99993111 -0.27715266 -4.44953137 -0.28398962  3.67745307
  9.21515432  4.27084085 -1.45031068]
[  1.          -1.35100653  -0.28243048  -0.02029534  -0.85737825
   0.14709109  -1.64960071   0.51359506   1.17995588  -2.97521085
   8.66453481   1.7629267   -0.69032111   1.43393601  -2.71847141
   2.09304015   2.7272312   -7.32628034 -10.30055783  -2.64877008
  -2.23581344]
[  1.00000000e+00  -3.85649988e-01   1.22833435e+00  -5.57775337e-01
  -1.40169167e-01  -4.56108533e-01  -3.11366748e-02   1.02796063e-03
   4.43717748e-02   9.18817340e-01  -1.16718551e-01   2.69151952e-01
   1.42115637e+00   4.04587606e-01   1.29327912e+00   7.04795539e-01
   1.66266937e+00  -7.65244569e-01   1.25411826e+00   1.08895131e+00
  -3.16859145e-01]
[ 1.          0.1170417   1.24824383 -0.76763565 -0.13750859  0.12307151
  0.07679815  0.36092961  0.28886128  2.14869566  0.1568946   0.67332318
 -0.2440261  -0.3589963  -0.05295572 -0.44019092 -0.38321876  0.80821649
 -1.25957706 -0.47537189  0.78617891]
[ 1.         -0.3471227   1.00239168 -0.44485591 -1.23118983 -2.47219438
 -0.06582416  1.66013464 -1.06411452 -1.67111906 -1.73183786 -1.26859443
 -1.26411605  1.31240953 -2.19201899 -0.16369333 -3.17251777  0.35533096
 -0.77782957  1.55308162 -0.31130291]
[ 1.         -0.31619331 -0.16873608  0.58155891 -0.75853166  0.02296319
 -0.03642866  0.19957584  1.03343534 -1.37145443  3.2325156  -0.15586907
  1.64987942  0.54073027  3.89187171  0.05830813 -3.58588044  0.88321765
 -1.65950143 -1.34895178 -0.43572647]
[  1.00000000e+00   2.24413689e-01  -8.27403718e-01   2.33032539e+00
   1.31256773e-01   6.88609120e-01   2.26704203e-03   1.44298061e+00
  -4.44797746e-01   5.26943634e-01  -1.06125014e+00  -6.02414599e-01
   1.50542438e+00   6.29214072e-02   7.02073419e-04  -7.06865077e-01
   4.36295533e-01  -3.45298198e-01  -1.92903018e+00   1.62673997e+00
  -1.46495830e+00]
[ 1.         -1.40059351 -2.84168327 -2.37036196  1.76244606  0.16897699
 -2.02544908  0.65745606 -0.38930167  0.75610378 -1.3054887  -0.17947185
 -1.19557421  1.33049017  1.82333684 -1.09644403 -0.44966402 -0.80175671
 -0.07909649 -0.76454634 -1.39211705]
[ 1.         -0.02428457 -1.32574888  1.93289173  2.21692783 -2.71638846
  1.11619569 -1.7469227  -3.20970728  1.59938532  1.73658227  2.05100889
 -0.75043821 -2.9710539  -0.35726541 -0.13426069 -1.43428427 -0.96625083
  0.34358768  1.40455575  0.93353932]
[ 1.         -0.47431334  0.32631718  0.83354623  0.33745628  0.56260934
 -0.33619343 -0.44632187  1.38224406 -1.17409341 -1.22888572  1.62678247
 -0.59068908 -0.96122996  0.08062602 -0.26977836 -0.77375163 -1.03510344
  0.7880581  -0.69018258 -0.21865869]
[ 1.          0.145811   -0.01235014  0.34475053  1.34827697  1.57275042
  2.39687001  1.86476258 -1.124497   -1.42259047  0.06899311  0.24948244
 -0.43359687  0.00919844  0.76664491  0.29469154  0.31937743  0.07834643
  0.33124923 -0.09094544 -0.41650241]
[ 1.         -0.53476075 -0.95611169 -0.53037075  1.30874058 -0.20754073
 -0.03649245 -1.61461266  1.5041195  -0.2287018  -0.31484163 -2.64506946
 -1.65155451  0.58740805  0.46681551 -0.67643048  1.11566632  0.1395235
 -1.1187996   1.44494752  1.61793542]
[ 1.         -1.53182991 -2.65677122 -1.3486294  -1.97234082  0.72362102
 -0.15005135  0.97267435 -0.02811241 -0.30380623  1.82164263  0.92925502
  2.28696431 -2.36908218 -2.19135968  3.62992381 -1.29302232  2.21832671
  1.26009093  1.55774546  2.85605542]
