Cluster centers 

[-0.90990501 -0.79090461  0.87616767 -0.52787794]
[ 1.11212274 -0.07882361  0.40949029  0.24974981]
[-1.05982587  0.44751901 -1.24721401  0.45117701]
[ 0.98449732 -1.24982863 -0.41682759 -0.34517294]
[-0.9833425  -0.44196423  1.53398954  0.95580511]
[ 1.12900812  0.57628051  0.20751111 -0.60758804]
[-0.96244463  0.89935697  0.02675967 -1.6364526 ]
[ 0.37199355 -1.85307714 -1.74091203  0.55372684]
[ 0.96441238  1.65897948  1.13813328  0.79188723]
[-0.99893218  0.2499662   1.41233054 -0.24337853]
[-1.11326489  0.80703578 -1.50855011  1.35118157]
[-0.98891475 -0.01880199 -0.65282655 -0.774126  ]
[ 1.01178962 -0.11567799 -1.84024538  0.3760441 ]
[-0.61695267 -1.79599031 -0.41884519 -0.66851503]
[-0.87722093 -1.08515267  1.47361915  1.74091597]
[ 1.03083948  1.39878522  0.70893529 -0.32001296]
[-1.0321023   1.41835157 -0.89348222 -0.33957153]
[ 1.10419975 -0.53980587 -0.18324022 -0.46073544]
[-0.98288411 -0.53709186  1.75245735  2.45777948]
[ 0.35591976 -2.36066229 -0.91533117 -0.20874692]
[ 0.46321406 -1.49902332 -2.25656465  1.60563941]
[ 0.97996905  1.83771043 -1.55879053 -0.11682622]
[ 0.99269156  1.18496711  1.29589424  2.7163903 ]
[-1.15313739  1.51333756 -1.57598135  1.86557333]
[-0.8149379  -1.18414308 -0.16718142 -0.9277348 ]
[ 1.1109376   0.06009373 -1.10958287 -0.67388775]
[-0.96607421  0.49462389  0.93768181 -1.30159414]
[ 0.77005099 -1.65154339  0.42978917  1.25759521]
[ 1.08107494 -0.04134544  0.69242568  1.09080426]
[-1.16063753  1.09923455 -1.73707339  2.37095274]
[ 0.86251389 -1.49754333 -1.10097537 -0.31851406]
[ 0.46767896 -2.34236738  0.09872352  0.54437724]
[-1.00417128 -0.37865771  1.69542011  1.68918961]
[ 0.4880043   2.92254315 -0.01284729 -2.07737829]
[-0.94884579  0.75432798  0.60626037 -1.63427023]
[-0.83098376 -1.25340382  1.14385588  0.60043774]
[-0.96718527  0.01199621  0.22432807 -1.44995624]
[-0.84280717 -0.90970083 -1.04524858 -0.15036228]
[-0.95082116  1.34977943 -0.27978311 -1.4319595 ]
[ 1.13191381 -0.03328689  0.13099017 -0.32726762]
[-0.95352973  1.07325911  1.54938674 -0.51880719]
[-0.95760462 -0.24725012 -1.87061242  2.12159791]
[-0.97570802 -0.05991825  1.06957554 -0.75066018]
[-0.98144417 -0.21110246  1.28488149 -0.1616034 ]
[-0.7842453  -1.41539069  1.24343048  1.23629195]
[-1.00108767 -0.14823209  1.49838189  0.43509589]
[ 1.05294853 -0.89677985 -0.10975106 -0.20160452]
[-1.01656098  0.11131456 -1.0344352  -0.10389201]
[-1.03799613  0.56587531 -0.85015228 -0.44687097]
[ 1.09061688  0.97866642  0.53494866 -0.32477572]
[  1.28934036e-03   3.54752360e+00  -7.27334926e-01  -1.23885785e+00]
[-0.96069963 -0.29590505 -1.43435049  0.77076847]
[ 1.11382786  0.86530703 -0.51728073 -1.15092042]
[ 1.06065861  1.10510765  0.84320402  0.3909557 ]
[ 0.77157879 -0.26684988 -2.6322292   2.76021942]
[ 1.05759768  0.68285653  1.02501959  1.75074627]
[-1.01884483  0.28595637  1.61135167  0.36763036]
[ 1.08510024  1.09990271  0.21050722 -0.94646058]
[-0.93687022 -0.44379068  0.12013988 -1.26400608]
[ 0.97480477  1.66120082  0.95652468  0.08088297]
[-0.91718921 -0.61502822 -0.28989788 -1.06156554]
[ 0.7855242  -1.85615021 -0.51009867 -0.20494747]
[ 0.99558436  1.48540813 -2.06071953  1.08073282]
[ 0.89789159  1.97606917  0.67801213 -0.96351254]
[-0.92946801 -0.74039354  1.21847165  0.19451376]
[ 1.13112248 -0.19564831 -0.42166406 -0.75876216]
[-1.11191673  1.350972   -1.35314027  0.97779962]
[ 1.10066934  0.52830626  0.70144432  0.54668268]
[ 1.0493809   1.05359064  1.01350588  1.143188  ]
[-1.05354977  0.2218875  -1.5746278   1.35324744]
[-0.84410596  1.56175055  0.62057094 -1.88650363]
[-0.17295021 -2.48703913  0.22043651  0.23742681]
[-1.03817663  0.35979271  1.76921323  0.95878081]
[-0.62954359 -1.87010984  0.41317021 -0.29073831]
[-1.07041024  1.27792631 -1.09384461  0.17013074]
[ 0.931478   -1.41109426  0.00815736  0.2119703 ]
[ 0.81929071 -0.80821489 -2.13957976  1.12420615]
[ 0.9079651  -1.04256018 -1.58510094  0.04491777]
[ 0.9929229   1.43063085  1.22212052  1.65286727]
[-0.92347345 -0.61106918  0.59496635 -1.0065829 ]
[-0.97832207  0.55377632  1.30137033 -0.74985114]
[-1.05283412  0.22680528 -2.02075105  3.03837255]
[-0.83528553 -1.17498763  0.51302364 -0.72041128]
[-0.26047228 -2.28454517 -0.70152507 -0.31034167]
[ 1.11639709  0.52272466  0.51071052  0.01127482]
[ 0.89073122  2.00919207  1.46260769  2.11758234]
[-0.80805603 -1.31515232  0.8386377  -0.12834909]
[ 1.14358114  0.24214699 -0.18646984 -0.82339849]
[-0.49756911 -2.12528724  0.74669981  0.70356562]
[ 1.07069939 -0.72247125 -0.68187376 -0.61127341]
[-0.9925144   1.00985326  1.7561375   0.21397771]
[-0.99746221  0.53840612 -0.33176236 -1.24765309]
[-1.02078299  1.15517741 -0.70527982 -0.74113927]
[-0.9681199   0.26166764  0.69342898 -1.40258072]
[-0.96852872  2.42150497 -1.09297969  0.27400023]
[ 1.04951467 -0.68299424  0.37875559  0.59964053]
[-0.60952588 -1.75187724  1.25160535  2.15924845]
[ 1.08284761 -0.61380553  0.13876339  0.02831451]
[-1.04335216 -0.21803231  1.92802095  3.32277006]
[ 0.6311856  -2.15089878 -0.22139391  0.06932918]

Populations

0.0166391327305
0.0225340041836
0.019676349642
0.0164547256829
0.0109377739502
0.0202167169697
0.00930461093713
0.00515070829594
0.0086333650677
0.00835042985992
0.0121682759112
0.0151185441248
0.0107956811001
0.00352234529256
0.00566002835737
0.00788879420703
0.00944057556299
0.0153146479191
0.00678947711397
0.00351968143465
0.00454655344677
0.00542178033153
0.00531609687684
0.0057005941009
0.0119948881974
0.0209837738788
0.00805937538464
0.0077114188051
0.0178102665505
0.00877474623777
0.0118841186387
0.00463336521531
0.00825933106025
0.000808535999192
0.00653058489145
0.00674817299061
0.0140482950353
0.0132266023382
0.00538484101775
0.0311784650282
0.00142224564568
0.00307458214961
0.0177931618143
0.013014996743
0.0065951989448
0.00902268059879
0.0091555871034
0.0185212151005
0.0169490515428
0.0130761698019
0.000792875468331
0.00973989111018
0.0117486800103
0.0141889359222
0.00225711207734
0.0108069775693
0.00605337926417
0.0169476331157
0.0144668411901
0.00946983196546
0.00987852425645
0.00545724831204
0.00226962227579
0.00621912558154
0.0120674881065
0.0214330699566
0.0159702820538
0.0144612591807
0.0124103901675
0.0104258793509
0.00379467881315
0.00305184989231
0.00738505676286
0.00569635021942
0.0107147339812
0.0115722661518
0.00456902066313
0.0131888590682
0.00609474629949
0.0159586681953
0.00855554115538
0.00444221425108
0.00911964133207
0.00353002487467
0.0213480105089
0.00309269496067
0.00997055282648
0.0185496784277
0.00363272355143
0.0147526991658
0.00223946706609
0.0159005960881
0.0100551879921
0.0090858145791
0.00158923874908
0.00935335263606
0.00302662665059
0.0122868396483
0.00386718911503
0.0107480656263

State labels

0
1
2
3
4
5
6
7
8
9
10
11
12
13
14
15
16
17
18
19
20
21
22
23
24
25
26
27
28
29
30
31
32
33
34
35
36
37
38
39
40
41
42
43
44
45
46
47
48
49
50
51
52
53
54
55
56
57
58
59
60
61
62
63
64
65
66
67
68
69
70
71
72
73
74
75
76
77
78
79
80
81
82
83
84
85
86
87
88
89
90
91
92
93
94
95
96
97
98
99

Eigen values

1.0
0.600647647524
0.362405839669
0.352409186744
0.336680488367
0.322508884518
0.305534635039
0.30075790654
0.285696253476
0.282685016203
0.270892351858
0.266942598044
0.257279162779
0.246457756603
0.243759123757
0.235608647486
0.226189043826
0.220419622384
0.209765112935
0.200720708477
0.197933728981

Left eigenvectors

[ 0.01663913  0.01402729  0.00405838 -0.0032152   0.00222244  0.01080909
 -0.00422012 -0.00572389  0.00810026 -0.01866018 -0.00624474  0.00308522
  0.00701784 -0.01053389 -0.00626311  0.00021114  0.00461972 -0.0034419
  0.00508919 -0.02332967 -0.00860754]
[ 0.022534   -0.01689798  0.00439222 -0.0098283   0.00959408  0.02199952
  0.00355242  0.00178362  0.00646193 -0.01068621  0.01688212  0.00378052
 -0.00180706  0.0085483   0.01737448 -0.01073129  0.00585064  0.01559139
 -0.00622397  0.01727626 -0.02692478]
[ 0.01967635  0.01817086 -0.01526563 -0.00354976 -0.01774323  0.02492608
 -0.01259366  0.03111684 -0.00373818  0.01396371 -0.01235212  0.00286111
  0.0018011  -0.00287595  0.0045833  -0.01293585 -0.02254503  0.00562401
  0.00467392 -0.00787933 -0.02542805]
[ 0.01645473 -0.01740644  0.02567109 -0.0066248   0.00021396  0.00504533
 -0.00668096 -0.00258183 -0.00826578 -0.00348178  0.00946302 -0.01030545
  0.01594445 -0.00905699  0.01035361  0.0096991  -0.00726984 -0.0022704
  0.01557423 -0.00334173 -0.01335646]
[ 0.01093777  0.01079239  0.0082325  -0.00029178  0.00181045 -0.00484046
 -0.02037878 -0.00449289 -0.01344579 -0.01975026  0.00797784  0.00272435
  0.01407663 -0.00079978 -0.00164574  0.00624731  0.0130462  -0.01352555
  0.02033153  0.00822037  0.00680405]
[ 0.02021672 -0.02131116 -0.00642233 -0.01855674  0.00607662 -0.01021516
  0.01645641 -0.01084065 -0.02951859 -0.00545388 -0.01774331  0.02578117
  0.00154617  0.03017834  0.00671968 -0.02302192  0.01698496 -0.00929861
 -0.00681956 -0.0181711   0.01575976]
[ 0.00930461  0.01280862  0.00275802 -0.01140167  0.0071603  -0.00973198
  0.00271508 -0.0076761  -0.00364121 -0.00352954 -0.00087388 -0.01334169
 -0.00676007 -0.00208744  0.00102628  0.00048309  0.00545222  0.00140998
  0.00557216  0.01034917 -0.01638145]
[ 0.00515071 -0.0002362   0.00702229 -0.00603933 -0.01777588  0.01344318
 -0.00025392 -0.02321898  0.00890465 -0.0034237  -0.0191842  -0.0117453
 -0.00905967 -0.02200337 -0.00017541  0.00078282  0.01200831  0.00376049
 -0.00085937 -0.0015658   0.01550374]
[ 0.00863337 -0.00649498 -0.01180656 -0.00306456  0.00394944  0.00586843
 -0.00155228  0.00973158  0.0011343  -0.01417621 -0.01806766  0.00213429
  0.00337542  0.01477092  0.00284446 -0.01165011  0.01813004 -0.01253262
 -0.00715614  0.01329701  0.00917517]
[ 0.00835043  0.00757894 -0.00019264 -0.00166606  0.00604794 -0.01206251
  0.01102889 -0.00154225 -0.00607339  0.00960601  0.00198383 -0.00134497
  0.01029444  0.00058685  0.00707646 -0.00140029  0.00459959  0.00952091
  0.00756276  0.00105895  0.01210495]
[  1.21682759e-02   9.60031496e-03  -4.65055925e-05  -1.13426740e-03
   6.08499790e-03  -1.55881157e-04   2.12140083e-02  -6.79278907e-03
  -4.66028480e-03   2.39927816e-03   2.47500657e-03   1.51966056e-03
   1.68233278e-02  -2.28573130e-02  -1.02855697e-03   2.12435045e-03
   1.02668414e-02   1.41034757e-02  -2.25518592e-02  -4.37892112e-03
   3.70515498e-03]
[ 0.01511854  0.00956868 -0.00191198 -0.01721052 -0.00215019 -0.02658014
 -0.00704115  0.02049757 -0.00878061 -0.00464377  0.01131626 -0.01128087
 -0.01666285  0.00965576  0.03549185  0.00811311  0.02066873  0.00981423
 -0.00295604 -0.00752533 -0.00020078]
[ 0.01079568 -0.00778392  0.00193156 -0.00991613 -0.00969115  0.00580668
 -0.00474335 -0.00158709  0.00263225  0.01171503  0.01112817  0.00181723
  0.00065531 -0.00192756 -0.01638186  0.00519974 -0.00069795  0.00842855
  0.00096168  0.01707841  0.0174461 ]
[ 0.00352235  0.0023078   0.00806451  0.00261478  0.00388685 -0.00557718
 -0.01032433  0.00253504 -0.00112367 -0.00603344 -0.00053138  0.00915744
  0.0024629  -0.00312499 -0.00259669  0.00254903  0.00678425 -0.00251958
  0.01181029 -0.00148033  0.00657995]
[ 0.00566003  0.00874862  0.0038274  -0.00655038  0.00478336 -0.01552159
 -0.00523955 -0.00252585 -0.00747301  0.0077093  -0.00214675 -0.00917184
  0.00659887  0.00013738  0.01142278  0.00271051  0.00613428  0.00509618
  0.01420393  0.01007836 -0.00146932]
[ 0.00788879 -0.00868232 -0.01497338 -0.00065734  0.00204236  0.00313971
 -0.00749238  0.00789995  0.00495576  0.01473784  0.00768484  0.00101527
  0.00183062 -0.02234619 -0.01338948 -0.01112953  0.00688932  0.00213357
 -0.00084609  0.00728921  0.00987344]
[ 0.00944058  0.01110162  0.00131408  0.00117779  0.00330575 -0.00537227
  0.00414849 -0.00158224 -0.00213412  0.01452975 -0.01298878  0.00178104
 -0.00706363  0.00240402  0.00841398 -0.00801855 -0.00197072 -0.00349145
 -0.01801785 -0.00716349 -0.01050868]
[ 0.01531465 -0.01910171 -0.00821539  0.00164383  0.01509851  0.00986773
 -0.00907247 -0.00069738  0.00550088  0.0227798   0.020495    0.0013921
  0.01302317 -0.01287088  0.00627289  0.00099807  0.00099459  0.00580965
  0.0013854   0.00268631 -0.01769491]
[ 0.00678948  0.00591618 -0.00660454 -0.0040573  -0.00745673  0.00541854
 -0.00191386  0.00188272 -0.00137871  0.00410052  0.00667139 -0.00173386
 -0.00732943  0.01610831 -0.00649478  0.00187399 -0.00515678 -0.00232149
  0.00743286 -0.00326724  0.00846573]
[ 0.00351968 -0.00044718  0.00737654  0.00354494  0.00769104  0.00043976
  0.00760079  0.00363729  0.00410483  0.00722055  0.00037877 -0.00884511
 -0.00790607  0.00210909 -0.00222977 -0.00420322  0.00207986 -0.00784841
  0.00236381 -0.00028216 -0.00599882]
[ 0.00454655 -0.00490295  0.00411848 -0.00405865 -0.01482582  0.00106732
 -0.00369131 -0.00608337  0.00257475  0.00420743 -0.00067416 -0.00767577
  0.00171663 -0.00035064 -0.00260971 -0.00554895  0.00564229  0.00236076
  0.00322534  0.0068608   0.00532607]
[ 0.00542178 -0.00361191  0.00745444 -0.00361938 -0.00094026 -0.00251909
 -0.00220332  0.00536273  0.00700739 -0.00058814  0.00138134  0.00481757
 -0.012884   -0.00637332  0.0128867   0.00715104 -0.00080515 -0.01681521
 -0.0034604  -0.00475873  0.00627515]
[ 0.0053161  -0.00608893  0.00257739 -0.00062477 -0.00025098 -0.0064594
 -0.01289491 -0.00150126  0.0053051   0.00191526  0.01469321 -0.00681466
 -0.01043185  0.00125293  0.01208427 -0.00451393 -0.0063488  -0.0049878
 -0.01083278 -0.00639297  0.01386215]
[ 0.00570059  0.00745217 -0.00097397  0.00056441  0.00123208  0.00036579
 -0.00594868  0.00548683 -0.00030634  0.00567986 -0.01741202  0.00462275
 -0.00502149 -0.00823497  0.00122599 -0.00850235 -0.00446915 -0.00501137
 -0.00341754  0.00026484 -0.00561917]
[ 0.01199489  0.01231556 -0.00840861 -0.00362808 -0.00663217 -0.00472514
 -0.00585594 -0.00734355 -0.00099046 -0.00861425  0.01902064 -0.00495898
  0.00068495  0.00496128  0.00608049  0.00153464 -0.00226544 -0.00549369
 -0.01661587  0.0012723  -0.00751174]
[ 0.02098377 -0.02642396  0.01198916 -0.01722251  0.00010987 -0.00182326
  0.01715936 -0.00181605 -0.02546411  0.00591884  0.01679313  0.0138875
 -0.02248682 -0.00895305  0.00031278  0.01619138 -0.01461678  0.01489243
  0.00479042 -0.01734566 -0.00300771]
[ 0.00805938  0.00501609 -0.00410803  0.00906344 -0.00746312  0.0081211
 -0.01008822 -0.01199653 -0.01334465  0.00389573 -0.00882748 -0.01458135
 -0.00798052  0.00923199  0.00261937  0.00543639 -0.00759199 -0.00155375
 -0.00148115 -0.00030888  0.01678145]
[ 0.00771142 -0.00623732 -0.0155208   0.011665    0.00588663 -0.01316155
 -0.00500276  0.00030539 -0.00590499  0.00237415 -0.0061155   0.00539109
 -0.00725139 -0.01742802 -0.00263831  0.00718824 -0.00062231  0.01195009
  0.0087863   0.00063636  0.00369853]
[ 0.01781027 -0.01938516  0.01330401 -0.01692167  0.00986588 -0.0016511
  0.00501265 -0.00503497 -0.02502303 -0.00663457  0.0061426   0.00992155
  0.00221537 -0.00088224  0.0047178  -0.00392646 -0.02448662 -0.01743817
 -0.00341732  0.00377081  0.00194741]
[  8.77474624e-03   9.83365053e-03   1.25459416e-02   7.92412133e-03
   7.38026911e-03  -1.99850960e-03  -1.94854360e-03  -3.00525209e-03
   2.25188097e-05   9.95673821e-03  -1.21962605e-03  -2.54464984e-03
   1.41509470e-02  -4.42380889e-04   1.02180786e-02  -4.62082384e-04
   5.24018009e-03  -5.09473789e-03   1.00423904e-02  -2.55573927e-04
  -4.69312142e-03]
[ 0.01188412 -0.01813217 -0.00278546  0.00049111  0.01962458 -0.00039704
  0.00694745  0.01429739  0.00217601 -0.00737638 -0.01187752 -0.01333459
  0.00299836  0.00335717  0.00851497  0.01051308 -0.00351726 -0.03141077
 -0.00230172  0.01616726 -0.01751716]
[ 0.00463337 -0.00318909  0.00138146 -0.00540307  0.00153872 -0.00178634
 -0.00342569  0.00287465 -0.00180099 -0.00276056 -0.00159822  0.00200135
 -0.00313585  0.00841504  0.00061447 -0.00243569  0.01227238  0.00548724
 -0.0066684   0.00165392  0.00595542]
[ 0.00825933  0.00923681  0.01096925  0.00701871  0.00224464  0.00361938
  0.00317323  0.01320226  0.00678965 -0.00268801  0.00170956  0.00664115
 -0.02750595 -0.01330004  0.00340308 -0.00736115  0.00462279 -0.01452055
  0.00740991 -0.00612182 -0.00435629]
[ 0.00080854 -0.00133652 -0.00302847  0.00431418  0.00232978 -0.00018028
 -0.00080069 -0.00147775  0.00336603 -0.00423801 -0.00348654 -0.00225121
 -0.00070319  0.00244057  0.00245334  0.00255187 -0.00343755  0.00445027
  0.00206743  0.0012774   0.00089644]
[ 0.00653058  0.00924804  0.00432332  0.01013667  0.00502738  0.01523052
  0.00976057 -0.00108607 -0.00852062  0.01324742 -0.0045429   0.00241682
  0.01281731  0.00295969  0.01511117 -0.02417727 -0.0165841   0.00957634
  0.00483556 -0.00673209  0.01761966]
[ 0.00674817  0.00741544  0.00812452  0.01377547  0.00321338 -0.00027245
 -0.00179028  0.01018601  0.00656039 -0.00808544  0.00976179  0.0131493
 -0.00668302 -0.00139338 -0.01127009 -0.00258884  0.01189665 -0.006796
  0.01599633  0.00244609  0.00625623]
[  1.40482950e-02   1.57399918e-02  -8.25625296e-05  -9.11490952e-03
   4.74338863e-03   1.58262281e-02  -6.53586825e-04   2.29996191e-03
  -2.97075415e-03  -3.66919309e-02   6.97130898e-03  -3.54566677e-03
  -7.92417163e-03  -9.92648925e-03  -2.56533094e-03  -1.97912606e-02
  -1.91073946e-02   2.51385027e-03   1.39477670e-02   3.25627102e-03
  -1.75406454e-02]
[ 0.0132266   0.0116444  -0.00956101  0.00725824 -0.01273105  0.01229399
 -0.02048519 -0.01613143 -0.01720559  0.005783    0.01076385 -0.01511749
 -0.0032908   0.02255479 -0.0139217   0.00761211  0.00240931 -0.0233751
  0.00340381 -0.00056734  0.0019418 ]
[  5.38484102e-03  -8.91851877e-04  -1.58766998e-02  -1.23196544e-02
  -8.19457121e-03   3.09922878e-03   1.17278336e-03   3.12717937e-02
   4.47509795e-03  -6.25339074e-04  -6.18474051e-03  -9.87972512e-03
   1.42792250e-02  -7.62677258e-03  -4.42066171e-03   6.37214687e-05
  -6.39297762e-03   1.14306583e-03   2.65798052e-03  -1.49805268e-02
   1.16162822e-02]
[ 0.03117847 -0.03278968 -0.02285383  0.01130905  0.02236622  0.00318547
 -0.01154167  0.01732104  0.01314758 -0.00061746 -0.0375942   0.00408444
  0.01850791 -0.00530322 -0.02670524  0.00834281  0.03995675 -0.02907774
  0.01102996 -0.0175229   0.00257254]
[ 0.00142225  0.00223276 -0.00112789 -0.00507821  0.00162804 -0.00535284
  0.00782413 -0.00079156  0.00667642  0.00057731  0.00074134 -0.00479264
 -0.00225418  0.00235919 -0.00558425  0.00011979 -0.00222923 -0.00092023
  0.00487749 -0.00266142  0.00139611]
[ 0.00307458  0.00032398  0.00060295 -0.00106587  0.00441522 -0.00081431
  0.0031525  -0.00610062 -0.00097698 -0.00252219 -0.00399682  0.00286547
  0.01104633 -0.00301047 -0.00091494 -0.00300985  0.00501789 -0.00344033
 -0.00581745 -0.00473235  0.00428723]
[ 0.01779316  0.02124191 -0.01317824 -0.00395874 -0.00134811 -0.00808409
 -0.0202129   0.008967   -0.01266616  0.01928764 -0.01756123 -0.00504906
  0.00862475 -0.0181138  -0.01444782 -0.01371211 -0.03039735  0.00096401
  0.00065709  0.00970499  0.00209167]
[ 0.013015    0.00843621 -0.00896815 -0.00939891 -0.01999667  0.01704257
  0.02127538 -0.00644362  0.01507057  0.00208908 -0.00055119  0.01652874
 -0.00369655 -0.00494383  0.00904853  0.03054841  0.00333732 -0.00799972
 -0.01366873  0.00723928 -0.00220169]
[ 0.0065952   0.01064393  0.00190637 -0.00909546 -0.00135898 -0.00134866
 -0.0008056  -0.00573311  0.00209329 -0.00206702 -0.01590398 -0.00482447
 -0.01571456 -0.00099836 -0.00445886 -0.00529981 -0.01048408  0.00851417
  0.00058595  0.01109113 -0.00168747]
[ 0.00902268  0.00725378 -0.00889625  0.00859372 -0.00487227  0.00392757
  0.00993637 -0.01103801  0.00592054  0.00624333 -0.00623654  0.00158073
 -0.00861708 -0.01552331  0.01371103  0.00221774  0.00266784 -0.00920271
  0.00536927 -0.00034672 -0.00650425]
[ 0.00915559 -0.00731578  0.00564347  0.00029168  0.00025419  0.00626215
 -0.00432646  0.00184517 -0.00221914  0.00264912 -0.00400558 -0.00233514
 -0.00323126  0.0090026  -0.00304261  0.01319263  0.00300521 -0.01267575
 -0.00347962 -0.01086331  0.00480426]
[ 0.01852122  0.00898315 -0.0019699   0.00022168 -0.02158139 -0.01389526
  0.02945686 -0.01258907  0.04231392  0.00489553  0.01178942  0.03904383
  0.0109864   0.00021253  0.00632982  0.01557096 -0.01290146 -0.0251101
  0.0079643   0.01124291 -0.00134232]
[ 0.01694905  0.02022349  0.01268308  0.02330549 -0.00485771  0.01767807
  0.01216482  0.00182427 -0.00869439 -0.01671659  0.0214214  -0.01039884
  0.00655011  0.00224372  0.00082184  0.0013731   0.01590191  0.00472315
  0.00880025 -0.00106397 -0.00769048]
[ 0.01307617 -0.01275306  0.0134279  -0.00262818 -0.00752975 -0.01615202
 -0.01402914 -0.0005841  -0.0122062  -0.00800972  0.01416154  0.00894106
 -0.01604472 -0.00878696  0.00411116  0.00314929 -0.00441295  0.00232899
  0.01143252 -0.01491153  0.01312545]
[ 0.00079288 -0.00160915 -0.00080112  0.00102315 -0.00483234 -0.00443197
  0.00228682 -0.00187839 -0.0012737  -0.00115159 -0.00190265  0.00352448
  0.001407    0.00353471 -0.00190025 -0.00666323  0.00180522 -0.00076689
  0.0014334  -0.00387137 -0.00354068]
[ 0.00973989  0.00719588 -0.00236056 -0.00691491 -0.00207304 -0.00295295
  0.00121076 -0.01515734  0.00419623 -0.00489739  0.00125279  0.00197152
  0.0100753  -0.00410927  0.00801589  0.00791687  0.01253797  0.00024797
  0.00910725 -0.00135035  0.00680702]
[  1.17486800e-02  -1.01332718e-02  -3.42920965e-02   1.93979200e-02
   3.02043254e-02   8.59652283e-03  -1.33781779e-02  -2.27761709e-02
   2.27381811e-02  -2.26884836e-02  -1.56038250e-02   9.29127982e-05
  -8.23338126e-03   6.65990720e-03   1.92156006e-02   7.30437348e-03
  -7.01439166e-03   2.03277024e-02   1.81033397e-02  -1.61432661e-02
  -6.32778419e-04]
[ 0.01418894 -0.01587988  0.00220062  0.02983252 -0.00823697 -0.0120661
  0.00719946  0.01129136  0.00662238 -0.01484643 -0.01437528 -0.02087066
  0.00338202  0.01298951 -0.00181981  0.01222672 -0.01865671  0.01010801
 -0.00619661  0.0277448   0.00687053]
[ 0.00225711 -0.00157359 -0.0033542   0.00057478 -0.00271413  0.00062313
  0.00206385 -0.00146188 -0.00772572 -0.00388455 -0.006561    0.00188932
 -0.00080845  0.00646945  0.00160853 -0.00154307  0.00189792 -0.00423722
 -0.00276022  0.00542738  0.009131  ]
[ 0.01080698 -0.01067061  0.00946205  0.00099253  0.00852267  0.00056567
 -0.00354816 -0.00573213  0.00754983  0.00391484 -0.00358608 -0.00585235
 -0.00313763  0.0164087  -0.00170091  0.00692288 -0.01015529  0.00608804
  0.00120053 -0.0216138  -0.00094388]
[ 0.00605338  0.00686247  0.01376581  0.0273304   0.00357848  0.01008177
  0.01875657  0.01107858 -0.00206807 -0.0020219   0.01070352 -0.00996848
 -0.0013036  -0.00139125  0.0006989  -0.0061815   0.01158425  0.00366571
 -0.0022234  -0.00238383  0.00547002]
[ 0.01694763 -0.01740175 -0.00186506 -0.0033038   0.00338218  0.00557444
  0.01130288 -0.00171938 -0.00920202  0.01847505  0.01199351  0.01744484
  0.00338289  0.00467283  0.00608166 -0.00030782 -0.00864439  0.00260442
 -0.00460739  0.00634416 -0.00502779]
[ 0.01446684  0.0120059   0.01578147  0.00459201  0.01310713  0.00360448
 -0.01399648 -0.00371455  0.01341839 -0.00628392 -0.00383151  0.01147599
  0.01777806  0.00856835 -0.00844021 -0.00257454  0.00142227  0.01499657
 -0.01945926 -0.00203647 -0.004148  ]
[ 0.00946983 -0.0116964  -0.00951071 -0.00325013  0.00589862  0.00540503
  0.00254537  0.01051398 -0.00374107  0.01297637  0.00252106 -0.00141196
  0.01261744 -0.01222439  0.00492906  0.01165179  0.00469319 -0.00052376
  0.00554545  0.00952717 -0.01017956]
[ 0.00987852  0.01016755 -0.00739052 -0.00131267 -0.0056959   0.02245973
 -0.00058752  0.00028787 -0.00930184 -0.00410276  0.002728    0.00650776
 -0.00429394  0.00781553 -0.00252766 -0.00994201 -0.01560177 -0.00788771
  0.01031093  0.00860196  0.0007538 ]
[ 0.00545725 -0.00462845 -0.00630137  0.00119304  0.00318757  0.00512086
  0.00016008 -0.00037892 -0.00388563 -0.00039116 -0.00347991  0.00484846
 -0.00126096  0.0010346  -0.00044533  0.00404947 -0.00560105 -0.01054496
  0.00655299 -0.00402445 -0.00558268]
[  2.26962228e-03  -3.50882029e-05  -7.26787743e-03   5.11204065e-03
   2.86006497e-03  -6.41850643e-03  -6.56184940e-03  -7.92990382e-03
   7.09230370e-03  -2.61341196e-03   1.21209766e-02  -3.58246004e-03
  -1.70844753e-04  -1.44823908e-03   3.90362609e-03  -6.83598541e-03
  -4.73074361e-03  -3.55735170e-03  -1.10406789e-02  -5.17145292e-03
   4.31846299e-03]
[ 0.00621913 -0.00862712 -0.00258492  0.01153493 -0.02768364 -0.01944124
  0.00590686 -0.00554954  0.00349607 -0.00344657 -0.0025991   0.00681748
  0.00525021  0.00433392 -0.00944718 -0.01765022  0.00114031  0.00023925
  0.00690352 -0.00661044 -0.01604827]
[  1.20674881e-02   1.26018394e-02   4.25602358e-03   5.30359233e-03
   1.60407441e-03  -8.31666487e-03  -1.00722362e-02   9.75412817e-03
  -4.14459927e-05  -8.00038661e-03  -3.69354577e-03   1.58431138e-02
  -1.03217824e-02  -5.35558361e-03  -1.04242553e-02   1.03414587e-02
  -3.90884323e-03   1.23712921e-02  -2.00008508e-02   4.16061930e-03
  -5.25910746e-03]
[ 0.02143307 -0.02183185 -0.02190126  0.0369032  -0.01413504 -0.03484912
  0.02301319  0.00485841 -0.03379973  0.00231334 -0.00912363  0.00764739
 -0.01434083 -0.02210846 -0.01049598  0.01379483 -0.00339265  0.00237998
  0.00750401  0.01126069  0.00286796]
[ 0.01597028  0.02009183  0.00454256  0.0208007  -0.00531678  0.01528007
  0.01055664  0.00623842 -0.00788446  0.0228094  -0.00387481 -0.00619484
 -0.00919458  0.00999414  0.01667695  0.00815826  0.00273921 -0.01249355
 -0.01588967 -0.03355324  0.00490339]
[ 0.01446126 -0.01502674  0.02059423 -0.00632799  0.00446758  0.00192353
 -0.00021595  0.00243569  0.01099974  0.00741797 -0.00209856 -0.00957619
  0.0031267   0.01481128  0.00081528  0.00676956 -0.00625185 -0.00335053
  0.00190115 -0.00726502 -0.0160962 ]
[ 0.01241039 -0.01134952  0.01299783 -0.00681899 -0.0032136   0.00911934
  0.00738024 -0.01312612 -0.01481705 -0.0138457  -0.00257851  0.00807617
  0.01506941 -0.00833027  0.00768175 -0.00538709 -0.01497786 -0.01124504
  0.0038039   0.00772223  0.01541947]
[  1.04258794e-02   1.32265753e-02   3.42062391e-03  -1.33077613e-02
   7.10521043e-03  -1.03876116e-02   1.17004033e-02  -3.30840756e-03
  -6.98391909e-06  -6.95337404e-03  -2.37512705e-03  -5.27938707e-03
  -1.60651728e-02   1.29827442e-03  -1.24808285e-02   3.23522328e-04
  -1.12858754e-03   1.70399603e-02  -2.04900997e-03   6.30477898e-03
  -6.31481307e-03]
[ 0.00379468  0.0048006   0.00081367 -0.00171787  0.00260412  0.00367156
 -0.00013503 -0.00246828 -0.00644652 -0.0120324   0.00416988 -0.00083348
  0.0102165  -0.00551638 -0.00496828 -0.0054552  -0.00773561 -0.00446195
 -0.00441167  0.00537792 -0.00030945]
[  3.05184989e-03  -3.78117385e-03   1.99165625e-03   1.19118484e-03
  -8.18780917e-03  -1.92778993e-04  -2.32218667e-03   8.07001802e-04
   4.11984986e-03  -7.23423654e-05  -3.49290787e-03  -1.10988277e-03
   3.54436256e-03   3.09153237e-03  -2.36929227e-03  -8.81950072e-03
   5.63753459e-03   5.40027624e-03   9.79499966e-04  -6.34683647e-03
  -1.50676567e-02]
[  7.38505676e-03   1.12842281e-02  -4.38436234e-03   4.30183567e-03
  -6.96081151e-03   3.05034154e-06  -1.58381031e-02  -7.69867197e-03
  -8.91280692e-03   6.33284162e-03  -1.41456588e-03  -5.76028309e-03
   8.35351019e-03   5.66157925e-03  -8.14509531e-03   1.74635306e-02
   1.32445984e-03  -7.76457314e-03  -6.62978241e-03   9.77333036e-04
  -1.09497108e-02]
[ 0.00569635  0.00633774  0.00631419  0.0003857   0.00578366 -0.00449457
  0.00035068 -0.00107242  0.00686416  0.01392187 -0.00392189  0.00573525
  0.00490282  0.0097444  -0.00158262 -0.00715901 -0.00058394 -0.00224595
  0.01463122 -0.00020776  0.00985209]
[ 0.01071473  0.01183686 -0.01778386 -0.02427564 -0.00356492 -0.0089899
  0.01736088  0.0219461   0.0075884  -0.01829601  0.00986406 -0.01640959
  0.00878657  0.00297669 -0.00141387  0.00849281  0.004958    0.00640904
  0.00373501 -0.03215194  0.01538572]
[ 0.01157227 -0.01728199  0.02305185  0.00011162 -0.02663349 -0.01128884
 -0.00466327  0.01199767  0.02234961 -0.00858706 -0.00434683 -0.01796176
  0.01259029  0.00129947  0.01389655  0.00261798 -0.03281991 -0.00590057
 -0.00160941  0.00861394  0.00385305]
[ 0.00456902 -0.00315592  0.00485628 -0.00229302 -0.00481954  0.00622717
 -0.00609474  0.00361797  0.01107393  0.00177873 -0.00332079 -0.00307117
 -0.00710292 -0.01396581  0.00434916 -0.00636652  0.00579374 -0.00511746
 -0.00268705  0.00287053  0.00417107]
[ 0.01318886 -0.00965431 -0.00589886 -0.00684307 -0.01059573 -0.00594534
 -0.00698346  0.00500784 -0.00088183  0.00963702  0.00347524 -0.00370494
 -0.00847882  0.00035013  0.01930556 -0.02421725  0.01914785  0.0133613
 -0.01405283  0.01272889 -0.00125104]
[ 0.00609475 -0.00729229  0.00855138 -0.00044476 -0.01357265  0.0015919
 -0.00180375 -0.00523599  0.00423908 -0.00869578 -0.00702306 -0.00385685
  0.00368067 -0.0019698   0.00140248 -0.01027843  0.00694289  0.00562497
  0.0041102  -0.00980126 -0.0077336 ]
[ 0.01595867  0.01650392  0.02368488 -0.00148081  0.01377175 -0.02931951
 -0.02062612  0.01331632  0.00497971  0.0056721  -0.02285942  0.03092395
 -0.00974688 -0.00525469  0.00865848 -0.00058798 -0.01215316  0.01486157
 -0.00995373  0.00505456  0.0087318 ]
[ 0.00855554  0.00490304 -0.00413536 -0.00590137 -0.00621179  0.00117048
 -0.00233917  0.00572449 -0.01050802  0.00664807  0.00509581 -0.01019039
  0.01163274 -0.00687573  0.01228875  0.00456991  0.00971608  0.01437534
  0.00913701  0.00405377 -0.00555729]
[ 0.00444221  0.00647865  0.00450758  0.0029813   0.00128136 -0.002341
 -0.01227266  0.00290234  0.00094948  0.00708138 -0.00359305  0.00423417
  0.00299465  0.00759933 -0.00593282  0.00085604  0.00071043  0.00145536
 -0.00264591 -0.00289263 -0.00251944]
[ 0.00911964  0.00639805 -0.01601715  0.00513891 -0.00717991 -0.00280954
 -0.00633375 -0.00196105 -0.00640244 -0.0063557   0.01457928 -0.00336606
 -0.0126861  -0.00149638 -0.00317965  0.00448315 -0.00379327  0.00341349
  0.01320291 -0.00477396 -0.00392732]
[ 0.00353002  0.00570018 -0.00049655 -0.0015279  -0.00199076 -0.00153612
  0.00117726 -0.00530083  0.00215258  0.00091656 -0.00150451  0.00351727
  0.00610202 -0.00638391 -0.00067849  0.01035103  0.00179203 -0.00195856
 -0.00434913  0.00245073 -0.00673372]
[ 0.02134801 -0.01747242  0.01917909  0.00256761  0.00468848  0.00485717
 -0.00681573 -0.00389528 -0.00053223  0.00712944  0.00334703 -0.00705764
  0.01002846  0.00857681 -0.01518626  0.01031763 -0.00148054  0.03136795
 -0.00739428 -0.00263328  0.00313007]
[ 0.00309269 -0.00276406 -0.01028297  0.00741168 -0.00474987 -0.00670148
 -0.00495449 -0.00598867  0.00074732  0.00361499  0.01408042 -0.00047812
 -0.0003392  -0.00458355 -0.00416715 -0.00902642 -0.00313425 -0.00339668
 -0.00358479 -0.00358631 -0.00208039]
[ 0.00997055  0.00833566 -0.00255344 -0.00576851 -0.00471823  0.00337355
  0.00766264  0.00241501  0.02001069  0.00859428  0.00959675  0.02352081
  0.00195673  0.02010664 -0.01311056  0.01042345 -0.00221636  0.01283293
  0.00702421  0.01401728  0.01530823]
[ 0.01854968 -0.0162232  -0.00703229 -0.00422565  0.01241852  0.01618555
 -0.01301447  0.00893576  0.01854928  0.01813274  0.01382973 -0.00954013
 -0.01608987  0.01056778 -0.01978962 -0.01991492  0.02157246 -0.00893389
 -0.00327966  0.02452704  0.00972411]
[  3.63272355e-03   3.29271293e-03   1.35864680e-03  -5.49297234e-03
   9.39395517e-03  -8.69141699e-03   8.97528136e-03  -7.00961202e-03
   9.08289490e-03   1.04345003e-02  -3.18391330e-03  -1.43911307e-02
  -5.96461931e-03   4.77189132e-03  -1.11207967e-02  -6.44605494e-03
  -4.25089679e-03  -5.84234324e-03   8.99891942e-03   1.46283010e-03
  -7.05551762e-05]
[ 0.0147527  -0.01214914  0.00519907 -0.01359103  0.01624148  0.00444755
  0.02167302 -0.0192525  -0.01842599  0.00029545 -0.00286841 -0.00495585
 -0.01724996 -0.00340473 -0.02534065  0.00461508 -0.00154476  0.01129626
 -0.01770607 -0.01460831 -0.00417719]
[  2.23946707e-03   1.73280948e-03  -1.68364050e-03   4.84406785e-03
  -8.17692498e-04  -2.15179983e-03  -1.44063554e-03   1.00509771e-03
  -4.04280327e-03   4.15448169e-03  -5.13823000e-03   1.17966674e-03
  -1.57884540e-03  -9.68325458e-05  -2.26654403e-03   6.10064839e-03
   1.62715368e-03  -3.36605052e-03  -8.22906431e-03  -4.37629109e-03
  -4.60747221e-03]
[ 0.0159006   0.0113293  -0.01590013 -0.00604916 -0.02226356  0.00617402
  0.00710588  0.00602925 -0.00305664 -0.00636844 -0.00072661  0.00610213
 -0.00999055  0.02522463 -0.00060308  0.01158281  0.00508604  0.00663417
 -0.01297614  0.01758894 -0.00512093]
[ 0.01005519  0.01063506 -0.00800479  0.00233964  0.01091799 -0.0185522
  0.00599068 -0.02086743  0.00611624  0.01147701  0.00312008 -0.01503827
  0.01611369 -0.00444787  0.00486864 -0.0032469   0.00353346 -0.01507037
 -0.00151619  0.00662238  0.00338031]
[ 0.00908581  0.0074521   0.00322332  0.00774232  0.00928911 -0.00562791
 -0.00169188  0.00489047  0.0148337  -0.01750857  0.00707655  0.007018
  0.00959028 -0.00217175 -0.00944602 -0.00819297 -0.00140461  0.0012072
 -0.02680071  0.00257725  0.00615628]
[ 0.00158924 -0.00094993  0.0019581   0.01241868 -0.00108051 -0.00146474
  0.00796773  0.00496624 -0.00264111 -0.00242913  0.00046738 -0.00547008
 -0.00129885 -0.00066098 -0.00110868  0.0012259   0.00078526  0.00344365
 -0.00115332  0.00571109  0.00403685]
[ 0.00935335 -0.00528224 -0.01301897 -0.00029289  0.00633177  0.01604811
  0.00582984 -0.00856806  0.01160855  0.00576341  0.00576857  0.01645668
  0.00091911  0.00534989  0.01778425 -0.00353704 -0.00137345  0.01424001
  0.00703563  0.00393393 -0.00403658]
[ 0.00302663  0.00164315 -0.00342667 -0.00480608  0.00074794 -0.00218996
  0.00031467  0.000904   -0.00057058 -0.00535036  0.00043193 -0.00471447
 -0.0026359   0.00473676  0.00826176 -0.00646039  0.00857514  0.00030415
 -0.0032325   0.01106407 -0.00608569]
[ 0.01228684 -0.00823009  0.015148    0.00602357 -0.00382083  0.00872792
 -0.01401103 -0.00414456  0.00726838  0.00622976  0.00086963 -0.00930267
  0.00897417  0.00614736 -0.02241493  0.01571782  0.00703716  0.01683891
 -0.00806445 -0.01115372 -0.00436823]
[ 0.00386719  0.00126124 -0.00230049 -0.00500973  0.00824245 -0.00409013
  0.00501939  0.00049741 -0.00203705 -0.00859841 -0.00039141 -0.00587187
  0.00730885 -0.00446887 -0.00874173 -0.00203407 -0.00624118 -0.00745488
 -0.00971527  0.00112355  0.00034233]
[ 0.01074807 -0.00381955  0.00076876 -0.00810429  0.0110107   0.01061392
 -0.00035072 -0.00153614 -0.0072076  -0.00570745  0.00849063  0.00392424
 -0.01607313 -0.00994623 -0.02225408 -0.00877837 -0.00143311  0.00096173
  0.00474803  0.00243868 -0.00187261]

Right eigenvectors

[ 1.          0.8430304   0.2439056  -0.1932314   0.13356685  0.64961855
 -0.25362632 -0.34400142  0.4868197  -1.12146369 -0.37530446  0.18541945
  0.4217669  -0.63307915 -0.37640843  0.01268963  0.27764194 -0.20685595
  0.30585671 -1.40209669 -0.5173069 ]
[ 1.         -0.74988805  0.19491516 -0.43615432  0.42576009  0.97628119
  0.15764722  0.07915235  0.28676367 -0.47422575  0.74918433  0.16776937
 -0.08019243  0.37935102  0.77103375 -0.4762265   0.25963601  0.69190514
 -0.27620346  0.76667498 -1.19485112]
[ 1.          0.92348718 -0.77583667 -0.18040725 -0.90175428  1.2668039
 -0.64004039  1.58143364 -0.18998351  0.70966958 -0.62776464  0.14540833
  0.09153621 -0.1461626   0.23293438 -0.65743144 -1.14579346  0.28582593
  0.23753993 -0.40044667 -1.29231544]
[ 1.         -1.05783831  1.56010468 -0.40260763  0.01300298  0.30661882
 -0.40602081 -0.15690505 -0.50233456 -0.21159747  0.57509433 -0.62629131
  0.96898907 -0.55041854  0.62921775  0.5894419  -0.44180886 -0.13797864
  0.94648985 -0.20308635 -0.81170979]
[ 1.          0.98670841  0.75266641 -0.02667675  0.16552299 -0.44254532
 -1.86315589 -0.41076823 -1.22929858 -1.80569267  0.72938408  0.24907748
  1.28697425 -0.07312092 -0.15046407  0.57116848  1.19276565 -1.23659056
  1.85883577  0.75155811  0.62206943]
[ 1.         -1.0541354  -0.31767432 -0.91789104  0.30057404 -0.50528268
  0.814      -0.53622227 -1.46010806 -0.26977077 -0.87765554  1.27524035
  0.07647976  1.49274193  0.33238233 -1.13875668  0.84014426 -0.45994658
 -0.33732292 -0.89881537  0.77954124]
[ 1.          1.37658893  0.29641429 -1.22537835  0.76954339 -1.04593066
  0.29179982 -0.82497813 -0.39133366 -0.37933285 -0.0939191  -1.43387991
 -0.7265287  -0.22434479  0.11029838  0.05191956  0.58596916  0.15153531
  0.59886008  1.11226242 -1.76057355]
[ 1.         -0.04585717  1.36336319 -1.17252471 -3.45115202  2.60996632
 -0.04929882 -4.50791942  1.72882066 -0.66470531 -3.72457477 -2.28032743
 -1.758918   -4.2719109  -0.03405518  0.15198329  2.33139041  0.7300915
 -0.16684531 -0.30399659  3.01002091]
[ 1.         -0.75231208 -1.36754974 -0.35496734  0.45746287  0.67973861
 -0.17979984  1.12720582  0.13138536 -1.6420256  -2.09277118  0.2472142
  0.39097428  1.71091062  0.32947348 -1.3494292   2.09999684 -1.45164979
 -0.82889328  1.54018897  1.06275765]
[ 1.          0.90761025 -0.02306913 -0.19951731  0.72426743 -1.44453702
  1.32075765 -0.18469072 -0.72731423  1.15036126  0.23757213 -0.16106594
  1.2328034   0.07027809  0.84743619 -0.16769057  0.55082057  1.14017
  0.90567313  0.1268141   1.44961946]
[ 1.          0.78896263 -0.00382187 -0.09321513  0.50007067 -0.01281046
  1.74338653 -0.55823759 -0.38298645  0.19717486  0.20339829  0.12488709
  1.3825564  -1.87843481 -0.08452775  0.17458106  0.84373838  1.15903648
 -1.85333233 -0.35986373  0.30449301]
[ 1.          0.63291016 -0.12646621 -1.1383717  -0.14222195 -1.75811512
 -0.46572967  1.35579022 -0.58078424 -0.30715715  0.74850166 -0.74616144
 -1.10214665  0.63866982  2.34757036  0.53663316  1.36711122  0.64915207
 -0.19552418 -0.49775498 -0.01328045]
[ 1.         -0.72102168  0.17891998 -0.9185274  -0.89768793  0.53787108
 -0.43937478 -0.14701139  0.2438247   1.08515914  1.03079816  0.16832958
  0.06070071 -0.17854962 -1.51744591  0.48165    -0.0646504   0.78073337
  0.08908011  1.58196645  1.61602615]
[ 1.          0.65518741  2.28952886  0.7423417   1.1034841  -1.58337124
 -2.93109475  0.71970144 -0.31901188 -1.71290512 -0.15085851  2.59981421
  0.69922278 -0.88719112 -0.7372046   0.72367481  1.92606125 -0.71531176
  3.35296084 -0.420269    1.86806037]
[ 1.          1.5456846   0.67621614 -1.15730466  0.84511213 -2.7423164
 -0.92571121 -0.44626154 -1.32031235  1.3620608  -0.37928293 -1.62045823
  1.16587191  0.02427197  2.01814904  0.47888659  1.08378993  0.90038085
  2.50951619  1.78062068 -0.25959658]
[ 1.         -1.10058892 -1.89805649 -0.08332582  0.25889416  0.39799646
 -0.94974918  1.00141392  0.62820215  1.86819934  0.97414596  0.12869803
  0.23205372 -2.83264961 -1.69727842 -1.41080268  0.87330427  0.27045553
 -0.10725176  0.92399565  1.25157843]
[ 1.          1.17594779  0.13919494  0.12475822  0.35016388 -0.56906164
  0.43943239 -0.16759995 -0.22605854  1.53907429 -1.37584613  0.188658
 -0.74822022  0.25464766  0.89125741 -0.84937127 -0.20875034 -0.36983401
 -1.90855455 -0.75879828 -1.11313998]
[ 1.         -1.24728345 -0.53643982  0.10733712  0.98588716  0.64433254
 -0.59240456 -0.04553654  0.35919091  1.48745166  1.33826117  0.09089998
  0.85037336 -0.84042938  0.40960044  0.06517098  0.06494381  0.37935277
  0.09046269  0.17540759 -1.15542359]
[ 1.          0.8713745  -0.97276134 -0.59758622 -1.09827773  0.79807883
 -0.28188633  0.27730001 -0.20306533  0.60395156  0.98260757 -0.25537389
 -1.07952784  2.37254126 -0.95659462  0.27601357 -0.75952544 -0.34192501
  1.09476224 -0.48122051  1.24689031]
[ 1.         -0.12705123  2.09579902  1.00717762  2.18515205  0.12494377
  2.15951076  1.03341387  1.16625135  2.05147908  0.10761598 -2.51304224
 -2.24624505  0.59922657 -0.63351473 -1.19420515  0.590924   -2.22986459
  0.67159845 -0.08016618 -1.70436454]
[ 1.         -1.07838725  0.90584769 -0.89268618 -3.26089194  0.23475332
 -0.81189273 -1.3380188   0.56630863  0.92541137 -0.1482788  -1.68826087
  0.37756645 -0.07712259 -0.57399786 -1.22047363  1.24100337  0.51924246
  0.70940321  1.50901074  1.17145238]
[ 1.         -0.66618458  1.37490612 -0.66756311 -0.17342223 -0.46462361
 -0.40638387  0.98910835  1.29245206 -0.10847661  0.25477608  0.88855866
 -2.37634035 -1.17550291  2.37683918  1.31894724 -0.14850261 -3.10141771
 -0.63824037 -0.87770573  1.15739694]
[ 1.         -1.1453752   0.48482756 -0.11752432 -0.04721169 -1.21506412
 -2.42563525 -0.28239836  0.99793211  0.36027619  2.76390997 -1.28189195
 -1.9623131   0.23568671  2.27314751 -0.84910687 -1.19425981 -0.93824533
 -2.03773145 -1.20256886  2.60758078]
[ 1.          1.30726248 -0.17085457  0.0990084   0.21613234  0.06416671
 -1.04351874  0.96250229 -0.05373884  0.99636244 -3.05442174  0.81092486
 -0.88087158 -1.44458087  0.21506299 -1.49148517 -0.78397989 -0.87909681
 -0.59950652  0.04645791 -0.98571743]
[ 1.          1.02673367 -0.70101595 -0.30246918 -0.55291647 -0.39392972
 -0.48820323 -0.61222347 -0.08257371 -0.71815973  1.58572899 -0.41342422
  0.05710356  0.41361617  0.50692341  0.12794117 -0.18886708 -0.45800243
 -1.38524633  0.10607025 -0.62624494]
[ 1.         -1.2592568   0.57135393 -0.82075347  0.00523609 -0.08688881
  0.81774447 -0.08654534 -1.21351421  0.28206741  0.80029099  0.66182068
 -1.07162876 -0.42666556  0.01490589  0.77161421 -0.69657519  0.70971156
  0.22829154 -0.82662247 -0.143335  ]
[ 1.          0.62239207 -0.50972057  1.12458297 -0.92601736  1.00765837
 -1.25173733 -1.48851816 -1.65579251  0.4833787  -1.09530565 -1.80924094
 -0.99021562  1.14549653  0.32500911  0.67454229 -0.94200748 -0.1927883
 -0.18378028 -0.03832513  2.0822275 ]
[ 1.         -0.80884253 -2.01270291  1.51269165  0.76336553 -1.70676123
 -0.64874716  0.03960258 -0.76574672  0.30787447 -0.79304536  0.69910418
 -0.94034432 -2.2600271  -0.34212975  0.93215474 -0.08069989  1.54966205
  1.13938863  0.08252202  0.47961723]
[ 1.         -1.08842598  0.74698541 -0.95010778  0.55394321 -0.09270519
  0.28144735 -0.28270034 -1.4049778  -0.37251372  0.3448912   0.55706898
  0.12438749 -0.04953543  0.26489225 -0.22046037 -1.37485967 -0.97910798
 -0.19187388  0.211721    0.10934192]
[ 1.          1.12067634  1.42977828  0.90305989  0.84108063 -0.22775697
 -0.22206267 -0.34248877  0.00256632  1.13470384 -0.13899274 -0.28999697
  1.61269017 -0.05041523  1.16448708 -0.05266048  0.59718879 -0.5806137
  1.14446505 -0.02912608 -0.53484412]
[ 1.         -1.52574765 -0.23438528  0.04132501  1.65132794 -0.03340904
  0.58459961  1.20306667  0.1831024  -0.62069212 -0.99944517 -1.12205099
  0.25230013  0.28249216  0.71649999  0.88463286 -0.29596308 -2.64308814
 -0.19367995  1.36040845 -1.47399773]
[ 1.         -0.68828868  0.29815463 -1.16612147  0.33209617 -0.38553826
 -0.73935353  0.62042342 -0.38869948 -0.59579954 -0.34493731  0.4319427
 -0.67679842  1.81618293  0.13261947 -0.52568595  2.64869609  1.18428919
 -1.43921339  0.35695924  1.28533283]
[ 1.          1.11834798  1.32810379  0.84979186  0.27176965  0.4382176
  0.38419909  1.59846607  0.82205762 -0.32545121  0.20698561  0.80407799
 -3.33028746 -1.6103044   0.41202868 -0.89125304  0.55970498 -1.75807811
  0.89715565 -0.74120065 -0.52743801]
[ 1.         -1.65301089 -3.74562306  5.3357928   2.88148427 -0.22297637
 -0.99030211 -1.82768915  4.16312065 -5.24157927 -4.31216019 -2.78430317
 -0.8697062   3.01850991  3.03429511  3.1561652  -4.25157491  5.50410791
  2.55700473  1.57988752  1.10872128]
[ 1.          1.41611224  0.66201129  1.55218349  0.76982133  2.3321824
  1.49459331 -0.16630559 -1.30472493  2.02851961 -0.6956348   0.37007729
  1.96265904  0.45320484  2.31390746 -3.70216066 -2.53945108  1.46638369
  0.74044844 -1.03085632  2.69802196]
[ 1.          1.09888091  1.20395906  2.04136299  0.47618531 -0.04037358
 -0.26529869  1.50944705  0.97217215 -1.19816727  1.44658203  1.94857225
 -0.99034456 -0.20648306 -1.67009471 -0.38363577  1.76294401 -1.0070881
  2.37046779  0.36248143  0.9270999 ]
[ 1.          1.12042007 -0.00587705 -0.64882674  0.33764871  1.12655863
 -0.04652428  0.16371822 -0.21146724 -2.61184228  0.49623879 -0.25239125
 -0.56406643 -0.70659744 -0.18260799 -1.40880161 -1.36012196  0.17894344
  0.99284411  0.23179119 -1.24859603]
[ 1.          0.88037757 -0.72286185  0.54876057 -0.9625337   0.92948994
 -1.5487867  -1.21962013 -1.30083244  0.43722518  0.81380338 -1.14296075
 -0.24880175  1.70525968 -1.05255278  0.57551508  0.18215608 -1.76727902
  0.25734552 -0.0428942   0.14681031]
[ 1.         -0.16562269 -2.94840642 -2.28783994 -1.52178517  0.57554694
  0.2177935   5.80737548  0.8310548  -0.11612953 -1.14854654 -1.83472921
  2.65174496 -1.41634127 -0.82094563  0.01183349 -1.18721752  0.21227476
  0.49360427 -2.78198127  2.15721916]
[ 1.         -1.05167732 -0.73300051  0.36271981  0.71736109  0.10216877
 -0.37018071  0.55554495  0.42168796 -0.01980416 -1.20577472  0.13100186
  0.59361185 -0.17009242 -0.85652837  0.26758253  1.2815495  -0.93262258
  0.35376849 -0.56201938  0.08251005]
[ 1.          1.56988504 -0.79303183 -3.5705598   1.14469616 -3.76365324
  5.50124968 -0.55655416  4.69428308  0.40591224  0.52124382 -3.36977292
 -1.58494327  1.65877986 -3.92635854  0.08422593 -1.56740071 -0.64702753
  3.42942884 -1.87127714  0.98162659]
[ 1.          0.10537389  0.19610734 -0.34667185  1.43603903 -0.26485215
  1.02534367 -1.98420994 -0.31775956 -0.8203359  -1.29995679  0.93198776
  3.59279174 -0.97914635 -0.29758167 -0.97894684  1.63205565 -1.11895892
 -1.8921099  -1.53918612  1.39441071]
[ 1.          1.19382408 -0.74063509 -0.22248637 -0.07576541 -0.45433674
 -1.13599285  0.50395764 -0.71185528  1.08399172 -0.9869651  -0.28376428
  0.48472254 -1.01802005 -0.81198746 -0.77063951 -1.70837257  0.05417866
  0.03692914  0.54543355  0.11755488]
[ 1.          0.64819122 -0.68906272 -0.72216013 -1.53643328  1.3094561
  1.63468195 -0.49509193  1.15793857  0.16051364 -0.04235014  1.26997648
 -0.28402237 -0.37985616  0.69523897  2.34717025  0.25642092 -0.61465439
 -1.05022929  0.55622641 -0.16916548]
[ 1.          1.61389074  0.28905453 -1.37910304 -0.20605541 -0.20449161
 -0.12214954 -0.86928535  0.31739635 -0.31341299 -2.41144838 -0.73151254
 -2.3827279  -0.15137674 -0.67607691 -0.80358603 -1.58965373  1.29096478
  0.08884568  1.68169788 -0.25586403]
[ 1.          0.80394949 -0.98598708  0.95245769 -0.54000239  0.43529916
  1.10126544 -1.22336283  0.65618371  0.69195945 -0.69120692  0.17519501
 -0.95504705 -1.72047641  1.51961776  0.24579596  0.29568181 -1.0199528
  0.59508583 -0.03842719 -0.72087782]
[ 1.         -0.79905061  0.61639603  0.03185818  0.02776386  0.68397021
 -0.47254869  0.20153519 -0.24238145  0.28934432 -0.43750083 -0.25505054
 -0.35292794  0.98329065 -0.33232323  1.44093802  0.32823742 -1.38448204
 -0.38005464 -1.18652204  0.52473523]
[ 1.          0.48501963 -0.10635922  0.01196912 -1.16522559 -0.75023463
  1.59043909 -0.67971103  2.28461894  0.26432006  0.63653574  2.10805974
  0.59317921  0.0114749   0.34176077  0.84070946 -0.69657729 -1.35574785
  0.43000956  0.60702894 -0.07247448]
[ 1.          1.19319308  0.74830592  1.37503201 -0.28660667  1.04301251
  0.71772857  0.10763245 -0.51297222 -0.98628475  1.26387037 -0.61353534
  0.38645851  0.13238021  0.04848884  0.08101346  0.93821854  0.27866735
  0.51921757 -0.06277456 -0.45374096]
[ 1.         -0.97529032  1.02689837 -0.20099033 -0.57583736 -1.23522549
 -1.07287853 -0.04466932 -0.93346935 -0.61254294  1.08300391  0.6837672
 -1.22701967 -0.67198237  0.31440112  0.24084203 -0.33748064  0.17810914
  0.87430216 -1.14035905  1.00376843]
[ 1.         -2.02951131 -1.01039747  1.2904292  -6.09470744 -5.58973666
  2.88420851 -2.36909109 -1.60642883 -1.45242108 -2.39967945  4.44518323
  1.77455553  4.4580853  -2.39665503 -8.4038808   2.27680461 -0.96722767
  1.80785605 -4.88270187 -4.46562338]
[ 1.          0.73880459 -0.24235984 -0.70995758 -0.21284048 -0.30318146
  0.12430897 -1.55621273  0.43082973 -0.50281725  0.12862432  0.20241654
  1.03443658 -0.4219007   0.82299568  0.81282985  1.28728006  0.02545892
  0.93504593 -0.13864156  0.69888038]
[ 1.         -0.862503   -2.9188042   1.65107229  2.5708697   0.73170116
 -1.13869625 -1.93861531  1.93538177 -1.93115172 -1.32813431  0.00790836
 -0.70079203  0.56686429  1.63555401  0.62171865 -0.59703657  1.7302116
  1.54088287 -1.37404935 -0.05385953]
[ 1.         -1.11917316  0.15509391  2.10251979 -0.58052047 -0.85038821
  0.50739944  0.79578645  0.46672854 -1.04633829 -1.01313295 -1.47091071
  0.23835602  0.91546737 -0.12825587  0.86170796 -1.3148775   0.71238666
 -0.43672137  1.95538269  0.4842171 ]
[ 1.         -0.69716832 -1.4860599   0.2546518  -1.20247949  0.27607355
  0.91437527 -0.64767516 -3.42283418 -1.72102667 -2.90681282  0.83705211
 -0.35817806  2.86624911  0.71264914 -0.68364644  0.84086297 -1.87727716
 -1.2229009   2.40456991  4.04543598]
[ 1.         -0.98738167  0.87555045  0.0918419   0.78862623  0.05234298
 -0.32832085 -0.53041048  0.69860687  0.3622513  -0.33183049 -0.54153403
 -0.29033348  1.51834321 -0.15739018  0.64059353 -0.9396977   0.56334373
  0.11108804 -1.99998605 -0.08734002]
[ 1.          1.13365886  2.27407063  4.51489956  0.59115377  1.66547783
  3.09852825  1.83014864 -0.34163842 -0.33401152  1.76818908 -1.64676317
 -0.21535133 -0.22983029  0.11545666 -1.02116459  1.91368306  0.60556451
 -0.36729865 -0.39380171  0.90363111]
[ 1.         -1.02679537 -0.11004813 -0.19494156  0.19956661  0.32892135
  0.66692946 -0.10145226 -0.54296815  1.09012573  0.70768047  1.02933768
  0.19960817  0.27572161  0.35885003 -0.01816299 -0.51006451  0.15367433
 -0.27186043  0.37433909 -0.29666611]
[ 1.          0.82989086  1.09087171  0.31741608  0.90601202  0.24915482
 -0.96748675 -0.25676313  0.9275273  -0.43436736 -0.26484782  0.79326175
  1.22888351  0.59227477 -0.58341762 -0.17796169  0.09831251  1.03661661
 -1.34509384 -0.14076804 -0.28672491]
[ 1.         -1.23512275 -1.00431665 -0.34320893  0.62288543  0.57076255
  0.26878767  1.11026091 -0.39505179  1.3702854   0.26621992 -0.14910066
  1.33238283 -1.29087687  0.52050085  1.23041178  0.4955941  -0.05530811
  0.5855913   1.00605482 -1.07494638]
[ 1.          1.02925788 -0.7481397  -0.13288145 -0.57659457  2.27359114
 -0.05947462  0.02914147 -0.94162253 -0.41532102  0.27615495  0.65877821
 -0.43467403  0.79116376 -0.25587413 -1.00642685 -1.57936246 -0.79847069
  1.04377224  0.87077364  0.07630701]
[ 1.         -0.84812847 -1.15467925  0.21861558  0.58409773  0.93835943
  0.02933411 -0.06943462 -0.7120118  -0.07167744 -0.63766736  0.88844366
 -0.23106216  0.18958293 -0.08160309  0.74203511 -1.02635086 -1.93228513
  1.20078655 -0.73745027 -1.02298522]
[ 1.         -0.01545993 -3.20224097  2.25237508  1.2601502  -2.82800645
 -2.89116364 -3.49393108  3.12488284 -1.15147441  5.34052593 -1.57843888
 -0.07527453 -0.63809696  1.71994526 -3.0119485  -2.08437486 -1.56737609
 -4.86454465 -2.27855224  1.90272321]
[ 1.         -1.38719133 -0.41563963  1.85475094 -4.45137227 -3.12604072
  0.94979025 -0.8923352   0.56214863 -0.5541893  -0.41792053  1.09621172
  0.84420326  0.69686918 -1.51905283 -2.83805448  0.18335551  0.03846966
  1.11004604 -1.06292167 -2.58047009]
[ 1.          1.04428024  0.35268513  0.43949431  0.13292529 -0.68917945
 -0.83465889  0.80829814 -0.00343452 -0.66297033 -0.30607412  1.31287586
 -0.85533811 -0.44380268 -0.86382975  0.85696863 -0.32391523  1.02517541
 -1.65741625  0.34477923 -0.43580797]
[ 1.         -1.01860565 -1.02184431  1.72178801 -0.65949656 -1.62595115
  1.07372351  0.22667811 -1.57698965  0.10793308 -0.42567982  0.3568034
 -0.66909844 -1.03151138 -0.4897096   0.64362373 -0.15829058  0.11104232
  0.3501138   0.52538863  0.13381005]
[ 1.          1.25807581  0.28443858  1.30246298 -0.3329172   0.95678168
  0.66101749  0.39062655 -0.49369589  1.42824008 -0.24262605 -0.38789808
 -0.57573086  0.62579621  1.04424919  0.51083992  0.171519   -0.7822997
 -0.9949525  -2.10098001  0.30703203]
[ 1.         -1.03910305  1.42409657 -0.43758235  0.30893439  0.13301229
 -0.01493306  0.16842884  0.76063508  0.51295494 -0.14511609 -0.66219644
  0.21621206  1.02420427  0.05637707  0.46811687 -0.43231732 -0.23169034
  0.13146469 -0.50237832 -1.11305638]
[ 1.         -0.91451797  1.0473346  -0.54945853 -0.25894459  0.73481487
  0.5946824  -1.05767167 -1.1939227  -1.11565422 -0.20777042  0.65075894
  1.21425724 -0.67123349  0.61897744 -0.43407864 -1.20688096 -0.90609848
  0.30650954  0.62223932  1.24246435]
[  1.00000000e+00   1.26862923e+00   3.28089727e-01  -1.27641620e+00
   6.81497473e-01  -9.96329543e-01   1.12224618e+00  -3.17326477e-01
  -6.69863793e-04  -6.66934059e-01  -2.27810717e-01  -5.06373314e-01
  -1.54089380e+00   1.24524213e-01  -1.19710080e+00   3.10306994e-02
  -1.08248667e-01   1.63439070e+00  -1.96531142e-01   6.04723954e-01
  -6.05686375e-01]
[ 1.          1.26508683  0.21442363 -0.45270369  0.68625633  0.96755513
 -0.0355853  -0.6504592  -1.69883146 -3.17086154  1.09887671 -0.21964392
  2.69232357 -1.45371557 -1.30927678 -1.43759269 -2.03854124 -1.17584314
 -1.16259458  1.41722561 -0.08154737]
[ 1.         -1.23897766  0.65260623  0.39031567 -2.68290036 -0.06316791
 -0.76091117  0.26443037  1.34995167 -0.02370443 -1.14452152 -0.36367541
  1.16138168  1.01300276 -0.77634627 -2.8898868   1.8472516   1.76950913
  0.32095286 -2.07966862 -4.93722079]
[  1.00000000e+00   1.52798123e+00  -5.93680249e-01   5.82505431e-01
  -9.42553555e-01   4.13042396e-04  -2.14461494e+00  -1.04246619e+00
  -1.20687047e+00   8.57521049e-01  -1.91544348e-01  -7.79991715e-01
   1.13113690e+00   7.66626368e-01  -1.10291573e+00   2.36471176e+00
   1.79343217e-01  -1.05138977e+00  -8.97729378e-01   1.32339272e-01
  -1.48268472e+00]
[ 1.          1.11259574  1.10846247  0.06770959  1.01532816 -0.78902705
  0.06156152 -0.18826456  1.20500951  2.44399812 -0.68849225  1.00682828
  0.86069454  1.71063887 -0.27783053 -1.25677145 -0.10251122 -0.39427873
  2.56852539 -0.03647257  1.72954407]
[ 1.          1.10472745 -1.65975761 -2.2656317  -0.33271163 -0.83902202
  1.6202809   2.04821725  0.7082206  -1.70755635  0.9206069  -1.53149762
  0.82004565  0.27781263 -0.13195581  0.79262881  0.46272704  0.59815206
  0.34858673 -3.00072256  1.43594042]
[ 1.         -1.49339718  1.99199125  0.00964536 -2.30149262 -0.97550839
 -0.40296926  1.03676029  1.9313083  -0.74203828 -0.37562444 -1.55213831
  1.08797106  0.11229159  1.2008497   0.22622845 -2.83608291 -0.50988918
 -0.13907514  0.74436031  0.33295563]
[ 1.         -0.69072162  1.06287169 -0.50186176 -1.05483035  1.36291065
 -1.3339274   0.79184843  2.42369851  0.38930251 -0.72680583 -0.6721729
 -1.55458256 -3.05663155  0.95188118 -1.39340958  1.26804887 -1.12003333
 -0.58810162  0.62825958  0.91290198]
[ 1.         -0.73200505 -0.44726058 -0.5188525  -0.80338467 -0.45078475
 -0.52949715  0.37970213 -0.06686197  0.73069422  0.26349833 -0.28091422
 -0.64287765  0.02654708  1.46377782 -1.83618971  1.45182017  1.01307496
 -1.06550729  0.96512409 -0.09485595]
[ 1.         -1.19648868  1.40307464 -0.07297472 -2.22694255  0.26119187
 -0.29595158 -0.85909882  0.69553054 -1.42676628 -1.15231356 -0.6328161
  0.60390937 -0.32319595  0.23011319 -1.68644098  1.13915901  0.92292096
  0.6743847  -1.6081494  -1.26889689]
[ 1.          1.03416648  1.48413906 -0.09279051  0.86296352 -1.83721554
 -1.29247118  0.83442527  0.31203787  0.35542422 -1.43241385  1.9377523
 -0.61075764 -0.32926895  0.54255641 -0.03684401 -0.76153946  0.93125408
 -0.62371917  0.31672826  0.54715083]
[ 1.          0.5730833  -0.48335508 -0.68977172 -0.72605433  0.13680906
 -0.27340939  0.669097   -1.22821275  0.77704901  0.59561501 -1.19108659
  1.3596735  -0.80365844  1.43634953  0.53414671  1.13564746  1.68023708
  1.06796414  0.47381838 -0.64955398]
[ 1.          1.45842709  1.01471452  0.67113012  0.28845139 -0.52699035
 -2.76273589  0.65335459  0.21374041  1.59411085 -0.80884288  0.95316602
  0.67413407  1.71070784 -1.33555411  0.19270569  0.15992713  0.32761995
 -0.59562867 -0.65116931 -0.56715872]
[ 1.          0.70156801 -1.75633597  0.56349888 -0.78730159 -0.30807598
 -0.69451705 -0.21503639 -0.70204978 -0.69692481  1.59866833 -0.36910048
 -1.39107491 -0.16408284 -0.34865914  0.49159257 -0.41594478  0.37430134
  1.44774397 -0.52348155 -0.43064455]
[ 1.          1.61476942 -0.14066447 -0.4328301  -0.56395077 -0.43515916
  0.33349863 -1.50164189  0.60979188  0.25964747 -0.4262035   0.99638726
  1.72860519 -1.80845914 -0.19220593  2.93228361  0.50765276 -0.55482777
 -1.23204072  0.69425352 -1.90755622]
[ 1.         -0.81845652  0.89840193  0.12027405  0.21962138  0.22752315
 -0.31926747 -0.1824656  -0.02493122  0.33396271  0.15678409 -0.3305994
  0.46976101  0.40176163 -0.71136663  0.48330632 -0.06935273  1.46936177
 -0.34636875 -0.1233499   0.14662112]
[ 1.         -0.89373952 -3.32492239  2.39651077 -1.53583426 -2.16687536
 -1.60199878 -1.93639305  0.24163941  1.16888011  4.55279831 -0.15459744
 -0.10967642 -1.48205778 -1.34741699 -2.91862484 -1.01343517 -1.09829287
 -1.15911378 -1.15960786 -0.67267915]
[ 1.          0.83602764 -0.2560985  -0.57855477 -0.47321688  0.33835096
  0.76852686  0.24221412  2.00697859  0.86196611  0.96250942  2.35902784
  0.19625126  2.01660229 -1.31492853  1.04542388 -0.22229032  1.28708353
  0.70449585  1.40586812  1.5353438 ]
[ 1.         -0.87458106 -0.37910576 -0.22780195  0.66947345  0.87255138
 -0.70160069  0.48172053  0.99997872  0.97752339  0.74555076 -0.51430154
 -0.8673937   0.56970162 -1.06684412 -1.0735992   1.16295606 -0.48161948
 -0.17680393  1.32223553  0.52421983]
[ 1.          0.90640339  0.37400225 -1.51208102  2.58592624 -2.39253465
  2.47067558 -1.92957486  2.50029896  2.87236288 -0.87645351 -3.96152651
 -1.6419139   1.31358504 -3.06128352 -1.77444137 -1.17016798 -1.60825429
  2.47718256  0.40268137 -0.01942212]
[ 1.         -0.82351948  0.35241457 -0.92125728  1.10091602  0.30147374
  1.4690884  -1.3050155  -1.24899133  0.02002687 -0.19443279 -0.33592861
 -1.1692749  -0.23078707 -1.71769588  0.31282982 -0.1047102   0.76570834
 -1.20019191 -0.99021303 -0.28314733]
[ 1.          0.77375975 -0.75180409  2.16304491 -0.36512816 -0.96085353
 -0.64329392  0.44881111 -1.80525239  1.85512069 -2.29439856  0.52676227
 -0.70500943 -0.0432391  -1.01209081  2.72415187  0.72658076 -1.50305873
 -3.67456366 -1.95416631 -2.05739673]
[ 1.          0.71250794 -0.99997047 -0.38043623 -1.40017146  0.38828867
  0.44689368  0.37918362 -0.1922344  -0.40051596 -0.04569679  0.38376718
 -0.62831269  1.58639514 -0.03792823  0.72845111  0.31986488  0.41722753
 -0.81607894  1.10618089 -0.32205902]
[ 1.          1.05766909 -0.79608531  0.23267993  1.08580616 -1.84503777
  0.59578034 -2.07529015  0.60826676  1.14140208  0.3102952  -1.49557319
  1.60252471 -0.44234574  0.48419221 -0.3229077   0.3514065  -1.49876523
 -0.1507872   0.65860296  0.3361757 ]
[ 1.          0.82019051  0.3547636   0.85213249  1.02237521 -0.61941734
 -0.18621112  0.53825334  1.63262234 -1.92702265  0.77885694  0.77241238
  1.05552264 -0.23902626 -1.03964465 -0.90173183 -0.15459345  0.13286625
 -2.94973157  0.2836564   0.677571  ]
[ 1.         -0.5977272   1.23209948  7.81423    -0.67988854 -0.92166119
  5.01355371  3.12491977 -1.66187227 -1.52848393  0.29409069 -3.44195289
 -0.81727675 -0.41590857 -0.69761494  0.77137489  0.49411102  2.16685806
 -0.72570335  3.59360348  2.54011853]
[ 1.         -0.56474329 -1.39190403 -0.0313144   0.67695178  1.71576013
  0.62328885 -0.91604204  1.24111102  0.61618639  0.61673832  1.75944135
  0.09826521  0.57197587  1.90137666 -0.37815704 -0.14683991  1.52245034
  0.75220453  0.42059086 -0.431565  ]
[ 1.          0.54289926 -1.13217377 -1.58793438  0.24711957 -0.72356446
  0.10396821  0.29868084 -0.18852003 -1.76776228  0.14270864 -1.55766439
 -0.87090459  1.56503009  2.72969359 -2.13451975  2.83323437  0.10049245
 -1.06802161  3.65557695 -2.01071839]
[ 1.         -0.66982992  1.23286351  0.490246   -0.31096965  0.7103472
 -1.140328   -0.33731732  0.59155854  0.50702717  0.0707776  -0.75712494
  0.73038885  0.50032068 -1.82430367  1.27924031  0.5727394   1.37048346
 -0.65634868 -0.90777817 -0.35552109]
[ 1.          0.32613954 -0.59487466 -1.2954448   2.13137967 -1.05764941
  1.2979439   0.12862319 -0.52675305 -2.22342653 -0.10121222 -1.51838124
  1.8899645  -1.15558619 -2.26048783 -0.52598087 -1.61388008 -1.92772564
 -2.51223143  0.29053391  0.08852255]
[ 1.         -0.35537118  0.07152542 -0.75402305  1.02443577  0.98751915
 -0.03263068 -0.14292219 -0.67059498 -0.53102085  0.78996809  0.36511136
 -1.49544358 -0.92539759 -2.0705191  -0.81673968 -0.13333635  0.08947904
  0.44175686  0.22689519 -0.17422764]
