Cluster centers 

[-1.28915127  0.42004537 -0.02049513 -0.38585826]
[ 1.29894242  0.32212883  0.78710133  0.20909642]
[-0.37891287 -0.87209824 -0.1621023   1.40399354]
[ 0.91074815  0.19551353 -0.93059269 -0.40681083]
[-1.88692201 -0.32809608  1.71327287 -1.97956885]
[ 1.154221   -1.67779962  2.135811   -0.67188698]
[-0.89255786  1.19205843  0.42520667  0.72566498]
[-0.40977982 -1.64717271 -1.36506152  0.44944181]
[-0.44692271 -1.96769203 -0.16213287  0.83227755]
[ 0.95440624 -0.77126499 -0.55960817 -0.55281722]
[ 0.09474861  0.32071457 -1.66714974 -1.47297555]
[-0.45170389 -0.05481789 -0.56204958  1.45905408]
[ 0.74076102  1.68946055 -0.00362343 -0.71789401]
[ 1.2032198  -1.0664578   1.27537627 -0.42205442]
[ 0.40766341 -0.68186026 -1.93367233 -0.66828592]
[-1.46086821  0.43258794  0.83175942 -0.76278976]
[ 0.32179575  0.83533841 -0.99404055 -1.46418423]
[-0.48367385  0.74638458 -0.14958497  1.60222938]
[ 1.17067051  0.12716124  0.01857811 -0.11472276]
[ 1.34106315  1.08293554  1.16470851  0.69872865]
[-0.5210199  -3.08439399 -0.2179752   0.04432221]
[-0.78707766  1.89589618  2.16416583  0.34762648]
[-1.00069848  0.49102163 -0.64819057  0.26569073]
[-1.52672659 -0.24197564 -0.32260984 -1.37477531]
[-0.5411479  -0.51522659 -1.57898795  0.65453817]
[ 0.70844561 -1.33609228 -1.08028291 -0.77093543]
[-0.68518407 -0.36690673 -1.64415697 -2.35774924]
[ 1.32559259  0.08125242  1.38111552  0.2895995 ]
[-0.46599577 -2.44165457  0.63256035  0.74121912]
[-2.16900738 -1.08383008  1.86350894 -2.85751549]
[ 0.92212249 -2.80847604  3.92746871 -1.23429274]
[-0.22280266 -0.74526112  0.83376127  1.72409061]
[-1.41377569  0.62804478  1.16918773 -0.64335173]
[-1.06990515  1.15570519  0.90110035  0.24739944]
[ 0.99179598  1.1311346  -0.4087798  -0.23664501]
[ 0.23594708  1.06943144 -0.16889648 -1.90195873]
[-1.20559676  0.15401631 -0.75912276 -0.46681734]
[-0.28897503  1.14997261  0.47108014  1.97842694]
[ 1.29300222  0.9128691   0.61443396  0.37257272]
[-0.66103823  0.68515272 -0.48211729  1.18887786]
[ 1.26721709  2.00627992  1.27263299  1.02073959]
[-0.46538612 -0.92689701 -1.33752814  0.79533535]
[ 1.23881032 -0.57905023  0.96067355 -0.19981508]
[ 0.89980004 -1.87414049  0.05552661 -0.99198485]
[-1.22137019  0.7745297   0.52591189 -0.11029128]
[-0.42941861 -0.70298793 -0.62233791  1.27287222]
[-0.79604557  0.34533611 -1.01222496  0.64811494]
[-1.0260721   0.69028374 -0.25574272  0.32549513]
[ 0.2629725  -1.94479001 -1.69908251 -0.78636572]
[ 1.07448946  0.4066557  -0.43001065 -0.18857255]
[ 0.87801716 -0.32783175 -0.97783226 -0.4924556 ]
[ 1.08708882 -0.38669156 -0.18788176 -0.35125004]
[ 0.54462234  0.92551652 -1.02337615 -1.01890645]
[-0.14928777  0.40611136  0.69737191  2.10116669]
[-1.80873985 -0.01281914  2.68675971 -1.91806596]
[ 0.11224683  0.6331041  -0.99961815 -1.86114793]
[ 0.41108333  0.17932075 -1.7490442  -0.89375737]
[ 1.18194982 -0.3427806   0.30091542 -0.22676605]
[-0.39243087 -1.26771232 -0.06739746  1.25124176]
[-1.64490592  0.27768831  1.81462289 -1.32049626]
[ 1.11536096 -1.58192891  1.19639579 -0.74776691]
[ 1.09822395  1.71812375  0.23803717  0.12406464]
[ 0.06333763 -1.10485111 -2.2374753  -0.52964459]
[ 1.19218186  0.48801889  0.05306718  0.01026528]
[-0.95084265  1.55617675  1.63837639  0.30857741]
[-1.26256868 -0.57146701 -1.38164518 -1.87787606]
[-0.10154568  0.46683734 -0.61089433 -2.44841695]
[-0.62997055  0.04023083 -1.18449966  0.90633851]
[ 1.28576477 -0.51947598  1.59232845 -0.01084332]
[ -1.54988143e+00   2.43155410e-04   2.20086615e-01  -1.15491651e+00]
[-0.28875023 -1.35463227  0.94835382  1.4452029 ]
[ 1.15929137 -1.0971564   0.84692352 -0.51186378]
[ 0.86470253  0.85249436 -0.82869389 -0.45458926]
[-0.91136575  0.94700482 -0.00946628  0.67051751]
[-1.87128165 -0.37943541  1.35317798 -1.9541055 ]
[ 1.32370179  0.71290269  0.88817123  0.41890698]
[-1.15465024  0.46039917 -0.37237884 -0.08834302]
[ 1.26028684 -0.83436149  2.15998946 -0.0622312 ]
[-0.8456263   1.43702192  0.84144629  0.77544124]
[-1.40391436 -0.0496455  -0.47259757 -0.99840406]
[ 0.40325086  1.45718227  0.19637163 -1.5491684 ]
[-1.06559995  0.98580492  0.44253607  0.29485168]
[-0.39844228 -1.66152587  0.26009282  1.13529689]
[-0.40929125 -1.10607845 -0.377921    1.21916177]
[ 1.06322805 -0.00205997 -0.42866399 -0.27998456]
[ 0.71735588  1.92162693  0.39469849 -0.72054136]
[-0.31666004 -0.47938487  0.13993821  1.66227189]
[-1.57630498  0.26042403  1.07193016 -1.0830918 ]
[ 0.12240936 -0.3554392  -2.21981126 -0.77751103]
[-1.23015513  1.00088487  1.26859878 -0.20178382]
[ 1.21576119  1.85470287  0.71253755  0.54916999]
[-0.43900833 -1.46371175 -0.82670305  0.85431926]
[ 0.66388413  0.57368633 -1.27674109 -0.71078099]
[ 1.12757498 -0.92090622  0.41033149 -0.48389515]
[-1.02004241  0.11725989 -1.20965801 -0.167795  ]
[ 0.21966406  0.86282412 -0.70607053 -1.77882431]
[-0.58177463  0.35035883 -0.71451778  1.25861062]
[ 0.81145482 -1.37303508 -0.72758884 -0.78411194]
[ 1.23133176  1.20132008  0.34018572  0.28998361]
[-2.01054292 -0.67792848  1.64634535 -2.36396251]

Populations

0.0226112060467
0.027457567263
0.0217682328707
0.0204250140542
0.00191101668069
0.00690244787018
0.00963707536617
0.00408448645077
0.0111506289184
0.00368521334245
0.0149138897313
0.00658477972304
0.00878833454388
0.0153841530538
0.01188533541
0.00913057694269
0.0109078791755
0.0236240785055
0.0208027390566
0.0171772861715
0.00495910480073
0.00458374999363
0.00659000728465
0.00573410633077
0.0152530434293
0.00277183847525
0.0098025075222
0.022423517006
0.0176154524961
0.00391772336065
0.00423994380597
0.0139318731096
0.0236617651286
0.00499002262538
0.0124489332379
0.00894284582388
0.00937011308848
0.00933762321745
0.0106882558885
0.0186181748517
0.00921436231559
0.0115694820462
0.0102815184077
0.00408648974225
0.0145766923883
0.0232375846424
0.00855514068749
0.00935302469587
0.00325362970314
0.0237700249704
0.0121289221396
0.0174602129798
0.012918204196
0.00303975297969
0.00348686465225
0.0116748438483
0.0155187673696
0.0129625647602
0.00373447391565
0.00699720570266
0.00461272210095
0.0084042443718
0.0247060715942
0.00347238137593
0.00149473184085
0.00387480695958
0.0110036496254
0.0103134341171
0.00369876423323
0.000822259923661
0.00343634078231
0.0123932440499
0.0149353138947
0.00198637862351
0.0128151923815
0.0243261608553
0.00218106957433
0.00465406483338
0.0104518086518
0.00233905438349
0.0100892001846
0.00746287196054
0.0173485449136
0.0142687420998
0.0102429280094
0.00816359160864
0.00661917143581
0.00939330941692
0.00363495529207
0.00370102291764
0.00303194248447
0.00977792216666
0.00100192796838
0.00439208956316
0.00636588202935
0.00825518675648
0.0115396526977
0.00625705952496

State labels

0
1
2
3
4
5
6
7
8
9
10
11
12
13
14
15
16
17
18
19
20
21
22
23
24
25
26
27
28
29
30
31
32
33
34
35
36
37
38
39
40
41
42
43
44
45
46
47
48
49
50
51
52
54
55
56
57
58
59
60
61
62
63
64
65
66
67
68
69
70
71
72
73
74
75
76
77
78
79
80
81
82
83
84
86
87
88
89
90
91
92
93
94
95
96
97
98
99

Eigen values

1.0
0.763127004808
0.701903723268
0.677047055833
0.661348890724
0.63352966785
0.61667405186
0.593839298293
0.592183685033
0.571144942413
0.540834481952
0.531031334589
0.525519726114
0.498737631234
0.494804449453
0.480556728565
0.47022524886
0.451050136201
0.443486266348
0.433612958209
0.426932728132

Left eigenvectors

[ 0.02261121  0.02003116 -0.02731694  0.00362158  0.00081054 -0.0301688
 -0.01519704  0.00138621  0.00171021  0.04653466  0.01323243 -0.0122813
  0.00910976  0.02691646 -0.0050908   0.00025084 -0.01745042  0.02929122
 -0.02084986 -0.02164861 -0.025406  ]
[ 0.02745757 -0.02305848 -0.01223599  0.00022912 -0.01406863  0.01117365
 -0.02706995 -0.00697401  0.01169313  0.00103232 -0.00997977 -0.00583124
  0.01302185 -0.01736443  0.0365643  -0.01123663 -0.01253512 -0.00987538
 -0.01945789 -0.02188845  0.01398182]
[ 0.02176823  0.00106538  0.00648998 -0.00276698 -0.01776282 -0.01037006
 -0.00665167  0.01259502 -0.01117258  0.00612305 -0.0338541  -0.01250112
  0.02008515 -0.00042299 -0.00248253  0.01276056 -0.00340485  0.0167325
  0.02589686 -0.00204245  0.01464127]
[  2.04250141e-02  -1.07480360e-02   1.07858879e-02   2.68487557e-04
  -2.12334380e-02  -5.27907946e-04  -8.72920310e-03  -8.29430923e-03
  -5.14532022e-03  -7.48860242e-06  -3.64217120e-03   1.61454359e-02
   6.73399689e-03   1.19470380e-02   8.55856065e-03   1.07355332e-02
  -2.82575507e-02  -1.73498159e-02   1.85220105e-02  -5.55587535e-03
  -8.91726337e-03]
[ 0.00191102  0.00132038 -0.00137302 -0.00133616 -0.00125165  0.00882093
 -0.00117801 -0.00399271  0.00022791 -0.00649532  0.00096159 -0.00472397
 -0.00101392  0.00973375 -0.0049676   0.01128817  0.00400475  0.0022066
 -0.00328275 -0.00711822  0.00286294]
[ 0.00690245 -0.0049893   0.00312051  0.0004226  -0.00679706  0.00023035
  0.00409096  0.0010558  -0.00523606  0.00012242 -0.01048396  0.0101541
 -0.02305044  0.00215844  0.00927523 -0.00519093  0.00510342 -0.00765315
 -0.01583176  0.00121061 -0.00863938]
[ 0.00963708  0.005197    0.00204836 -0.00196706 -0.01173104  0.01033932
  0.00636876 -0.011223   -0.00215964 -0.00298474 -0.00645308 -0.012813
 -0.0135934  -0.0189906   0.0024242   0.00130961 -0.01059782  0.01308568
  0.00067337 -0.00924115  0.00464251]
[ 0.00408449 -0.00508205 -0.00240027 -0.00291881 -0.00521409  0.01029296
 -0.0099845  -0.00503749  0.00649532 -0.00616727  0.0002005  -0.00914809
  0.0111096   0.00215172  0.00330062 -0.01826917  0.010294    0.00078469
 -0.00793759  0.0006683  -0.01517207]
[ 0.01115063  0.00341972 -0.00218988 -0.00284658 -0.01251322 -0.00326531
 -0.00851261  0.00686227 -0.0054624   0.00694737  0.00041961  0.00839952
  0.01133812  0.00026795 -0.02422091 -0.00499714 -0.01572994 -0.00194203
 -0.00142803 -0.00956813  0.00111465]
[ 0.00368521  0.00050105 -0.00551042  0.00296063 -0.00056641 -0.00358224
 -0.00042948 -0.00031648 -0.00017734 -0.00229102  0.00102163  0.00151345
 -0.00368861 -0.00228716 -0.00180391  0.00179381  0.00863924 -0.0093691
 -0.00041049  0.00042066  0.00476204]
[ 0.01491389  0.0342096  -0.02321045 -0.00818789  0.00526989 -0.01315043
  0.01018099 -0.00516791  0.01318796  0.0149233   0.00180495 -0.00229528
  0.00739628  0.02480007  0.00390849 -0.00822124 -0.00465535 -0.00731141
 -0.01265187 -0.00281105 -0.01398253]
[ 0.00658478 -0.00111046 -0.00735224 -0.00204432 -0.00202848  0.00139213
 -0.00311487  0.01851005 -0.00649458 -0.0055048   0.00676853  0.00368474
 -0.00738679 -0.00588575 -0.01958258 -0.00834727  0.00311675 -0.00358746
 -0.0011324  -0.00784332  0.0117442 ]
[ 0.00878833 -0.00423748 -0.00341745  0.00052083 -0.00784795 -0.00342898
 -0.00526605 -0.00112272 -0.00110259 -0.00535127 -0.01694518  0.01204872
 -0.00264706  0.00537194  0.01043948  0.00040696 -0.00736976 -0.00678654
  0.012523   -0.00537339 -0.00850178]
[ 0.01538415 -0.00368658  0.01979167 -0.00667711 -0.01766355  0.00313957
  0.00923286 -0.01382448 -0.0123363   0.01773145  0.00231869  0.00625191
 -0.01514898 -0.00990435 -0.00767516 -0.00021339  0.00845419  0.01022104
 -0.01449081  0.00999329  0.00149043]
[ 0.01188534  0.00453696  0.00344824 -0.00173266 -0.0087043  -0.01688389
 -0.00551358 -0.01115147 -0.00693637  0.00721101 -0.01897015  0.00783855
 -0.00263939  0.01177267  0.00107106 -0.00024633  0.01630324  0.00544536
  0.0048121   0.0162176   0.00784409]
[ 0.00913058 -0.00140958 -0.0056072  -0.00399339 -0.004489    0.00268408
 -0.00638822  0.01529205 -0.00500831 -0.0062529  -0.01328325  0.00745035
  0.00616692 -0.00557134 -0.02631779 -0.00538396 -0.00160048  0.0042686
 -0.0029597  -0.01570492  0.0134364 ]
[ 0.01090788  0.00235555 -0.00332005  0.00474983 -0.00854619  0.0061827
 -0.01158527  0.02055223 -0.00499455  0.00737818  0.0188664   0.0031797
 -0.00976028 -0.01180224 -0.02341523 -0.00617371 -0.01203964 -0.01774229
  0.00271589  0.00482921  0.0024694 ]
[ 0.02362408 -0.00472564  0.01259221  0.00289776  0.01444237 -0.03378259
 -0.01228561 -0.03708546  0.00371761 -0.02029786  0.00136236  0.01402444
 -0.0152603   0.00698206 -0.01797218  0.00440249 -0.00680963  0.01607597
 -0.00250784  0.02141929  0.00118629]
[ 0.02080274 -0.0135657  -0.02148745  0.03916747  0.00265334 -0.00503354
 -0.01140413 -0.00345426  0.02121693  0.00416677  0.0026365  -0.01386218
 -0.00184577 -0.02117406  0.00765063  0.02937097  0.00213042 -0.01958398
 -0.00675813  0.00810133  0.01200191]
[  1.71772862e-02   3.43815328e-05   2.65376506e-02  -6.80071093e-03
  -1.33297097e-02  -7.80501237e-03  -3.88202164e-04  -8.63224271e-03
  -1.18492707e-02   1.79762394e-02   3.56989668e-04   4.82792471e-03
   7.64524569e-03   3.44502791e-03   5.72807145e-04   9.29053251e-03
   6.69532673e-04   7.99060967e-03  -4.19906503e-03   1.08969907e-02
  -1.71900437e-03]
[ 0.0049591   0.00177123  0.00140392 -0.00020219 -0.00033693 -0.00849095
 -0.00337409 -0.00515953 -0.0011885   0.00731444  0.00224149  0.00062449
  0.00089155  0.00598695 -0.0030822   0.00240225 -0.00386452  0.00927504
 -0.00510994  0.00136138 -0.00509981]
[  4.58374999e-03   4.00548423e-03  -5.39095366e-03   2.06863029e-05
  -2.78687297e-03  -6.80411856e-03  -5.25243864e-03   2.09068443e-03
  -1.06991222e-03   1.21616198e-02   3.20481384e-03  -4.56434770e-04
   5.53916802e-03   6.88672567e-03  -8.90663758e-03  -1.55074639e-03
  -9.87841719e-03   7.51683200e-03  -6.42696817e-03  -9.72387124e-03
  -7.09556550e-03]
[ 0.00659001 -0.00752108 -0.00056829 -0.00573264 -0.0043641   0.0080774
 -0.00744155 -0.00240034  0.01214838 -0.00398991 -0.00431917 -0.00791359
  0.0138057  -0.006749   -0.00726724 -0.02061278  0.00807928  0.00620973
 -0.00381459  0.00677353 -0.00916998]
[  5.73410633e-03  -1.66703108e-03  -5.53315266e-03   6.86213528e-05
  -5.11497879e-03   2.91044750e-03  -7.95799552e-03  -2.82416071e-06
  -4.09925803e-03  -3.83900016e-03   1.24746902e-02   2.11897827e-03
  -1.06692801e-02   9.59619095e-03   1.01962494e-02  -3.81483909e-03
   1.47891088e-02  -1.44429977e-03  -2.78608247e-03  -2.69179506e-03
   1.09156056e-02]
[ 0.01525304 -0.0013001  -0.01593251  0.0096777   0.00157698 -0.00438431
 -0.02619908  0.01000206  0.00643237  0.0029587   0.03067009  0.00588477
 -0.01776186  0.01067536  0.024819   -0.00679765  0.00089125  0.03677834
  0.01066584  0.00283314  0.02387004]
[ 0.00277184 -0.00300065 -0.00052016  0.01859498 -0.00110386  0.00470394
  0.01479523 -0.00260894 -0.00193729  0.00177076  0.0020504   0.00312567
  0.00666119  0.00647275 -0.00317923 -0.00987847 -0.00046051  0.00124582
  0.00201967 -0.0011786   0.0052441 ]
[ 0.00980251  0.02607703 -0.0044355  -0.0057079  -0.00300624  0.01532097
  0.013344   -0.0135706   0.00961915 -0.00097541 -0.00736972 -0.01787727
 -0.01873843 -0.0153107   0.00725007 -0.00816718 -0.01408181  0.00355089
  0.01799079 -0.00964021  0.00357687]
[ 0.02242352  0.01511149  0.0479857   0.01456302  0.03205719 -0.00348155
 -0.01158621  0.01757299 -0.01192476 -0.00425944 -0.00099913 -0.01973964
  0.01073553 -0.00642615  0.01662856  0.00187037  0.01413992 -0.00540276
  0.00707758 -0.01369283 -0.01321379]
[ 0.01761545  0.01245281 -0.01395693 -0.00366792 -0.00290124 -0.0210535
 -0.00020384 -0.01039169  0.00093666 -0.00809648 -0.02354835  0.02125868
 -0.00354535  0.00887963 -0.00741554 -0.00211786  0.01332428 -0.01676311
  0.01418554  0.00844155  0.00045988]
[ 0.00391772 -0.00779541 -0.01057599 -0.00888182  0.01850261  0.01147122
  0.00061211 -0.00808849 -0.02275138  0.00878052 -0.001742   -0.00307302
  0.00461891 -0.00090804  0.00498946 -0.001011   -0.00845671 -0.00259372
  0.00113637  0.01088522  0.00482981]
[ 0.00423994 -0.00289124 -0.00691095  0.00995383 -0.00015463 -0.00202046
 -0.0062856   0.00134342  0.00721707  0.00561886  0.00300734 -0.00605645
 -0.00120474 -0.00871752  0.00149933  0.01137165 -0.0078193  -0.01049388
 -0.00939687  0.00175272  0.0017084 ]
[ 0.01393187  0.04116643 -0.01405416 -0.00773068  0.0129577   0.00964476
  0.00870669 -0.00817728  0.02275531  0.0086928  -0.01863905  0.01603013
 -0.00235851  0.01320112  0.00668015 -0.01269735 -0.00689368 -0.01701633
  0.00337405 -0.00521953 -0.00119031]
[ 0.02366177  0.03504451 -0.02500997 -0.01701974 -0.00509292 -0.02264842
  0.03062015 -0.00270114 -0.0014875  -0.02175583  0.02017432 -0.01817524
  0.01226234  0.00875811  0.00359819  0.00147283  0.01845827 -0.01827443
 -0.00983397  0.02455466  0.00028301]
[ 0.00499002 -0.00429856 -0.00485258  0.0041848  -0.00267296  0.00184403
 -0.00459779 -0.00444495  0.00175031 -0.00726507  0.00296753  0.00782435
  0.00047508  0.00843039  0.00889887  0.00117727 -0.00211731  0.00374425
  0.01970273 -0.00356531 -0.00506284]
[  1.24489332e-02  -1.75798815e-02  -1.25684967e-02  -1.28662219e-02
   2.16025225e-02   2.44659722e-02  -2.65828749e-03  -1.71850190e-03
  -8.98985498e-03   2.49114709e-03  -6.52643987e-03  -4.90335891e-03
  -2.24320641e-03   1.23631080e-02   2.21114333e-03  -7.97679837e-05
  -1.11179379e-02   6.07798784e-03  -4.85881529e-03   1.65986131e-02
   7.18855661e-03]
[ 0.00894285  0.0020054  -0.0083813  -0.00325406  0.0058384  -0.01524142
  0.0039011  -0.01206088 -0.00110775 -0.00906654  0.00423997 -0.00043545
  0.00489087 -0.00738123 -0.00687389  0.00381955  0.01362638 -0.00314766
  0.00515468  0.00520167 -0.00160203]
[  9.37011309e-03  -2.14065314e-05  -4.75236630e-04   6.89068556e-03
  -6.15272559e-03   9.45401208e-03  -8.84804106e-04  -1.14782793e-02
  -1.31505148e-03  -1.28135051e-02   1.04982150e-02  -3.93840813e-04
  -6.22236078e-03  -3.60031409e-03   6.34182076e-04   1.86081286e-02
  -4.05409506e-03  -2.21879299e-03  -5.24298270e-03   1.79534139e-04
  -1.53547010e-02]
[ 0.00933762  0.01299633 -0.00369814 -0.00478298 -0.00822354  0.01141407
  0.01095311 -0.01418277  0.00184411 -0.01499772  0.00573676 -0.01475923
 -0.0049532  -0.00543242  0.00196236  0.01381546 -0.00590336  0.00425162
 -0.00199029 -0.01003718  0.00267688]
[  1.06882559e-02   2.25488596e-02   1.57228984e-02   5.71336278e-03
   2.26080146e-02   1.76987746e-02  -1.25962292e-02   1.41642913e-02
   6.84323679e-03  -5.83634732e-04   5.98216839e-03   2.78722198e-02
   9.59142753e-03  -1.23120846e-02   1.05920007e-02  -6.45298850e-04
   4.93551737e-03  -3.14715788e-03  -2.06531552e-03   8.20844577e-03
  -4.96780863e-05]
[ 0.01861817 -0.00052056  0.01397636  0.02792565  0.01214045  0.00261797
  0.00792633  0.01436616 -0.00526243  0.01395525 -0.01701749 -0.0246727
 -0.00316422  0.00501425  0.00155923  0.01345672  0.02946842  0.00492585
 -0.002414   -0.00706869 -0.00600908]
[ 0.00921436  0.02605294  0.00158067 -0.00107964  0.01895255  0.01996827
 -0.00409154  0.00499977  0.01470095  0.0036592  -0.0124606   0.02709867
  0.00551969  0.0046512   0.00213254 -0.00187227  0.00140233 -0.00966995
 -0.00380943  0.00078935  0.00657947]
[ 0.01156948 -0.00980193  0.01289475 -0.00357934  0.00229333 -0.00159849
  0.00866008 -0.0033078   0.00340974  0.00843446 -0.0054869   0.00280907
 -0.02126066  0.00597375  0.00153762  0.00080971  0.00930227 -0.00081098
 -0.0134752   0.00779265 -0.00478207]
[ 0.01028152  0.00308757 -0.01364321 -0.0012699  -0.00290188 -0.00441421
  0.00385433  0.00633045 -0.01262799 -0.00865041  0.01722847  0.00166957
 -0.01357019 -0.00386713 -0.00731807 -0.00682562  0.02588103 -0.016065
 -0.00636159 -0.00767636  0.01085107]
[  4.08648974e-03   1.81682419e-03   8.60260447e-03   6.36728149e-03
   6.54303893e-03  -9.15825564e-05  -4.46480736e-04   5.35332812e-03
  -2.85007230e-03   1.84577598e-03  -3.46886572e-03  -8.40657171e-03
   1.31784499e-03  -1.76522695e-04   3.53426120e-03   3.30145890e-03
   9.42537361e-03   6.55724634e-07   9.52139799e-04  -4.71705707e-03
  -4.42415029e-03]
[ 0.01457669 -0.02354317 -0.00256212 -0.01204836  0.01275789  0.00311648
  0.00641131  0.00229906  0.03332694 -0.0028012  -0.00429581 -0.00304055
 -0.00200288 -0.00514112 -0.01285667 -0.01367081  0.00101374  0.01335137
  0.00462991  0.01575925 -0.00654976]
[ 0.02323758  0.03113197  0.00817687 -0.00016037 -0.00700108  0.00811348
  0.005298    0.00714022 -0.00798435  0.01055665  0.01064601 -0.02811594
 -0.01390611 -0.01738772 -0.00302248 -0.01777263  0.01223365  0.00610592
  0.02045359  0.02692696 -0.00562939]
[  8.55514069e-03  -1.56719756e-02   3.23961019e-03  -1.29947308e-02
   1.25519546e-02   6.16866941e-03   9.33847233e-03  -2.18483114e-03
   1.67355545e-02   7.41832860e-03   7.19703362e-04   2.64010705e-05
  -1.00937199e-02   5.73304060e-03  -5.71609232e-03  -4.69324171e-03
   7.10195566e-04   4.44089957e-03  -3.32138322e-03   1.03572563e-02
   1.85179529e-03]
[ 0.00935302  0.00513616  0.00067999 -0.00169401  0.0084761   0.02158119
 -0.00509573  0.00408741  0.00030442 -0.0010058  -0.0166748   0.00504201
  0.0026929   0.01232259 -0.02105748  0.01464357  0.00531807  0.00742001
 -0.01001289 -0.00385739  0.01586581]
[ 0.00325363 -0.00104517  0.00192698 -0.00026622 -0.00457687 -0.0012635
 -0.00194081  0.0004116  -0.00208578  0.00078201 -0.00512075  0.00075684
  0.00383538  0.00188913  0.00104234  0.00375913 -0.00542347 -0.00042329
  0.00766698 -0.00138766  0.00080375]
[ 0.02377002  0.00443184  0.0201961  -0.01040283 -0.02709539  0.01430755
 -0.00949111  0.0023518  -0.01172046  0.01961184 -0.00680901 -0.01213465
  0.00838523 -0.00589821 -0.02921458 -0.004875    0.00156775  0.00193713
  0.01690852  0.02825897  0.00174116]
[ 0.01212892 -0.00524892  0.00942222 -0.00725559 -0.01794363  0.00136323
 -0.00521584 -0.00112787 -0.00472097  0.00637495 -0.00724243  0.00213903
  0.00938192 -0.00069858  0.0228949  -0.00324978  0.00189059 -0.00843542
 -0.01161498 -0.00743469  0.02689697]
[ 0.01746021 -0.00795313 -0.02155494 -0.00836495  0.02188757 -0.01455892
  0.00652426 -0.01259955 -0.0270915   0.00832695  0.00939179  0.00609536
  0.00590864 -0.01884411 -0.00381476  0.00047757  0.02057644 -0.00611469
  0.00545118 -0.03472462 -0.01555136]
[ 0.0129182  -0.02162877  0.01529025 -0.02476255  0.01356372 -0.00263485
  0.02221339 -0.00472948  0.03390934  0.01670001  0.01881684  0.00497101
 -0.00533043  0.00314638 -0.00882268 -0.00150688  0.00256588 -0.00582006
  0.00595186 -0.01289974  0.00863718]
[  3.03975298e-03   8.50196407e-04   1.27400597e-03  -6.12127683e-04
  -3.56053214e-03  -4.52511719e-03  -1.89201047e-03  -8.76323087e-04
  -2.81310321e-03   2.35320075e-03  -8.85462345e-03   2.03750343e-04
   2.06394873e-03   2.92430906e-03  -8.06363587e-05   1.81029972e-03
   3.87190017e-03   4.14586464e-03   5.49527760e-03   4.39573039e-03
   4.74447799e-03]
[  3.48686465e-03  -4.87458849e-03  -2.14429805e-03   1.44742942e-02
   2.22357928e-03   2.76197399e-03   8.07702788e-03   6.01011887e-04
   4.33029634e-03   1.63481894e-03  -5.07642546e-03  -3.10813926e-03
   2.39568433e-03   4.53471549e-03  -9.05407208e-05  -1.65311715e-03
  -2.11236153e-03  -1.15949468e-03  -1.46118927e-03   7.14290420e-03
   3.26984329e-03]
[ 0.01167484 -0.00642227  0.00766098  0.00283964  0.01534941 -0.00309754
  0.00439447  0.01608379 -0.00440306  0.00200094 -0.00314499 -0.01170519
 -0.00069208 -0.00113542  0.01033091  0.00684658  0.01120565  0.00309719
  0.00932258 -0.0247753  -0.0186248 ]
[ 0.01551877  0.00313909  0.00938945 -0.00881357 -0.01217089 -0.00012408
  0.00973986 -0.00512665 -0.00199451 -0.01285264  0.01423791  0.01025332
  0.03213567 -0.01009248  0.00675959  0.00486645 -0.01144719  0.00631849
 -0.0141364  -0.00799491  0.01225002]
[ 0.01296256 -0.00506986 -0.01624414  0.01687213 -0.00224184 -0.00467566
 -0.01650586  0.00694444  0.01291457  0.01689105  0.00823987 -0.01100509
 -0.00270632 -0.01338856 -0.00018425  0.01514231 -0.02357415 -0.01669594
 -0.02111062 -0.00035004 -0.00292057]
[ 0.00373447  0.00190828  0.00693322  0.00163606  0.00231122 -0.0017753
 -0.00254811  0.00434235 -0.00330052  0.00015796 -0.00504714 -0.00521293
  0.00483553 -0.00123698  0.0026628   0.0024235   0.00216816  0.00180315
  0.00600193 -0.00323677 -0.00013937]
[ 0.00699721 -0.00708318 -0.00281111  0.03531246  0.00289768  0.00600077
  0.01950205 -0.00013197  0.00424927  0.00619718 -0.00518886 -0.00653355
  0.00845123  0.00889053 -0.00195874 -0.00489568  0.0036892  -0.00265496
 -0.00102874  0.00686124  0.01189392]
[ 0.00461272 -0.00718912  0.00814478 -0.00922065  0.00332465 -0.00135234
  0.00840105  0.00124133  0.01179625  0.0075629   0.00801323  0.00050331
 -0.00055859  0.00344293  0.00103469  0.0021245  -0.00027307 -0.00799514
  0.00492938 -0.00907752  0.00386652]
[ 0.00840424  0.00401091  0.02835985  0.00936624  0.02692376 -0.02429141
 -0.0186677  -0.01588729 -0.00904506 -0.03034088  0.00050351 -0.02265549
 -0.01075362  0.01659201 -0.01200309 -0.02878944 -0.02626606 -0.01758008
 -0.00829799 -0.00780671  0.01609916]
[ 0.02470607 -0.01820053  0.0319056  -0.02044099 -0.00144564 -0.00416841
  0.01399295  0.01607779  0.01180255  0.01491772  0.0112867  -0.00610716
  0.00647671  0.0121652   0.02105363  0.01326327 -0.00591079 -0.02695525
  0.01201333 -0.01773219  0.00167474]
[ 0.00347238 -0.00331304 -0.00038185 -0.00121548  0.00560804 -0.00051165
  0.00177094  0.01125946 -0.00138499 -0.00271242 -0.00061206 -0.00367734
 -0.00252533  0.00073364  0.00281165  0.00013456  0.00248673  0.00807632
  0.00473638 -0.00943463 -0.0055997 ]
[  1.49473184e-03   1.18390401e-03  -5.02206834e-04  -8.45884412e-04
   6.72220343e-04   7.56794292e-03  -1.38825836e-03  -1.37976712e-03
   1.67504607e-04  -3.64048241e-03  -2.46350270e-03  -1.78772890e-03
  -8.89183267e-05   8.36173060e-03  -7.21118154e-03   1.01355565e-02
   3.70032081e-03   3.09597114e-03  -4.45891085e-03  -5.87445985e-03
   5.66839964e-03]
[ 0.00387481 -0.00072657 -0.00137705  0.00215486  0.00210569 -0.00528011
 -0.00699998 -0.0030403   0.0018876  -0.00228515  0.00735359  0.00357951
 -0.00665916  0.0038543   0.00331751 -0.001025   -0.00095833  0.01322034
  0.00256285  0.00490675  0.00727447]
[ 0.01100365 -0.01033666  0.00949183 -0.01462039  0.00653688 -0.00739836
  0.01386811 -0.01310311  0.01074636  0.00854236  0.01596908  0.00954165
 -0.00080346 -0.00516337 -0.00938449  0.00092536  0.00431086  0.0015012
 -0.0020866  -0.01284789  0.00618323]
[ 0.01031343 -0.00297673  0.00892482 -0.00476337 -0.01447033  0.01039898
 -0.00908632  0.00685494 -0.00454562  0.007882    0.01146839 -0.0040657
  0.00139872  0.00906368 -0.01553665  0.00336125 -0.00923457 -0.02711197
  0.02416823  0.01168514 -0.01091883]
[ 0.00369876 -0.00603285 -0.01047641 -0.0076417   0.01699108  0.00642902
  0.00157043 -0.00879726 -0.02336385  0.00896564  0.00022229 -0.00162943
  0.00542494 -0.00477115  0.00410378 -0.00091942 -0.00423201 -0.00418718
  0.00250885  0.00395251  0.0017465 ]
[ 0.00082226 -0.00084854 -0.00036599 -0.00082829 -0.00176311  0.00254873
 -0.00259123 -0.00155502  0.00148991 -0.00159594 -0.00017187 -0.002912
  0.00382273  0.0002648   0.0013111  -0.00683225  0.00358523  0.00065258
 -0.00350101  0.00011118 -0.00506701]
[ 0.00343634  0.00804269 -0.00087336 -0.00216431 -0.00354357  0.00738207
  0.00597696 -0.00748674  0.00281143 -0.00111995 -0.00456161 -0.01048354
 -0.01114943 -0.01192222  0.0037395  -0.0031018  -0.00948352  0.00588594
  0.00858293 -0.00771358  0.0033246 ]
[ 0.01239324 -0.01149615 -0.01114291 -0.00960718  0.00981163  0.00123166
  0.00303805  0.03147445 -0.00096962 -0.01410644  0.00123603 -0.00085514
 -0.00922167  0.00412028 -0.00176041 -0.00765593 -0.00448059  0.02388816
  0.00480797 -0.00148989  0.00406246]
[ 0.01493531 -0.01015958 -0.01146567  0.00390501  0.00541352 -0.01684931
 -0.00683344 -0.01566989  0.01641451 -0.01241005 -0.00965492  0.00024434
  0.01306788 -0.0237834  -0.01331492  0.00891153  0.01816093  0.00033828
  0.02262328  0.00950843  0.00677619]
[ 0.00198638  0.00068892  0.00073731 -0.00119394 -0.00351505  0.00115625
 -0.00138788 -0.00168671 -0.00042032 -0.00022174 -0.00102445 -0.00196405
  0.00348752 -0.00148759  0.00147286 -0.00556438  0.00175394  0.00152933
 -0.00347909 -0.00040149  0.00012044]
[  1.28151924e-02  -6.71740994e-03   6.07436068e-03  -3.86015819e-03
  -1.98768011e-02  -3.32469938e-05  -7.57629148e-03  -6.75481579e-03
  -9.08124053e-03   6.06511368e-03  -7.86107783e-03   1.15575558e-02
  -1.22945302e-02   6.49422665e-03   2.66773299e-02  -6.24022803e-03
   1.17073851e-02  -1.03697776e-02  -1.83473024e-02  -2.44542963e-03
   2.12137749e-02]
[ 0.02432616 -0.02728369 -0.01123006  0.01378778  0.01044547  0.00352376
  0.00158738  0.00544861  0.02101785 -0.00856724 -0.02027252 -0.00027781
 -0.01188392  0.00059728  0.00620645  0.00597422 -0.02675155  0.0019516
 -0.00546853  0.01935506 -0.02197779]
[ 0.00218107 -0.00105079 -0.00316428  0.00228323 -0.00042587 -0.0001666
 -0.00505029  0.0003417   0.00145812 -0.00155175  0.00603107  0.00335132
 -0.00293068  0.00463532  0.00742288 -0.00089711 -0.00054369  0.00873732
  0.00925317 -0.00071331  0.00319989]
[ 0.00465406 -0.00239253  0.0013977   0.0064337  -0.00631838  0.00280757
  0.00637947 -0.0052636  -0.00364434 -0.00457815  0.00653932  0.0114998
  0.00911941  0.00497333  0.00314349 -0.00425424 -0.00890927  0.00229688
  0.00966016 -0.00809699 -0.00172675]
[ 0.01045181 -0.00809357 -0.00452849 -0.00386055 -0.00672102  0.00317034
 -0.01051014 -0.00213297  0.00940933 -0.00850219 -0.0082715  -0.00071135
  0.02163734 -0.01803897 -0.00510767 -0.01284919  0.00231254  0.0038511
 -0.00651003 -0.00851797  0.00943153]
[  2.33905438e-03  -1.50675525e-03   6.35086827e-04  -1.41885610e-03
  -4.02298771e-03   6.58075709e-03  -4.67064796e-03  -3.72109538e-04
  -1.23621486e-03  -1.23663051e-03   5.88764610e-03  -2.99252741e-03
   2.61195576e-05   8.87482135e-03  -3.59518512e-03   2.23280491e-03
   3.93423096e-04  -1.00290219e-02   8.92463969e-03   3.60102851e-03
  -7.90216897e-03]
[ 0.0100892   0.00972827 -0.00060577  0.00502714 -0.00118635 -0.00839818
 -0.00209182  0.00172194 -0.00425196  0.01811706 -0.00328121 -0.01307542
 -0.00264507  0.00750016 -0.00147496 -0.00165091  0.01112633  0.0136149
  0.00086076  0.00549998 -0.00841562]
[ 0.00746287  0.00217596  0.00818942  0.00556189  0.00424664  0.00251642
 -0.00227081 -0.01249784 -0.0027841  -0.01248004  0.00925546  0.01409114
  0.00088529 -0.01026292 -0.00413487  0.01501941 -0.0046136   0.01200412
 -0.01111845  0.00571351 -0.01711351]
[ 0.01734854  0.00180919  0.00259009  0.01234862 -0.0148834   0.00955833
  0.0175024   0.00667603 -0.01825519 -0.00377278  0.00901503  0.00109885
 -0.02985385 -0.01322245 -0.00806865 -0.00897692  0.00641476 -0.00443361
 -0.01194979  0.00229736 -0.01379017]
[ 0.01426874 -0.00283369 -0.00131181 -0.01525466 -0.00547875 -0.01114066
  0.02328947  0.0336345  -0.00455571 -0.023922    0.00147064 -0.00962528
  0.01550961  0.00763922  0.0154939   0.01150837 -0.01558772  0.00596439
 -0.00443458  0.01754134  0.00442915]
[ 0.01024293 -0.00508426 -0.01104408 -0.00513215  0.00160757 -0.00648647
  0.00473208  0.0165726  -0.00897026 -0.01352487 -0.01800962  0.01436306
 -0.01035855 -0.00196443 -0.00771472 -0.0057629  -0.00203287  0.00133987
 -0.00163406 -0.01059212 -0.0125608 ]
[ 0.00816359  0.00949693  0.01593253  0.0045438   0.0116074   0.00654045
 -0.00538058  0.00150627 -0.0010276  -0.00919627  0.00967995  0.01694704
  0.01328592 -0.01424717  0.00720672  0.00939458 -0.00019039  0.00589107
 -0.00965762  0.00243656 -0.01018539]
[ 0.00661917 -0.00616663 -0.00346925  0.00046422 -0.00311439 -0.00216031
  0.00155216  0.00531906 -0.00250543 -0.00653478 -0.01836034  0.01309342
 -0.01643633  0.00240106  0.00663472 -0.0035954  -0.00478863 -0.00602456
 -0.00520842 -0.00240517 -0.01688858]
[ 0.00939331 -0.00501942 -0.01236515  0.00571061  0.00420507 -0.01152748
 -0.00447895 -0.01150827  0.00574996 -0.00655824 -0.00512724  0.00534987
  0.00595899 -0.01339627 -0.003733    0.00959516  0.01519592 -0.00685313
  0.02243939 -0.00060427  0.00057118]
[  3.63495529e-03  -5.18097045e-04   7.38720599e-03  -2.21939410e-03
  -5.20284509e-03  -8.75149182e-04   1.54955781e-03  -4.18751184e-03
  -4.54961147e-03   6.96980355e-03   5.40023167e-04   2.31716254e-03
  -1.45509971e-03  -1.35938375e-03  -1.54746584e-03   2.16755391e-03
   2.11059072e-03   4.48479077e-03  -4.62430638e-03   5.37641814e-03
  -8.33170788e-05]
[ 0.00370102 -0.00316802 -0.00436915 -0.00124793  0.00193036 -0.00114164
 -0.00195567 -0.00299783 -0.00333832  0.00162565  0.00050724  0.00041962
  0.00287551 -0.00630279  0.0043316  -0.00151939  0.0026542  -0.00291348
 -0.00177799 -0.01174177 -0.00147712]
[ 0.00303194 -0.00093903  0.00146531  0.00382505 -0.00032138  0.00111124
  0.00523195 -0.00579229 -0.00557501 -0.00049319  0.0051712   0.00722679
  0.00101364 -0.0034403  -0.00330525 -0.00095496  0.00056827  0.00478662
 -0.00230512 -0.00369246 -0.00625   ]
[ 0.00977792  0.01267103  0.00276125  0.00533399  0.00466526  0.00921897
 -0.01332961  0.01623025  0.00093475  0.00533697  0.01981453  0.00841016
 -0.00735066 -0.01191124  0.00232436 -0.00953355  0.00123461  0.00401208
  0.00938468  0.01557839  0.00722992]
[ 0.00100193 -0.00031398  0.00096508 -0.00088631 -0.00235045  0.00036224
 -0.0008071  -0.00047375 -0.00058391  0.0006444  -0.00106876 -0.00021323
  0.00193983 -0.00046062  0.00324585 -0.00187043  0.00071691 -0.00073644
 -0.00260891 -0.00118059  0.00394706]
[ 0.00439209 -0.00259636  0.00091843  0.01715119 -0.00491259  0.00592801
  0.01725386 -0.00544893 -0.00747887 -0.00128458  0.00808597  0.01112605
  0.00585233  0.00452793 -0.00408697 -0.0131377  -0.00369905  0.0041177
  0.00402569 -0.00726786 -0.00139785]
[ 0.00636588 -0.00502831 -0.00510022 -0.00213568 -0.00475608  0.01858908
 -0.0111169  -0.007704   -0.0007969  -0.01189786  0.0109991  -0.00699305
 -0.00117664  0.02152857  0.00213758  0.00416288  0.00962096 -0.00580997
  0.00467853 -0.00010521 -0.01277107]
[ 0.00825519 -0.00441118 -0.00405284 -0.0019505  -0.00229504 -0.00301958
  0.01160429  0.01740366 -0.00477011 -0.01387658 -0.00667249  0.00179693
 -0.00611416 -0.00069951  0.00209487  0.00113525 -0.00979348  0.00223265
 -0.00638879  0.00699466 -0.01096845]
[ 0.01153965  0.00859367 -0.0055242  -0.01399068 -0.00698489 -0.01254269
  0.02398966  0.01523884 -0.00340517 -0.02403015  0.01237523 -0.00933408
  0.02337671  0.00502025  0.01326799  0.00960226 -0.00630687 -0.00172854
 -0.01250397  0.02080573  0.00785897]
[  6.25705952e-03   1.48615340e-04   3.54450205e-03   1.09021910e-03
   3.76298221e-04   4.34363704e-03  -1.87883766e-03  -6.65267421e-03
  -2.21309174e-05  -4.72022494e-03  -3.84640354e-03   2.69463164e-03
  -3.44339842e-03  -4.12705518e-03  -8.84172583e-03   8.46612378e-03
  -5.59266034e-03   1.05086981e-02  -4.91278628e-03   6.21353948e-03
  -3.09332979e-03]

Right eigenvectors

[ 1.          0.88589543 -1.20811519  0.1601676   0.03584664 -1.3342411
 -0.67210214  0.0613062   0.07563565  2.05803523  0.58521553 -0.54315101
  0.40288703  1.19040376 -0.22514514  0.01109352 -0.77175967  1.29542957
 -0.92210282 -0.95742825 -1.1236021 ]
[ 1.         -0.83978593 -0.44563268  0.00834436 -0.51237709  0.40694259
 -0.98588293 -0.25399237  0.425862    0.0375971  -0.36346148 -0.21237278
  0.47425351 -0.63240959  1.33166557 -0.4092362  -0.45652683 -0.35965952
 -0.70865308 -0.79717361  0.50921557]
[ 1.          0.04894212  0.29814009 -0.12711072 -0.81599748 -0.47638514
 -0.3055678   0.57859629 -0.51325164  0.28128394 -1.55520672 -0.57428265
  0.92268171 -0.01943175 -0.11404377  0.58620084 -0.1564135   0.76866599
  1.18966284 -0.09382698  0.67259787]
[  1.00000000e+00  -5.26219273e-01   5.28072483e-01   1.31450366e-02
  -1.03958009e+00  -2.58461485e-02  -4.27378071e-01  -4.06085852e-01
  -2.51912689e-01  -3.66638789e-04  -1.78319152e-01   7.90473673e-01
   3.29693623e-01   5.84921899e-01   4.19023489e-01   5.25607138e-01
  -1.38347766e+00  -8.49439606e-01   9.06829757e-01  -2.72013294e-01
  -4.36585421e-01]
[ 1.          0.69092887 -0.71847477 -0.69918925 -0.65496313  4.6158335
 -0.61643149 -2.08931255  0.11925949 -3.39888295  0.50318132 -2.47196528
 -0.53056548  5.09349474 -2.59945242  5.90689416  2.09561229  1.15467486
 -1.71780375 -3.72483254  1.49812433]
[ 1.         -0.72283075  0.45208775  0.06122434 -0.98473117  0.03337287
  0.59268268  0.15295954 -0.75857991  0.01773598 -1.51887601  1.47108637
 -3.33945942  0.31270643  1.34375914 -0.75204251  0.73936318 -1.1087581
 -2.29364377  0.17538871 -1.25163945]
[ 1.          0.53927133  0.21254982 -0.20411381 -1.21728214  1.07286937
  0.66085976 -1.16456501 -0.22409722 -0.30971428 -0.66960928 -1.32955279
 -1.41053149 -1.97057724  0.2515489   0.13589258 -1.09969208  1.35784784
  0.06987335 -0.95891619  0.48173389]
[ 1.         -1.24423235 -0.58765623 -0.71460787 -1.27656049  2.5200131
 -2.44449279 -1.23332359  1.59024209 -1.50992472  0.04908809 -2.23971716
  2.71995022  0.52680216  0.80808602 -4.4728186   2.52026835  0.19211445
 -1.94335038  0.1636198  -3.71456074]
[ 1.          0.30668444 -0.19639099 -0.25528424 -1.12219887 -0.29283662
 -0.76342001  0.61541589 -0.48987399  0.62304747  0.03763067  0.75327789
  1.01681424  0.02402997 -2.172156   -0.44814912 -1.41067711 -0.17416319
 -0.12806711 -0.85807972  0.09996303]
[ 1.          0.13596144 -1.4952794   0.80338054 -0.15369898 -0.97205886
 -0.11654059 -0.08587706 -0.04812329 -0.62167944  0.27722505  0.41068115
 -1.00092119 -0.62063085 -0.4894998   0.48675959  2.34429784 -2.54234848
 -0.11138767  0.11414827  1.29220095]
[ 1.          2.29380769 -1.55629741 -0.54901081  0.35335471 -0.88175691
  0.68265147 -0.34651652  0.88427372  1.00063072  0.12102449 -0.15390247
  0.49593242  1.66288417  0.26207079 -0.5512469  -0.31214882 -0.49024152
 -0.8483277  -0.18848564 -0.93755059]
[ 1.         -0.16864049 -1.11655051 -0.31046099 -0.30805553  0.2114163
 -0.47304096  2.81103511 -0.98630136 -0.83598794  1.02790485  0.55958375
 -1.12179732 -0.89384084 -2.9739154  -1.26766181  0.47332661 -0.54481151
 -0.17197287 -1.19112888  1.7835368 ]
[ 1.         -0.48217073 -0.388862    0.05926358 -0.89299615 -0.3901735
 -0.59920942 -0.12775172 -0.12546091 -0.60890589 -1.92814511  1.37099009
 -0.30120199  0.61125827  1.18787945  0.04630648 -0.83858404 -0.7722217
  1.4249566  -0.61142275 -0.96739419]
[ 1.         -0.23963494  1.28649718 -0.4340253  -1.14816512  0.20407823
  0.60015364 -0.89861807 -0.80188379  1.15257856  0.15071931  0.40638625
 -0.98471339 -0.64380179 -0.4989006  -0.01387085  0.54953906  0.66438732
 -0.94193079  0.64958353  0.09688073]
[ 1.          0.38172764  0.2901254  -0.14578134 -0.73235665 -1.42056492
 -0.46389787 -0.93825433 -0.58360785  0.60671485 -1.59609742  0.65951448
 -0.22207073  0.99052027  0.09011592 -0.02072581  1.37171025  0.45815816
  0.4048771   1.36450525  0.65998058]
[ 1.         -0.15438065 -0.61411199 -0.43736493 -0.49164451  0.29396557
 -0.69965127  1.67481735 -0.54852017 -0.6848303  -1.45480931  0.81597783
  0.67541452 -0.61018525 -2.88238012 -0.58966296 -0.17528845  0.46750617
 -0.32415254 -1.72003626  1.47158293]
[ 1.          0.21594908 -0.30437142  0.43544925 -0.78348759  0.56681037
 -1.06210099  1.88416408 -0.45788479  0.67640818  1.72961229  0.29150513
 -0.89479173 -1.08199221 -2.14663429 -0.56598642 -1.10375598 -1.62655737
  0.24898467  0.44272671  0.22638641]
[ 1.         -0.200035    0.5330245   0.12266144  0.61134098 -1.4300066
 -0.52004601 -1.5698161   0.1573651  -0.85920224  0.05766845  0.59365039
 -0.64596399  0.29554859 -0.76075688  0.18635608 -0.28824975  0.68049107
 -0.10615592  0.90667192  0.05021533]
[ 1.         -0.65211114 -1.0329144   1.88280339  0.12754757 -0.24196539
 -0.54820328 -0.16604809  1.0199103   0.20029901  0.12673806 -0.66636332
 -0.08872718 -1.01784976  0.36777038  1.4118799   0.10241067 -0.94141353
 -0.32486716  0.38943562  0.57693906]
[ 1.          0.00200157  1.54492685 -0.395913   -0.77600789 -0.45437983
 -0.02259974 -0.50253821 -0.68982205  1.04651219  0.02078266  0.28106446
  0.44507879  0.20055717  0.03334678  0.54086149  0.03897779  0.46518464
 -0.24445451  0.63438372 -0.10007427]
[ 1.          0.35716656  0.28309918 -0.0407708  -0.06794227 -1.71219431
 -0.68038355 -1.04041572 -0.23965955  1.47495258  0.45199512  0.12592717
  0.17978102  1.20726438 -0.62152284  0.48441183 -0.7792781   1.87030445
 -1.03041638  0.27452135 -1.028373  ]
[ 1.          0.87384439 -1.17610115  0.00451296 -0.60798974 -1.48440001
 -1.14588244  0.45610787 -0.23341417  2.65320311  0.69916855 -0.09957672
  1.20843589  1.50242175 -1.94308974 -0.33831391 -2.15509511  1.63988699
 -1.40212014 -2.12137906 -1.54798266]
[ 1.         -1.14128612 -0.08623516 -0.86989841 -0.66223032  1.22570386
 -1.12921718 -0.36424009  1.84345493 -0.60544828 -0.65541208 -1.20084722
  2.09494484 -1.02412676 -1.10276633 -3.12788459  1.22599     0.94229468
 -0.57884498  1.02784821 -1.39149773]
[  1.00000000e+00  -2.90722038e-01  -9.64954665e-01   1.19672271e-02
  -8.92027195e-01   5.07567760e-01  -1.38783536e+00  -4.92519766e-04
  -7.14890481e-01  -6.69502786e-01   2.17552474e+00   3.69539409e-01
  -1.86067008e+00   1.67352860e+00   1.77817585e+00  -6.65289214e-01
   2.57914798e+00  -2.51878791e-01  -4.85879108e-01  -4.69435847e-01
   1.90362804e+00]
[ 1.         -0.08523522 -1.04454604  0.63447693  0.1033882  -0.28743815
 -1.71762978  0.65574173  0.42171041  0.19397433  2.01075188  0.38580987
 -1.16447974  0.69988416  1.62715098 -0.4456584   0.05843093  2.41121335
  0.69926     0.18574275  1.56493642]
[ 1.         -1.08254874 -0.18765942  6.70853604 -0.39824035  1.69704788
  5.337695   -0.94122913 -0.69891928  0.63883972  0.73972566  1.12765052
  2.40316612  2.33518429 -1.14697444 -3.56386792 -0.16613889  0.44945636
  0.72863746 -0.42520541  1.89192166]
[ 1.          2.66024109 -0.45248623 -0.58229015 -0.30668031  1.5629642
  1.36128407 -1.38440118  0.98129502 -0.09950618 -0.75182029 -1.82374503
 -1.91159596 -1.56191649  0.73961337 -0.83317276 -1.43655227  0.36224349
  1.83532498 -0.98344341  0.36489387]
[ 1.          0.6739127   2.13997186  0.64945312  1.4296235  -0.15526343
 -0.51669895  0.78368586 -0.53179704 -0.18995393 -0.0445573  -0.88030979
  0.47876215 -0.28658088  0.74156797  0.08341089  0.63058424 -0.24094168
  0.31563202 -0.61064597 -0.58928284]
[ 1.          0.70692551 -0.79231172 -0.20822164 -0.16469878 -1.19517223
 -0.01157165 -0.58991873  0.05317288 -0.45962393 -1.33680078  1.20682022
 -0.20126366  0.50408172 -0.42096766 -0.1202275   0.75639748 -0.95161411
  0.80528929  0.47921272  0.02610671]
[ 1.         -1.98978185 -2.69952363 -2.26708828  4.72279772  2.92803299
  0.15624238 -2.06458953 -5.80729542  2.24123024 -0.44464499 -0.78438997
  1.17897711 -0.23177851  1.27355999 -0.25805678 -2.1585769  -0.66204854
  0.2900593   2.77845672  1.23280992]
[ 1.         -0.68190496 -1.62996293  2.3476317  -0.03647099 -0.47653082
 -1.48247277  0.3168494   1.70216135  1.32521993  0.70928808 -1.42842779
 -0.28413956 -2.05604607  0.35362054  2.68202842 -1.8442001  -2.47500393
 -2.21627228  0.41338239  0.40293068]
[ 1.          2.95483849 -1.00877746 -0.55489181  0.9300763   0.69227987
  0.62494742 -0.58694779  1.63332725  0.62395021 -1.33787081  1.15060852
 -0.16928912  0.94754793  0.47948662 -0.91138889 -0.49481365 -1.22139562
  0.24218193 -0.37464699 -0.08543775]
[ 1.          1.48106048 -1.05697807 -0.71929285 -0.21523852 -0.95717363
  1.29407696 -0.11415615 -0.06286508 -0.91945087  0.85261262 -0.76812717
  0.51823457  0.37013774  0.15206763  0.06224532  0.78008862 -0.77231897
 -0.41560593  1.03773566  0.01196058]
[ 1.         -0.86143183 -0.97245689  0.83863321 -0.53566155  0.36954351
 -0.92139675 -0.89076766  0.35076133 -1.45591988  0.59469172  1.56799835
  0.0952062   1.68945     1.78333262  0.23592408 -0.4243081   0.75034647
  3.94842411 -0.71448759 -1.01459312]
[ 1.         -1.41215967 -1.00960432 -1.03352003  1.73529105  1.96530673
 -0.21353536 -0.13804411 -0.72213858  0.20010928 -0.52425696 -0.39387784
 -0.18019266  0.99310582  0.17761709 -0.00640762 -0.89308358  0.48823363
 -0.39029973  1.33333618  0.57744358]
[ 1.          0.22424581 -0.93720749 -0.36387303  0.65285658 -1.70431412
  0.43622556 -1.34866249 -0.12387015 -1.01383114  0.47411868 -0.04869295
  0.54690298 -0.82537862 -0.76864653  0.42710642  1.52371858 -0.3519756
  0.57640209  0.58165751 -0.17914131]
[ 1.         -0.00228455 -0.05071835  0.7353898  -0.65663301  1.00895389
 -0.09442833 -1.22498834 -0.14034532 -1.36748671  1.12039362 -0.0420316
 -0.66406464 -0.38423379  0.06768137  1.98590225 -0.43266234 -0.23679469
 -0.55954316  0.0191603  -1.63868897]
[ 1.          1.39182382 -0.39604755 -0.51222635 -0.88068929  1.22237387
  1.17300814 -1.51888385  0.19749206 -1.60616043  0.61437    -1.5806194
 -0.53045642 -0.58177799  0.2101565   1.47954732 -0.63221182  0.45532171
 -0.21314731 -1.07491831  0.28667707]
[ 1.          2.10968561  1.47104434  0.53454585  2.11522018  1.65590858
 -1.17851119  1.32522008  0.64025757 -0.05460524  0.55969547  2.60774256
  0.89738004 -1.15192644  0.9909943  -0.06037457  0.46177014 -0.29445009
 -0.19323223  0.76798739 -0.00464791]
[ 1.         -0.02795972  0.75068386  1.49991327  0.65207525  0.1406136
  0.42573095  0.77162026 -0.28265026  0.74954961 -0.91402543 -1.32519438
 -0.16995328  0.26932019  0.08374794  0.72277335  1.5827768   0.26457239
 -0.12965806 -0.37966636 -0.32275341]
[ 1.          2.82742741  0.17154388 -0.11716956  2.05684856  2.1670809
 -0.44403955  0.54260626  1.59543859  0.39711934 -1.35230182  2.9409167
  0.59903094  0.50477716  0.23143704 -0.20319056  0.1521892  -1.0494437
 -0.41342342  0.08566501  0.71404513]
[ 1.         -0.84722309  1.11454839 -0.30937756  0.19822199 -0.13816466
  0.74852773 -0.28590771  0.29471843  0.72902697 -0.47425613  0.24280027
 -1.83764995  0.51633684  0.13290348  0.0699863   0.80403537 -0.07009637
 -1.16471945  0.67355186 -0.41333459]
[ 1.          0.3003026  -1.3269648  -0.12351303 -0.28224271 -0.42933455
  0.37487922  0.6157116  -1.22822265 -0.84135482  1.67567381  0.16238591
 -1.31986272 -0.3761241  -0.71176891 -0.66387243  2.51723831 -1.56251275
 -0.61874009 -0.74661759  1.05539532]
[  1.00000000e+00   4.44592866e-01   2.10513301e+00   1.55812981e+00
   1.60113920e+00  -2.24110575e-02  -1.09257765e-01   1.31000650e+00
  -6.97437772e-01   4.51677625e-01  -8.48861967e-01  -2.05716207e+00
   3.22488266e-01  -4.31966567e-02   8.64864816e-01   8.07896046e-01
   2.30647186e+00   1.60461588e-04   2.32996987e-01  -1.15430537e+00
  -1.08262851e+00]
[ 1.         -1.61512427 -0.17576839 -0.82654993  0.87522563  0.21379871
  0.43983281  0.15772174  2.28631734 -0.19217011 -0.2947039  -0.20859
 -0.137403   -0.35269484 -0.88200153 -0.93785411  0.06954535  0.91593953
  0.31762388  1.08112634 -0.44933089]
[ 1.          1.33972502  0.35188141 -0.0069013  -0.3012824   0.34915341
  0.22799262  0.30727026 -0.34359632  0.45429225  0.45813749 -1.20993383
 -0.59843189 -0.74825866 -0.1300688  -0.76482273  0.52645964  0.26276037
  0.88019424  1.15876759 -0.24225376]
[ 1.         -1.83187819  0.3786741  -1.5189383   1.46718272  0.72104827
  1.09156268 -0.25538226  1.95619863  0.86711942  0.08412525  0.00308599
 -1.17984266  0.67012815 -0.66814709 -0.54858732  0.0830139   0.51909135
 -0.38823245  1.2106471   0.2164541 ]
[ 1.          0.54914471  0.07270293 -0.18111845  0.90624146  2.30740169
 -0.54482136  0.43701433  0.03254735 -0.10753747 -1.78282481  0.53907803
  0.28791806  1.31749807 -2.25140877  1.5656506   0.56859388  0.79332679
 -1.0705507  -0.41242145  1.69632959]
[ 1.         -0.32123231  0.59225471 -0.08182176 -1.40669548 -0.38833553
 -0.59650647  0.12650377 -0.64106393  0.24034959 -1.57385777  0.23261291
  1.1788019   0.58062109  0.3203618   1.15536609 -1.6668993  -0.13009702
  2.3564399  -0.42649698  0.24703276]
[ 1.          0.18644667  0.84964586 -0.43764495 -1.13989736  0.60191576
 -0.39928904  0.09893972 -0.49307725  0.82506608 -0.2864538  -0.51050204
  0.35276473 -0.24813651 -1.22905122 -0.20509034  0.06595493  0.08149482
  0.71133783  1.18884878  0.07325032]
[ 1.         -0.43276092  0.77683898 -0.5982058  -1.47940808  0.11239463
 -0.43003314 -0.09298979 -0.38923226  0.52559867 -0.59712028  0.1763582
  0.77351669 -0.05759602  1.88762866 -0.26793601  0.15587483 -0.69547948
 -0.95762683 -0.61297209  2.21758938]
[ 1.         -0.45550012 -1.23451734 -0.47908621  1.25356823 -0.83383427
  0.37366451 -0.72161469 -1.55161312  0.47691013  0.53789654  0.34910007
  0.33840584 -1.07926022 -0.21848324  0.02735189  1.178476   -0.35020718
  0.31220583 -1.98878546 -0.89067414]
[ 1.         -1.67428642  1.18362033 -1.91687277  1.04996924 -0.20396396
  1.71954175 -0.36611001  2.62492648  1.29274987  1.45661442  0.38480696
 -0.41262927  0.24356168 -0.68296472 -0.11664795  0.19862481 -0.45053195
  0.46073428 -0.99857104  0.66860566]
[ 1.          0.2796926   0.41911497 -0.20137415 -1.17132285 -1.48864635
 -0.62242244 -0.2882876  -0.9254381   0.7741421  -2.91294178  0.06702859
  0.67898568  0.96202194 -0.02652727  0.59554172  1.27375487  1.36388209
  1.807804    1.44608145  1.56081038]
[ 1.         -1.39798615 -0.61496452  4.15109151  0.63770163  0.79210817
  2.31641566  0.17236456  1.24188828  0.4688507  -1.4558711  -0.89138512
  0.68705974  1.30051377 -0.02596623 -0.47409846 -0.60580543 -0.33253217
 -0.41905534  2.04851777  0.93776031]
[ 1.         -0.55009513  0.65619575  0.24322699  1.31474201 -0.26531712
  0.37640501  1.37764504 -0.37714063  0.17138888 -0.26938199 -1.00259925
 -0.05927989 -0.09725394  0.8848866   0.58643895  0.95981129  0.26528715
  0.79851886 -2.1221101  -1.59529298]
[ 1.          0.20227692  0.60503849 -0.5679295  -0.78426926 -0.00799529
  0.62761788 -0.33035169 -0.12852228 -0.8281999   0.91746388  0.66070481
  2.07076161 -0.65034041  0.43557488  0.31358497 -0.73763544  0.4071514
 -0.9109227  -0.51517704  0.78936819]
[ 1.         -0.39111579 -1.2531581   1.30160399 -0.17294758 -0.36070518
 -1.2733481   0.53573058  0.99629724  1.3030637   0.63566678 -0.84899044
 -0.20878004 -1.03286344 -0.01421408  1.16815721 -1.81863311 -1.28801237
 -1.6285836  -0.02700378 -0.22530815]
[ 1.          0.5109902   1.85654418  0.43809771  0.6188879  -0.47538203
 -0.68232023  1.16277442 -0.88379796  0.04229784 -1.3514995  -1.39589311
  1.29483608 -0.33123373  0.71303185  0.64895367  0.58057948  0.48283924
  1.60716943 -0.86672585 -0.03732066]
[ 1.         -1.01228755 -0.40174698  5.04665236  0.41411981  0.85759568
  2.78711912 -0.0188599   0.60728136  0.88566536 -0.74156192 -0.93373689
  1.20780074  1.27058351 -0.27993208 -0.6996625   0.52723911 -0.37943123
 -0.14702092  0.98056884  1.69980981]
[ 1.         -1.55854222  1.76572182 -1.9989597   0.72075644 -0.29317653
  1.82127777  0.26910953  2.55732977  1.63957478  1.73720289  0.10911243
 -0.12109717  0.74639886  0.22431263  0.46057355 -0.05920006 -1.73327937
  1.06864836 -1.96793089  0.83822851]
[ 1.          0.47724776  3.3744674   1.11446503  3.20359049 -2.89037417
 -2.22122242 -1.89038913 -1.0762487  -3.61018499  0.05991113 -2.69571968
 -1.27954597  1.97424122 -1.42821733 -3.42558329 -3.12533284 -2.09181027
 -0.98735647 -0.92890045  1.91559874]
[ 1.         -0.73668244  1.29140709 -0.82736718 -0.05851342 -0.16871989
  0.56637691  0.65076259  0.47771872  0.60380766  0.45683922 -0.24719273
  0.26215047  0.49239703  0.85216428  0.53684248 -0.23924431 -1.09103739
  0.48625015 -0.7177259   0.06778662]
[ 1.         -0.95411191 -0.10996685 -0.35004145  1.61504084 -0.14734756
  0.5100063   3.24257599 -0.39885832 -0.78114188 -0.17626614 -1.05902398
 -0.7272631   0.21127778  0.8097183   0.03875007  0.71614667  2.32587358
  1.36401466 -2.71704997 -1.61264047]
[ 1.          0.79205111 -0.33598457 -0.56591048  0.44972638  5.06307734
 -0.92876751 -0.92308673  0.11206332 -2.43554216 -1.64812352 -1.19601982
 -0.05948781  5.59413426 -4.82439816  6.78085272  2.47557502  2.07125523
 -2.98308414 -3.93010953  3.79225188]
[ 1.         -0.18751089 -0.35538524  0.55612167  0.54343143 -1.3626761
 -1.80653673 -0.78463219  0.48714557 -0.58974436  1.89779421  0.92379116
 -1.71857754  0.99470725  0.85617452 -0.26452942 -0.24732204  3.41187048
  0.66141439  1.26632056  1.87737515]
[ 1.         -0.93938429  0.86260741 -1.32868525  0.59406492 -0.67235483
  1.26031877 -1.19079714  0.97661796  0.77632105  1.45125328  0.86713543
 -0.07301766 -0.46924169 -0.85285263  0.08409594  0.39176655  0.13642763
 -0.1896282  -1.16760298  0.5619255 ]
[ 1.         -0.28862607  0.86535908 -0.46186059 -1.40305647  1.00829436
 -0.88101837  0.66466131 -0.44074719  0.76424613  1.11198569 -0.3942143
  0.13562103  0.87882306 -1.50644802  0.32590992 -0.89539215 -2.62880093
  2.34337344  1.13300229 -1.05869975]
[ 1.         -1.63104539 -2.83240914 -2.06601301  4.59371717  1.73815462
  0.42458121 -2.37843145 -6.31666429  2.42395661  0.06009731 -0.44053476
  1.46668874 -1.28993203  1.10949899 -0.2485761  -1.14416936 -1.13204772
  0.67829435  1.06860293  0.47218422]
[ 1.         -1.03196093 -0.44510373 -1.00733786 -2.14422725  3.09966306
 -3.15135653 -1.89115621  1.81197115 -1.94091326 -0.20902043 -3.5414629
  4.64904794  0.32203503  1.59450339 -8.30910757  4.36021392  0.79363952
 -4.25779116  0.13521869 -6.16229482]
[ 1.          2.34047949 -0.25415384 -0.62983025 -1.03120303  2.14823649
  1.73933716 -2.17869661  0.81814553 -0.32591285 -1.3274616  -3.05078726
 -3.24456358 -3.46945161  1.08822289 -0.90264544 -2.75977374  1.71285163
  2.49769592 -2.24470808  0.96748146]
[ 1.         -0.9276142  -0.8991119  -0.77519494  0.7916916   0.09938135
  0.24513719  2.53964593 -0.07823756 -1.13823649  0.09973421 -0.0690007
 -0.74408857  0.33246209 -0.14204555 -0.61775039 -0.36153523  1.92751487
  0.387951   -0.12021808  0.32779673]
[ 1.         -0.68023866 -0.76768843  0.2614616   0.36246419 -1.12815235
 -0.45753602 -1.04918352  1.09903995 -0.83091984 -0.64644917  0.01636021
  0.87496511 -1.59242688 -0.89150554  0.59667511  1.21597248  0.0226498
  1.51475101  0.63664053  0.4537025 ]
[ 1.          0.34682395  0.3711831  -0.60106469 -1.76957942  0.58208702
 -0.69869809 -0.84913918 -0.21160299 -0.11163232 -0.51573579 -0.98875909
  1.75571968 -0.74889636  0.74148246 -2.8012682   0.88298141  0.7699089
 -1.75147375 -0.20212371  0.06063432]
[ 1.         -0.52417551  0.47399684 -0.30121734 -1.55103415 -0.00259434
 -0.59119608 -0.52709437 -0.70863084  0.47327527 -0.61341864  0.90186362
 -0.95937149  0.50675998  2.08169562 -0.48693986  0.91355516 -0.80917846
 -1.43168373 -0.1908227   1.65536141]
[ 1.         -1.12157807 -0.46164544  0.56678836  0.42939238  0.14485471
  0.06525399  0.22398166  0.86400198 -0.35218199 -0.83336292 -0.01142014
 -0.4885243   0.024553    0.25513478  0.24558847 -1.09970299  0.08022626
 -0.22480035  0.79564813 -0.90346314]
[ 1.         -0.48177899 -1.45079158  1.04684053 -0.19525777 -0.07638446
 -2.31551186  0.15666851  0.66853447 -0.7114632   2.76519115  1.53654877
 -1.34369112  2.12525179  3.40332129 -0.41131653 -0.24927687  4.00598026
  4.24248977 -0.32704496  1.46711787]
[ 1.         -0.51407314  0.30031728  1.38238206 -1.35760557  0.60325167
  1.37073154 -1.13096825 -0.78304412 -0.98368948  1.40507662  2.47091525
  1.9594505   1.06859864  0.67542997 -0.91409231 -1.91429966  0.49352096
  2.07564036 -1.73976781 -0.37102004]
[ 1.         -0.77437017 -0.43327338 -0.36936686 -0.64304854  0.30332939
 -1.00558103 -0.20407648  0.90025843 -0.81346636 -0.7913944  -0.0680597
  2.07020086 -1.72591862 -0.48868786 -1.22937431  0.22125748  0.36846252
 -0.62286186 -0.81497534  0.90238249]
[ 1.         -0.64417282  0.27151435 -0.60659389 -1.71992055  2.81342629
 -1.99681033 -0.15908546 -0.52851053 -0.52868823  2.51710526 -1.27937487
  0.01116672  3.79419196 -1.53702502  0.95457589  0.1681975  -4.28763947
  3.81549046  1.53952321 -3.37836052]
[ 1.          0.96422652 -0.06004136  0.49826988 -0.1175866  -0.83239278
 -0.20733211  0.17067183 -0.4214368   1.79568863 -0.32521983 -1.29598214
 -0.26216876  0.74338472 -0.14619235 -0.16363171  1.1027957   1.34945324
  0.08531547  0.54513529 -0.83412191]
[ 1.          0.29157127  1.09735458  0.74527412  0.56903625  0.3371918
 -0.30428117 -1.67466868 -0.37305963 -1.67228423  1.24020101  1.88816564
  0.11862646 -1.37519673 -0.55405911  2.01255093 -0.61820714  1.60851229
 -1.48983574  0.76559177 -2.29315346]
[ 1.          0.10428497  0.14929732  0.71179575 -0.85790485  0.55095859
  1.00886853  0.38481792 -1.05226086 -0.21746961  0.51964181  0.06333938
 -1.7208274  -0.76216464 -0.4650911  -0.51744528  0.36975779 -0.25556091
 -0.6888067   0.13242355 -0.79488897]
[ 1.         -0.19859423 -0.09193567 -1.06909655 -0.38396839 -0.78077381
  1.63220197  2.35721571 -0.31927896 -1.67653186  0.10306747 -0.67457126
  1.0869639   0.53538152  1.08586329  0.80654383 -1.09243824  0.41800361
 -0.31078994  1.22935403  0.31040936]
[ 1.         -0.49636789 -1.07821535 -0.50104372  0.15694439 -0.63326367
  0.46198497  1.6179555  -0.87575169 -1.32041067 -1.75824913  1.40224137
 -1.01128826 -0.19178394 -0.7531755  -0.56262212 -0.19846575  0.13080909
 -0.15953014 -1.03409099 -1.2262903 ]
[ 1.          1.16332781  1.95165726  0.55659319  1.42184984  0.80117344
 -0.65909418  0.18451121 -0.12587608 -1.12649758  1.18574699  2.07592883
  1.62746052 -1.74520867  0.8827878   1.15079052 -0.02332192  0.72162684
 -1.18301104  0.2984672  -1.2476601 ]
[ 1.         -0.93163226 -0.52412105  0.07013285 -0.47051079 -0.32637193
  0.23449431  0.80358396 -0.37851109 -0.98724975 -2.77381308  1.97810552
 -2.48313998  0.36274258  1.00234977 -0.54318017 -0.72344827 -0.9101685
 -0.78686876 -0.36336384 -2.55146405]
[ 1.         -0.53436165 -1.31637846  0.60794414  0.44766669 -1.22720117
 -0.47682311 -1.22515628  0.61213366 -0.69818154 -0.5458398   0.5695404
  0.63438615 -1.42615008 -0.3974106   1.02148918  1.61773867 -0.72957521
  2.38886947 -0.06432946  0.06080705]
[ 1.         -0.14253189  2.03226873 -0.61056985 -1.43133675 -0.24075927
  0.4262935  -1.15201192 -1.2516279   1.91743859  0.14856391  0.63746659
 -0.40030746 -0.37397537 -0.42571798  0.59630827  0.58063733  1.2337953
 -1.27217696  1.47908783 -0.02292107]
[ 1.         -0.85598512 -1.18052553 -0.33718522  0.52157423 -0.30846492
 -0.52841317 -0.8100013  -0.90200009  0.43924389  0.13705476  0.11337824
  0.77695098 -1.70298704  1.17038038 -0.41053272  0.71715353 -0.78720885
 -0.48040529 -3.17257485 -0.39911151]
[ 1.         -0.30971233  0.48328943  1.26158405 -0.10599789  0.36651219
  1.72560873 -1.91042311 -1.83875858 -0.16266416  1.70557346  2.3835502
  0.33431912 -1.13468664 -1.09014252 -0.31496771  0.18742903  1.57873154
 -0.76027958 -1.21785248 -2.06138589]
[ 1.          1.29588139  0.28239651  0.54551415  0.47712222  0.9428357
 -1.36323586  1.65988751  0.09559772  0.5458183   2.02645632  0.86011748
 -0.75176059 -1.21817748  0.23771517 -0.97500772  0.12626506  0.41032054
  0.95978296  1.59322076  0.73941275]
[ 1.         -0.31337166  0.96322306 -0.88460001 -2.34592568  0.36154257
 -0.80554558 -0.47283477 -0.5827855   0.643156   -1.06669889 -0.21281529
  1.93609799 -0.45973695  3.23960415 -1.86682879  0.71552901 -0.73502702
 -2.60388561 -1.17831659  3.939463  ]
[ 1.         -0.59114503  0.20910953  3.90501765 -1.11850794  1.34970131
  3.92839438 -1.24062423 -1.70280501 -0.29247554  1.84103106  2.53320178
  1.33247139  1.03092823 -0.93053049 -2.99121754 -0.84220783  0.93752546
  0.91657674 -1.65476124 -0.31826459]
[ 1.         -0.78988434 -0.80118015 -0.33548877 -0.7471198   2.92011007
 -1.7463247  -1.21020172 -0.12518334 -1.86900425  1.72782041 -1.09852072
 -0.18483494  3.38186734  0.33578645  0.65393625  1.51133114 -0.91267316
  0.73493822 -0.01652795 -2.0061749 ]
[ 1.         -0.53435245 -0.49094467 -0.23627553 -0.27801205 -0.36577932
  1.40569733  2.10820861 -0.57783214 -1.68095244 -0.80827885  0.21767332
 -0.74064414 -0.08473628  0.25376356  0.13751946 -1.18634225  0.27045385
 -0.77391218  0.8473046  -1.32867376]
[ 1.          0.74470763 -0.47871492 -1.21240064 -0.60529431 -1.08692099
  2.07888931  1.32056321 -0.29508391 -2.08239766  1.07240959 -0.80886987
  2.02577241  0.43504359  1.14977393  0.83210957 -0.54653925 -0.14979108
 -1.08356551  1.80297736  0.68104003]
[ 1.          0.02375163  0.56648047  0.17423825  0.06013979  0.69419781
 -0.30027486 -1.06322693 -0.00353695 -0.7543839  -0.61473021  0.43065463
 -0.55032215 -0.65958381 -1.41308003  1.3530515  -0.89381607  1.67949466
 -0.78515895  0.99304465 -0.49437436]
