Cluster centers 

[ 0.55149062 -0.90841269 -0.10858617 -1.15961618]
[-1.00598322 -0.67907642  0.95003769  0.43505656]
[-0.72651887  1.99971933 -0.36216057 -0.98903188]
[ 1.02262026 -0.16872854 -0.98109856  0.60461479]
[-0.43225046  1.16380369  0.01298442  0.63040347]
[-0.14194968  0.14741803  0.88765018  1.43836881]
[ 1.60081351  1.00578424 -0.47692546 -0.0447371 ]
[ 0.32543821 -0.93186476 -1.12630555  0.04999326]
[ 1.3869193  -0.26301465  0.09349482  0.37259951]
[-0.59919505  3.01624927  0.03744981 -3.33820327]
[-1.46125962 -0.69922067  1.55747212 -2.0932347 ]
[-1.24317716  0.86734785 -1.10394539  0.68200248]
[-0.65793418 -0.56730719  1.77907833 -0.57638604]
[ 0.32595964  2.64805748  0.68768728 -1.89742578]
[-1.2167467  -0.27682775 -0.45642803  1.62248626]
[-0.8982289   2.17935839 -0.53288145 -1.49368786]
[-0.84081358  1.6591706  -0.53490526 -0.38697242]
[-0.55247062 -1.32420917 -1.21749423 -1.49515214]
[ 1.25524015  1.26164053  1.287247    0.58635018]
[ 0.97455197 -0.65972357 -0.10616141 -0.15547793]
[ 0.28861128  1.07358823 -2.52589135 -0.88349026]
[ 0.309611    1.24253867  0.77351195  0.68772916]
[-0.75316166 -0.20675229  0.36767217  1.47627182]
[ 1.7994076   1.40667186 -0.01805585 -0.36599408]
[-0.49159424 -0.46407232  1.39635157  0.54097979]
[ 0.27153166 -0.7419214  -1.62680029  0.55269191]
[-0.07154369 -0.29329922  2.72701005 -2.15105524]
[ 1.39527081 -0.29045165  2.02083932 -1.02219727]
[ 0.24620409 -1.04201544 -0.51779607 -1.16325314]
[-0.73144919  1.10056558 -0.36135946  0.60823455]
[ 0.36845705 -0.94559273 -0.02241396 -1.83468581]
[-2.02422162 -0.99313905 -2.31565321  1.53031776]
[ 1.63902507  2.63887033  0.93045126 -1.95234305]
[-1.56739168 -0.86927706 -0.20322403  1.00530378]
[ 1.18472445  1.2487343  -1.32358316 -0.68579559]
[-0.45838569  1.88836156 -0.07080782 -0.61005685]
[ 0.72225475 -0.74500544 -0.65428569  0.05705215]
[ 1.56031556  0.03473226  1.99981423  0.24017513]
[-0.33998947 -1.26854532 -1.37602021 -0.68759972]
[ 0.58537281 -0.45122697 -1.47209153  0.6266131 ]
[ 0.46042881  0.02143667  1.75375809  0.96311871]
[ 1.12660178 -0.41473839 -0.36486354  0.35469849]
[ 0.5458431  -0.20121026  2.2902974   0.06206091]
[-0.37860077 -0.43333735  2.3066825  -1.41940696]
[-1.65563306 -0.94589932  0.64961524 -0.54289311]
[-1.41262154  1.6230235  -1.3536597  -0.74719332]
[-1.21383186  2.29544717 -0.89582956 -2.0213489 ]
[-0.38489784  0.62673638  0.25019801  1.2606028 ]
[-1.03252261 -0.65449948  0.70916887  0.76947248]
[ 0.02158804 -1.13614034 -0.99209751 -0.74025729]
[-0.98956583  2.77771152 -0.44064378 -3.01200959]
[ 1.10694173 -0.61736895  0.40957127 -0.5180532 ]
[-0.55045927 -0.53171898  1.64284552 -0.04099943]
[-0.96025683 -0.68002733  1.3126806  -0.16312808]
[ 0.41758803 -0.95487602 -0.72014813 -0.41319367]
[-1.07402027 -0.70468739  1.43255329 -0.68490753]
[-0.9645762   0.83119647 -0.64541995  0.88122871]
[ 1.86044171  1.73285903  0.27265205 -0.7039369 ]
[ 1.94177446  1.1565034   0.75601655  0.24200229]
[ 0.49191254 -0.86067685  0.29518045 -2.10326541]
[-0.45508998  1.72638062 -0.06919272 -0.29937963]
[-0.22909434 -1.04144669 -1.91614525  0.41352894]
[-1.2388113  -0.57085108 -0.06075602  1.38199547]
[ 1.52530327  0.46678229 -0.40252987  0.42537217]
[-1.606417    0.81274909 -1.79637199  0.48583439]
[ 0.0412524   0.54577545  0.81804293  1.31326584]
[-0.19259075 -1.18555466 -0.7839756  -1.68929525]
[ 1.53887045  1.49823443 -0.66528787 -0.80038761]
[-1.2962164  -0.81451686  0.86691957 -0.03308909]
[ 1.37185656 -0.4301533   0.76829304 -0.24761303]
[-1.30668806  1.31702169 -1.22329696 -0.08781468]
[-1.05641194  0.49122445 -0.6933797   1.23989813]
[ 1.71895904  0.17930055  0.54266698  0.53788217]
[ 0.24667866  2.10339865  0.60305682 -0.74137569]
[ 0.47877138 -0.27398842 -1.8231735   0.69437695]
[-0.88107817  2.31671939 -0.47757691 -1.78890686]
[-0.93611844 -1.38538393 -1.28741175 -2.19497255]
[-0.26525255 -0.27096115  1.29204996  1.01559378]
[-0.6594482   0.80047966 -0.18688236  1.02899859]
[-1.05664928  1.00191145 -0.81792302  0.59481914]
[-0.75538934  0.07459786  0.06294864  1.55201533]
[ 1.53915085 -0.17319184  0.49555872  0.34724442]
[ 1.89203772  1.38725568  0.3415188  -0.18501367]
[  1.50471087e+00  -1.33519868e-03  -5.06213954e-03   5.34764825e-01]
[ 0.66486286 -0.84560874 -0.37760449 -0.43698499]
[-1.44042638 -0.78706878  1.2898813  -1.32174165]
[-1.05844578  1.45818553 -0.83810874 -0.15836259]
[-0.1357689  -1.19559558 -1.00601279 -1.04611477]
[-0.26142035 -1.10932333 -0.46589737 -2.66179869]
[ 0.01154263 -1.12049324 -1.1987333  -0.37049484]
[-0.59650738  1.48352973 -0.22949268  0.06059195]
[ 0.70948471 -0.59942346 -1.03425542  0.45215154]
[-0.85321572 -0.56646555  1.95089681 -1.45136598]
[-0.47211127 -1.30961012 -1.53792018 -0.58938436]
[ -1.84437259e-03  -3.71499486e-01  -2.39257936e+00   7.77795134e-01]
[ 1.89229939  0.89751243  1.17282459  0.576917  ]
[ 0.78942412  0.01577563 -1.55863661  0.57704908]
[-0.30849521  2.2055167   0.11106719 -1.1809166 ]
[-0.67361425 -0.48601445  1.04047224  0.85524437]
[ 0.16955209  1.58273691  0.56989699  0.15863522]

Populations

0.00344813499383
0.0230147634607
0.0150650232753
0.0112058141366
0.00786334397742
0.00920249495976
0.00856165576453
0.0190624855762
0.0212370159352
0.00305926719676
0.00760911394661
0.00596866017536
0.00618072645881
0.0039760809152
0.0115383373286
0.00184377959718
0.0134323685723
0.00481131549158
0.000819302274346
0.0296348450053
0.00300706716262
0.0159743563549
0.0119916750902
0.00313697013254
0.00580674199678
0.0202582315351
0.00247981781921
0.00586722361245
0.017123776223
0.0190188003044
0.0127277015617
0.00335798662091
0.00390858518153
0.0124354287455
0.00347192026073
0.00669169086594
0.00667683638049
0.0167123586316
0.00287682954177
0.00302547718959
0.00783452785481
0.0242813317023
0.00251662428167
0.00343958716346
0.00985846478928
0.00355823402458
0.00328554370602
0.0290108088142
0.0127422862227
0.00569121824467
0.00554647896586
0.013285036906
0.0190999582211
0.0215372916431
0.0252228932999
0.0124459539267
0.0160966401081
0.00587893950682
0.00304116068207
0.00326688431159
0.00340770087646
0.00936629468173
0.012223339464
0.0172406749755
0.00275372884353
0.00848905838453
0.00906075474767
0.00600891606234
0.0143463109032
0.00785194796954
0.00610633973615
0.0116427249639
0.010038606997
0.00917636328028
0.00571673869368
0.00671698963484
0.00854839560631
0.0023902439671
0.0103441236816
0.0152435585049
0.00511556910432
0.0155782559149
0.0212812553576
0.00296533897868
0.00797374854341
0.0148296349816
0.0120733790889
0.0195980922508
0.0118534251575
0.0326529625122
0.00650718868707
0.00982144058641
0.00327375516801
0.00471083252905
0.00275985884248
0.00243197223342
0.022621826038
0.0155547834241

State labels

0
1
2
3
4
5
6
7
8
9
10
11
12
13
14
15
16
17
18
19
20
21
22
23
24
25
26
27
28
29
30
31
32
33
34
35
36
37
38
39
40
41
42
43
44
45
46
47
48
49
50
51
52
53
54
55
56
57
58
59
60
61
62
63
64
65
66
67
68
69
70
71
72
74
76
77
78
79
80
81
82
83
84
85
86
87
88
89
90
91
92
93
94
95
96
97
98
99

Eigen values

1.0
0.703170547811
0.667857695157
0.636385762188
0.609399593246
0.590540858198
0.582436945212
0.567089259008
0.533218073201
0.528063082772
0.50943445436
0.496392432774
0.471764107743
0.458870267086
0.453539216095
0.434901104749
0.407910044366
0.398674676537
0.389109235975
0.382402666582
0.356144318409

Left eigenvectors

[  3.44813499e-03  -2.08247052e-02  -3.23915229e-03   1.28907741e-03
  -7.65938843e-04   4.09572291e-03  -4.38242216e-03   3.69235346e-03
   5.85546589e-03  -3.84313350e-04   7.47317681e-03   5.31321265e-03
   2.58234081e-03   3.26045767e-03   6.46508827e-04   2.42448609e-03
  -3.98840456e-05   9.65048868e-04   5.09295555e-03   4.28979051e-03
   5.43481270e-03]
[ 0.02301476  0.00470938 -0.01977781  0.00868451 -0.0032293  -0.00768069
  0.01401436 -0.02303558 -0.01486153 -0.00249008 -0.01870376 -0.0049185
  0.02929119 -0.01079387 -0.00318388  0.01935725 -0.02686138 -0.003374
 -0.00563873  0.01273854  0.00576395]
[ 0.01506502  0.00472116  0.01176549  0.00702035  0.01586858  0.00087244
  0.00162499  0.01946069 -0.00613093 -0.00227408  0.01363561 -0.03946581
 -0.00918265  0.02191621  0.01332652  0.02864345 -0.01985511  0.01907009
 -0.0096423   0.01123936  0.006957  ]
[ 0.01120581  0.00948304  0.00319659 -0.03249275 -0.01261526  0.03567983
 -0.00800326 -0.00929361  0.00665547  0.00576363 -0.01001165  0.01117792
  0.01026751  0.01530516  0.01074201  0.01232058  0.0012797  -0.00304351
 -0.01190176  0.01166865 -0.00049603]
[ 0.00786334  0.00108126  0.00038941 -0.00277098 -0.0059764  -0.00564616
  0.00617051 -0.00700766  0.01201299 -0.01377105  0.01473691 -0.00423506
 -0.01127404 -0.0092716   0.00911738  0.00123934  0.00886419 -0.00150497
 -0.00483738  0.01756636 -0.00245687]
[ 0.00920249 -0.00803028 -0.00288951 -0.00197641 -0.00254962  0.00121977
  0.00676653 -0.0004821  -0.01573581  0.00020624 -0.01265031 -0.00439206
  0.00929312 -0.01906853 -0.00493169  0.00678072  0.00398644  0.00128176
  0.00161064  0.00387274 -0.00301794]
[ 0.00856166 -0.02947426 -0.00266901 -0.00303619 -0.00167964  0.00525081
 -0.00162635  0.00706786 -0.01143603 -0.00026608 -0.00195897 -0.00432304
  0.00993927 -0.01831865  0.00511687  0.00144493  0.00246639  0.00413372
 -0.01538919 -0.00804357 -0.01242393]
[ 0.01906249  0.00246448  0.01220077  0.00530705  0.00155691  0.00369301
  0.01324136  0.01007469  0.02535696  0.00618594 -0.02495279 -0.01082918
  0.01992487  0.0070072   0.00122879 -0.02121511 -0.00856585 -0.01218526
  0.03864941  0.0015713  -0.01390413]
[  2.12370159e-02  -3.41606753e-02   3.56753750e-04  -3.30919940e-03
  -2.55090368e-03  -4.98181710e-03  -5.50794985e-03  -2.59692940e-02
  -2.07039424e-02  -2.26763295e-02  -1.52086483e-02   6.98577329e-03
  -1.52736964e-02   2.76396169e-02  -1.91975896e-03  -1.21150578e-02
  -3.55389759e-04   4.18996414e-05  -5.38239193e-03  -6.94058972e-03
  -1.31370982e-02]
[ 0.00305927  0.00174438  0.00173319  0.0008501  -0.00469609  0.00038076
  0.00147676  0.00314686  0.00522291 -0.0039532  -0.0007141  -0.00110226
  0.00464048 -0.00100943  0.00045289 -0.00351795 -0.00109957  0.0005067
  0.00571122 -0.00180071  0.00189917]
[ 0.00760911 -0.00095619  0.00515449 -0.01045059 -0.00458236 -0.00431819
  0.00877431  0.00270611 -0.0086815  -0.02446158 -0.00835662  0.00701748
 -0.0229874   0.0061243  -0.0151576   0.00704491 -0.0044326  -0.00557671
  0.00759042 -0.01560404  0.00175258]
[ 0.00596866  0.0038454   0.00365103 -0.0133839  -0.00154434  0.01256686
 -0.00082132 -0.00024543  0.006977    0.00210327 -0.00082473  0.00798708
 -0.00256814  0.00173645 -0.00647595 -0.01492008 -0.00750361  0.00304082
 -0.01359964 -0.00794428  0.01658103]
[  6.18072646e-03   1.08999093e-03   5.15513617e-03  -6.22052440e-04
   1.16503907e-02  -8.94089956e-05  -1.39975450e-03   2.82842904e-03
  -6.14356756e-03  -3.07620588e-03   5.81746801e-03  -6.55154686e-03
   3.91104948e-03   5.66282220e-04   3.46844282e-03  -2.52089754e-03
  -8.44778214e-03   2.12065593e-02  -3.82959995e-03   7.13814435e-04
   2.06969602e-03]
[ 0.00397608  0.00494964  0.00414309  0.01485331 -0.01012532  0.00714081
 -0.01176944  0.0039301  -0.00652262 -0.00477196  0.00676394  0.00103326
  0.00102429  0.00049788 -0.00599014 -0.00120209 -0.0030813  -0.00318653
 -0.00631256 -0.00046219 -0.00753219]
[ 0.01153834 -0.00136576  0.00441419 -0.01046182  0.00023462 -0.00499581
  0.0065625   0.00561801 -0.00700089  0.00477037 -0.00723965  0.0136826
 -0.01666753  0.00663085 -0.02071199 -0.00857551 -0.0046009  -0.00983259
 -0.00705775 -0.00428084  0.0115243 ]
[ 0.00184378  0.00075827  0.00029748  0.0007171   0.00046089 -0.00072258
 -0.00187861 -0.00194672  0.00118429  0.00226458  0.00220572  0.00223124
 -0.0049494  -0.00383129  0.00345666  0.00223389  0.00308579  0.00039995
  0.00610059  0.00175592 -0.0043795 ]
[  1.34323686e-02   3.89618051e-03   1.18707699e-02  -3.42066434e-04
   1.34594030e-02  -1.88553627e-02   9.58915305e-03   2.17093046e-02
  -1.85674387e-02   7.93133223e-03   8.89618925e-03   2.89234224e-02
   1.57999808e-02   6.64160634e-03   2.54834268e-02  -3.15049136e-03
   1.78110955e-03  -1.20713674e-02   8.71821128e-05   6.48237586e-03
   1.75267977e-02]
[ 0.00481132 -0.00293914  0.00328666 -0.00212093 -0.00449054 -0.00397774
  0.00478585 -0.00144742 -0.00313386 -0.01867026 -0.00583606  0.00191241
 -0.0119695   0.0070261  -0.00594401  0.0035573  -0.00048972 -0.00161541
  0.00624407 -0.00386394  0.00529262]
[  8.19302274e-04   6.97314090e-04   2.14926007e-05   1.66989522e-03
  -3.92503845e-04   9.17735407e-04  -2.01706084e-03  -7.27733756e-04
  -1.72228110e-03   9.65526706e-04   1.22180419e-04   1.40867104e-03
  -2.83840707e-03  -1.63745109e-03   1.88455047e-03   5.87588544e-04
   1.40630567e-03   1.01518461e-03   4.22385818e-03   1.35324082e-03
  -1.47097583e-03]
[ 0.02963485 -0.00052956  0.00791373  0.02339124 -0.0165297  -0.02298196
 -0.00263996 -0.02445904  0.02817366  0.01061531 -0.00236485 -0.02564777
  0.0129642   0.04479247 -0.00511484 -0.01968478  0.04462809 -0.008597
 -0.00847465 -0.03293168 -0.0048096 ]
[  3.00706716e-03   5.02810962e-04   3.04659945e-03  -3.37725888e-03
   2.01000426e-03  -1.53380039e-03   2.61819948e-03   8.44553812e-03
  -7.79294960e-03   9.16259949e-05   4.96887683e-03   1.21450878e-03
   4.24426377e-03   1.06473268e-03   2.14843379e-03  -6.70863116e-03
   1.57575429e-05  -5.00819270e-04  -4.20293321e-03  -7.16133203e-04
  -8.81903354e-03]
[ 0.01597436 -0.01082079  0.00180551  0.00723571  0.00413394  0.00047014
  0.00085178  0.0133029   0.02367595  0.01715665  0.00299778 -0.01772185
 -0.00739953  0.01770939 -0.00085376  0.00527234 -0.0188488   0.0063728
  0.01914093 -0.00171788 -0.01245399]
[ 0.01199168 -0.00214414  0.00636653 -0.01257368  0.00315043 -0.0023563
  0.00567204  0.01852321 -0.01380224 -0.00297083  0.01424088  0.00401405
  0.01186183 -0.00900681  0.00978153 -0.0151945  -0.00481368  0.01873568
 -0.01531956 -0.01617837 -0.02360995]
[ 0.00313697 -0.01723649 -0.00224058 -0.00021866 -0.00084595  0.00350304
 -0.00257505  0.00393433 -0.00095405 -0.00027103  0.00288884  0.001011
  0.00490747 -0.00541474  0.00227718  0.00173487  0.00103635  0.00226949
 -0.00447695 -0.00162783 -0.00349982]
[  5.80674200e-03  -1.01897977e-06   1.21144570e-03  -4.17463205e-03
  -3.05734498e-03   7.19327298e-03   1.42421971e-04  -8.21132924e-03
   2.65981779e-03   3.62530422e-03  -1.83126707e-02   9.08249987e-03
   4.57155849e-03   1.08611180e-02   1.18434434e-02   5.35985168e-03
  -1.34668474e-02   2.77487876e-05   4.20661417e-04   1.01641058e-02
  -1.47514143e-02]
[  2.02582315e-02  -7.59834285e-04   9.31593260e-03   2.73342763e-03
  -2.07108113e-05  -1.88456120e-02   7.68002908e-03  -7.40494863e-03
   1.49066612e-02   1.84822279e-02  -1.96563666e-02   1.13845262e-02
  -2.38566951e-02  -4.09008566e-03   1.20540947e-02  -5.90177510e-03
   1.07538229e-04   2.07606248e-02  -2.10412023e-02  -7.21804717e-03
  -1.59996413e-02]
[ 0.00247982  0.0002558   0.00167432 -0.00061879 -0.00075257  0.00273727
  0.00170679 -0.00141277  0.00440827  0.00214112 -0.01030831  0.00183148
  0.00489988  0.00554681  0.00508663 -0.00125683 -0.00771484 -0.00222006
  0.00745946  0.00527617 -0.01060657]
[ 0.00586722  0.00034854  0.00323254 -0.00496105 -0.00341191 -0.00018454
  0.00453007  0.00602128 -0.01209752 -0.00899519 -0.00567768 -0.00057865
 -0.00931792  0.00053625 -0.00508729 -0.00434271 -0.00708497 -0.01402791
  0.01050018 -0.00719026 -0.00363495]
[ 0.01712378  0.00302418 -0.00780024 -0.00390154  0.00340446 -0.0221642
 -0.02272079 -0.03205801 -0.01153413  0.00288735  0.00915056 -0.00860727
  0.01488694  0.01288155 -0.00635918 -0.00596974 -0.00483127 -0.00152176
 -0.00093221 -0.00494608 -0.00407615]
[ 0.0190188   0.00178017 -0.0040692  -0.00157503  0.00939825 -0.02164383
 -0.01490938 -0.02265822 -0.02943905  0.00146941 -0.00108838  0.00293276
  0.01895142  0.00395037 -0.00152773 -0.01246277 -0.01084437  0.03665286
  0.01374421  0.01601354  0.01354941]
[ 0.0127277  -0.01030978  0.00367107  0.00687946 -0.00226256 -0.00143542
  0.00630667 -0.00621064  0.01589915 -0.01180064  0.00646539 -0.00326681
  0.00439392 -0.00220783 -0.0020718  -0.00802357  0.0270548   0.00460222
 -0.00443005  0.01565182  0.01773479]
[  3.35798662e-03   5.62770767e-03  -2.26621674e-02  -1.65856225e-03
   6.32476101e-03  -5.43535020e-03  -1.33657339e-02   1.09803107e-02
   3.79990344e-03  -1.16787401e-02  -1.05775491e-02   4.56531526e-04
  -4.47878318e-05   1.63419784e-03   5.89941981e-03  -5.12518981e-03
   6.16584480e-03  -1.48221361e-03  -6.98373100e-03   2.83255615e-03
   2.17012924e-03]
[ 0.00390859  0.00462325  0.00347579  0.01628552 -0.01264789  0.00606352
 -0.00943113  0.00317599 -0.0026988  -0.00393367  0.0008596   0.00792002
  0.00181178 -0.00572178 -0.00397963  0.0010689  -0.00663788  0.00169649
 -0.00564304 -0.00224205  0.00468079]
[ 0.01243543  0.00867031 -0.00221818 -0.02271636 -0.01374877  0.00451019
  0.00247503  0.00380973  0.00132382 -0.01524417 -0.00023673  0.00526253
  0.01215198  0.00205141 -0.01002241  0.03383325  0.0075082   0.00796021
  0.00180898 -0.0186417   0.00622715]
[ 0.00347192  0.00273611 -0.0010328  -0.00256524 -0.00387746  0.00197223
 -0.00770499 -0.00594871 -0.00701904  0.00689876  0.00463078  0.00047856
 -0.00686126 -0.00578693  0.00795277 -0.00150585  0.00626908  0.00514504
  0.01724919  0.00314952  0.00608623]
[ 0.00669169 -0.00034033 -0.00274996  0.00290886 -0.00122474 -0.01164844
 -0.00389514 -0.01789991 -0.00447225  0.00174442 -0.00488444 -0.00516291
  0.01081597  0.01305859 -0.00252371 -0.00590666 -0.00134719  0.00850325
 -0.00666042 -0.00596532 -0.00533278]
[  6.67683638e-03   1.41651980e-03   5.02745153e-03   6.50267702e-03
  -5.42556197e-03  -4.13686014e-03   3.77465702e-03  -1.73509895e-05
   1.32380222e-02  -2.27029587e-03  -7.74738311e-03  -5.99522898e-03
   1.32098811e-02   9.60035185e-03   6.88704211e-04  -7.57133967e-03
   1.01642912e-02  -6.09470511e-03   1.39384764e-02  -8.37896967e-03
   1.93749176e-03]
[ 0.01671236  0.00155266 -0.00837477  0.00880701 -0.01224243  0.00557007
  0.01920699 -0.01759282  0.00443209 -0.00481043  0.02101288 -0.00557191
 -0.00497991  0.00630373  0.00234507 -0.00814766  0.02190727 -0.00051801
 -0.02102967  0.00452238  0.00279719]
[ 0.00287683  0.00517918 -0.0221134   0.00057921  0.00603444 -0.00103685
 -0.00988087  0.01296188  0.00324012 -0.00935051 -0.01064134  0.00033278
 -0.00399365  0.00301376  0.0069773  -0.00683891  0.00953082  0.00168022
 -0.00418248  0.00056377  0.00016864]
[  3.02547719e-03  -1.29670833e-02  -1.47826933e-03   2.56238857e-04
  -6.36667225e-04   1.35248253e-03  -2.67778308e-03  -1.32335113e-03
   1.51373484e-04  -3.03874513e-03   1.50493336e-03   3.42015253e-03
  -9.48722675e-04   5.53421079e-03   2.03243905e-05  -7.21641506e-04
  -7.66480498e-05   4.58018178e-04   1.45923745e-03   7.96422148e-04
   8.40302357e-05]
[  7.83452785e-03  -4.70302784e-03  -1.41966370e-03   5.59868789e-04
  -4.81199284e-03   2.03408697e-03  -2.30761981e-05  -5.25340898e-03
  -2.08217739e-02  -3.74000867e-03  -1.49851474e-02  -5.33416303e-03
  -5.76326163e-03  -1.05258938e-02   4.13305712e-03   2.68033050e-04
  -6.29277088e-03  -1.58665791e-02   9.75282704e-03  -7.44014099e-03
   6.57902695e-04]
[ 0.02428133  0.00797796 -0.00738876 -0.01761662 -0.00253218 -0.02153673
 -0.01114466  0.00050769 -0.00177092  0.03500104  0.02539327  0.00383208
 -0.01227233  0.01036753 -0.02673603  0.00089384  0.00742488 -0.01297123
  0.00314199 -0.01734437  0.0103073 ]
[ 0.00251662  0.00143801  0.00334628 -0.00341013  0.00568167  0.00683776
 -0.00089409 -0.00136155  0.00477463 -0.00121821 -0.00045429  0.00390089
 -0.0010423  -0.00226535 -0.00444531 -0.00965821 -0.00292878  0.0040735
 -0.00606733 -0.00501401  0.01243487]
[  3.43958716e-03   2.24177958e-04  -7.58160284e-03  -1.96253816e-03
   7.00620105e-04  -5.72203803e-03  -5.84393800e-03   2.36760402e-03
   4.67935475e-03   3.87577175e-03   2.21303817e-03   2.46329195e-03
   6.23514816e-04   5.00438318e-05  -8.52957086e-03   5.29765810e-03
  -1.28087381e-02  -6.23832461e-03   7.94947769e-04   3.66616342e-03
   2.71541675e-03]
[ 0.00985846  0.00776212 -0.03202438  0.0084212   0.00563739  0.01407864
  0.00306095  0.0169635  -0.00019039  0.00335004 -0.00401378 -0.00033763
 -0.01383917  0.00467061  0.00328568 -0.00452605  0.00774407  0.01005427
  0.01184545 -0.00810562 -0.00699066]
[ 0.00355823  0.00163413  0.00445933 -0.00135926  0.00441079 -0.00529924
  0.00379693  0.01018875 -0.00985489  0.00271702  0.00427993  0.00783865
  0.00589073  0.00541652  0.00695189 -0.00401917  0.00201563 -0.01016419
  0.00022309  0.00654765  0.00475036]
[ 0.00328554  0.00133236  0.00362724  0.0022684   0.0064689  -0.00063293
 -0.00060503 -0.00297286  0.00550667  0.00051451 -0.00158168  0.00870062
 -0.00624498 -0.00710549  0.00627056  0.00415574  0.00198024  0.00444955
 -0.00082711 -0.0016292  -0.00570946]
[ 0.02901081 -0.00422048 -0.00331719  0.0077705   0.02222637  0.00433607
  0.02088829 -0.0057413   0.00578987  0.00592739 -0.00057171  0.0175492
  0.00480833 -0.0120067  -0.01107352  0.00396825 -0.00767274 -0.00684622
  0.0275413   0.00324456 -0.00498576]
[ 0.01274229  0.00839286 -0.00036594  0.02024795 -0.00594001  0.01274413
 -0.01997153 -0.00415664 -0.02150578  0.00544749 -0.00362141  0.00941411
 -0.01652457 -0.0069304   0.00988666  0.00028881  0.00493392  0.00742962
  0.02022478  0.00673431 -0.00103672]
[ 0.00569122 -0.00021328 -0.00097557  0.0056622  -0.00411688 -0.0043631
 -0.00077099  0.00351678  0.0064284   0.01352499 -0.00440156  0.00260563
 -0.00654255 -0.00402401 -0.01490574  0.00673794  0.00436045 -0.00498256
 -0.00869749  0.00883909 -0.00109273]
[ 0.00554648  0.00295236 -0.00220665 -0.00596894 -0.00220035 -0.002288
 -0.00613481 -0.00456308 -0.01062486  0.01010924  0.00603821  0.00065789
 -0.00104708 -0.00274916 -0.0014618   0.00073671  0.00944627  0.01384618
  0.01969216  0.00034552  0.00836607]
[ 0.01328504  0.00571932 -0.00026821 -0.0119802  -0.01647691 -0.00108649
  0.00370659 -0.00470514  0.01534912 -0.00800894  0.0179712  -0.0115357
 -0.01750598 -0.01241673  0.01531278 -0.02102204 -0.00826502 -0.0010695
 -0.00138599  0.01685324 -0.00848247]
[ 0.01909996  0.00401299  0.02113386  0.00436771  0.05095936  0.02308204
 -0.00499894 -0.00987183  0.01694709 -0.01406298 -0.0010586   0.00610832
 -0.00018524 -0.01851929 -0.01101503 -0.01933554  0.00274781  0.01437661
  0.00232202 -0.00595841  0.01823534]
[ 0.02153729  0.0087094  -0.00547384 -0.02612276 -0.01061311  0.0161333
  0.00979145  0.01434647 -0.01631647  0.01301044  0.00184598 -0.00431026
  0.01359868 -0.00660384 -0.01908953  0.02504314  0.03392621  0.02821303
  0.0160917  -0.0144849  -0.00885993]
[ 0.02522289  0.00895473  0.01582394  0.01953121 -0.02536014 -0.01192353
  0.01078116  0.00964389  0.02273253 -0.03239879 -0.01105609  0.00363849
  0.03462115  0.00015149  0.00688756  0.00807501  0.01796741 -0.00427006
  0.0204958  -0.00864502  0.03117427]
[ 0.01244595  0.00478528  0.01196435  0.01255078  0.01108813 -0.00116937
  0.00156752  0.00856263  0.00377259  0.00568539 -0.00679196 -0.00403892
 -0.00087323  0.00450077  0.02203678  0.01443421 -0.00480361  0.0065129
 -0.00786672 -0.00858376  0.02775776]
[ 0.01609664  0.00867753  0.00804442  0.01995321  0.00046122  0.00638195
 -0.01572485  0.00021524 -0.01436192  0.00284597  0.01811873 -0.01799293
 -0.00466293  0.02144178 -0.00687131  0.00413876  0.01487967 -0.01356572
 -0.01583964  0.00616765 -0.01946888]
[ 0.00587894  0.0026348   0.00610037  0.00289402  0.00243126 -0.01050776
  0.00517095  0.00584532  0.00210274 -0.00492338  0.00336504  0.01543313
  0.00909468 -0.00400847  0.01423187  0.00690905  0.00860084 -0.00769138
  0.00368213 -0.00116679  0.00330159]
[ 0.00304116  0.00056406  0.00073145 -0.00139464 -0.00344882  0.00046068
  0.00281379  0.00355652  0.00248512  0.00334294 -0.00582779 -0.00389746
  0.00014088 -0.00707961 -0.00675436 -0.00564595 -0.00100565  0.00196092
 -0.0014092   0.00773896 -0.00338865]
[  3.26688431e-03   1.69734175e-03  -1.36953942e-03  -4.93796642e-03
  -1.56916671e-03  -5.17008974e-04  -8.90006408e-05   1.92322054e-03
  -2.48134060e-03   6.40513203e-03   3.72030354e-03  -1.03923833e-04
   3.18219462e-04   5.06684717e-04  -7.18104166e-03   4.37879078e-03
   7.38001886e-03   2.95195102e-03   3.60196628e-03  -5.92934642e-03
   1.75069574e-04]
[ 0.0034077   0.00375658  0.00032693 -0.01278607 -0.00624144  0.01060648
 -0.0016296  -0.00172785  0.00230945 -0.0020383  -0.00318596  0.0049669
  0.00682848  0.00588852  0.0008775   0.01467544  0.00290522  0.0013963
 -0.0042563  -0.00152061  0.00206436]
[ 0.00936629  0.00462852 -0.02848903  0.01651501  0.00108128  0.01614814
  0.04053264 -0.01878933 -0.0081191   0.00196771  0.01401728  0.00490151
  0.00377055  0.00236879  0.00216592 -0.00105367 -0.00776001 -0.00640781
 -0.0085521  -0.00071945  0.00440282]
[ 0.01222334  0.00689008  0.0006397  -0.01064087 -0.00793891 -0.00669871
  0.00230405  0.01047526  0.00440265 -0.01006843  0.01459665 -0.00366742
  0.01039171 -0.00726041  0.00651953 -0.01015705 -0.01174086 -0.00092586
 -0.00461689 -0.0001925  -0.00884425]
[  1.72406750e-02  -7.32165967e-02  -1.08164639e-02   4.10175254e-03
  -2.33381410e-03   1.20934586e-02  -1.27624229e-02   1.04694699e-02
   1.56112012e-02  -1.01470846e-03   1.90354688e-02   1.31871928e-02
   6.09127854e-03   7.48063541e-03   1.46608553e-03   5.27205840e-03
  -8.13455142e-05   1.92370273e-03   9.90858021e-03   8.20213665e-03
   9.67788832e-03]
[  2.75372884e-03   2.29198196e-03  -6.87894337e-03  -1.02385079e-03
   4.53491294e-05   4.98841534e-03   1.82759357e-03   5.65323738e-03
  -2.11172464e-03   2.49929485e-03  -7.94937481e-04  -6.75596774e-04
  -1.92515346e-03   3.71790063e-04  -1.88413539e-03   2.51227214e-03
   8.11620427e-03   8.10179646e-03   6.80642224e-03  -5.35208434e-03
  -4.26803421e-03]
[ 0.00848906 -0.00025043  0.00547259  0.00524408  0.00194057 -0.00160522
  0.00124279  0.00020951  0.00636715  0.00977841 -0.0120167  -0.01607497
 -0.0024389   0.00256118  0.01514129 -0.00017701  0.00090873 -0.00768676
 -0.00128962 -0.01840261  0.0089921 ]
[ 0.00906075  0.00035734  0.00209883 -0.0014629   0.0025282  -0.01144655
  0.00116842  0.00752497  0.00134208  0.01949614 -0.0024551   0.02072821
 -0.01476243  0.00606613 -0.00083411  0.00072741 -0.00813712 -0.00263468
 -0.00760229 -0.0025187   0.00877241]
[  6.00891606e-03  -3.21180983e-03  -4.17745360e-04   8.48026223e-04
   4.95070497e-04  -1.05205879e-02  -3.32618994e-03  -1.46965737e-02
  -7.00427936e-03   7.04127813e-04  -7.23026420e-03   6.21521869e-04
   2.85323251e-03   1.07790201e-02   6.35274286e-05  -8.37311817e-03
  -2.97601743e-03   1.62979619e-02  -6.03734450e-03  -2.87200360e-03
  -6.17360397e-03]
[ 0.01434631  0.00528712  0.01357479  0.00293784  0.03111229  0.02973064
 -0.01288972 -0.00621008 -0.00827946 -0.00438477  0.00022672 -0.00026209
 -0.00361695  0.0091481  -0.00889289 -0.00490348  0.01757834 -0.01925498
 -0.00088249  0.01985991 -0.0080175 ]
[ 0.00785195 -0.00302465  0.00397837 -0.00424759 -0.00387971 -0.00584481
  0.00915491 -0.00197015 -0.00216387 -0.02305405 -0.00095258 -0.00662194
 -0.02381828  0.00479038 -0.00408999  0.00567791 -0.00356526  0.00404404
  0.00338057  0.01598605  0.00574144]
[  6.10633974e-03   1.32440425e-03   2.10345343e-03  -5.44157490e-05
   7.82213909e-03   2.19080094e-03  -6.17579676e-04  -3.10878132e-03
   1.23140649e-03  -1.54601605e-03   2.19469720e-04   1.74804779e-03
   3.89827143e-03  -4.95949775e-03  -3.99056030e-03  -1.01594073e-02
  -6.39610152e-03   1.07445020e-02   9.47097575e-03   2.17932796e-03
   3.08515293e-03]
[ 0.01164272  0.00635156  0.00246502 -0.00368543 -0.00609511 -0.0051529
  0.00674326  0.0040447   0.00986745 -0.01614074  0.00933257 -0.00699325
  0.00709594 -0.0066636   0.00839073  0.01877855 -0.00549683  0.00515882
 -0.00133853  0.00301677 -0.00589149]
[ 0.01003861  0.00510694 -0.00239106 -0.01943864 -0.01330752  0.00581415
 -0.01278193 -0.01683473 -0.00089269  0.00856063  0.01068551 -0.00815671
 -0.00950599 -0.00956817  0.02334757 -0.00963636 -0.00038361 -0.01111669
  0.00461642  0.00328785  0.01040241]
[ 0.00917636  0.00392932 -0.00445617 -0.00123966  0.0172899  -0.00980518
 -0.00966164 -0.01352554  0.00615779 -0.00603301  0.00692681  0.00226472
  0.00985489 -0.01479712 -0.00830983  0.01289168 -0.00822635 -0.01349472
  0.00436018 -0.00671754 -0.01124095]
[ 0.00571674  0.00273907  0.00343799  0.0016102   0.02200838  0.00535225
 -0.0064581  -0.00620188  0.00604286 -0.00462095  0.0032674  -0.00511799
  0.00364541 -0.01239305 -0.0090862   0.00555501 -0.00293285 -0.00746399
  0.00288721 -0.00777721 -0.00061448]
[ 0.00671699  0.00217252  0.00157783  0.00518366 -0.00126912 -0.00735236
 -0.00349197 -0.00213378  0.00587586  0.00970842  0.00574695  0.00054951
 -0.00687211  0.00237824 -0.00857491  0.00729721  0.01543113 -0.0096184
 -0.00726584 -0.00097762 -0.0136872 ]
[ 0.0085484   0.00483489 -0.03003072  0.01586273  0.0053649   0.01822258
  0.03690459 -0.01076127 -0.0065243   0.00384721  0.01151687  0.00721929
 -0.00111776  0.00248485  0.00186167 -0.00249435 -0.006798   -0.00405776
  0.00070441 -0.00437751  0.00104482]
[ 0.00239024 -0.0084144  -0.00081376 -0.00048564 -0.00123918  0.00138571
 -0.00225616 -0.00184666 -0.00187069 -0.00029318 -0.00176945 -0.00214774
 -0.00232578 -0.00038649  0.00480551 -0.00109758 -0.00053313 -0.00627437
  0.00027347 -0.00467204  0.00406283]
[ 0.01034412  0.00335944  0.00691087  0.00958805  0.00193844 -0.00319814
 -0.00192728 -0.00365926  0.00566829  0.01539092 -0.01756171  0.02173477
 -0.01780029 -0.00069627  0.02045645  0.01022319 -0.00762677  0.01408118
 -0.01093288 -0.00058147 -0.00149756]
[ 0.01524356 -0.00393996  0.0063801   0.00027489 -0.00502286 -0.01252581
  0.01334533  0.00280046 -0.00696058 -0.0020864  -0.01991902 -0.00653552
  0.0042052  -0.0166761  -0.01537631 -0.00604174  0.01937441  0.01099898
 -0.00579614  0.03764866  0.0129408 ]
[  5.11556910e-03  -8.14544429e-03   5.20427835e-05  -1.14257338e-03
  -6.70415058e-04   2.72864569e-03   3.35877173e-04   3.53436230e-03
  -6.40385710e-03   6.97347382e-03  -9.96872187e-03  -1.51886749e-02
   2.50546195e-05  -1.61245295e-02   3.62849669e-03   2.54450987e-03
   1.61346986e-03  -7.02389707e-03  -1.13704807e-02  -5.52882640e-03
   1.01399446e-03]
[  1.55782559e-02  -2.80140518e-03   3.09355654e-03  -2.30942330e-03
  -8.14700310e-03  -6.92373915e-03   1.46065414e-02   8.39614958e-03
  -5.71029878e-04   1.88089207e-02  -3.32498726e-02  -1.18006792e-02
   8.74637461e-05  -2.81149823e-02  -2.88026825e-02  -4.39630520e-03
   1.15376942e-02   3.22160181e-03  -1.52457114e-02   3.15352175e-02
   3.25704193e-04]
[ 0.02128126  0.00531987  0.00271242  0.00798454  0.02082286  0.01303086
 -0.00351643  0.0147535  -0.0020075   0.01400068  0.00121643 -0.04448944
 -0.00596063  0.00560956  0.00479826  0.02565834 -0.00742614 -0.00017364
 -0.00529904 -0.01393745  0.00303304]
[ 0.00296534  0.00147979  0.00393996  0.00111013  0.01407485  0.0070482
 -0.00385604 -0.00353573  0.00256055 -0.00347058  0.00101558 -0.00114502
  0.0007764  -0.00539118 -0.00604355 -0.00094154  0.00206524 -0.00457834
  0.00142865 -0.00075961  0.00088309]
[ 0.00797375 -0.00269999  0.00670301 -0.00403139  0.0070467  -0.00421966
  0.00402815 -0.00203774 -0.00050819 -0.01252582 -0.00277775  0.01077133
 -0.01281631 -0.00439158 -0.00071357 -0.00209325  0.00058603  0.00737258
 -0.00539686 -0.01651724 -0.01626801]
[  1.48296350e-02   7.17236992e-03  -6.04742931e-05  -2.06377733e-02
  -1.22525352e-02   2.57385360e-04   2.30605184e-04   2.95116150e-04
   5.73001367e-03   7.06960849e-03   1.77903548e-02   2.00459190e-03
  -3.55903028e-03  -3.47536285e-03   8.41855993e-04  -1.46204054e-02
  -2.70633204e-03   5.00871706e-03  -1.58592753e-02  -2.01172909e-02
   3.47445120e-03]
[ 0.01207338 -0.00770001 -0.01349242  0.00102294 -0.00139013 -0.00520767
 -0.0068256   0.01582143  0.01660028  0.02397491  0.00585976  0.00882257
 -0.01399295  0.00681581 -0.02081978  0.00623896 -0.01932257 -0.00729863
  0.005859    0.00459861  0.00207428]
[ 0.01959809  0.01265464 -0.03494831 -0.01481795  0.00654769 -0.02873085
 -0.02668965 -0.00817352  0.00304598 -0.0122564   0.00371374  0.00051352
  0.02307905 -0.00946313 -0.01172764  0.01576019 -0.02836998 -0.01620956
 -0.0050368   0.0084473   0.00739092]
[ 0.01185343  0.0035375   0.00629974  0.00215394  0.00984697 -0.01568111
  0.00427142 -0.00648365  0.01561764 -0.00860002  0.00840783  0.0193841
 -0.00729952 -0.02040649  0.01290678  0.01998945  0.01237008 -0.00560047
 -0.0017453  -0.0054321  -0.02911311]
[ 0.03265296  0.01463731  0.00397555 -0.01433298 -0.02819001  0.02078155
  0.00425767  0.02581074  0.03003017 -0.00201833  0.00686628 -0.01671311
  0.0012569  -0.0102412  -0.00473749 -0.04393303 -0.03369292  0.01007525
  0.02081954 -0.00339026 -0.02693271]
[ 0.00650719  0.00392808 -0.00470869 -0.00930449 -0.00594578 -0.00575526
 -0.005643   -0.0076731   0.00583003 -0.00012253  0.01352506 -0.00429136
 -0.0083918  -0.00910684  0.00830837 -0.00352679 -0.002086   -0.00894898
  0.00112353  0.01077903  0.00228621]
[ 0.00982144  0.01127109  0.00839469  0.03239622 -0.0278102   0.01569743
 -0.02287406  0.00985632 -0.00845185 -0.01267025  0.00645198  0.01118172
  0.00446368 -0.00957154 -0.00874968 -0.00438159 -0.01296942  0.00102302
 -0.00315467 -0.00383704 -0.00237319]
[ 0.00327376  0.00290109  0.00291162 -0.00745734  0.00221856  0.01477274
 -0.00449816 -0.00371871  0.00028833  0.00081431 -0.0030123   0.00344965
  0.00257133  0.00731785  0.00159766  0.00320897  0.00508156 -0.00633633
 -0.00500392  0.01028623 -0.00261627]
[  4.71083253e-03  -5.70695026e-03  -3.54736052e-06  -2.71970148e-03
  -3.72096131e-03   2.70097663e-03  -3.07763887e-03  -4.01523192e-03
  -6.92571228e-03   5.39633425e-03  -8.96277248e-03  -1.39948837e-02
  -5.67892093e-03  -1.13496727e-02   1.51226192e-02  -1.93398758e-03
  -1.38481363e-03  -1.80629464e-02  -1.35223035e-03  -1.34634283e-02
   1.01248176e-02]
[ 0.00275986 -0.00235804  0.00202712  0.00012136  0.00473947  0.00439913
 -0.00277259 -0.00399155 -0.00399649 -0.00355028 -0.0018585   0.00084489
 -0.00281459  0.00579266 -0.00219236 -0.00288048  0.0041701  -0.00472918
 -0.00110373  0.0039361  -0.00455769]
[ 0.00243197  0.00013586  0.00245198  0.00027097  0.00178058 -0.00105788
  0.00218387  0.00294398 -0.00162103 -0.00572802  0.00239829 -0.00941997
 -0.00804491  0.00595365  0.00178634  0.00804711 -0.0058368   0.00592481
 -0.00137493  0.00796338  0.00387529]
[ 0.02262183  0.00800719  0.01793601 -0.01014585  0.01182406 -0.00870341
  0.01208752  0.03689656 -0.03542567  0.00512414  0.01280422  0.00211314
  0.00922972  0.02015837 -0.00154038 -0.01659295  0.00732948 -0.03088932
  0.00093413  0.02063834 -0.00695034]
[  1.55547834e-02   6.76478907e-03   4.14083947e-03   2.86011540e-02
  -1.38743006e-02   9.18838664e-04  -3.81019592e-03  -3.43937863e-03
   3.89555900e-03   6.55880505e-03  -8.90602994e-03   1.30532665e-02
  -1.20675465e-03  -4.53086922e-03   1.20278839e-03   1.28929149e-02
   1.49304096e-03   4.03773594e-03  -1.34398942e-02  -6.38015379e-05
   1.96916326e-02]

Right eigenvectors

[ 1.         -6.03941122 -0.93939254  0.37384772 -0.22213134  1.18780817
 -1.27095435  1.07082625  1.69815448 -0.11145542  2.16730981  1.54089462
  0.74890943  0.94557135  0.18749522  0.70312969 -0.01156685  0.27987561
  1.47701745  1.24409007  1.57616007]
[ 1.          0.20462437 -0.85935298  0.37734507 -0.14031434 -0.33372873
  0.60892933 -1.00090456 -0.6457389  -0.10819483 -0.81268538 -0.21371053
  1.27271292 -0.46899783 -0.13834094  0.84107966 -1.16713712 -0.14660176
 -0.24500476  0.55349419  0.25044589]
[ 1.          0.31338551  0.78098027  0.46600306  1.05333936  0.05791144
  0.1078651   1.29177967 -0.40696469 -0.15095089  0.90511737 -2.61969795
 -0.60953456  1.45477432  0.88460007  1.90132133 -1.31796084  1.26585186
 -0.6400452   0.7460567   0.4617983 ]
[ 1.          0.84626062  0.28526152 -2.89963328 -1.12577785  3.18404628
 -0.71420607 -0.82935587  0.59393008  0.51434295 -0.89343333  0.99751031
  0.91626631  1.36582341  0.95861042  1.09948146  0.11419983 -0.27160091
 -1.06210561  1.04130355 -0.0442653 ]
[ 1.          0.13750597  0.0495228  -0.35239264 -0.7600331  -0.71803569
  0.78471802 -0.8911802   1.52771978 -1.75129713  1.87412728 -0.53858226
 -1.43374601 -1.17909182  1.15947915  0.15760965  1.12727978 -0.1913902
 -0.61518073  2.23395522 -0.31244602]
[ 1.         -0.87261984 -0.31399171 -0.21476917 -0.27705715  0.13254737
  0.73529312 -0.05238829 -1.70995027  0.02241147 -1.37466135 -0.47726869
  1.00984786 -2.07210404 -0.53590826  0.73683541  0.43319171  0.13928416
  0.17502183  0.4208357  -0.32794843]
[ 1.         -3.44258906 -0.31173991 -0.35462643 -0.1961821   0.61329401
 -0.18995769  0.82552527 -1.33572593 -0.03107852 -0.22880687 -0.50493079
  1.16090537 -2.13961571  0.59764928  0.16876779  0.28807425  0.48281764
 -1.79745454 -0.93948772 -1.45111319]
[ 1.          0.12928446  0.64004092  0.27840301  0.08167429  0.19373192
  0.69462947  0.52850851  1.33020226  0.32450851 -1.3089996  -0.56808869
  1.04523999  0.36759108  0.06446128 -1.11292489 -0.44935659 -0.63922731
  2.0275117   0.08242879 -0.7293973 ]
[ 1.         -1.60854404  0.01679868 -0.15582224 -0.12011592 -0.23458178
 -0.25935611 -1.22283159 -0.97489885 -1.06777381 -0.71613867  0.32894326
 -0.71920162  1.30148308 -0.09039683 -0.57046893 -0.01673445  0.00197295
 -0.25344389 -0.32681568 -0.61859435]
[ 1.          0.57019446  0.56653793  0.27787828 -1.53503892  0.12446153
  0.4827153   1.02863352  1.70724245 -1.29220607 -0.23342295 -0.36030182
  1.51686084 -0.32995782  0.14803789 -1.14993092 -0.35942289  0.16562718
  1.86685891 -0.58860951  0.62079207]
[ 1.         -0.12566323  0.67740967 -1.37343015 -0.60221996 -0.56750177
  1.15313204  0.35564103 -1.1409347  -3.21477348 -1.09823883  0.92224608
 -3.0210351   0.80486406 -1.99203249  0.92585151 -0.58253833 -0.73289913
  0.99754317 -2.05070397  0.23032598]
[ 1.          0.64426575  0.6116999  -2.24236173 -0.2587412   2.10547398
 -0.13760469 -0.04111912  1.16893926  0.35238508 -0.13817676  1.33816908
 -0.43027085  0.29092859 -1.08499198 -2.49973611 -1.25716784  0.50946508
 -2.27850773 -1.33099828  2.77801472]
[ 1.          0.17635321  0.83406638 -0.1006439   1.88495492 -0.01446577
 -0.22647087  0.45762081 -0.99398794 -0.49770944  0.94122723 -1.05999625
  0.63278152  0.09162066  0.56117074 -0.40786428 -1.36679437  3.43107877
 -0.61960353  0.11549038  0.33486291]
[ 1.          1.24485297  1.04200449  3.73566673 -2.54655836  1.79594224
 -2.96005987  0.98843499 -1.64046403 -1.20016734  1.701158    0.25986886
  0.257613    0.12521953 -1.50654414 -0.30232952 -0.77495841 -0.80142475
 -1.58763329 -0.11624194 -1.8943742 ]
[ 1.         -0.11836712  0.38256728 -0.90670072  0.02033396 -0.43297498
  0.56875616  0.48689941 -0.60675009  0.41343684 -0.62744314  1.18583792
 -1.4445346   0.57468009 -1.79505868 -0.7432187  -0.39874874 -0.85216683
 -0.61167852 -0.37101015  0.99878327]
[ 1.          0.41125644  0.16134461  0.38893044  0.24996783 -0.39190386
 -1.01889061 -1.05582916  0.6423187   1.228225    1.19630122  1.21014573
 -2.68437626 -2.07795649  1.87477016  1.21158209  1.67361995  0.21691605
  3.30874231  0.95235061 -2.3752835 ]
[ 1.          0.29005908  0.88374361 -0.02546583  1.00201264 -1.40372583
  0.713884    1.61619334 -1.38229074  0.59046416  0.6622949   2.15326301
  1.17626171  0.49444789  1.89716554 -0.23454474  0.13259832 -0.8986775
  0.00649045  0.48259366  1.3048181 ]
[ 1.         -0.61087998  0.68311082 -0.44082046 -0.93332834 -0.82674614
  0.9947064  -0.30083714 -0.6513511  -3.8804895  -1.21298732  0.39748185
 -2.4877805   1.46032905 -1.23542402  0.7393614  -0.10178425 -0.33575261
  1.29778922 -0.8030949   1.1000351 ]
[ 1.          0.85110723  0.02623281  2.03819185 -0.47907086  1.12014263
 -2.46192511 -0.88823598 -2.10213148  1.17847434  0.1491274   1.71935448
 -3.46441986 -1.99859215  2.30018947  0.71718163  1.71646743  1.23908433
  5.15543324  1.65169909 -1.79540064]
[ 1.         -0.01786936  0.2670414   0.78931558 -0.55777931 -0.77550466
 -0.0890829  -0.82534746  0.95069377  0.35820355 -0.07979978 -0.86546002
  0.43746479  1.51147983 -0.17259558 -0.66424452  1.50593285 -0.29009779
 -0.28596901 -1.11124851 -0.16229544]
[ 1.          0.16720975  1.01314646 -1.12310723  0.66842679 -0.51006523
  0.87068208  2.80856318 -2.59154491  0.03047022  1.65239968  0.40388482
  1.41142965  0.35407679  0.71446152 -2.23095488  0.00524017 -0.16654742
 -1.39768518 -0.23815005 -2.93276906]
[ 1.         -0.67738478  0.1130255   0.45295781  0.25878601  0.02943088
  0.05332165  0.83276591  1.48212222  1.07401197  0.18766229 -1.10939397
 -0.46321308  1.10861355 -0.05344557  0.33005037 -1.17994113  0.39893942
  1.1982283  -0.10753998 -0.77962414]
[ 1.         -0.17880198  0.53091265 -1.04853422  0.26271842 -0.19649493
  0.47299797  1.54467233 -1.15098526 -0.24774085  1.18756345  0.33473604
  0.98917184 -0.75108829  0.81569328 -1.26708746 -0.40141855  1.56239084
 -1.27751611 -1.34913308 -1.96886201]
[ 1.         -5.49462958 -0.71425048 -0.06970298 -0.26967129  1.11669568
 -0.82087114  1.25418122 -0.30413038 -0.0863974   0.92090272  0.32228552
  1.56439701 -1.72610387  0.72591662  0.55303888  0.33036786  0.72346569
 -1.42715887 -0.51891726 -1.11566935]
[  1.00000000e+00  -1.75482184e-04   2.08627436e-01  -7.18928455e-01
  -5.26516415e-01   1.23877950e+00   2.45270018e-02  -1.41410265e+00
   4.58056822e-01   6.24326726e-01  -3.15369113e+00   1.56413009e+00
   7.87284589e-01   1.87043234e+00   2.03960213e+00   9.23039406e-01
  -2.31917440e+00   4.77871887e-03   7.24436210e-02   1.75039735e+00
  -2.54039431e+00]
[  1.00000000e+00  -3.75074341e-02   4.59859124e-01   1.34929232e-01
  -1.02234054e-03  -9.30269357e-01   3.79106590e-01  -3.65527890e-01
   7.35832306e-01   9.12331755e-01  -9.70290351e-01   5.61970388e-01
  -1.17762970e+00  -2.01897469e-01   5.95022061e-01  -2.91327261e-01
   5.30837200e-03   1.02479946e+00  -1.03864951e+00  -3.56301938e-01
  -7.89784700e-01]
[ 1.          0.10315141  0.6751767  -0.24953062 -0.30347675  1.10381864
  0.68827413 -0.56970752  1.77765802  0.86341955 -4.15688029  0.73855523
  1.97590262  2.2367813   2.05121152 -0.5068235  -3.11105272 -0.89525133
  3.008069    2.12764492 -4.2771567 ]
[ 1.          0.05940502  0.55094906 -0.84555317 -0.58151959 -0.03145331
  0.77209821  1.02625733 -2.06188096 -1.5331262  -0.96769503 -0.09862413
 -1.58813101  0.09139741 -0.86706987 -0.74016484 -1.20755105 -2.39089329
  1.7896338  -1.22549575 -0.61953489]
[ 1.          0.17660728 -0.45552104 -0.22784341  0.19881466 -1.29435263
 -1.32685633 -1.87213462 -0.673574    0.16861625  0.53437745 -0.50265035
  0.86937265  0.75226113 -0.37136528 -0.34862309 -0.28213791 -0.08886831
 -0.0544397  -0.28884265 -0.23804012]
[ 1.          0.09360035 -0.21395681 -0.08281443  0.49415564 -1.13802315
 -0.78392832 -1.19135883 -1.5478921   0.07726108 -0.05722641  0.15420346
  0.99645738  0.20770877 -0.08032755 -0.65528679 -0.57019199  1.9271908
  0.72266416  0.84198472  0.71242209]
[ 1.         -0.81002708  0.28843124  0.54051116 -0.17776651 -0.11277885
  0.49550706 -0.4879621   1.24917706 -0.92716213  0.507978   -0.25666904
  0.34522469 -0.17346635 -0.16277881 -0.630402    2.12566274  0.36159093
 -0.34806343  1.22974431  1.3934005 ]
[ 1.          1.67591724 -6.74873666 -0.49391568  1.88349798 -1.61863367
 -3.98028206  3.269909    1.13160172 -3.47789953 -3.14996761  0.13595394
 -0.0133377   0.48666002  1.75683244 -1.52626868  1.83617313 -0.4413995
 -2.07973759  0.84352812  0.64625905]
[ 1.          1.1828459   0.88927184  4.16660175 -3.23592492  1.55133449
 -2.41292608  0.8125667  -0.69047888 -1.00641779  0.21992613  2.02631314
  0.46353743 -1.46389964 -1.01817666  0.27347478 -1.69828179  0.43404176
 -1.44375505 -0.57362119  1.19756675]
[ 1.          0.69722653 -0.17837549 -1.82674491 -1.10561314  0.36268875
  0.19903041  0.30636131  0.10645524 -1.22586575 -0.0190371   0.42318821
  0.97720602  0.16496459 -0.80595578  2.7207141   0.60377452  0.64012375
  0.14547005 -1.49907986  0.50075848]
[ 1.          0.78806874 -0.29747119 -0.73885466 -1.11680647  0.5680522
 -2.21923106 -1.71337788 -2.02165806  1.98701632  1.33377945  0.13783836
 -1.97621505 -1.66678145  2.29059654 -0.43372123  1.80565246  1.48190074
  4.9682      0.9071402   1.75298724]
[ 1.         -0.0508591  -0.41095183  0.43469698 -0.18302364 -1.74073221
 -0.58208642 -2.6749456  -0.66832932  0.260685   -0.72992668 -0.77154012
  1.61632835  1.9514641  -0.37714092 -0.88268543 -0.20132222  1.27071804
 -0.99532737 -0.89145243 -0.79692557]
[ 1.          0.21215434  0.75296911  0.97391589 -0.81259472 -0.61958387
  0.56533616 -0.00259868  1.98267884 -0.34002569 -1.16033742 -0.89791462
  1.97846411  1.43785939  0.10314828 -1.13397113  1.52232144 -0.91281331
  2.08758694 -1.25493111  0.29018111]
[ 1.          0.09290487 -0.50111212  0.52697594 -0.73253731  0.33329061
  1.14926876 -1.05268317  0.26519824 -0.28783659  1.25732567 -0.33340052
 -0.29797776  0.37718946  0.14031927 -0.48752292  1.31084233 -0.03099579
 -1.25833043  0.27060078  0.16737249]
[ 1.          1.80030675 -7.68672731  0.2013368   2.09760184 -0.36041533
 -3.43464008  4.50561295  1.12628226 -3.25028316 -3.69898335  0.11567534
 -1.38821325  1.04759655  2.42534273 -2.37723908  3.31295959  0.58405155
 -1.45384937  0.1959678   0.05861841]
[ 1.         -4.28596302 -0.488607    0.0846937  -0.21043531  0.44703114
 -0.88507793 -0.43740245  0.05003293 -1.00438541  0.49742016  1.13045061
 -0.31357786  1.82920262  0.00671775 -0.23852155 -0.0253342   0.15138709
  0.48231646  0.26323852  0.02777421]
[ 1.         -0.60029499 -0.18120603  0.07146171 -0.6142033   0.25963109
 -0.00294545 -0.6705457  -2.65769352 -0.47737512 -1.91270587 -0.68085316
 -0.73562335 -1.34352625  0.52754387  0.03421177 -0.80320997 -2.0252119
  1.24485192 -0.94966042  0.08397477]
[ 1.          0.32856369 -0.30429777 -0.72552134 -0.10428514 -0.88696673
 -0.4589805   0.02090866 -0.0729332   1.44147943  1.04579412  0.15782012
 -0.50542229  0.42697549 -1.10109391  0.03681172  0.30578549 -0.53420586
  0.12939942 -0.71430898  0.42449487]
[ 1.          0.57140359  1.32966975 -1.35504058  2.25765528  2.71703722
 -0.3552726  -0.5410214   1.89723441 -0.48406678 -0.1805153   1.55004688
 -0.41416542 -0.90015565 -1.76637835 -3.83776281 -1.16377314  1.6186373
 -2.41090036 -1.9923557   4.94109219]
[ 1.          0.06517583 -2.20421884 -0.57057376  0.20369308 -1.66358279
 -1.69902309  0.68833959  1.36044081  1.12681306  0.64340226  0.71615919
  0.18127606  0.01454937 -2.47982402  1.54020173 -3.72391728 -1.81368412
  0.2311172   1.0658731   0.78946008]
[ 1.          0.78735549 -3.24841427  0.85420979  0.5718328   1.42807629
  0.31048958  1.72070424 -0.01931268  0.33981333 -0.40714037 -0.03424815
 -1.40378514  0.47376679  0.33328474 -0.45910316  0.78552456  1.019862
  1.20155076 -0.82219946 -0.70910263]
[ 1.          0.45925344  1.25324358 -0.38200528  1.23960167 -1.48929043
  1.0670838   2.86342782 -2.76960046  0.76358793  1.20282431  2.2029621
  1.65552105  1.52224818  1.95374842 -1.12953971  0.56646952 -2.85652769
  0.06269556  1.84013996  1.33503261]
[ 1.          0.40552107  1.10400102  0.69041867  1.96889719 -0.19264024
 -0.18414855 -0.90483045  1.67603016  0.15659848 -0.48140559  2.64815368
 -1.90074348 -2.16265308  1.90853123  1.26485685  0.60271304  1.35428026
 -0.25174245 -0.4958689  -1.73775175]
[ 1.         -0.14547963 -0.11434309  0.26784828  0.76614095  0.14946409
  0.72001754 -0.19790198  0.19957634  0.2043167  -0.01970694  0.60491933
  0.16574259 -0.41386978 -0.38170326  0.13678523 -0.26447859 -0.23598864
  0.9493463   0.11183954 -0.17185881]
[ 1.          0.65866187 -0.02871839  1.58903564 -0.46616507  1.00014507
 -1.5673425  -0.32620827 -1.68774905  0.42751309 -0.28420389  0.73880852
 -1.29682904 -0.54388956  0.77589345  0.02266572  0.38720853  0.58306841
  1.58721728  0.52850072 -0.08136039]
[ 1.         -0.03747511 -0.17141757  0.9949007  -0.72337357 -0.76663741
 -0.13547077  0.61793092  1.12953029  2.37646673 -0.77339487  0.4578328
 -1.14958723 -0.70705676 -2.61907797  1.18391906  0.76617194 -0.87548192
 -1.52822985  1.55311004 -0.19200333]
[ 1.          0.53229359 -0.39784783 -1.0761683  -0.39671098 -0.4125145
 -1.10607363 -0.82269771 -1.9156043   1.82264026  1.08865716  0.11861347
 -0.18878347 -0.49565925 -0.26355491  0.132824    1.70311132  2.49639167
  3.55038948  0.06229518  1.50835721]
[ 1.          0.43050868 -0.02018908 -0.90178124 -1.24026113 -0.08178332
  0.27900453 -0.35416865  1.15536878 -0.60285427  1.3527398  -0.86832302
 -1.31772193 -0.93464012  1.15263373 -1.58238467 -0.62213025 -0.0805042
 -0.10432691  1.26858829 -0.63849817]
[ 1.          0.21010479  1.10648704  0.22867649  2.66803541  1.20848633
 -0.26172517 -0.51685112  0.88728424 -0.73628318 -0.05542395  0.31980793
 -0.00969868 -0.96959871 -0.57670426 -1.01233433  0.14386475  0.75270362
  0.1215721  -0.31195921  0.95473175]
[ 1.          0.40438714 -0.25415646 -1.21290811 -0.4927785   0.74908664
  0.45462771  0.66612224 -0.75759163  0.60408912  0.08571109 -0.2001302
  0.63140144 -0.30662353 -0.8863476   1.1627806   1.57523103  1.30996181
  0.74715542 -0.67254974 -0.41137623]
[ 1.          0.35502393  0.62736422  0.77434456 -1.00544137 -0.47272642
  0.4274355   0.38234662  0.90126574 -1.28449953 -0.43833561  0.1442533
  1.37260802  0.00600623  0.27306799  0.32014606  0.7123455  -0.16929318
  0.81258738 -0.34274507  1.23595138]
[ 1.          0.38448484  0.96130413  1.00842225  0.89090231 -0.09395592
  0.12594592  0.6879852   0.3031177   0.45680648 -0.54571657 -0.32451652
 -0.07016151  0.36162549  1.77059799  1.1597515  -0.38595765  0.52329469
 -0.63207039 -0.68968278  2.23026373]
[ 1.          0.53908976  0.49975773  1.23958863  0.02865313  0.39647717
 -0.97690243  0.0133717  -0.89223082  0.17680493  1.12562171 -1.11780676
 -0.28968336  1.33206569 -0.42687882  0.25711942  0.92439605 -0.84276717
 -0.98403382  0.38316402 -1.20949963]
[ 1.          0.4481769   1.03766566  0.49226865  0.41355423 -1.78735619
  0.87957272  0.99428177  0.35767254 -0.83746129  0.57238854  2.62515517
  1.54699356 -0.68183497  2.42082217  1.17522081  1.46299147 -1.30829452
  0.62632516 -0.19846872  0.56159592]
[ 1.          0.18547539  0.24051733 -0.4585885  -1.13404776  0.15148006
  0.92523478  1.16946262  0.81716153  1.09923154 -1.91630568 -1.28156913
  0.04632543 -2.32793105 -2.22098023 -1.85651038 -0.33068023  0.64479321
 -0.46337612  2.54474032 -1.11426274]
[ 1.          0.5195598  -0.41921883 -1.51152167 -0.48032515 -0.15825751
 -0.02724328  0.58870176 -0.75954345  1.96062408  1.13879256 -0.0318113
  0.09740763  0.15509723 -2.19813161  1.34035685  2.25903894  0.90359827
  1.10256928 -1.81498512  0.05358916]
[ 1.          1.10237959  0.09593962 -3.75211091 -1.83156976  3.11250271
 -0.47821133 -0.50704325  0.67771568 -0.59814666 -0.93492841  1.45755287
  2.00383799  1.72800295  0.25750376  4.30655061  0.85254444  0.40974755
 -1.24902449 -0.44622667  0.60579215]
[ 1.          0.49416795 -3.04165448  1.76323805  0.11544394  1.7240691
  4.32749954 -2.00605787 -0.86684266  0.21008451  1.49656616  0.52331362
  0.40256548  0.25290588  0.23124655 -0.11249586 -0.82850421 -0.68413468
 -0.91307197 -0.07681242  0.47007096]
[ 1.          0.56368189  0.05233421 -0.87053682 -0.64948756 -0.54802628
  0.18849608  0.85698835  0.36018361 -0.8237052   1.19416261 -0.30003408
  0.85015345 -0.59397905  0.53336741 -0.83095517 -0.96052829 -0.07574494
 -0.3777107  -0.01574872 -0.72355438]
[ 1.         -4.24673609 -0.62738054  0.23791137 -0.13536675  0.70144926
 -0.74025077  0.60725406  0.90548666 -0.0588555   1.10410229  0.76488843
  0.35330859  0.43389458  0.08503643  0.30579188 -0.00471823  0.11157932
  0.57472113  0.47574336  0.56134045]
[ 1.          0.83231941 -2.49804674 -0.37180523  0.01646826  1.81151291
  0.66367957  2.05293902 -0.76686005  0.90760383 -0.28867675 -0.24533889
 -0.69910785  0.13501332 -0.68421239  0.91231646  2.94735057  2.94211846
  2.47171113 -1.94357711 -1.54991085]
[ 1.         -0.0294998   0.64466431  0.61774543  0.22859639 -0.1890933
  0.1463989   0.02467957  0.75004219  1.15188414 -1.41555119 -1.89361101
 -0.28729906  0.3017031   1.78362412 -0.02085193  0.10704723 -0.90549023
 -0.15191576 -2.1678038   1.05925814]
[ 1.          0.03943774  0.23163967 -0.16145491  0.27902775 -1.26331064
  0.12895413  0.83050108  0.14812057  2.15171244 -0.2709601   2.28769186
 -1.62927167  0.66949539 -0.09205778  0.08028167 -0.89806155 -0.29077917
 -0.83903505 -0.27797954  0.96817605]
[ 1.         -0.53450735 -0.06952092  0.14112799  0.08238932 -1.75082957
 -0.55354242 -2.44579447 -1.16564773  0.1171805  -1.20325598  0.10343328
  0.47483314  1.79383769  0.01057219 -1.39344901 -0.49526693  2.71229648
 -1.00473104 -0.47795702 -1.02740726]
[ 1.          0.36853481  0.94622144  0.20478014  2.16866109  2.0723546
 -0.89846965 -0.43286926 -0.57711449 -0.3056372   0.01580367 -0.01826849
 -0.25211693  0.63766205 -0.61987305 -0.34179354  1.22528623 -1.34215527
 -0.0615133   1.38432154 -0.55885444]
[ 1.         -0.38520985  0.50667304 -0.54096016 -0.49410745 -0.74437654
  1.16594166 -0.25091171 -0.27558426 -2.93609324 -0.12131728 -0.84334971
 -3.03342297  0.61008782 -0.52088895  0.72312096 -0.45406073  0.51503623
  0.43053909  2.03593388  0.73121183]
[ 1.          0.21689004  0.34447042 -0.00891135  1.28098655  0.35877482
 -0.10113746 -0.50910717  0.20166033 -0.25318212  0.03594129  0.28626769
  0.6383974  -0.81218831 -0.65351102 -1.66374747 -1.04745261  1.75956505
  1.55100701  0.35689596  0.50523768]
[ 1.          0.54553918  0.21172177 -0.31654349 -0.52351257 -0.44258527
  0.57918192  0.34740124  0.84752101 -1.38633668  0.80157992 -0.60065419
  0.60947374 -0.57233987  0.72068414  1.61289982 -0.47212565  0.44309381
 -0.1149667   0.25911204 -0.50602316]
[ 1.          0.50873029 -0.23818597 -1.93638794 -1.32563373  0.57917871
 -1.27327771 -1.676999   -0.08892574  0.85277105  1.06444197 -0.81253392
 -0.94694346 -0.95313678  2.32577789 -0.95992959 -0.03821314 -1.10739335
  0.4598667   0.32752097  1.03624071]
[ 1.          0.42820062 -0.48561414 -0.13509242  1.88417759 -1.06852563
 -1.05288372 -1.47395432  0.67104895 -0.65745091  0.75485378  0.24679956
  1.07394293 -1.61252577 -0.90556929  1.40487867 -0.8964718  -1.47059523
  0.47515368 -0.73204788 -1.22498913]
[ 1.          0.47913127  0.60139001  0.281664    3.84981366  0.93624114
 -1.12968187 -1.08486405  1.0570473  -0.80831956  0.57155016 -0.89526393
  0.63767344 -2.16785338 -1.58940212  0.97171014 -0.51302767 -1.30563738
  0.50504438 -1.36042785 -0.10748761]
[ 1.          0.32343593  0.23490209  0.77172443 -0.18894253 -1.09459113
 -0.51987075 -0.31766942  0.87477526  1.44535299  0.85558433  0.0818086
 -1.02309446  0.35406323 -1.27660068  1.08638102  2.29732814 -1.43195143
 -1.08171109 -0.14554385 -2.03769853]
[ 1.          0.56558991 -3.51302407  1.85563853  0.62759168  2.13169559
  4.31713674 -1.25886431 -0.76321946  0.45005084  1.3472553   0.84452031
 -0.13075711  0.29067973  0.21778032 -0.2917915  -0.79523708 -0.47468106
  0.08240302 -0.51208512  0.12222378]
[ 1.         -3.52031148 -0.34044961 -0.20317701 -0.5184331   0.57973487
 -0.94390436 -0.77258095 -0.78263539 -0.12265632 -0.74027932 -0.89854594
 -0.97303024 -0.16169424  2.01046816 -0.45919003 -0.22304509 -2.62499153
  0.11441008 -1.95462707  1.69975657]
[ 1.          0.32476783  0.66809619  0.92690755  0.18739559 -0.30917441
 -0.18631623 -0.35375246  0.54797197  1.48789022 -1.69774718  2.1011707
 -1.72081201 -0.06731039  1.97759105  0.98830865 -0.73730449  1.36127367
 -1.05691728 -0.05621258 -0.144774  ]
[ 1.         -0.25846738  0.41854403  0.01803312 -0.3295072  -0.82171198
  0.87547312  0.18371415 -0.45662434 -0.13687075 -1.30671709 -0.42874005
  0.27586741 -1.09397706 -1.0087089  -0.39634727  1.27098979  0.7215492
 -0.38023531  2.46980794  0.84893543]
[ 1.         -1.59228507  0.01017341 -0.22335215 -0.13105386  0.53340022
  0.06565783  0.69090305 -1.25183669  1.36318632 -1.94870242 -2.96910757
  0.00489772 -3.15204998  0.7093046   0.49740504  0.31540378 -1.37304314
 -2.22272058 -1.08078423  0.19821733]
[ 1.         -0.17982791  0.1985817  -0.14824659 -0.52297273 -0.44444893
  0.93762367  0.53896595 -0.03665557  1.20738296 -2.13437709 -0.75750965
  0.00561448 -1.80475802 -1.8489029  -0.28220779  0.74062811  0.20680119
 -0.97865329  2.02430989  0.02090762]
[ 1.          0.24997925  0.12745583  0.37519121  0.97846031  0.61231641
 -0.1652362   0.69326278 -0.09433177  0.65788779  0.05715978 -2.09054586
 -0.28008812  0.26359171  0.22546868  1.20567784 -0.348952   -0.00815933
 -0.24900054 -0.65491666  0.14252169]
[ 1.          0.49902899  1.32867164  0.37437018  4.74645436  2.376861
 -1.30037206 -1.19235381  0.86349291 -1.17038167  0.34248361 -0.38613406
  0.26182411 -1.81806525 -2.03806391 -0.31751611  0.69646037 -1.54395296
  0.48178372 -0.25616265  0.29780495]
[ 1.         -0.33860974  0.84063455 -0.50558266  0.88373692 -0.52919422
  0.50517668 -0.25555658 -0.06373319 -1.5708826  -0.34836147  1.35084949
 -1.60731286 -0.55075523 -0.08949052 -0.26251735  0.07349495  0.9246068
 -0.67682832 -2.07145201 -2.04019592]
[ 1.          0.48365114 -0.00407794 -1.39165754 -0.82621961  0.01735615
  0.01555029  0.01990043  0.38638939  0.47672168  1.19964887  0.13517473
 -0.23999446 -0.23435256  0.05676849 -0.98589112 -0.18249485  0.33775053
 -1.06943126 -1.35656009  0.23429108]
[ 1.         -0.63776794 -1.11753439  0.08472681 -0.11514044 -0.43133498
 -0.56534334  1.31043938  1.37494885  1.98576649  0.48534525  0.73074591
 -1.15899175  0.56453215 -1.72443711  0.51675352 -1.60042729 -0.60452251
  0.48528257  0.38088806  0.17180618]
[ 1.          0.64570795 -1.78325084 -0.75609137  0.33409816 -1.46600226
 -1.36184926 -0.41705708  0.15542251 -0.62538759  0.18949522  0.02620253
  1.17761692 -0.48285961 -0.59840722  0.80416957 -1.4475887  -0.82709898
 -0.25700449  0.43102688  0.37712461]
[ 1.          0.29843678  0.53146971  0.18171457  0.83072821 -1.32291845
  0.36035359 -0.54698509  1.31756379 -0.72553036  0.70931662  1.63531635
 -0.61581542 -1.72156927  1.08886462  1.68638591  1.04358731 -0.47247661
 -0.14724048 -0.45827273 -2.4560928 ]
[ 1.          0.44826883  0.12175144 -0.43894896 -0.86332159  0.63643676
  0.13039156  0.79045617  0.91967671 -0.0618116   0.21028054 -0.51184047
  0.03849266 -0.31363779 -0.1450861  -1.34545311 -1.03184866  0.30855537
  0.63760028 -0.10382699 -0.82481661]
[ 1.          0.60365205 -0.72361302 -1.42987922 -0.91372478 -0.88444617
 -0.86719484 -1.17917302  0.89593706 -0.01882968  2.07847985 -0.65947969
 -1.28962005 -1.3995042   1.2767984  -0.54198354 -0.32056822 -1.37524537
  0.17265973  1.65647967  0.35133676]
[ 1.          1.1476001   0.85473062  3.2985204  -2.83158091  1.59828163
 -2.32899251  1.00355124 -0.86055113 -1.29006044  0.65692851  1.13850106
  0.45448328 -0.97455554 -0.89087558 -0.44612495 -1.32052109  0.10416163
 -0.32120276 -0.39068003 -0.24163363]
[ 1.          0.88616607  0.88938214 -2.27791573  0.67768152  4.51247465
 -1.37400513 -1.13591658  0.08807294  0.24873747 -0.92013728  1.05372957
  0.78543779  2.23530713  0.48802192  0.98021144  1.5522117  -1.93549348
 -1.5284961   3.14202664 -0.79916495]
[  1.00000000e+00  -1.21145259e+00  -7.53021996e-04  -5.77329264e-01
  -7.89873401e-01   5.73354416e-01  -6.53311035e-01  -8.52340195e-01
  -1.47016737e+00   1.14551605e+00  -1.90258780e+00  -2.97078778e+00
  -1.20550262e+00  -2.40927111e+00   3.21017974e+00  -4.10540508e-01
  -2.93963672e-01  -3.83434273e+00  -2.87047001e-01  -2.85797218e+00
   2.14926290e+00]
[ 1.         -0.85440454  0.73450054  0.04397199  1.71728709  1.59396989
 -1.00461269 -1.44628709 -1.44807761 -1.28639811 -0.67340314  0.30613544
 -1.0198324   2.09889782 -0.79437495 -1.04370637  1.51098358 -1.71355977
 -0.39992237  1.42619591 -1.65142004]
[ 1.          0.05586217  1.00822604  0.1114186   0.73215388 -0.43498915
  0.89798231  1.21053334 -0.66654813 -2.35529679  0.98615159 -3.87338658
 -3.30797799  2.44807382  0.73452161  3.30888074 -2.40002928  2.43621579
 -0.56535441  3.27445491  1.59347462]
[ 1.          0.3539588   0.79286299 -0.44849807  0.52268351 -0.38473502
  0.53432992  1.63101605 -1.56599533  0.22651291  0.5660116   0.09341158
  0.40800074  0.89110272 -0.06809263 -0.73349303  0.32400018 -1.36546529
  0.04129328  0.91231995 -0.30724044]
[ 1.          0.43490088  0.26621004  1.83873689 -0.8919636   0.05907113
 -0.24495332 -0.22111389  0.25044122  0.4216584  -0.57255892  0.83918021
 -0.07758094 -0.29128462  0.07732595  0.82887138  0.09598597  0.25958162
 -0.86403609 -0.00410173  1.26595351]
