Cluster centers 

[-1.37735404 -0.1506064   0.41868358 -0.57315994]
[ 1.16223911 -0.4389406  -0.26867417  0.30147191]
[-0.36840832  0.86261644  0.10945524 -0.79624261]
[-1.06776851  0.11413935 -0.49800317  1.71516914]
[ 1.41967796  0.07942022  3.04005843  1.05832623]
[ 0.04727684 -0.11104711 -1.46480705  0.73940733]
[-0.7709993  -0.11380497 -0.07417807 -1.04191359]
[ 1.04247416 -1.08177808  2.02653192  0.79487899]
[ 0.94364908  0.8982745   0.23587269 -1.3540769 ]
[ 0.44642451  0.72476818 -1.2304125   0.74067676]
[-0.53806845 -1.2230887  -0.54595815 -1.59840289]
[ 0.30852544  2.34497495  0.08587583  0.11432168]
[ 0.69596693 -1.34012316 -0.8217621   0.11377995]
[-1.02381868  1.4224968   0.50464786  2.22159012]
[-2.72275263 -0.00340269  2.67448009  0.85933819]
[-2.24538608 -0.96435114  0.89404454 -0.09750739]
[ 1.16233389 -0.83935654  1.01679095  0.52912324]
[ 0.51283425 -0.03613093  0.09812608 -1.67080097]
[ 0.69155824  1.68521316 -0.08611205 -0.78197464]
[-0.06841617 -0.17256037 -0.26382884 -1.50771543]
[ 0.8440408  -1.51169257  0.1450533   0.23564621]
[ 1.57923385  1.09419669 -0.18144372  0.20761901]
[-0.70316682  0.74039604 -0.47236185  1.6668322 ]
[-0.65928199 -0.25182289 -1.14852009  1.18327498]
[ 0.75656862 -0.2802461  -1.25034274  0.32920329]
[-0.4503282   1.23683522  0.32545324 -0.49329861]
[ 0.24705407  1.87200836 -0.54625462  1.05235568]
[ 1.4757365   0.14944315  0.44821853  0.4005258 ]
[-1.87033612 -0.13803441  1.04597099 -0.11345348]
[ 0.85101076 -0.37311037  1.3257109  -1.64732983]
[-0.8512708   0.91873174  0.53193223 -0.40469324]
[-1.74442757  0.49093552  0.84975031  2.58298359]
[-0.50817469 -0.21352796 -0.23731248 -1.26945168]
[-0.07862412 -0.91520755 -1.65711548  0.4691825 ]
[ 0.0537804   0.39478093 -0.17085345 -1.3173004 ]
[ 0.77595181 -1.78110436  1.54720176  0.55427601]
[-1.21446814 -1.90154569 -0.7349873  -1.25156657]
[-1.93181146 -0.63451078  0.72982644 -0.28196489]
[-1.14852539 -0.31764072  0.09533031 -0.84246072]
[ 1.44010286 -0.10839802  1.23583309  0.58075722]
[-0.29464285 -1.99152246 -1.75632275 -0.00591178]
[-0.97150413  1.57593261  1.081954    0.17589819]
[-0.54530384 -2.28483529 -0.76836424 -1.73411583]
[ 1.0045811  -1.22623848  0.80426947  0.43930597]
[-1.00446545 -1.23312748 -1.36767062  0.87696845]
[-0.02178155  0.3306158  -1.26638693  0.95054179]
[ 1.06949409 -0.89331291  0.09525678  0.32087545]
[ 1.26618849 -0.12825611  3.580114    1.26851528]
[-0.78176599 -0.68445762 -0.31908424 -1.26916558]
[ 0.82747386 -0.74570274 -0.97585528  0.21957069]
[ 0.74822693  2.0610356  -0.14300584 -0.40715569]
[-1.16551822  0.6108254   0.01499718  2.0485758 ]
[-1.39995793 -0.23538332 -0.32577804  1.82791074]
[-1.40077385  0.36546622  0.79873934 -0.28052046]
[ 0.54301892  0.00333496 -1.40552298  0.49150931]
[ 1.34001752  1.01984447  0.91000945 -1.22549316]
[ 0.85620808  1.24516525  0.03405137 -1.14885909]
[-2.32856433 -0.21246227  1.70323681  0.31170562]
[-0.03244944  1.43915394  0.10696102 -0.62283216]
[ 1.08333782  1.60270979  0.04176211 -0.94046944]
[ 0.94846398  0.95728866 -1.07235331  0.4653163 ]
[-1.59347457 -0.44820823  0.45211814 -0.51816187]
[-0.10541699 -0.47357666 -1.54546547  0.68633393]
[-0.0376404  -0.99210975 -0.28687637 -1.78981939]
[ 0.64657743 -1.8748021  -0.21815387  0.06810484]
[-0.95902015  0.27342548  0.2702037  -0.70299127]
[-0.33213302  1.01578275 -0.66531477  1.42899615]
[-0.27077476  2.17369664  0.58068139  0.19896471]
[ 0.80956345 -0.08541245  0.69890447 -1.67839537]
[ 0.47105104  1.37855767 -0.95656423  0.83823439]
[ 0.77027087 -1.73956903  1.98081862  0.69732517]
[-2.03999374 -1.03932908  0.54955869 -0.32648642]
[ 1.25678133 -0.34987713  0.06568226  0.35130253]
[ 1.03385648 -1.0416166   2.36277271  0.90412065]
[-0.50003821 -0.39531955 -1.33688575  0.98816468]
[-0.88149411  1.8879623   0.71433025  2.18330186]
[-1.53118188  0.54114683  0.52308293  2.38384699]
[ 1.59279361  0.42767376  2.60907187  0.85161679]
[ 0.39962138  0.37028918 -0.0737094  -1.47645198]
[-0.37595454  0.38224277 -0.07634398 -1.07081378]
[-0.85122127  1.08836206 -0.02901376  1.93596036]
[ 1.40998768  1.85898253  0.1145495  -0.67726614]
[ 0.99423146 -0.71875521 -0.55550052  0.24479298]
[ 0.99101522  0.01030968 -1.00140013  0.32012019]
[ 0.28823369  0.3946033  -1.33726157  0.7558731 ]
[ 1.48909034  0.02820791  1.77151858  0.70016718]
[-1.48211181 -0.6460803   0.19729197 -0.70006032]
[ 0.48941382 -1.33911304 -1.26568637  0.09901724]
[ 1.32953629  0.03133416 -0.17512826  0.32309224]
[-1.24315311  0.98924983  0.4576229   2.29206697]
[ 0.34886282 -0.35945919 -1.50674774  0.4753675 ]
[ 1.00211131 -1.21466779  1.77245404  0.70706583]
[ 0.12130258  0.90352171 -1.05938942  1.02070229]
[ 0.29695447  1.13862851 -0.08298608 -1.01782236]
[ 0.62847248 -0.68081516 -1.31297656  0.26399762]
[-0.79888128  0.12613695 -0.79433736  1.48372314]
[ 1.3895367   0.93925382 -0.56200495  0.27176003]
[-1.59739834 -0.26949244 -0.06956929  1.99389475]
[ 0.00379861  0.79262745 -0.08524612 -1.07495552]
[ 0.4427719   1.99612665 -0.02247783 -0.38844308]

Populations

0.031690367127
0.00879629832864
0.012018432762
0.00233619594681
0.00944609214944
0.0202741272212
0.00663928121267
0.00580018557361
0.0254481567115
0.00284497148597
0.00482962110342
0.00372090780849
0.0117070982288
0.0180561774983
0.0180747069282
0.00742950556673
0.0134499870846
0.0226130394631
0.0374283364008
0.005984747557
0.0251700875994
0.0323509947543
0.00899424827999
0.008519094904
0.014489577756
0.0260133038372
0.00865913360867
0.0257201451172
0.0502439911778
0.00265150173288
0.0174275818875
0.0102492420466
0.00671668726831
0.00526060520386
0.0093751521356
0.0250369660057
0.00720995837838
0.0134053883303
0.0210147045179
0.00436267142616
0.00669920465497
0.0206870225487
0.0117002911541
0.00545858693241
0.00367141716677
0.0297079486122
0.00478833342007
0.00437262190148
0.0197091872624
0.00338934818005
0.00625801067606
0.00528198998128
0.00688182007631
0.0233963638082
0.00450535555067
0.00763286756963
0.00387288044929
0.0130730574358
0.00953247938628
0.00698396278633
0.00912135452844
0.0129330794435
0.0018759164936
0.00268941915394
0.00327553094377
0.00591015775305
0.0127087224806
0.00746701673707
0.00302358193918
0.0134445064261
0.0489935768219
0.0148189355129
0.00238130916653
0.00600773869481
0.00624906975432
0.0142301747601
0.00206652493027
0.00320142996271
0.00413878050779
0.0194484300754
0.00837341033534
0.00857931189983

State labels

0
1
2
3
6
8
9
11
12
13
14
15
16
17
18
19
20
22
23
24
25
26
27
28
30
32
33
34
35
36
37
38
39
40
41
42
43
45
46
47
48
49
50
51
52
53
54
55
56
57
58
59
60
61
62
63
64
65
66
67
71
72
74
75
77
78
79
80
81
82
83
84
86
88
89
90
91
93
94
96
98
99

Eigen values

1.0
0.907719800365
0.806507877794
0.757757506745
0.747226218457
0.716443033879
0.709053466016
0.697295724336
0.643050814112
0.626187881934
0.608481191709
0.602184779061
0.585662595537
0.571497743732
0.552141188856
0.537446563786
0.523394228247
0.494793705632
0.48031335903
0.467043383257
0.456190605186

Left eigenvectors

[ 0.03169037  0.03459307  0.00049189 -0.0033042  -0.0016298   0.00356861
  0.02123197 -0.02040393  0.00844193  0.00103773 -0.04677971  0.01085416
 -0.00789234 -0.02726277  0.0048605   0.03083897 -0.01156385 -0.00231157
  0.00165144 -0.00470243  0.01011863]
[ 0.0087963  -0.01162087 -0.00157664  0.00074227 -0.03070179  0.00165046
 -0.0078262   0.00332875 -0.01878627  0.01881994 -0.00449212 -0.01200159
 -0.01368169 -0.01370971 -0.003447    0.00021208  0.00383418 -0.00900826
  0.00484481 -0.00351209  0.0037371 ]
[  1.20184328e-02   8.73930967e-03   1.17972225e-03  -1.73268137e-03
  -3.99807369e-05   6.79439984e-03   1.74806005e-02  -1.14105209e-02
   8.39618637e-03   1.51742853e-03  -2.09633193e-02   3.13684315e-03
  -3.45186205e-03  -6.27458757e-03  -8.63279277e-03   2.00942747e-02
   1.22014207e-02  -7.87158792e-03   9.30370814e-03   9.78711830e-03
   6.24999735e-03]
[  2.33619595e-03  -9.82795904e-06  -2.51818714e-04  -1.65386981e-03
   9.31591454e-04   1.06653986e-03   7.30331075e-03   5.05751418e-04
   1.33115939e-03   2.56502426e-03   9.18073479e-04   1.51878684e-03
  -1.18157701e-04   5.24201067e-03  -1.52221430e-02   2.02145213e-03
   4.22193096e-03  -4.19065605e-03  -3.77316922e-03  -6.63163741e-03
   1.21578308e-02]
[ 0.00944609 -0.00790756  0.01470365  0.00079482  0.00789064  0.01544782
 -0.00845635  0.01665833  0.01391673  0.00768094 -0.00835089  0.00671759
 -0.00146068  0.0031599   0.02203921  0.00360107  0.0141456  -0.00781802
 -0.01678248 -0.01171074 -0.00088021]
[ 0.02027413 -0.02313418 -0.0061983  -0.01487519 -0.03909024  0.01238389
 -0.01345673 -0.00328829 -0.03673703  0.02481406  0.00329194 -0.0198474
 -0.03248437 -0.02406976 -0.00168276 -0.00267664  0.01864003 -0.0020029
  0.00830367 -0.01540808 -0.00254012]
[ 0.00663928  0.0014293   0.01004827  0.00799016  0.00620191 -0.00015893
  0.00553382 -0.00541282 -0.0039046  -0.0026606  -0.0031695  -0.00719138
  0.00810349 -0.02187779 -0.00309258 -0.00527587 -0.02147236  0.00641226
  0.01110167 -0.01808741  0.00052711]
[ 0.00580019 -0.00058175  0.00386405  0.00547755  0.00504789 -0.00662467
  0.000457    0.00949689 -0.00624927 -0.00321455  0.00389645  0.00502835
  0.00430969 -0.0151662  -0.00598554  0.00141165  0.00298636  0.0058833
 -0.00363281  0.00531095 -0.00394086]
[ 0.02544816 -0.01756649  0.00395507 -0.03432005 -0.01494667  0.00679452
  0.00031217  0.0019067   0.00499496  0.00687064  0.00597661 -0.01890075
 -0.03616756 -0.00979428  0.00973099 -0.0305283   0.00110492 -0.00083598
 -0.00949032 -0.00747711  0.00676025]
[ 0.00284497 -0.00138852  0.00271836  0.00175329  0.00274773  0.00822993
  0.00165476  0.0030666  -0.00055731 -0.00348847 -0.00150867 -0.00848396
 -0.00024967  0.00162828 -0.01019906 -0.00067126 -0.00464566 -0.00220135
  0.0055103   0.00450915 -0.00701895]
[  4.82962110e-03   2.51479462e-03  -1.77177096e-03   1.24464476e-03
   5.28899410e-03  -8.04382052e-03   2.71165946e-03   6.22827755e-03
  -1.32044415e-02  -3.15668540e-05  -4.95209683e-03  -1.16922690e-03
  -7.04522174e-04   5.32594416e-03   1.71379170e-03   7.03179743e-03
  -1.48371402e-03   5.60929317e-03  -1.13749676e-02  -8.33342609e-03
  -3.89877635e-03]
[ 0.00372091 -0.00210985  0.00687759  0.00315252  0.002413    0.00624528
 -0.00190451  0.00751533  0.00449114 -0.00319834 -0.00392916 -0.00651729
  0.00469204  0.00045132  0.00140985 -0.00053023  0.0016016   0.00662752
  0.00322059 -0.00336309  0.00550513]
[ 0.0117071  -0.00932627  0.02205132  0.01486662 -0.02054969 -0.02157483
 -0.00849974  0.01600415  0.00919311 -0.00839884  0.00084767  0.01136404
  0.00759359 -0.0003338   0.00174563  0.01191061  0.00746683 -0.01292434
  0.0224198  -0.00879468  0.0156983 ]
[ 0.01805618 -0.00346854  0.00384009 -0.03482789 -0.00522646 -0.0056126
  0.0188644   0.0027486   0.00704322  0.00511492  0.00379481  0.02284577
  0.00417859  0.00167145 -0.02597687 -0.04058533 -0.01092082 -0.00523317
 -0.02157614 -0.01749054  0.02425009]
[ 0.01807471  0.01363505 -0.00045439 -0.01571425 -0.00172333 -0.01019861
  0.01673247  0.0005039  -0.00551497 -0.00677331 -0.0281465   0.01389651
  0.00790256 -0.00386592 -0.00376946 -0.02442456  0.00771057 -0.0075168
 -0.00524959  0.00670266 -0.00721172]
[ 0.00742951 -0.00471213  0.00261937  0.00305485  0.00595883  0.01357404
  0.00563841  0.00355856 -0.00446775 -0.00183956  0.00078491 -0.00174676
 -0.00966676  0.00127824 -0.02516509  0.00576575 -0.00448963 -0.017242
  0.00883847  0.00820158 -0.02303567]
[ 0.01344999  0.00804068 -0.00548706  0.00570378  0.01539252 -0.01695606
  0.01547525  0.01379096 -0.03468179  0.00454625 -0.0173795  -0.00046021
 -0.01938957  0.025809    0.01754224  0.01865339 -0.01915682  0.00948475
 -0.0094936  -0.02115495  0.00648938]
[ 0.02261304 -0.03036603 -0.04716736  0.03414341 -0.00472518  0.0086707
  0.02440426 -0.01419762  0.02057718 -0.01452318  0.00734425  0.00877917
  0.00488407  0.01311571  0.00926511 -0.00735545  0.01620306  0.02324592
  0.00426162 -0.0223011  -0.01361844]
[ 0.03742834  0.03255464  0.00292049 -0.0299799  -0.0208847   0.00327817
  0.03028495 -0.02224337  0.02267507 -0.02817478 -0.03841944  0.00236512
 -0.00515783 -0.02056658  0.02168325  0.0073326   0.00346995 -0.00441314
  0.01148616  0.03263956 -0.0125852 ]
[ 0.00598475  0.00366178  0.00132964 -0.00010884 -0.00079827 -0.00948813
  0.0013904   0.00897225 -0.00613299 -0.0029889   0.00023064  0.00074203
  0.00807614  0.00302554  0.00267332 -0.00706955  0.01009697 -0.00179672
  0.01008354 -0.00510075 -0.01010718]
[ 0.02517009 -0.02949609 -0.04384232 -0.00496084  0.03249413 -0.03183555
 -0.01803297 -0.00990325  0.02859315  0.00110975 -0.00696506 -0.02232379
 -0.01138592  0.00127419  0.00947433 -0.00222778 -0.01366413 -0.00737598
  0.02684299  0.00125269  0.0200324 ]
[ 0.03235099  0.04987184 -0.01447032  0.02215534  0.00124321  0.00780651
 -0.03097726  0.01661802 -0.01626776  0.01418314  0.03752732 -0.01022418
  0.00436159  0.04243079 -0.00218846 -0.03798362  0.011719   -0.00586577
  0.02283685  0.01020724  0.01564862]
[ 0.00899425 -0.00081661  0.01062036 -0.00163295 -0.0092383  -0.01600357
  0.00528132  0.01476542  0.0054265  -0.00497872  0.00697052  0.00370743
  0.01165121 -0.00713802  0.00474655 -0.00113185  0.008845   -0.00413217
  0.02172714 -0.01562388 -0.00568491]
[ 0.00851909 -0.0096972  -0.01514853  0.01414461  0.00046856  0.01012887
  0.0154625  -0.00568779  0.01251192 -0.00760047 -0.00064222  0.00221289
  0.00119647  0.01096312 -0.01130288  0.00348622  0.0184875   0.01215863
  0.01036161 -0.01618309 -0.00723159]
[ 0.01448958 -0.01545674 -0.01190933 -0.00939571  0.01272358 -0.01437169
 -0.0109314  -0.00134221  0.01958538  0.00610185 -0.00190239 -0.01001897
 -0.02682917 -0.00531677  0.00697231 -0.0138357  -0.00589123  0.01130382
  0.01616412  0.01726684  0.02388638]
[  2.60133038e-02   9.27263322e-03  -4.98987239e-03  -4.44929687e-04
   1.34113126e-02  -2.94121276e-02  -7.81459308e-03   2.03464638e-02
  -2.59228611e-02  -8.36764407e-03  -9.31471143e-05  -6.48655867e-03
   3.05265644e-02  -1.47243242e-02  -2.16673413e-02   5.76139403e-03
   2.63285618e-02   1.17973940e-02  -3.97006936e-02  -2.44223872e-03
  -3.01237806e-02]
[ 0.00865913 -0.00801611  0.00373937  0.00044145  0.00885523 -0.00768403
 -0.00774039  0.00359202  0.01058665  0.00605339 -0.00086264  0.00837403
 -0.01658057 -0.00435877 -0.00097668 -0.00399091  0.00098955  0.02003277
  0.00579194  0.0234515   0.01133064]
[ 0.02572015 -0.01698466 -0.0098028  -0.02764318 -0.00643316  0.01409608
 -0.01373412 -0.01713892 -0.03847643 -0.01985167  0.01051954  0.00486465
  0.04012403 -0.00471783  0.00456282  0.01646362  0.01659757  0.03297005
 -0.0176129   0.00577466  0.00837074]
[ 0.05024399  0.08391271 -0.02423476  0.01539396 -0.02117286  0.02125526
 -0.04925739 -0.02038899  0.0423109   0.00558031  0.02074488  0.01427335
 -0.01617524 -0.02921809 -0.00782889  0.02950408 -0.02440507  0.00739331
 -0.02177892 -0.02809512 -0.00537149]
[ 0.0026515  -0.00039328  0.000377   -0.00544285 -0.00028028 -0.00028189
  0.00628716  0.00065357  0.00183502  0.00225445  0.00115944  0.00474278
  0.00065729  0.0034818  -0.01436504 -0.00639244  0.0006728  -0.00401785
 -0.00730582 -0.00874598  0.01466911]
[ 0.01742758 -0.02026891 -0.02002228 -0.02035979  0.01369067  0.00362188
 -0.01869032 -0.01092655 -0.00657794  0.00496627  0.0052349   0.01864503
  0.02674124  0.00648263  0.00452714  0.01425144 -0.02469509 -0.01281985
  0.03008823  0.00141446  0.0046417 ]
[ 0.01024924 -0.00168638  0.00213297  0.01715371  0.01479958  0.00815806
  0.01424761  0.01095937 -0.019181   -0.00480911  0.01491844  0.00564531
 -0.00851815 -0.02226125  0.001223    0.00051419 -0.01146749 -0.01840979
 -0.00231089  0.01621102  0.00964759]
[ 0.00671669 -0.00455878  0.00864766  0.00569348  0.00194228 -0.01196387
 -0.00576013  0.00889696  0.00345049 -0.00026682  0.00111456  0.01242971
 -0.00388914 -0.00810012 -0.00875164  0.00043217  0.00221946  0.01760343
  0.0021633   0.01636416  0.00051718]
[ 0.00526061 -0.00674181 -0.01231028  0.01515282  0.0025284   0.00574692
  0.01383508 -0.00166319  0.00087288 -0.01108528  0.01487162  0.01007047
 -0.00343623 -0.01068893  0.01285519 -0.01062911  0.00525843 -0.00751525
 -0.00703172  0.00088817  0.00042926]
[ 0.00937515 -0.00881429 -0.01940741 -0.00252365  0.01933059 -0.02531554
 -0.01256362 -0.00056951  0.01315958 -0.00272152 -0.00725194 -0.02793638
  0.00591546 -0.00990506 -0.00509273  0.0027803   0.00692565 -0.0254138
 -0.01034384  0.00133941  0.00076555]
[ 0.02503697  0.03872368 -0.0091881  -0.0020455  -0.0156418   0.01088487
 -0.01360187 -0.01682146  0.02972762 -0.00704618 -0.00270831  0.0087568
 -0.01114472 -0.0250095   0.00402109  0.02129288 -0.01403278  0.00298521
 -0.00976004 -0.00445881 -0.01005352]
[ 0.00720996 -0.00060588  0.00857892  0.00457922  0.00264534 -0.0080815
  0.00041632  0.01117759 -0.00146011 -0.00397977  0.00103031  0.00222114
  0.01207517 -0.01719892 -0.00148074  0.00107927  0.0042953   0.00657601
  0.00546849 -0.01412501 -0.00559169]
[  1.34053883e-02   4.62554752e-03   1.01196348e-02   7.45915446e-03
   1.09388983e-02   7.82854373e-03   1.22583252e-02  -1.25454012e-02
   2.39978153e-04   2.65659794e-02  -7.61688369e-03  -2.15501685e-03
   4.38706604e-03  -6.27216342e-05   4.03201467e-03   1.65926515e-02
   2.02367425e-02  -5.04496618e-03   1.86021341e-03   2.15672691e-02
   1.98857404e-02]
[ 0.0210147  -0.01403726  0.01787799  0.00735061  0.01706332  0.01944552
 -0.00590261  0.00759525  0.00598547  0.0156845  -0.00316239  0.0173349
 -0.0069172   0.00064347  0.01411003  0.02037467  0.02586234  0.00111726
 -0.00490967  0.02001113  0.00972664]
[  4.36267143e-03  -1.62154129e-03   3.77220791e-03   2.46796140e-03
   2.24213594e-03  -6.74375371e-03  -3.47342579e-03   4.91538161e-03
  -7.07212062e-04   1.59475182e-04  -5.23877677e-04   5.15389237e-03
   1.96647701e-05  -3.40497538e-03  -9.46672568e-03  -8.77079719e-04
   8.43799851e-04   1.33142446e-02  -6.28302789e-03   1.07302357e-02
  -7.76614651e-03]
[ 0.0066992   0.00321631  0.00121461 -0.00067765  0.00483585 -0.00334398
  0.01285418  0.00587572 -0.00487795  0.0105121   0.00904701 -0.00795912
  0.00235961  0.01078452 -0.00469782  0.01473638  0.00239398  0.00135188
 -0.00710731  0.0035337   0.01114264]
[ 0.02068702  0.02163285 -0.00189793 -0.01438915 -0.00557099 -0.00986372
  0.01913753  0.00116679 -0.00974451 -0.0143474  -0.03514188  0.0097106
  0.0037181   0.0115616   0.01683812 -0.03446088  0.01531425 -0.01254567
  0.02164499  0.025203   -0.01931821]
[ 0.01170029 -0.01009758  0.01330821 -0.00847739  0.00824713  0.02475288
 -0.00939428  0.01738528  0.01488568  0.00796665 -0.00939386 -0.00214677
 -0.00418597  0.00817092  0.0230905  -0.0090965  -0.00054731 -0.01785942
 -0.02544023 -0.01564886 -0.01272876]
[ 0.00545859  0.00111067  0.00359358 -0.01377644 -0.00564601 -0.00746234
  0.01986802  0.00761079  0.01176259  0.00874139  0.02514882 -0.01102585
  0.00289049  0.00360157  0.00820893  0.01221496 -0.00722964  0.00447489
  0.00139316  0.0046204  -0.01142256]
[ 0.00367142 -0.00332642 -0.00588458  0.01155268  0.00430708  0.00497374
  0.01097884  0.00133376 -0.00383395 -0.00840736  0.013656    0.00825424
 -0.0045532  -0.01342319  0.00989614 -0.00798829  0.00090362 -0.0117215
 -0.00672597  0.00589236  0.00350063]
[ 0.02970795 -0.03094525 -0.0223691  -0.01956811 -0.01402999  0.02167769
 -0.01631974 -0.01873229 -0.04013469  0.00044864  0.01313922  0.00773479
  0.02366719 -0.00989359  0.01153979  0.02147738  0.02573075  0.02997794
  0.00662539 -0.00766309  0.00620516]
[  4.78833342e-03  -7.90303692e-03  -6.69944088e-03   1.61898794e-02
  -2.22627219e-02  -3.36833636e-03   2.98649213e-03   3.81794715e-03
   5.12547761e-03   8.15123458e-03  -1.07675487e-02  -9.77270346e-05
   1.21540481e-02   7.62351213e-03  -1.14266976e-04  -2.04837617e-03
  -1.67682231e-02  -1.92073672e-03  -1.29320852e-02   1.17204268e-02
  -1.89833877e-04]
[ 0.00437262 -0.00294894  0.00616002 -0.00112008  0.00399173  0.01335733
 -0.0025413   0.00798481  0.0057879  -0.00092502 -0.00543958 -0.01055932
  0.0017814   0.00456987  0.00639001 -0.00679613 -0.00405657 -0.00279017
 -0.00858421 -0.00546926 -0.00353294]
[ 0.01970919  0.00202342  0.00965145 -0.03465179 -0.01770494 -0.01387932
  0.03244497  0.01083271  0.02330238  0.00299246  0.02402554 -0.00600885
  0.00080537 -0.00752468  0.01123734 -0.0083467  -0.0061092  -0.00080451
  0.00861694 -0.00502058 -0.01119816]
[  3.38934818e-03   1.00670124e-03  -5.99819883e-04   4.30309523e-03
   5.77595720e-03  -1.77522566e-03   5.99282614e-03   5.07586943e-03
  -1.19864075e-02  -5.15090495e-05  -6.08300580e-04   1.22500335e-03
  -6.82178418e-03   9.35147056e-04   4.87474799e-03   5.11696126e-03
  -8.37181280e-03  -2.54626333e-03  -3.52144795e-03  -1.55856589e-03
   5.05226762e-03]
[ 0.00625801 -0.00267195  0.0171341   0.00965258  0.00579309 -0.00858136
  0.00032807 -0.02390634 -0.00157523  0.00655666  0.00391197 -0.00187191
  0.00310604 -0.00054896 -0.00020345 -0.0100692  -0.00878996  0.00246258
 -0.00080254 -0.01021893 -0.00837799]
[ 0.00528199 -0.00433102  0.01472371  0.007816   -0.00836215 -0.01224573
 -0.00558239 -0.00457622  0.00270273 -0.01455159  0.00566495  0.00364924
 -0.00125166  0.00939208  0.00066305  0.00798701  0.00127498 -0.0140423
  0.00735472 -0.00645847  0.00887143]
[ 0.00688182  0.00679912 -0.00129301  0.00094591  0.003871   -0.00412197
  0.00834265  0.00014425 -0.00915963  0.00168331 -0.01587412  0.00221587
 -0.00845432  0.00284237  0.00757025  0.01455051 -0.01029278  0.00325478
 -0.00353734 -0.01046637  0.00578782]
[  2.33963638e-02  -4.74788033e-03   1.14017655e-02  -2.23328264e-02
  -1.18354675e-02   1.30965177e-02   1.10573674e-05  -2.26596950e-02
  -9.71277019e-03  -4.43219522e-02  -1.74238651e-03  -2.51136977e-02
   6.39996719e-03   5.25034927e-03   1.23895314e-02  -7.45106876e-04
   1.54355743e-03   1.87627915e-02  -2.02477709e-02   2.40037899e-02
   1.57436744e-02]
[  4.50535555e-03  -5.10828341e-03  -5.95894104e-03   3.46959048e-03
   9.41311295e-04  -8.95154557e-04   2.25677756e-03  -1.95653209e-03
   1.29186045e-04  -2.71689285e-04   4.86564216e-05  -3.65527901e-04
  -1.10917300e-02   5.07605425e-03   3.34556858e-05  -7.56621602e-04
  -5.26151916e-04   6.64789063e-03   3.10020525e-03  -9.27895355e-03
  -1.01464957e-02]
[ 0.00763287 -0.01017592  0.00173195  0.01452073 -0.03186924 -0.00735496
 -0.00423674  0.00950974 -0.00276571  0.01226369 -0.01069512 -0.00350332
  0.00520912 -0.00158271 -0.00399776  0.00264949 -0.0104197  -0.01104417
 -0.00053209  0.00866621  0.00709316]
[ 0.00387288 -0.00301541  0.00017377  0.00435619  0.00259908  0.00780167
  0.00307258  0.00113704  0.00417195 -0.00268702 -0.0018827  -0.00397921
  0.00172615  0.0040518  -0.00324722  0.00134002  0.00614479  0.00718713
  0.00450988 -0.00160871  0.0004506 ]
[ 0.01307306 -0.00361558  0.01483169  0.00674009  0.00852008  0.02988782
  0.00144833  0.01292854  0.00376302 -0.01595788 -0.00909258 -0.04123629
  0.0135499   0.00604041 -0.00985627 -0.01193234 -0.01402237  0.01704787
  0.00921049  0.00553863  0.00776259]
[ 0.00953248 -0.00654206  0.025282    0.00911892 -0.00523028 -0.01391196
 -0.00739008 -0.02658222 -0.00168292 -0.02708992  0.01235002 -0.0018935
 -0.00964117  0.0207232  -0.00018229  0.00558446 -0.0041988  -0.01477294
 -0.00679024 -0.00354053  0.00123245]
[ 0.00698396 -0.00297466 -0.01098222 -0.00148911  0.01310138 -0.01979044
 -0.00882767  0.00299574  0.00411606 -0.00338705 -0.00510557 -0.02103997
  0.01028623 -0.01035224 -0.00843554  0.00343719  0.01141466 -0.0191946
 -0.01866764  0.00062498 -0.00685211]
[ 0.00912135 -0.00904554  0.00123342 -0.00302394 -0.00624857  0.0054291
 -0.00168374 -0.00269845 -0.00857073  0.0034675   0.00364368 -0.00592465
 -0.02725791 -0.00039702 -0.01021565 -0.00202555  0.00382753 -0.00435713
  0.00321416 -0.00554718 -0.02222122]
[ 0.01293308  0.00970122  0.00290375  0.01184444  0.00941267  0.01165429
  0.00310568  0.00857408 -0.01002814  0.00848529  0.01307364 -0.01573559
  0.00451203  0.01087812 -0.00371522 -0.00476089  0.00263264 -0.00405149
  0.00794303  0.02093128  0.02435483]
[  1.87591649e-03  -1.30927300e-03   1.72410093e-03   2.31934594e-03
  -2.07524343e-03  -6.08400401e-05  -9.89064329e-04   2.69667233e-03
  -6.33463863e-04   9.36590947e-05  -1.88585028e-03  -2.36483153e-03
   1.05292763e-03  -2.49651405e-04  -5.09104806e-03  -2.86564148e-04
  -2.26985546e-03   2.31661520e-03  -1.43161466e-03   5.75191454e-03
  -3.17231229e-03]
[ 0.00268942 -0.00016159  0.00435365  0.00293198  0.00280453  0.0046674
  0.00165765  0.00067298 -0.00044992 -0.00365297 -0.0026389  -0.00991181
  0.00514115 -0.00580734 -0.00303879 -0.00430065 -0.01052539  0.00625813
  0.00639062 -0.00574336  0.00213164]
[ 0.00327553  0.00030864  0.00798919  0.00596117  0.00567755 -0.00153533
  0.00441473 -0.01751518 -0.00111507  0.02036009 -0.00060245 -0.00354815
  0.007682   -0.00097372  0.00453758 -0.004775    0.00770816 -0.00125294
 -0.00040393  0.00194925 -0.0011859 ]
[ 0.00591016 -0.00154627 -0.00312849  0.00339493  0.00201258  0.00842792
  0.01366272 -0.00318229  0.00561869 -0.00115122 -0.00512007  0.00198893
 -0.00361871  0.00581157 -0.02491444  0.01078437  0.01241134 -0.00694423
  0.00813277 -0.0055459  -0.00059549]
[ 0.01270872 -0.0091994   0.02292129  0.00957043  0.00429241  0.00318501
 -0.00990016  0.02258045  0.01531499  0.00077731 -0.00757438  0.01003221
  0.00605958 -0.003503    0.01341006  0.00836047  0.0173512   0.0064813
  0.00205948 -0.01480614  0.00948354]
[ 0.00746702 -0.00321852  0.01232107 -0.00206867 -0.00522181 -0.00236522
 -0.00317783 -0.01796508 -0.00374111 -0.0269917   0.00563652 -0.00908392
 -0.0028953   0.01285637  0.00427052  0.0029011  -0.00187383 -0.00172493
 -0.01252669  0.00769854  0.00754752]
[ 0.00302358  0.00100622  0.0018306  -0.00662457 -0.00165222 -0.00446378
  0.01290488  0.00524638  0.00529997  0.00767695  0.01712486 -0.00865317
  0.00240749  0.00528241  0.00393083  0.01251294 -0.00418795  0.0036634
 -0.00134671  0.00474371 -0.00499582]
[ 0.01344451 -0.01245134  0.00588537 -0.01047243  0.01404186  0.01784544
 -0.01064899  0.00505341  0.00179756  0.00931162 -0.00066232  0.0235469
  0.00751853  0.01069656 -0.00265969  0.0067771  -0.01858286 -0.02198648
  0.00131553  0.00633384 -0.02255914]
[ 0.04899358  0.08057756 -0.02676018  0.0275334  -0.00974201  0.01378732
 -0.06260284  0.00519376  0.00995877  0.01562564  0.05394989 -0.00047164
  0.00027401  0.0148186  -0.01648255 -0.01352616 -0.00043991  0.00454759
 -0.00869349 -0.01748087  0.00290846]
[  1.48189355e-02  -1.21026601e-02  -5.53447942e-03  -2.41655620e-02
   5.25310147e-03   8.49040803e-03  -7.82307118e-03  -5.86269019e-03
  -1.06913937e-02   6.19023502e-04   6.05762218e-03   2.36905861e-02
   2.69921581e-02   5.52306574e-03  -6.25948583e-03   4.21633200e-04
  -1.62576302e-02  -4.94930262e-03  -1.74887589e-06  -1.11545019e-03
   5.19763320e-03]
[  2.38130917e-03   4.83166726e-05   2.47100695e-03   4.54783776e-03
   3.81907397e-03   1.33292085e-03   3.76814509e-03   5.51556083e-04
  -4.64105371e-03  -1.65892406e-03   2.05254875e-03  -9.34297351e-04
   6.39013121e-04  -1.13046403e-02  -7.00949143e-04  -1.58078189e-03
  -9.72633521e-03  -2.24160157e-03   3.41389085e-03  -2.51101905e-03
   2.74635892e-03]
[  6.00773869e-03  -9.79069529e-03  -1.32687827e-02   1.85508934e-02
  -1.75143956e-02  -8.27004537e-04   7.43227097e-03   3.66957510e-05
   9.16625203e-03   3.81486124e-03  -8.06282680e-03   2.06505717e-03
   1.27812293e-02   1.08160364e-02   2.36567126e-03  -4.14424885e-03
  -1.32511945e-02   4.78558748e-03  -1.36709274e-02   6.90531700e-03
  -4.64501587e-03]
[ 0.00624907 -0.00732561 -0.00376756 -0.00829346  0.00747389  0.00589088
 -0.0084198  -0.00186536 -0.00159343  0.00454277  0.00158522  0.01405611
  0.0120267   0.00600198  0.00077707  0.00798507 -0.01674479 -0.01403627
  0.01361273  0.003265   -0.00747475]
[  1.42301748e-02  -1.07246141e-02   1.69162284e-02   4.13672738e-03
   1.26890641e-02  -1.27910977e-02  -9.18870710e-03   7.28399199e-04
   7.75930167e-03   7.07401748e-03  -9.26797662e-05   2.36792948e-02
  -1.64223831e-02   3.70063451e-03  -1.36930381e-02  -9.31836994e-03
  -1.02671864e-02   2.75981218e-02  -7.57289634e-03   1.12216450e-02
  -1.18263839e-02]
[  2.06652493e-03  -9.22850127e-04   1.59439431e-03   1.19699143e-03
   6.35157053e-04   1.59952334e-04  -4.68423227e-04   9.10101991e-04
  -1.79671638e-03  -1.14525703e-03   1.81244016e-04  -6.05047829e-04
  -1.86764886e-03   6.65253905e-04  -6.80466008e-03   1.48968311e-03
   9.08498355e-05  -1.53838385e-03  -2.01789902e-03   4.15289215e-03
  -8.78263741e-03]
[  3.20142996e-03  -5.76254329e-04   1.02682531e-02   7.10944897e-03
   5.71599109e-03  -4.08792410e-03   3.19449855e-03  -2.10848217e-02
  -1.47650639e-03   1.87188155e-02   1.13627093e-03  -3.69838527e-03
   7.82438352e-03  -1.08503980e-03   3.96888629e-03  -9.12888213e-03
   3.03280957e-03   6.84144832e-06  -8.38167736e-04  -3.46966952e-03
  -5.92872506e-03]
[ 0.00413878 -0.00191915  0.00313235 -0.00559558  0.00106246 -0.00317981
  0.00207774  0.00065917  0.00291758  0.00244821  0.000829    0.00981277
 -0.00235399  0.00116461 -0.00932898 -0.01231119 -0.00515865  0.00517352
 -0.00796964 -0.00223901  0.00414767]
[ 0.01944843  0.02388172 -0.00582098  0.00234782  0.00229181 -0.0123471
  0.00426243  0.01547494 -0.02664338 -0.00226022 -0.01058477  0.00152907
  0.00147032  0.03595523  0.01793501 -0.03394755  0.01355618 -0.00786244
  0.02891555  0.00779632 -0.01083843]
[ 0.00837341 -0.00685059  0.0129005   0.0041135   0.00129292 -0.00242988
 -0.0054584  -0.00807572 -0.00161972 -0.00572457  0.00545039  0.00463229
 -0.01826661  0.00956089 -0.00757975  0.00421449  0.00218217 -0.00270506
 -0.00611328  0.00561627 -0.01524362]
[ 0.00857931 -0.00595188 -0.00791875  0.00255218  0.01133942 -0.0120615
 -0.00018995  0.00062408 -0.00162219  0.00262458 -0.00610226 -0.00030768
 -0.01744727  0.01133434  0.00439746  0.00258389 -0.01197185  0.01234043
  0.00410224 -0.01066619 -0.00250869]

Right eigenvectors

[ 1.          1.0915958   0.01552165 -0.10426517 -0.05142882  0.11260871
  0.66998167 -0.6438526   0.26638802  0.03274604 -1.47614922  0.34250652
 -0.24904525 -0.86028576  0.15337456  0.97313386 -0.36490113 -0.07294246
  0.05211175 -0.14838673  0.31929669]
[ 1.         -1.32110873 -0.17923945  0.08438442 -3.49030777  0.18763151
 -0.88971564  0.37842595 -2.13570205  2.13952985 -0.51068312 -1.3643913
 -1.55539201 -1.55857734 -0.391869    0.02411042  0.43588526 -1.02409637
  0.55077859 -0.39926883  0.4248495 ]
[ 1.          0.72715884  0.09815941 -0.14416866 -0.00332662  0.5653316
  1.45448253 -0.94941838  0.69860909  0.12625844 -1.74426398  0.26100268
 -0.28721399 -0.52208035 -0.71829605  1.67195466  1.01522561 -0.6549596
  0.77411991  0.81434231  0.52003431]
[  1.00000000e+00  -4.20682137e-03  -1.07790065e-01  -7.07932832e-01
   3.98764263e-01   4.56528426e-01   3.12615505e+00   2.16485016e-01
   5.69797835e-01   1.09794911e+00   3.92977944e-01   6.50111067e-01
  -5.05769651e-02   2.24382320e+00  -6.51578177e+00   8.65275078e-01
   1.80718187e+00  -1.79379476e+00  -1.61509108e+00  -2.83864777e+00
   5.20411434e+00]
[ 1.         -0.83712484  1.55658555  0.08414287  0.83533359  1.63536659
 -0.89522196  1.76351537  1.47327952  0.81313458 -0.88405792  0.71115015
 -0.154633    0.33451902  2.33315675  0.38122373  1.49750863 -0.82764574
 -1.77665809 -1.23974409 -0.09318246]
[ 1.         -1.14106918 -0.30572457 -0.73370299 -1.92808509  0.61082227
 -0.66373904 -0.16219162 -1.81201541  1.22392758  0.16237142 -0.97895228
 -1.60225763 -1.18721558 -0.08300046 -0.13202252  0.91939994 -0.09879101
  0.40956984 -0.75998755 -0.12528897]
[ 1.          0.21527889  1.51345699  1.20346756  0.93412336 -0.02393854
  0.83349646 -0.81527213 -0.58810578 -0.40073622 -0.47738643 -1.08315668
  1.22053696 -3.29520516 -0.46579978 -0.79464497 -3.2341386   0.96580646
  1.67211941 -2.7243017   0.07939254]
[ 1.         -0.10029801  0.66619387  0.94437453  0.87029848 -1.14214841
  0.0787899   1.63734168 -1.07742531 -0.55421418  0.67178007  0.86692957
  0.74302544 -2.6147785  -1.03195725  0.24338067  0.5148728   1.01432906
 -0.62632621  0.91565254 -0.67943713]
[ 1.         -0.69028549  0.15541662 -1.34862605 -0.58733811  0.26699445
  0.01226689  0.07492469  0.19627987  0.26998558  0.2348544  -0.74271596
 -1.42122513 -0.38487172  0.38238497 -1.19962698  0.04341828 -0.03285048
 -0.37292767 -0.29381719  0.26564795]
[ 1.         -0.48806172  0.9554969   0.61627765  0.96581822  2.89280012
  0.58164228  1.07790212 -0.19589261 -1.22618784 -0.530294   -2.98208879
 -0.08775973  0.57233737 -3.58494301 -0.23594747 -1.63293778 -0.7737686
  1.93685528  1.58495497 -2.46714384]
[ 1.          0.52070226 -0.36685506  0.25771064  1.09511574 -1.66551793
  0.56146422  1.28959962 -2.7340533  -0.00653609 -1.02535928 -0.24209495
 -0.14587525  1.10276646  0.35485014  1.4559729  -0.30721127  1.16143545
 -2.35525051 -1.72548237 -0.8072634 ]
[ 1.         -0.56702565  1.84836467  0.84724455  0.64849659  1.67842971
 -0.51184005  2.01975683  1.20700043 -0.85955819 -1.05596834 -1.75153295
  1.26099402  0.12129314  0.37889997 -0.14250008  0.43043167  1.78115563
  0.86553765 -0.9038351   1.47951346]
[ 1.         -0.79663416  1.88358555  1.26988121 -1.75531883 -1.84288409
 -0.72603312  1.36704682  0.78525985 -0.71741432  0.07240648  0.97069639
  0.6486314  -0.02851248  0.14910904  1.01738334  0.63780333 -1.10397463
  1.91506074 -0.75122645  1.34092146]
[ 1.         -0.19209696  0.21267458 -1.92886278 -0.28945558 -0.31084087
  1.04476175  0.15222475  0.39007276  0.28327837  0.21016682  1.26526083
  0.23142143  0.09256925 -1.43866945 -2.24772563 -0.60482451 -0.289827
 -1.19494529 -0.96867349  1.34303567]
[ 1.          0.75437195 -0.02513975 -0.86940539 -0.09534464 -0.56424758
  0.92573964  0.0278789  -0.3051206  -0.37473951 -1.55723117  0.76883763
  0.43721672 -0.21388577 -0.20854871 -1.35131147  0.42659456 -0.41587374
 -0.29043835  0.37083066 -0.39899507]
[ 1.         -0.63424531  0.35256374  0.41117866  0.80204963  1.82704438
  0.75892148  0.47897653 -0.60135292 -0.24760145  0.10564722 -0.23511064
 -1.30113102  0.17204852 -3.38718279  0.77606091 -0.60429743 -2.32074614
  1.18964484  1.10392006 -3.10056502]
[ 1.          0.59782101 -0.40795991  0.42407297  1.14442635 -1.26067487
  1.15057718  1.02535148 -2.57857406  0.33801171 -1.29215727 -0.03421665
 -1.44160534  1.9188866   1.30425696  1.38687035 -1.42429994  0.7051862
 -0.70584486 -1.57286017  0.48248257]
[ 1.         -1.34285483 -2.08584807  1.50989902 -0.20895807  0.38343788
  1.07921189 -0.62785107  0.90996973 -0.6422482   0.3247795   0.38823484
  0.21598479  0.58000643  0.40972431 -0.32527471  0.71653598  1.02798742
  0.18845873 -0.98620542 -0.60223828]
[ 1.          0.86978581  0.07802876 -0.80099466 -0.55799173  0.08758513
  0.80914502 -0.59429227  0.60582641 -0.75276601 -1.02648002  0.0631907
 -0.13780537 -0.54949231  0.57932704  0.19591038  0.09270907 -0.11790916
  0.30688397  0.87205469 -0.33624789]
[ 1.          0.61185216  0.22217105 -0.01818604 -0.13338401 -1.58538533
  0.23232356  1.4991863  -1.02476941 -0.49942028  0.03853837  0.12398621
  1.34945356  0.50554116  0.44668851 -1.18126101  1.68711663 -0.30021577
  1.68487231 -0.85229129 -1.68882271]
[ 1.         -1.17187087 -1.74184214 -0.19709286  1.29098214 -1.26481676
 -0.71644427 -0.3934532   1.13599716  0.04409008 -0.27671985 -0.8869173
 -0.45235933  0.05062324  0.37641211 -0.08850913 -0.54287181 -0.29304558
  1.06646387  0.04976887  0.79588119]
[ 1.          1.54158595 -0.44729146  0.68484253  0.03842874  0.24130678
 -0.95753664  0.51367867 -0.50285201  0.43841445  1.16000521 -0.31603915
  0.13482076  1.31157616 -0.06764731 -1.17410984  0.36224533 -0.18131656
  0.7059088   0.31551556  0.48371374]
[ 1.         -0.0907922   1.18079431 -0.181555   -1.02713452 -1.7793118
  0.5871887   1.64165112  0.6033302  -0.55354534  0.77499711  0.41220006
  1.29540678 -0.79362019  0.52773197 -0.12584112  0.98340619 -0.45942363
  2.41567046 -1.73709662 -0.6320605 ]
[ 1.         -1.13828958 -1.77818593  1.66034231  0.05500095  1.18896049
  1.81504035 -0.66765228  1.46869177 -0.89216923 -0.07538543  0.25975689
  0.14044511  1.28688776 -1.32676957  0.40922478  2.17012534  1.42722063
  1.21628087 -1.8996257  -0.84886831]
[ 1.         -1.06674898 -0.82192359 -0.64844605  0.87811935 -0.99186418
 -0.75443201 -0.0926331   1.35168738  0.42112009 -0.13129398 -0.69146079
 -1.85161821 -0.36693754  0.48119463 -0.95487274 -0.40658367  0.78013464
  1.11556897  1.1916732   1.64852133]
[ 1.          0.35645734 -0.19182002 -0.01710393  0.51555591 -1.13065714
 -0.30040756  0.78215608 -0.99652321 -0.32166787 -0.00358075 -0.24935543
  1.17349817 -0.56603053 -0.83293308  0.22147875  1.0121191   0.45351387
 -1.52616883 -0.09388422 -1.15801441]
[ 1.         -0.92574082  0.43184074  0.0509814   1.02264631 -0.88739002
 -0.89389876  0.4148239   1.22259892  0.6990758  -0.09962198  0.96707498
 -1.91480725 -0.50337261 -0.11279166 -0.46089014  0.1142786   2.31348476
  0.66888259  2.70829678  1.3085185 ]
[ 1.         -0.66036399 -0.38113319 -1.07476772 -0.25012134  0.54805586
 -0.5339831  -0.66636161 -1.49596458 -0.77183355  0.40900007  0.18913758
  1.56002333 -0.1834295   0.17740277  0.64010619  0.64531403  1.28187647
 -0.68478993  0.22451881  0.3254545 ]
[ 1.          1.67010441 -0.4823414   0.30638417 -0.42140076  0.42304091
 -0.9803639  -0.40579964  0.84210869  0.11106419  0.4128829   0.28408066
 -0.32193383 -0.58152399 -0.15581743  0.58721618 -0.48573115  0.14714816
 -0.43346315 -0.55917372 -0.10690808]
[ 1.         -0.1483244   0.14218223 -2.05274354 -0.10570608 -0.10631188
  2.37117084  0.24649029  0.69206928  0.85025346  0.43727488  1.78871619
  0.24789284  1.31314424 -5.41770119 -2.41087697  0.25374315 -1.51530968
 -2.7553532  -3.29850116  5.53237744]
[ 1.         -1.16303617 -1.1488848  -1.16825072  0.78557473  0.2078246
 -1.07245615 -0.6269688  -0.37744413  0.28496612  0.30037998  1.06985768
  1.53442056  0.37197524  0.25976844  0.81775188 -1.4170117  -0.73560666
  1.7264719   0.0811624   0.26634245]
[ 1.         -0.16453743  0.20810975  1.67365653  1.44396871  0.79596701
  1.39011351  1.06928623 -1.87145521 -0.46921621  1.45556519  0.55080263
 -0.83110051 -2.17199036  0.11932598  0.05016857 -1.11886207 -1.79621031
 -0.22546972  1.58167982  0.94129777]
[ 1.         -0.67872412  1.28748839  0.84766161  0.28917258 -1.78121518
 -0.85758478  1.32460494  0.51371857 -0.03972479  0.16593836  1.85057113
 -0.57902716 -1.20596929 -1.30296979  0.06434249  0.33043928  2.62084936
  0.32207891  2.43634398  0.07699938]
[ 1.         -1.28156631 -2.34008777  2.88043373  0.48062949  1.09244372
  2.62993998 -0.31615906  0.16592727 -2.10722501  2.82697866  1.91431766
 -0.65320099 -2.03188187  2.44367039 -2.02050995  0.99958605 -1.42859076
 -1.3366751   0.16883509  0.08159908]
[ 1.         -0.94017538 -2.07008992 -0.26918508  2.06189598 -2.70028023
 -1.34009749 -0.06074661  1.40366618 -0.29029078 -0.7735278  -2.97983188
  0.63097224 -1.05652281 -0.54321611  0.29656057  0.73872382 -2.71076128
 -1.10332469  0.14286757  0.08165783]
[ 1.          1.5466603  -0.36698129 -0.08169929 -0.6247482   0.43475182
 -0.54327133 -0.67186498  1.18734917 -0.28143111 -0.10817245  0.34975478
 -0.44513057 -0.99890312  0.16060596  0.85045769 -0.5604825   0.11923212
 -0.38982521 -0.17808901 -0.40154705]
[ 1.         -0.08403326  1.18987076  0.63512376  0.36690137 -1.12088076
  0.05774173  1.55029898 -0.20251345 -0.55198201  0.1429014   0.3080652
  1.67478993 -2.38544007 -0.20537458  0.14969121  0.5957458   0.912073
  0.75846406 -1.95909785 -0.77555161]
[ 1.          0.34505136  0.75489307  0.55642957  0.81600757  0.58398485
  0.91443268 -0.93584765  0.01790162  1.98173889 -0.56819568 -0.16075751
  0.32726139 -0.00467884  0.30077567  1.23775986  1.50959764 -0.37633868
  0.1387661   1.60885075  1.48341397]
[ 1.         -0.66797328  0.85073724  0.3497842   0.81197028  0.92532915
 -0.28088021  0.3614253   0.28482288  0.74635815 -0.15048475  0.82489362
 -0.32915992  0.03061997  0.67143589  0.96954355  1.23067807  0.0531655
 -0.23363016  0.95224434  0.46284927]
[ 1.         -0.3716854   0.86465552  0.56569958  0.51393647 -1.54578538
 -0.79616947  1.12669077 -0.16210528  0.03655448 -0.12008185  1.18136157
  0.00450751 -0.78047945 -2.16993781 -0.20104189  0.19341357  3.0518559
 -1.44017903  2.45955623 -1.78013555]
[ 1.          0.48010294  0.18130633 -0.10115434  0.72185468 -0.49916142
  1.91876143  0.87707791 -0.72813846  1.5691559   1.35046028 -1.18806909
  0.35222296  1.60982088 -0.70125096  2.19972094  0.35735292  0.20179742
 -1.0609186   0.52748063  1.66327819]
[ 1.          1.04572083 -0.09174497 -0.69556427 -0.26929861 -0.47680732
  0.92509815  0.05640223 -0.47104444 -0.69354571 -1.69874048  0.46940539
  0.17973083  0.55888168  0.81394612 -1.66582107  0.74028286 -0.60645114
  1.04630787  1.21830015 -0.93383227]
[ 1.         -0.86301964  1.13742523 -0.72454493  0.70486559  2.11557778
 -0.80290961  1.4858841   1.2722483   0.6808937  -0.8028742  -0.18348029
 -0.35776663  0.69835199  1.97349748 -0.7774591  -0.04677727 -1.5264082
 -2.17432467 -1.33747644 -1.0879013 ]
[ 1.          0.20347219  0.65833506 -2.52381054 -1.03433544 -1.36708228
  3.6397731   1.39427756  2.15487877  1.60140154  4.6072037  -2.01990993
  0.52953041  0.65979908  1.50385543  2.23775165 -1.32445233  0.81978855
  0.25522367  0.84644561 -2.09258507]
[ 1.         -0.90603171 -1.6028077   3.14665336  1.17313911  1.35472038
  2.99035544  0.36328083 -1.04426915 -2.28994868  3.71954483  2.24824454
 -1.24017615 -3.65613349  2.69545586 -2.17580431  0.24612317 -3.19263771
 -1.83198195  1.6049271   0.95348195]
[ 1.         -1.04164881 -0.75296686 -0.65868261 -0.47226385  0.72969317
 -0.54933931 -0.63054813 -1.35097492  0.01510155  0.44227962  0.2603611
  0.79666174 -0.33302841  0.38844106  0.72295075  0.86612344  1.00908802
  0.22301732 -0.2579476   0.20887203]
[ 1.         -1.65047757 -1.39911746  3.38110945 -4.64936753 -0.7034465
  0.62370179  0.79734363  1.07040951  1.7023114  -2.24870487 -0.0204094
  2.5382627   1.59210136 -0.02386362 -0.42778478 -3.5018913  -0.40112844
 -2.70074869  2.44770483 -0.03964508]
[ 1.         -0.67440895  1.40876987 -0.2561579   0.9128922   3.05476479
 -0.58118404  1.8260927   1.32366827 -0.21154806 -1.24400795 -2.41487041
  0.40739764  1.04510956  1.46136815 -1.55424676 -0.92771926 -0.63809911
 -1.96317132 -1.25079576 -0.80796803]
[ 1.          0.1026639   0.48969298 -1.75815407 -0.8983092  -0.70420552
  1.64618507  0.54962734  1.18231059  0.15183087  1.21900211 -0.30487572
  0.04086251 -0.38178541  0.57015759 -0.42349287 -0.30996731 -0.04081907
  0.43720424 -0.25473284 -0.56816976]
[ 1.          0.29701913 -0.17697205  1.26959374  1.70414985 -0.5237661
  1.76813529  1.49759457 -3.53649341 -0.01519733 -0.17947421  0.36142741
 -2.01271272  0.27590764  1.4382553   1.50971838 -2.47003623 -0.75125458
 -1.03897498 -0.45984237  1.49063105]
[ 1.         -0.42696487  2.73794678  1.5424365   0.92570847 -1.37126
  0.05242452 -3.8201178  -0.25171442  1.04772212  0.62511344 -0.29912211
  0.49632979 -0.08772057 -0.03251107 -1.60900961 -1.40459355  0.39350767
 -0.12824159 -1.63293525 -1.33876314]
[ 1.         -0.81996078  2.7875301   1.47974554 -1.58314331 -2.31839305
 -1.0568733  -0.86638229  0.51168699 -2.75494546  1.07250374  0.69088328
 -0.23696737  1.7781325   0.12553012  1.51212114  0.24138165 -2.65852445
  1.39241491 -1.2227333   1.67956194]
[ 1.          0.98798252 -0.18788848  0.13745016  0.5624972  -0.5989657
  1.21227417  0.02096064 -1.33098949  0.2446029  -2.30667441  0.32198854
 -1.22850065  0.41302591  1.10003595  2.11434009 -1.49564745  0.47295282
 -0.51401299 -1.52087293  0.84103075]
[  1.00000000e+00  -2.02932403e-01   4.87330663e-01  -9.54542620e-01
  -5.05867817e-01   5.59767228e-01   4.72610510e-04  -9.68513536e-01
  -4.15140159e-01  -1.89439490e+00  -7.44725346e-02  -1.07340174e+00
   2.73545378e-01   2.24408772e-01   5.29549440e-01  -3.18471230e-02
   6.59742447e-02   8.01953316e-01  -8.65423834e-01   1.02596242e+00
   6.72911164e-01]
[ 1.         -1.1338247  -1.32263502  0.77010359  0.20893163 -0.19868677
  0.50090998 -0.43426808  0.02867388 -0.06030363  0.01079969 -0.08113187
 -2.46189892  1.12667118  0.00742576 -0.16793827 -0.11678366  1.47555294
  0.68811556 -2.05953857 -2.25209655]
[ 1.         -1.33317131  0.2269063   1.90239523 -4.17526376 -0.96359054
 -0.55506547  1.24589296 -0.36234246  1.60669532 -1.40119327 -0.45897877
  0.68245857 -0.20735422 -0.52375661  0.34711621 -1.36510938 -1.44692239
 -0.06971082  1.13538118  0.92929226]
[ 1.         -0.77859563  0.04486875  1.12479317  0.67109853  2.01443572
  0.79335685  0.29359105  1.07722157 -0.69380418 -0.48612283 -1.02745526
  0.44570172  1.04619734 -0.83845142  0.34600134  1.58662108  1.85575763
  1.16447574 -0.41537838  0.11634846]
[ 1.         -0.2765676   1.13452334  0.51557102  0.65172831  2.28621473
  0.11078757  0.98894528  0.28784523 -1.2206693  -0.69552058 -3.15429599
  1.03647522  0.4620502  -0.75393783 -0.91274301 -1.07261568  1.30404647
  0.70453976  0.42366747  0.59378503]
[ 1.         -0.68629149  2.65219521  0.95661628 -0.54867981 -1.45942713
 -0.77525254 -2.78859476 -0.17654542 -2.84185478  1.29557224 -0.19863651
 -1.01140261  2.17395712 -0.01912329  0.58583499 -0.44047301 -1.54974813
 -0.71232696 -0.37141792  0.12928927]
[ 1.         -0.42592717 -1.57249181 -0.21321819  1.8759234  -2.83369844
 -1.26399149  0.42894537  0.58935883 -0.48497609 -0.73104203 -3.01261127
  1.47283619 -1.4822875  -1.20784474  0.4921549   1.6344096  -2.74838295
 -2.67292896  0.08948744 -0.98111993]
[ 1.         -0.99168844  0.13522294 -0.33152281 -0.68504804  0.59520786
 -0.18459359 -0.29583863 -0.93963373  0.3801524   0.39946677 -0.64953638
 -2.98836188 -0.04352688 -1.11997056 -0.22206657  0.41962349 -0.47768416
  0.35237786 -0.60815357 -2.43617522]
[ 1.          0.75010929  0.22452123  0.91582515  0.72779802  0.90112238
  0.24013457  0.66295732 -0.77538688  0.65609217  1.01086823 -1.21669316
  0.34887537  0.84110842 -0.28726528 -0.36811752  0.20355876 -0.31326584
  0.61416349  1.61842946  1.88314249]
[ 1.         -0.69793778  0.91907126  1.23638016 -1.10625576 -0.03243217
 -0.52724326  1.43752259 -0.33768234  0.04992711 -1.00529543 -1.26062729
  0.56128705 -0.13308237 -2.71389909 -0.15275954 -1.20999813  1.23492448
 -0.76315479  3.06618901 -1.6910733 ]
[ 1.         -0.06008255  1.61880833  1.0901924   1.04279955  1.73546903
  0.61636116  0.25023092 -0.16729132 -1.35827426 -0.98121422 -3.6854829
  1.91162016 -2.15932797 -1.12990388 -1.59910067 -3.91362925  2.32694566
  2.37620881 -2.13553962  0.79260253]
[ 1.          0.09422471  2.43905276  1.81990904  1.73332103 -0.46872598
  1.34779216 -5.34727854 -0.34042353  6.21581368 -0.1839258  -1.08322999
  2.34526827 -0.29727005  1.38529462 -1.45777986  2.35325488 -0.38251468
 -0.12331684  0.59509355 -0.36204904]
[ 1.         -0.26162972 -0.52934078  0.57442329  0.34052834  1.42600595
  2.31173545 -0.53844469  0.95068304 -0.19478694 -0.86631708  0.33652799
 -0.61228694  0.98331838 -4.2155282   1.82471819  2.10000154 -1.17496469
  1.37606572 -0.9383673  -0.10075774]
[ 1.         -0.72386469  1.80358707  0.75306017  0.33775313  0.25061635
 -0.77900536  1.77676813  1.20507684  0.06116344 -0.59599857  0.78939564
  0.47680505 -0.27563743  1.0551852   0.65785329  1.36529865  0.50998871
  0.16205224 -1.16503773  0.74622284]
[ 1.         -0.43103119  1.65006539 -0.27704068 -0.69931692 -0.31675623
 -0.42558179 -2.40592531 -0.50101868 -3.61479031  0.75485515 -1.21653947
 -0.38774455  1.72175445  0.57191755  0.38852245 -0.25094727 -0.23100719
 -1.67760325  1.03100576  1.01078107]
[ 1.          0.33279091  0.60543962 -2.19096807 -0.5464451  -1.47632162
  4.26807814  1.73515314  1.75287691  2.53902574  5.66376452 -2.86189431
  0.796238    1.74707075  1.30005864  4.13844882 -1.38509452  1.21161079
 -0.44540246  1.56890415 -1.65228664]
[ 1.         -0.92612844  0.43775284 -0.77893714  1.04443123  1.32734045
 -0.79206972  0.37587173  0.13370228  0.6925965  -0.04926345  1.75141397
  0.55922715  0.7956084  -0.19782691  0.50407916 -1.38219001 -1.6353502
  0.09784924  0.47111007 -1.67794466]
[ 1.          1.64465555 -0.5461978   0.56197988 -0.19884252  0.28141073
 -1.27777649  0.10600904  0.20326686  0.31893235  1.10116251 -0.00962663
  0.00559278  0.30246013 -0.33642259 -0.27608023 -0.0089789   0.09282009
 -0.17744137 -0.35679929  0.05936409]
[  1.00000000e+00  -8.16702397e-01  -3.73473480e-01  -1.63072186e+00
   3.54485750e-01   5.72943179e-01  -5.27910468e-01  -3.95621547e-01
  -7.21468401e-01   4.17724675e-02   4.08775797e-01   1.59866990e+00
   1.82146404e+00   3.72703271e-01  -4.22397805e-01   2.84523270e-02
  -1.09708489e+00  -3.33985030e-01  -1.18016296e-04  -7.52719509e-02
   3.50742683e-01]
[ 1.          0.02028996  1.03766743  1.90980568  1.60377074  0.55974288
  1.58238382  0.23161885 -1.94895051 -0.69664371  0.86194131 -0.39234609
  0.2683453  -4.74723757 -0.29435453 -0.66382892 -4.08444874 -0.9413316
  1.43361933 -1.05446999  1.15329792]
[ 1.         -1.62968062 -2.20861515  3.08783293 -2.91530583 -0.13765654
  1.23711622  0.00610808  1.5257408   0.63499121 -1.34207348  0.34373285
  2.12746093  1.80035068  0.39377066 -0.68981843 -2.20568756  0.79657051
 -2.27555293  1.14940369 -0.77317209]
[ 1.         -1.17227181 -0.60289989 -1.32715056  1.19600089  0.94268172
 -1.34736796 -0.29850144 -0.25498701  0.72695169  0.25367317  2.24931286
  1.92455871  0.96046021  0.12435028  1.27780148 -2.67956492 -2.24613687
  2.17836132  0.52247745 -1.1961384 ]
[ 1.         -0.75365302  1.1887576   0.29070109  0.89170122 -0.89887144
 -0.64571991  0.05118695  0.545271    0.49711389 -0.0065129   1.66401996
 -1.15405351  0.26005545 -0.96225368 -0.65483173 -0.7215081   1.93940849
 -0.5321717   0.78858097 -0.83107791]
[ 1.         -0.44657101  0.77153403  0.57922912  0.30735514  0.0774016
 -0.22667195  0.44040213 -0.86943852 -0.55419464  0.08770473 -0.29278516
 -0.90376305  0.32191913 -3.29280329  0.72086385  0.04396261 -0.74443034
 -0.97646972  2.00960177 -4.24995474]
[  1.00000000e+00  -1.79999043e-01   3.20739582e+00   2.22071045e+00
   1.78544936e+00  -1.27690568e+00   9.97834901e-01  -6.58606371e+00
  -4.61202153e-01   5.84701702e+00   3.54926062e-01  -1.15522917e+00
   2.44402770e+00  -3.38923485e-01   1.23972298e+00  -2.85150143e+00
   9.47329663e-01   2.13699765e-03  -2.61810424e-01  -1.08378742e+00
  -1.85189903e+00]
[ 1.         -0.46369899  0.75683037 -1.35198745  0.25670796 -0.76829553
  0.50201799  0.15926651  0.70493633  0.5915283   0.20029943  2.3709323
 -0.56876536  0.28138908 -2.25404112 -2.97459268 -1.24641886  1.25001175
 -1.92559992 -0.54098202  1.00214847]
[ 1.          1.22795104 -0.29930308  0.12072037  0.11784036 -0.63486343
  0.21916562  0.79569117 -1.36995023 -0.11621604 -0.54424817  0.07862203
  0.07560075  1.84874738  0.92218293 -1.745516    0.69703203 -0.40427122
  1.48678086  0.40087143 -0.55729073]
[ 1.         -0.81813644  1.54065094  0.49125707  0.15440818 -0.29018977
 -0.6518729  -0.96444843 -0.19343589 -0.68366105  0.65091635  0.55321433
 -2.18150135  1.1418159  -0.90521643  0.50331781  0.26060732 -0.32305297
 -0.73008223  0.67072653 -1.8204795 ]
[ 1.         -0.69374799 -0.9230051   0.29748046  1.32171641 -1.4058815
 -0.02214085  0.07274228 -0.18908167  0.30591969 -0.71127628 -0.03586339
 -2.0336449   1.32112461  0.51256584  0.30117647 -1.3954329   1.43839353
  0.47815509 -1.24324588 -0.2924112 ]
