Cluster centers 

[ 1.15050786 -1.62284018 -0.26537587  0.85933053]
[ 0.86587667  1.13240409 -0.05647373  0.4874145 ]
[-0.8509742  -1.63393328  0.81765747  0.05193181]
[ 0.51537383  0.37982051 -1.18681755 -2.10176182]
[-1.09509002 -0.25369342 -0.21840504  0.25534414]
[ 1.01033132  0.89088677  1.73347316 -0.15370428]
[-1.03865669  1.3324158  -0.32201778  0.88729689]
[ 0.97208254 -0.49803249 -1.07511209 -0.31036246]
[-1.11770901 -0.87751883  0.67053688 -1.28148897]
[-0.62599673  1.3764919  -1.68894462 -0.63958091]
[ 1.10212667  0.1656331   0.83598946  0.8518479 ]
[-0.77946429 -0.10185686  3.01623231  0.9459254 ]
[-1.05401741 -0.39480513 -0.08929983  0.74383675]
[-1.00984893  1.9651672   0.11004835  0.49050506]
[ 0.97356576 -0.909033   -0.41208717 -1.58022411]
[-0.60095965 -1.13375925  1.54984651  2.06281337]
[ 1.10551743 -0.18825743  1.66173983  0.81420915]
[ 0.86792246  0.58743729 -1.10950837  0.74848429]
[ -1.08912409e+00   2.20832926e+00   1.05830081e+00   7.98332589e-04]
[-1.05203406  0.31430193  0.33212883  1.37720855]
[ 0.821033    1.65631819  1.34500738 -0.56414162]
[-1.14467407  0.23457779 -0.35860223 -1.27439243]
[-1.0846364  -0.78333271  0.30094986 -0.433672  ]
[-1.06674198  0.55707217 -0.84446579  0.05857444]
[ 0.97700674  0.93702036  0.76747819  0.30834514]
[-0.50004092 -2.21976683  0.98777481  1.17489122]
[-0.85920873  1.43949622 -1.30757589  0.37961136]
[ 1.03027654 -0.56171067 -1.03893815  0.20025405]
[-0.71529612 -2.19729556  1.62947636 -1.06668157]
[ 1.05519475 -1.00592368 -0.68069876 -0.43282611]
[ 0.75599068  1.98661178  1.85830815 -1.19004098]
[ 1.11108763 -0.05613329  0.0387298   1.16212331]
[ 0.74133581 -0.3432513   0.24824769 -3.85353381]
[ 1.12613028 -0.16735752  1.02344697  1.03212172]
[ 0.40848893  2.32469226  0.0758311  -0.31527175]
[-1.10268541  1.01954594  1.77186609  0.70238847]
[ 0.41926031  1.09461918 -1.85823257  0.06290745]
[-1.19802812 -0.03986319  0.16687781 -1.94681441]
[-0.98392112 -0.7325282   0.1823104   1.07031544]
[ 1.11817877 -0.60177176 -0.71986917  1.05394467]
[-0.46822921  1.27113008 -1.35058707 -2.41205268]
[ 0.15076802  0.98218555 -1.69771132 -1.5006829 ]
[-1.04173067 -0.8206504   0.20785295  0.17579931]
[ 0.93538726  1.31976557  2.85758351 -1.34719992]
[ 0.97189882  1.03298956  1.13648802  0.05624618]
[ 1.10955763 -1.02051027 -0.73725407  0.37705009]
[ 1.12062088 -1.8927937  -0.06957778  0.26139097]
[-1.18673735  1.85396664  2.37905318 -0.33964667]
[-1.14674075 -0.25240021 -0.04621775 -0.81199279]
[-0.92703155  1.03918542 -1.29433417 -0.29138104]
[-1.07319195  0.33716961 -0.36043748  0.97064767]
[-0.83967946  1.20395764 -1.46646269 -0.45904543]
[-1.01019617  0.77244725 -1.00955501 -0.84283236]
[ 0.92405548 -0.24155304 -1.25293489 -0.16703136]
[-1.09413333 -1.15512042  1.18969158 -1.89381108]
[-1.03803849  2.20372906  0.63400725  0.16468293]
[-1.02771549 -1.13870152  0.60061402 -0.47906928]
[-0.99572251  0.23728576  1.38544695  1.38458507]
[ 1.04346767 -1.30242233 -0.22153289 -1.16109029]
[ 1.07336028  0.24356119  2.13078804  0.20343083]
[ 0.61904473  1.35967527 -1.11012167  0.54023027]
[ 1.0693443  -0.45929612  2.15881496  0.83485053]
[ 0.83235406 -0.55066927 -0.17223113 -2.77494524]
[ 0.84257537  1.46568576  0.71112257 -0.06224987]
[-0.55300299  2.66863731 -0.38427996 -0.03214088]
[ 1.09171356  0.23609904  1.51558471  0.52116768]
[-1.13653903 -0.59952908  0.31077731 -0.97210671]
[ 0.91850742 -0.49211441 -0.94809035 -0.95440515]
[-1.08477071  0.29245911 -0.56280975  0.55159303]
[-0.91245081 -1.21897439  0.43413354  0.81097102]
[-1.11989951 -0.05426173 -0.33124549 -0.31057745]
[-0.99205503 -0.91561724  0.23654006  0.63939252]
[ 0.64458642  0.25085657 -1.38843229 -1.24913112]
[ 0.80484691 -0.34623467 -0.62717813 -2.18078556]
[-0.93916724  1.66990547 -0.67828645  0.68493104]
[-0.81967132 -1.14419501  0.60366402  1.64098716]
[ 1.0555015   0.56139292  1.26419935  0.37242687]
[ 1.15310879 -0.75623758  0.61228137  1.49804544]
[-1.08808507  1.88954929  0.7471847   0.39377229]
[ 0.06018086  1.6139264  -1.82496423  0.0318029 ]
[ 1.08556148 -1.29981111 -0.44236738 -0.43662365]
[-0.97377136 -1.44131929  0.9620097  -0.83771875]
[-1.17347997 -0.27681067  0.16302865 -1.37604247]
[-1.09633469 -0.57900218  0.08385938 -0.19852873]
[-0.71361225 -1.7221199   0.73268713  1.22133799]
[ 1.13464402 -0.46008762 -0.4101533   1.2643141 ]
[-1.03272607  0.9227777  -0.80771942  0.67504647]
[-1.04242716 -0.21031135 -0.04630761  1.12761236]
[-1.09146655 -0.03729983 -0.36485247  0.46129811]
[-0.83089607 -1.61847954  0.71861391  0.4831353 ]
[ 0.87441027  0.02010923 -1.39944516  0.05824975]
[ 1.16857362 -0.9619978  -0.25615555  1.36865952]
[-0.30858959  3.24613127  1.25770497 -1.49007732]
[ 0.67855965  0.69045253 -1.6569051   0.26121266]
[ 0.96695866  0.58461363 -0.43788688  0.85951681]
[ 1.08143107  0.26377293  0.46378241  0.89783642]
[ 1.08719687 -0.64697277 -0.91336992  0.67664249]
[ 1.0264437  -0.07436623 -0.96224346  0.89057936]
[-1.19818325 -0.31801266  0.41401419 -1.8851661 ]
[ 0.98617089  1.02122539  2.36013003 -0.66268503]

Populations

0.00567301746601
0.00763455074536
0.00731279558071
0.00778471659247
0.0109977752761
0.0136718082578
0.0134593969769
0.0117886887531
0.0126634948725
0.0069969931001
0.0115252458721
0.0013052689703
0.0181996897513
0.0104028581339
0.0222992484301
0.00374115379789
0.00846698088788
0.0157312092042
0.00213938952252
0.0166317105816
0.00726203331652
0.0108240066973
0.0165554405406
0.0153092009719
0.0141042122014
0.00405163561252
0.0145867206338
0.022762326401
0.00235623469926
0.0092848507077
0.0114997823595
0.0138732767612
0.00190603856074
0.0058836249048
0.00312813490051
0.00206073246604
0.00413694707941
0.00321251849939
0.0114907702342
0.00749405842098
0.00204471333115
0.00598665867716
0.0234068671927
0.0017895014827
0.0104441669248
0.00429242600497
0.00438174771724
0.00195442193135
0.00793499654499
0.00846191762159
0.0124575879229
0.00719911120325
0.00886469727366
0.0135762204714
0.0133402738621
0.00641840136824
0.0311907771221
0.00400305597178
0.00896779622314
0.00509204044995
0.00310284263911
0.0081237996677
0.00667979006774
0.00192930669744
0.00589601889155
0.00912900173599
0.0158695849572
0.0153220879689
0.011075639939
0.0224270554524
0.0102708456836
0.0178019668048
0.017024327695
0.0093648103845
0.00784881081593
0.0137053422379
0.00950052683547
0.00306076804086
0.00780278582091
0.00951112098205
0.0121579924846
0.00660950513759
0.0190713886587
0.00225952278166
0.0137850250103
0.0169809387608
0.0123032474196
0.0208255634855
0.0115348474286
0.0157219733585
0.00996689431202
0.00560066775543
0.00173806919784
0.0145014868851
0.0170941758444
0.0189008320605
0.0109572279087
0.00211967925008
0.0104086109032

State labels

0
1
2
3
4
5
6
7
8
9
10
11
12
13
14
15
16
17
18
19
20
21
22
23
24
25
26
27
28
29
30
31
32
33
34
35
36
37
38
39
40
41
42
43
44
45
46
47
48
49
50
51
52
53
54
55
56
57
58
59
61
62
63
64
65
66
67
68
69
70
71
72
73
74
75
76
77
78
79
80
81
82
83
84
85
86
87
88
89
90
91
92
93
94
95
96
97
98
99

Eigen values

1.0
0.58764367636
0.563623483822
0.550262722282
0.534727814061
0.523208642646
0.491347445595
0.476034456875
0.461268392259
0.446820220402
0.431911372463
0.422763737357
0.405189502811
0.397444273715
0.37718112247
0.372104285258
0.351299539546
0.335231089645
0.323561338167
0.319097584806
0.296590368937

Left eigenvectors

[ 0.00567302 -0.0042572   0.00343282 -0.00415989  0.0001886   0.00242543
  0.01221679  0.00663152  0.00665409  0.00336142 -0.01074319 -0.01074558
  0.01545744 -0.01217386 -0.00591174 -0.00580346  0.00600964  0.00425409
 -0.00891736 -0.00920338  0.00617855]
[ 0.00763455 -0.00238706  0.00273238 -0.01187072  0.0036391  -0.0037536
  0.00070098 -0.00764476  0.01425685 -0.01433552 -0.00233697  0.00611357
 -0.00676028 -0.00070706 -0.01511963 -0.00122448 -0.00361174 -0.00168356
  0.00168042 -0.01399845 -0.00453198]
[ 0.0073128   0.01058039  0.00972226  0.01266742  0.01541587 -0.00845466
  0.0093108  -0.00025138  0.00350715  0.00246438 -0.02074539 -0.00318628
 -0.01187022 -0.00196023  0.00856845  0.0047465   0.00247133 -0.01509803
 -0.00099378  0.02017068 -0.00518879]
[  7.78471659e-03   6.15242730e-04   6.02075637e-03  -1.27281719e-02
  -8.93042050e-03   2.31806939e-02   1.25672557e-02  -1.36302198e-02
  -1.55018406e-02   6.67136063e-03  -9.29839059e-03  -1.36478920e-02
   7.84118899e-03   2.07081368e-03  -8.43568559e-03  -5.03154167e-03
   7.65840041e-05   3.78249849e-03   1.49373281e-03   1.39540306e-02
   6.73184868e-03]
[ 0.01099778  0.01127169 -0.01972903 -0.00035144 -0.0057669   0.00148407
 -0.00072065  0.00262274  0.00299687 -0.00660838 -0.00741622  0.00016588
  0.00982696  0.00875914 -0.01412953  0.01712526  0.00025022 -0.0032428
 -0.00492945  0.01014783  0.00014517]
[ 0.01367181 -0.00768847 -0.02398907  0.00040514  0.00964239 -0.02264828
  0.00633794 -0.01411728 -0.01739395 -0.00277075  0.00607557 -0.01219736
  0.00088437  0.00208571  0.01059591  0.01134558  0.01699304  0.00671171
  0.00151247 -0.01180062 -0.00379188]
[ 0.0134594  -0.01559636 -0.0090976  -0.00407792  0.00048136 -0.01016419
  0.01544626  0.00141725  0.00090061  0.00289436 -0.00114394 -0.01315484
 -0.01017386  0.00549651  0.0147011  -0.01569147  0.0058776  -0.00474183
  0.01121507 -0.00779726  0.004637  ]
[ 0.01178869 -0.00669945  0.01543076 -0.01486932 -0.00504152 -0.01986749
 -0.00597179  0.023027    0.00767056  0.001191   -0.0057309  -0.00696783
  0.02141278  0.01866744  0.01228471  0.01945529 -0.00782081  0.01076386
  0.01090497  0.01055505  0.00621056]
[ 0.01266349 -0.0217375   0.00721065  0.00066028 -0.00862498 -0.00494596
 -0.00966555  0.01265851  0.00296372 -0.00195981 -0.00512932 -0.0008464
 -0.00504406 -0.00213396  0.00203256  0.01719811  0.02538828  0.01084246
  0.01476774 -0.0086646  -0.01170357]
[ 0.00699699  0.00096778  0.00762572 -0.00501403 -0.00778934  0.01055879
  0.01074362 -0.00659877 -0.00794492  0.00962903 -0.00198742 -0.01038968
  0.00108519 -0.00612266 -0.0126128   0.00528398  0.00049276  0.00255899
 -0.0075758   0.00462314  0.00254476]
[ 0.01152525  0.00932008  0.01127204  0.01262928  0.01344646 -0.00590394
 -0.01026399 -0.01295882 -0.00097157 -0.00616338  0.0061237  -0.00344641
  0.00390479  0.00137194 -0.00219708 -0.00229408 -0.01026178  0.01462065
  0.00466211 -0.01946055  0.02268588]
[ 0.00130527 -0.00157317 -0.00162054 -0.0002916  -0.00228349 -0.00393673
  0.00071406  0.00047559 -0.00285751  0.00165879  0.00116897 -0.00341019
 -0.00303266  0.000126    0.00012042 -0.00083055 -0.00053212  0.00266106
 -0.00049732  0.00113407 -0.00029735]
[ 0.01819969  0.00505774 -0.00814779 -0.00375259  0.03117505  0.00192343
 -0.00819776 -0.00392253 -0.00201528  0.01355972  0.00625742  0.01537697
 -0.00522061 -0.00783154  0.00737602 -0.01406632 -0.00526524  0.02498694
 -0.00686746 -0.00936968  0.01253884]
[ 0.01040286  0.00758133 -0.00423908  0.00509463 -0.00525366  0.00941099
  0.00185912 -0.00709158  0.01526803  0.00639235 -0.00816699  0.00992408
  0.00771493  0.004265    0.01974557  0.00335471  0.00303036 -0.0094801
 -0.00095911 -0.00262316  0.00083802]
[ 0.02229925 -0.00111408 -0.00857473  0.00327521 -0.00058403  0.00508265
  0.01636687  0.00141479 -0.01274771  0.00254674 -0.00199805  0.01235797
 -0.00240768 -0.00105596 -0.00050201  0.00349102  0.00235354 -0.01175284
  0.01517773 -0.00631515  0.00741802]
[  3.74115380e-03   6.07264592e-03   9.12239304e-04   5.24599996e-03
   4.39826169e-03   3.71017156e-04  -9.49996073e-04   2.99709245e-03
  -2.82729231e-03  -2.39319907e-03   8.16283997e-05  -5.14723270e-03
  -6.23824221e-03  -4.40639375e-03   5.26230176e-03  -2.06559751e-03
   1.63422041e-02  -2.09810759e-04  -5.87479844e-03   4.79370149e-03
   1.18444463e-02]
[  8.46698089e-03  -1.77641751e-02   2.42534726e-03  -1.12432531e-04
  -1.00292252e-03   1.11753061e-02  -2.25836528e-02   3.52374485e-05
  -1.51476908e-02   4.39575280e-03  -2.08372291e-02   9.79735782e-03
  -1.00518924e-02   6.66535344e-03   7.09706382e-03  -6.16483140e-03
  -2.83506755e-03   3.11619052e-03  -1.58032239e-02  -5.38010638e-03
   5.78766965e-03]
[ 0.01573121 -0.0009997   0.00872673  0.00163983 -0.01988363 -0.00021221
  0.01341037  0.00404665 -0.00629959 -0.01151354 -0.00014162  0.01993269
 -0.00715937 -0.02659573  0.00810965  0.01521097 -0.00576973  0.00585489
  0.00046942 -0.00683894 -0.00238653]
[ 0.00213939  0.0018451  -0.00034086  0.00017601 -0.00336349  0.00315686
 -0.00223243  0.00781291 -0.00318203 -0.00778226 -0.0007564   0.00125832
 -0.00105794 -0.00616462  0.00046263 -0.00050893  0.00393572 -0.00195327
  0.00155554 -0.00127659  0.00181804]
[ 0.01663171  0.00531479  0.00801378 -0.00412164 -0.01643808 -0.00151512
 -0.0220731  -0.02304933  0.02620897  0.00070711 -0.00870774 -0.01731455
 -0.02028285  0.00801162 -0.00540122 -0.00357918 -0.01116189  0.00324406
 -0.00032933 -0.01887098 -0.00729641]
[ 0.00726203  0.00542552  0.0101423   0.00398571 -0.0016026  -0.00171843
  0.00593538  0.00517022 -0.00588839  0.0164999   0.00084091  0.00105828
  0.00071268 -0.01437922 -0.01072511  0.01252003 -0.00811202  0.00398802
 -0.00801288 -0.00381199 -0.00226209]
[ 0.01082401  0.00564435  0.00326085  0.0111466  -0.02011325  0.0072269
 -0.01439512 -0.01716414  0.02755066  0.00673703  0.00198065 -0.01485131
 -0.00691783 -0.01049051  0.01582575  0.01041629  0.01045127  0.00495788
  0.00948566 -0.01429855 -0.00511881]
[ 0.01655544  0.02298124 -0.01163418  0.00133862  0.00631179  0.01237703
 -0.0017896  -0.00281444  0.00116021  0.012923   -0.00213082  0.00967595
 -0.01633876  0.01483254 -0.02640993  0.01457306 -0.01032519  0.01849365
  0.02722807  0.00929174 -0.00055426]
[ 0.0153092   0.01241871 -0.03261814  0.00254871  0.0022888  -0.00176083
  0.00486697 -0.00613541 -0.00513711  0.00315536 -0.01147937  0.01761593
  0.01256974  0.01824973 -0.00841975  0.01479671  0.01511504 -0.00185812
  0.00118385 -0.00439505 -0.00501394]
[ 0.01410421  0.00298674 -0.00534013 -0.0143703   0.01055521  0.00905701
  0.01115714 -0.00751647 -0.00653043 -0.00239505 -0.00528414  0.01778505
 -0.01013421 -0.00070819 -0.01593968 -0.00195255  0.00447572  0.00840928
  0.02421514 -0.00710959 -0.00363372]
[  4.05163561e-03  -1.65764831e-03   6.92018707e-04  -3.30778670e-03
  -5.84893007e-03  -7.48500360e-03  -5.91037878e-03  -8.71904365e-03
  -1.07856506e-03  -1.52272913e-03   1.20058627e-03  -3.12673977e-03
  -4.56325687e-03  -2.27018992e-03  -1.20689244e-03  -3.82512555e-03
  -7.30101975e-03  -3.35745628e-07  -1.10402206e-03   1.57245821e-04
   1.12402875e-03]
[ 0.01458672  0.00315615  0.00788388 -0.0365502   0.01586978  0.01584677
 -0.00821914  0.01248484 -0.00051148  0.01217278  0.02469098 -0.00522152
  0.00543047  0.02043285  0.03626334  0.01627882 -0.00077365 -0.02275951
  0.0004134  -0.00947407 -0.01891209]
[ 0.02276233  0.01703483  0.00649006  0.02380552 -0.00273497  0.00239319
  0.00145899  0.00775169 -0.01188244 -0.01185016  0.0012513   0.01154955
  0.00677473  0.02814317 -0.0026286  -0.01486277  0.02151472  0.01045278
 -0.03396537 -0.0064654   0.00446986]
[ 0.00235623  0.00451544 -0.00543857  0.00087069 -0.00306882  0.00272685
 -0.00343943  0.00747564  0.00129984 -0.00509674  0.0006768  -0.00287899
 -0.00204523 -0.00379227 -0.00117746 -0.00320067 -0.00315177 -0.00348509
  0.0007566   0.0047801   0.00092584]
[ 0.00928485 -0.0071885   0.00239682 -0.015071   -0.00023114  0.00893461
  0.02101281  0.0006291  -0.0012178   0.0016724  -0.00676132 -0.01893654
  0.00834256 -0.01287024 -0.01359154 -0.00895798  0.00568764  0.00087494
 -0.00722945 -0.00694141  0.01042888]
[ 0.01149978 -0.00021998  0.00845062  0.01033223 -0.00073577  0.00555621
  0.00752753 -0.01285133 -0.01589465 -0.02037837  0.01470311  0.00099035
  0.01231388  0.00988813  0.00348139  0.00106396 -0.00852461  0.01695106
  0.00466447 -0.00116836 -0.00847171]
[ 0.01387328 -0.01227006  0.01314347 -0.00266137 -0.01281372 -0.01062925
 -0.00187273  0.00314963 -0.01364083 -0.0075507  -0.00798076  0.01733602
 -0.00069903 -0.0046923   0.00447341  0.01435953 -0.0083805  -0.00261563
  0.0044     -0.00828916  0.00929129]
[ 0.00190604  0.0006916   0.00144776  0.00299918 -0.00133325  0.00103546
  0.00114903  0.00152552  0.00018855  0.00144574  0.00783874  0.00291959
 -0.00039649  0.00725062 -0.00239912  0.00034289  0.0034348  -0.00243561
 -0.00500546  0.00012556  0.0036536 ]
[ 0.00588362 -0.00142713 -0.00351002 -0.00127011  0.00984201 -0.00355535
 -0.00033562 -0.00293808  0.00986899 -0.00377682  0.00060997 -0.00123663
  0.01142396 -0.0034307   0.00100055 -0.00398863 -0.00504641  0.00793423
 -0.00332476 -0.01444076  0.00794412]
[ 0.00312813 -0.00252854  0.00071446  0.0015713  -0.00412814 -0.00392222
  0.0007214   0.00430908  0.00229157  0.00356959 -0.0043332   0.00643945
 -0.00807174  0.00757457 -0.00083769 -0.01152886  0.00563162  0.00555836
 -0.00323428  0.0015963  -0.00975994]
[  2.06073247e-03   5.66586270e-03   4.72821455e-03   7.92674636e-03
   4.47122829e-03  -1.14098123e-03   7.68773077e-05   1.33842823e-03
  -5.71488000e-03  -6.91133241e-03  -1.92001228e-03  -6.10418393e-03
   1.90640439e-04   6.56916978e-03  -1.11430841e-03  -1.68155093e-03
  -6.45092415e-03   3.46671718e-04  -5.40852392e-03  -7.87680773e-03
  -7.17010295e-03]
[ 0.00413695  0.00138209  0.00103419  0.00142065 -0.00235932  0.00066064
  0.00601537 -0.00196876  0.01026906 -0.00346455 -0.00681444  0.00941774
  0.00844183  0.00648119  0.01151944 -0.00039109 -0.00159804  0.00344738
 -0.00568398  0.00832295  0.00136759]
[ 0.00321252  0.0009546  -0.01431267  0.00083374  0.00053938 -0.00624038
  0.00018357 -0.00611677 -0.00532532 -0.00114365 -0.00206467  0.00037267
  0.00927023  0.00515576 -0.00483015  0.01126072  0.01104127 -0.00567032
 -0.004223   -0.00506377 -0.00543019]
[  1.14907702e-02  -3.92815637e-03  -9.77814193e-03  -2.65967592e-06
  -6.41884929e-03  -4.53413377e-03   5.90939468e-03   9.71790801e-03
  -4.39406976e-03  -3.33311753e-03   1.42197855e-02  -1.03803158e-02
  -8.93288278e-03  -3.17248510e-03   8.13388122e-03  -9.95368244e-03
  -9.49207226e-03   6.30904591e-03   1.95420870e-03   1.48760873e-02
  -4.10027321e-03]
[ 0.00749406 -0.00384037  0.00405519  0.00452279 -0.01009289 -0.00433831
  0.01231032  0.00186381 -0.00554469  0.01223619  0.0085664   0.01293542
 -0.00923942 -0.00966281 -0.00202529  0.01509799 -0.02131945 -0.01602446
 -0.02068524 -0.007524    0.0103062 ]
[ 0.00204471 -0.00256495 -0.00038054 -0.00295413 -0.00296868 -0.00735826
  0.00019777  0.00359118 -0.00184426  0.00076955 -0.00035563 -0.0048228
  0.00177092  0.00311171  0.00585293  0.00409347 -0.00549392  0.00461839
  0.00213267  0.00281201  0.00358437]
[ 0.00598666  0.0112784   0.00626606  0.01477094  0.00451722  0.00171822
 -0.00227485  0.00373686 -0.01172919 -0.01958558  0.00356865 -0.00793253
  0.00344984  0.01451062 -0.00200862 -0.0080195  -0.00829498  0.00862153
 -0.01555358 -0.01747363 -0.00405948]
[  2.34068672e-02  -2.10526472e-02  -3.42551775e-02  -8.12001900e-03
  -2.60151868e-02  -4.85152324e-02   1.35749632e-02  -5.55898747e-03
  -3.37308635e-02   5.44627546e-03   7.48609881e-03  -3.24742738e-02
  -2.47464167e-02  -7.85441453e-03   2.61172599e-02  -2.92712130e-03
  -2.84024709e-02   1.42172849e-02  -5.31588612e-03   4.13489886e-06
   1.20144503e-02]
[ 0.0017895  -0.00065215 -0.00352228 -0.00029648 -0.00037412 -0.00206914
 -0.0024245  -0.00394381 -0.00174919 -0.00122215 -0.00059295  0.00065992
  0.00537048  0.00131883 -0.00589601  0.0011339   0.00334702 -0.00830504
 -0.00402675 -0.00152643 -0.00305653]
[ 0.01044417 -0.00066983 -0.00208002 -0.00811266 -0.005226    0.00072471
 -0.0064027  -0.00493502  0.00176905 -0.01574206 -0.00215818  0.0018195
  0.00591642  0.00049741 -0.02028329 -0.00064308 -0.00085759 -0.01562802
 -0.00529918 -0.00078163 -0.00991718]
[ 0.00429243 -0.00129341  0.00549956 -0.00295008 -0.00814369  0.00612788
  0.00129926 -0.00871237 -0.0095     -0.00390299 -0.00303646  0.00306766
  0.00941092 -0.00454674 -0.00087797 -0.00710077  0.00361761  0.00299573
  0.00107849  0.0125659  -0.00124511]
[ 0.00438175 -0.01771233 -0.00511694  0.01342276  0.00890943  0.00972501
 -0.0042093   0.00121865  0.00549514 -0.00258458  0.00447922 -0.00318734
  0.00708654 -0.00517398 -0.00123027  0.00201041 -0.00828359  0.00207628
  0.00195167  0.00998129 -0.00085075]
[ 0.00195442 -0.00050806  0.00016438  0.00172562 -0.00199812 -0.00161011
  0.00565838  0.00102679  0.00033934  0.00403968 -0.00036803  0.00863864
 -0.00468175 -0.00307482  0.00077602  0.00254183 -0.0089005  -0.00823536
 -0.00783363 -0.00200317  0.00255729]
[ 0.007935    0.00238368  0.01570695  0.0020314  -0.00049894 -0.01634944
 -0.01842198 -0.00175262 -0.01000387  0.00290284 -0.00435985  0.0018924
  0.01896347  0.00129887 -0.00124693 -0.00562011 -0.00747858 -0.01847556
  0.02204921  0.00404956  0.01948207]
[  8.46191762e-03   3.58740678e-03  -3.12929880e-02   2.91141476e-03
  -2.83658093e-03  -1.06154287e-02   1.03432074e-05  -6.01125569e-03
  -5.51511182e-03  -1.95963945e-03  -3.48226863e-03  -2.72657724e-03
   1.35338296e-02   4.11974596e-03  -4.30855843e-03   1.92839130e-02
   9.27459680e-03  -1.45736374e-03  -4.55442068e-03  -2.18489693e-03
  -2.76686624e-03]
[ 0.01245759  0.00542597  0.00357175 -0.00966628 -0.01078611  0.02709481
 -0.00340392 -0.00900876 -0.00433245  0.00402466 -0.01331242 -0.01478572
 -0.00591533  0.00677249  0.00190367  0.0011294  -0.00117083 -0.00985341
  0.00131494 -0.00107539  0.00209534]
[ 0.00719911  0.00111114  0.00560378 -0.01586063  0.01573602 -0.00577966
 -0.00263823 -0.00303586  0.00847389 -0.00976928  0.00562195  0.00280351
 -0.01174639 -0.00608641 -0.00667505  0.00793407  0.00339713  0.008462
 -0.01243456  0.01432802  0.00850102]
[ 0.0088647  -0.04800825 -0.00385211  0.02138001  0.01608161  0.02320868
 -0.0281807   0.00771636 -0.00232843  0.00113383 -0.01257487 -0.00198687
 -0.00583229 -0.00331195 -0.00697907  0.02228737 -0.00329459  0.00254463
 -0.00644754  0.01141523 -0.00716968]
[  1.35762205e-02  -1.03993936e-02   1.14984046e-02  -2.11286379e-02
   3.05792093e-03  -1.69543223e-02  -2.69131062e-03  -1.20043329e-02
   2.47601780e-02  -2.92620665e-02  -2.58366230e-03   3.10210340e-03
  -1.03293144e-02   4.92671775e-03  -2.19842565e-02  -2.92908926e-03
  -3.87726469e-03  -8.78951633e-03  -5.21441412e-03  -3.03525033e-05
  -4.55698008e-03]
[ 0.01334027  0.00496344  0.00487414  0.01183685 -0.0075214   0.00697336
  0.01031374 -0.00409229  0.01371593  0.01004926 -0.00962262 -0.01411198
 -0.00062676 -0.01189399  0.01670073 -0.00304045  0.02481256 -0.00489637
 -0.01054251 -0.00138048  0.00958804]
[  6.41840137e-03   6.19892345e-03   4.55994769e-04  -4.27024565e-03
   1.58167972e-03   7.10995121e-03  -3.77405385e-03  -5.44204178e-03
   6.36037546e-03   9.70793704e-03   2.98810255e-03   8.23136717e-04
  -3.60464286e-03   6.84488527e-03   8.04633742e-03   6.47996580e-03
  -4.22949008e-03   6.06925221e-04  -8.65962218e-05  -4.74322118e-03
  -6.16890345e-03]
[ 0.03119078  0.02353996 -0.05113442  0.00561757 -0.02504922  0.00070335
 -0.01436556  0.01758287  0.02001052 -0.00021354 -0.00973945  0.00033819
 -0.00306746 -0.01591791 -0.00895971 -0.0088793  -0.02954882 -0.00617715
  0.01391241  0.02276153 -0.01381221]
[ 0.00400306  0.00210029  0.00190524 -0.00586646  0.00388136 -0.00149896
 -0.00754009 -0.0071724  -0.00410463  0.00634282  0.00728857  0.00146401
  0.00483337 -0.00886845  0.0034412  -0.00677455  0.00228774 -0.00325701
 -0.01043457  0.0073828  -0.01460837]
[  8.96779622e-03  -1.75112408e-02  -4.60661003e-03   9.17778162e-03
   1.39432885e-02   2.65570681e-03   1.50882641e-02   1.25693831e-04
   1.25518261e-02  -1.90670992e-05  -1.14107328e-03  -7.17105627e-03
   9.79581296e-03  -6.29211189e-03  -2.92946522e-03  -1.72108985e-02
  -4.50154225e-03  -1.14244891e-02   4.76075110e-03  -1.10422061e-02
   6.05116371e-03]
[ 0.00509204  0.00277262  0.00348841 -0.00133546  0.00099673 -0.00360135
  0.00104457  0.01362725  0.0033196   0.0161256  -0.00331589 -0.0057331
  0.01384182 -0.01081961 -0.00909423 -0.00130945 -0.00406597  0.00978007
 -0.00415337 -0.0052057  -0.01532737]
[  3.10284264e-03   1.62665467e-03   5.94818100e-03   7.56675091e-04
   1.56881872e-03  -6.12136547e-03  -7.38057285e-05   9.05738343e-03
   8.09818534e-04   7.69620173e-03  -4.43607572e-03  -6.68272529e-03
   7.27069315e-03   3.12732500e-04  -4.04378973e-03   4.37694812e-03
  -3.17372894e-03   4.84149579e-03   2.85153260e-03   2.23880744e-03
  -1.26514527e-02]
[  8.12379967e-03   1.13817470e-02   9.62208713e-05   4.98161338e-04
   1.62660901e-02  -1.57274954e-03  -4.85267152e-03  -3.95101720e-03
  -5.05438157e-04   9.68393761e-03   3.63926429e-03   8.69185442e-03
  -1.05371987e-02  -7.05529256e-03  -1.37628874e-02   6.41817917e-03
  -2.94093493e-03   2.44918425e-02   3.67574706e-03   5.06627589e-03
   1.83840244e-02]
[ 0.00667979  0.00369627  0.00025996 -0.00837668 -0.00072695  0.01804605
  0.00703337 -0.00958148 -0.01145974  0.00206376 -0.00537891 -0.00346481
 -0.00025662  0.01171914 -0.00691303 -0.00052673 -0.00511933  0.00800909
  0.01588221  0.00544569  0.00290278]
[ 0.00192931  0.00177164  0.00290916 -0.00177503  0.00525596 -0.00332227
  0.0015648   0.00011679  0.00544131 -0.00280182 -0.00572849 -0.00056592
 -0.00181259  0.00135653  0.00150325  0.00462545  0.00041358  0.00042553
 -0.00699258  0.01168061  0.00469499]
[ 0.00589602 -0.00994889  0.00063377  0.01229516  0.00289194  0.00533994
  0.00636457 -0.00252885  0.00109134 -0.00754587  0.01905022 -0.00111211
  0.00675727  0.0033788   0.00192814 -0.00230105 -0.01042611  0.00463254
  0.00592314  0.01603357 -0.00721855]
[  9.12900174e-03   1.13413932e-02   3.79558741e-03   4.50431616e-03
  -1.03735816e-02   8.40509985e-03  -1.00713307e-02  -6.50545966e-03
   1.17575256e-02  -1.22079360e-03  -7.08276233e-03  -1.41178188e-02
  -1.70883734e-02  -2.98326088e-03   2.62119475e-05   7.92952581e-03
  -6.29635463e-03  -1.30131238e-03   1.20142794e-02  -9.71684669e-03
  -7.94820262e-03]
[ 0.01586958 -0.01612431 -0.0040445   0.01097691  0.00920287  0.00797029
  0.00515438  0.0014487   0.00551026  0.00902457  0.00395623 -0.00027893
  0.00735736  0.0039252  -0.01722457 -0.00643297 -0.00628765 -0.02407748
 -0.00969741 -0.01505225  0.01352295]
[ 0.01532209 -0.00489314  0.00873982  0.01052214 -0.00960231  0.00708602
  0.00807767  0.00645452  0.00935485  0.01829911  0.05346306  0.01205954
 -0.00711504  0.02736612 -0.01275262  0.01200285  0.00494046 -0.02009771
 -0.00322273  0.00497373  0.0143856 ]
[ 0.01107564  0.00079124 -0.01952846  0.01188637  0.00442731  0.00567205
 -0.00851097 -0.00084937  0.01300238  0.000123    0.00500172 -0.00081944
  0.01442468 -0.01496311  0.00512625 -0.00118579 -0.0011607   0.00781585
 -0.00017881 -0.00038201  0.01375695]
[ 0.02242706  0.00430704 -0.00955109  0.00836626  0.00494067 -0.00648796
  0.02717042  0.00563876  0.01942434  0.005465   -0.02814749  0.04497258
 -0.01612942  0.00025418  0.01238851 -0.02205506 -0.00911325 -0.0160776
  0.00237435  0.00721836 -0.01251939]
[ 0.01027085  0.00798974 -0.00166132 -0.01457786  0.01902276  0.0030524
 -0.00961597  0.00950193 -0.00024756  0.0152737   0.01161356  0.00901323
  0.01520331 -0.01646045  0.01061133 -0.01209162 -0.00771013  0.01046529
 -0.00794366 -0.01122702 -0.0198725 ]
[ 0.01780197 -0.01018542  0.01508493 -0.00269311 -0.01983422  0.00552081
 -0.00015752  0.01678104 -0.0227335  -0.02280476 -0.01660202  0.02950079
  0.00431451 -0.02758589  0.00471508  0.01078098  0.02363517  0.00404399
  0.01342562 -0.01790479 -0.00387138]
[  1.70243277e-02   2.30840456e-02   2.60799965e-02   3.02527003e-02
   2.64396132e-02  -1.44391051e-02   6.87865298e-03   7.02464606e-05
  -1.05668595e-02   3.71721605e-03  -2.33123066e-02  -2.01200157e-02
  -8.24392844e-03   2.49743780e-03  -1.30329399e-03   1.19089228e-02
  -1.40090412e-02  -2.18518649e-02   1.43738326e-02   7.24599483e-03
  -2.34021409e-02]
[ 0.00936481  0.00443598  0.00249602  0.01278674 -0.01261543  0.00532157
 -0.01250233 -0.01948371  0.02162641  0.00371418  0.01273516 -0.00164742
  0.00699331 -0.00598434  0.0169359   0.0026014   0.0063525   0.00376608
  0.0058515  -0.00766026  0.00679625]
[ 0.00784881 -0.0068574   0.00568334 -0.02060933  0.00842951 -0.00050126
  0.00137427  0.00213387  0.01022268 -0.01247788  0.00595498 -0.00566317
 -0.00765931 -0.00216259 -0.00638465  0.00659571  0.00728526 -0.0037688
 -0.00367966 -0.00635138 -0.00440308]
[ 0.01370534 -0.00467458  0.01078629  0.00588339 -0.01114622 -0.01244625
 -0.00756533  0.02117853  0.00738778  0.02703523  0.00612536 -0.00264544
  0.00425512  0.01404742 -0.01856661 -0.01387205  0.01871243  0.00434574
  0.0045205  -0.00497163  0.00682513]
[ 0.00950053 -0.00800463  0.00198078  0.01078564  0.01727529 -0.00523644
  0.01269508 -0.00619954  0.0032507  -0.00483868  0.00339594 -0.00905054
 -0.00039199  0.00099661 -0.00279759 -0.00883534 -0.00615392 -0.01276196
  0.01194908 -0.00096964 -0.00944269]
[ 0.00306077  0.00109809  0.00087237  0.00226846 -0.00380814  0.00076303
 -0.00203449  0.00894958  0.00138939  0.00294718  0.0094779  -0.00186046
 -0.00275249  0.00486038 -0.00724076 -0.00268497  0.00618632 -0.00353616
 -0.00039625  0.00282496  0.00430745]
[ 0.00780279  0.00067556  0.00081871 -0.01279381  0.01480454 -0.00516574
 -0.0072922  -0.01162775 -0.0077321   0.00205955  0.01167177  0.00035599
 -0.00464422 -0.00683349  0.00650717 -0.00134069  0.01438887 -0.00541724
 -0.00571889  0.01142093 -0.01146437]
[  9.51112098e-03  -1.01600121e-02   7.01233386e-05   4.68143513e-03
   3.00592940e-03   1.33463763e-04   2.22962706e-02  -1.66331441e-03
   7.44148933e-03  -1.89016710e-03  -1.79189185e-03  -2.73384645e-03
   6.76448834e-04  -2.91752796e-03   5.24762130e-03  -1.92416274e-02
   8.80954569e-03  -7.10786209e-03   1.04193167e-02  -2.09720325e-03
  -2.48278718e-03]
[ 0.01215799  0.00269963  0.00059739 -0.02451821  0.00542798  0.00680563
 -0.00214248  0.0210545   0.00289702 -0.01376242  0.01184475 -0.01047605
  0.00028836 -0.00679371  0.00584923  0.00178623 -0.00371356 -0.00525348
 -0.00928781  0.00359473 -0.00146274]
[ 0.00660951  0.0073996  -0.00627638 -0.00651505  0.00656453  0.00838261
  0.00064665  0.00737372 -0.00078649  0.00226311 -0.00125162  0.00870411
 -0.00436717  0.00073438 -0.00050598 -0.00734584 -0.00612194  0.00253089
  0.01040936 -0.00124448 -0.00496571]
[ 0.01907139  0.00837262  0.01548168  0.00699792 -0.01941586  0.01278298
  0.01110998 -0.01833324 -0.0037739   0.01973988  0.01005461 -0.01301479
  0.0004953  -0.0070558  -0.00157481  0.01593809 -0.00044956  0.00099372
 -0.02642913  0.01120956 -0.012393  ]
[  2.25952278e-03  -1.82808519e-04  -6.23017322e-03  -3.10008934e-04
  -4.02543597e-03  -4.29112989e-03   2.02728168e-04   8.31271561e-04
  -1.80518132e-03   5.52835612e-04  -2.97986148e-05  -3.56646155e-03
  -3.14179620e-03  -2.41943286e-03   2.35562542e-03  -1.25854062e-03
  -6.92329576e-03   1.29812832e-03   8.34955297e-04   2.66179690e-03
   1.59121417e-04]
[  1.37850250e-02  -2.58874799e-03   1.29580947e-02   1.34182749e-02
  -1.54851953e-02   6.90015690e-03   1.66227572e-02  -1.40991018e-02
  -9.15625819e-05  -1.99858364e-02   1.39878838e-02   1.72789406e-02
   1.77666455e-02   2.32405794e-03   1.58301581e-02  -6.20181389e-03
   1.81325597e-03   2.33929483e-02  -1.60511093e-03   1.93808874e-02
  -1.16226893e-02]
[ 0.01698094 -0.003204   -0.00947482 -0.02608836  0.01076871  0.02261736
  0.00562629  0.00421038 -0.01020972  0.01050492 -0.00757324 -0.00452567
  0.00077672  0.02967585  0.02089114 -0.00727267 -0.00927096 -0.00826228
  0.00825557 -0.00437845  0.01149705]
[  1.23032474e-02   8.33921232e-03  -1.36779074e-02   6.25622285e-04
   9.39279016e-03  -2.91048504e-03  -9.65029406e-03   5.48889819e-05
   3.83880943e-03   1.56252661e-02   8.80615336e-04   1.93413859e-02
   7.46738024e-03  -1.07822702e-02  -5.64586327e-03  -1.38717010e-02
  -3.22763860e-03   1.22013164e-02   1.51554665e-03   2.50157895e-03
   5.70389098e-03]
[ 0.02082556  0.03132941 -0.01991495  0.00472726 -0.01224212  0.02497214
 -0.02037932  0.05152682 -0.00290931 -0.04047891  0.01183619 -0.0219417
 -0.01269733 -0.01606415 -0.00183077 -0.01520844  0.00033874 -0.01664113
 -0.00509187  0.01173416  0.01428909]
[ 0.01153485 -0.00920012  0.00503094  0.00111274 -0.01190452 -0.00856943
  0.00690053  0.0133896   0.01078677 -0.00274408  0.00226695  0.01332823
 -0.00439732  0.00994853  0.00066823 -0.01186459  0.01201556  0.00725101
  0.01020353  0.00983546 -0.01604217]
[ 0.01572197  0.01262284  0.01714092  0.00227309  0.00656565  0.0015511
 -0.00578984  0.01266007 -0.02120274 -0.00619538  0.00345252  0.01386488
  0.01324774 -0.01523138  0.01889203  0.01235402  0.00715891 -0.01340573
  0.0157402  -0.01530522 -0.00257458]
[ 0.00996689  0.01053598  0.00559082  0.00872431  0.02339262 -0.00875015
 -0.00213251 -0.00422024 -0.01100633  0.00230595  0.00053919 -0.00634316
 -0.01554643 -0.00968564  0.00839042  0.00340182  0.02528859  0.00355645
  0.00010978  0.00954832  0.01586332]
[ 0.00560067 -0.00498806  0.00075491  0.00212556 -0.00769209 -0.00491445
 -0.00728807  0.00250734 -0.00232692  0.00654393 -0.00785017  0.0019199
 -0.01254767  0.01259229  0.00039478 -0.01520584  0.00389305  0.01005636
 -0.0126841  -0.00590224 -0.0043694 ]
[  1.73806920e-03   2.46788007e-06   4.38689984e-03   1.06420748e-03
  -1.34341429e-03  -5.05702043e-03  -5.28909222e-03   2.20495908e-03
  -1.58348917e-03   4.34180194e-03  -3.38600508e-04   1.52011678e-04
   6.08594247e-03   2.47473500e-03  -3.30118583e-03  -3.97115114e-03
   6.69195901e-04  -5.66662894e-03   8.78328641e-03   5.58908147e-04
   9.03167777e-03]
[ 0.01450149 -0.00453968  0.01623397 -0.01022917 -0.00414734 -0.00877504
  0.00412255 -0.0080182   0.00124586 -0.01547353  0.01083272  0.01263066
 -0.00799286 -0.00561707 -0.011889    0.01384273 -0.00578272  0.01013216
  0.00631672 -0.00361878  0.00815101]
[ 0.01709418 -0.02052887 -0.00301186 -0.00043632  0.01617839 -0.0013735
  0.00988381 -0.0092407  -0.00538031 -0.003267    0.01156756 -0.00928005
 -0.01596188  0.00373609  0.00022823 -0.00062474  0.01107062 -0.00669098
  0.0164724  -0.00560106 -0.0021858 ]
[ 0.01890083 -0.00126614  0.00629616 -0.00973398 -0.01258277 -0.02003126
 -0.04428868 -0.03580209 -0.01284947  0.00101385  0.00016831  0.00646783
  0.01882061 -0.01242245 -0.00908551 -0.0364028  -0.0043163  -0.02747702
 -0.00949356  0.02663146 -0.00525918]
[ 0.01095723  0.00049962  0.00509227 -0.01123708  0.00174331 -0.00824439
  0.00319037  0.00559708  0.02401157 -0.01001901 -0.01919332 -0.00341384
  0.02151638  0.02027464  0.00669769  0.01012828 -0.00596225  0.01158461
 -0.01786288  0.0120329   0.01797709]
[ 0.00211968 -0.00412184 -0.00051167 -0.00298668  0.00102319  0.00537164
 -0.00503414  0.00056167 -0.00549016  0.00269897 -0.00712984  0.00223023
 -0.00298341  0.00676121  0.00581296 -0.00329307 -0.00265774 -0.00037658
 -0.00451585 -0.002966    0.00486202]
[ 0.01040861 -0.00412809  0.00567547  0.00252098 -0.00675122 -0.00803098
 -0.00248208  0.00877846 -0.00319304  0.01159759  0.0051628  -0.00669695
 -0.0078337   0.0067443  -0.01798069 -0.00436012  0.01666921  0.00840389
  0.00047865  0.00758715 -0.01055945]

Right eigenvectors

[ 1.         -0.75042914  0.60511292 -0.73327663  0.03324455  0.42753834
  2.1534915   1.16895879  1.17293719  0.5925269  -1.89373536 -1.89415532
  2.72473024 -2.14592266 -1.04208058 -1.02299378  1.05933793  0.74988171
 -1.57188934 -1.62230765  1.08911187]
[ 1.         -0.3126656   0.35789692 -1.55486797  0.47666188 -0.4916602
  0.09181713 -1.00133668  1.86741178 -1.87771608 -0.3061046   0.80077693
 -0.88548484 -0.09261289 -1.98042152 -0.16038687 -0.473078   -0.22051822
  0.22010726 -1.83356549 -0.59361481]
[ 1.          1.44683283  1.32948597  1.73222708  2.10806791 -1.15614544
  1.27322006 -0.03437534  0.479591    0.33699579 -2.83686115 -0.43571293
 -1.62321226 -0.2680549   1.17170683  0.64906712  0.33794628 -2.06460509
 -0.13589648  2.75827169 -0.70955011]
[ 1.          0.07903213  0.77340727 -1.63502059 -1.14717349  2.97771841
  1.61434981 -1.7508948  -1.99131727  0.85698182 -1.19444176 -1.75316491
  1.00725427  0.26601016 -1.08362141 -0.64633588  0.00983774  0.48588776
  0.19188018  1.79249051  0.86475193]
[ 1.          1.02490649 -1.79391114 -0.03195562 -0.52437008  0.13494309
 -0.0655266   0.23847923  0.27249749 -0.60088342 -0.67433835  0.01508286
  0.89354085  0.79644655 -1.28476252  1.55715654  0.02275185 -0.29486006
 -0.44822236  0.92271626  0.01319987]
[ 1.         -0.56235947 -1.75463782  0.02963349  0.7052757  -1.65656768
  0.46357701 -1.03258338 -1.27224943 -0.20266188  0.44438691 -0.89215438
  0.06468568  0.15255541  0.77501908  0.82985197  1.24292521  0.49091625
  0.11062658 -0.86313531 -0.27735001]
[ 1.         -1.15877106 -0.67592894 -0.3029794   0.03576391 -0.75517439
  1.14761909  0.10529854  0.06691291  0.21504374 -0.08499215 -0.97737253
 -0.75589243  0.40837736  1.09225537 -1.16583732  0.43669097 -0.35230661
  0.83325212 -0.57931707  0.34451799]
[ 1.         -0.56829508  1.30894661 -1.2613208  -0.42765702 -1.68530067
 -0.50656989  1.95331288  0.65067135  0.10102887 -0.48613581 -0.59106102
  1.81638385  1.58350395  1.04207643  1.6503351  -0.66341623  0.91306636
  0.92503669  0.89535373  0.52682405]
[ 1.         -1.71654801  0.56940474  0.05214055 -0.68109024 -0.39056832
 -0.76326062  0.99960613  0.23403664 -0.15476062 -0.40504781 -0.06683783
 -0.39831467 -0.16851244  0.16050513  1.35808587  2.00484022  0.85619827
  1.16616588 -0.68421837 -0.92419716]
[ 1.          0.13831432  1.08985738 -0.71659798 -1.11324113  1.50904705
  1.53546235 -0.94308677 -1.13547614  1.37616754 -0.28403857 -1.48487845
  0.15509367 -0.87504099 -1.80260227  0.75517933  0.0704247   0.36572664
 -1.08272154  0.66073269  0.36369285]
[ 1.          0.80866661  0.97803058  1.09579287  1.16669586 -0.51226131
 -0.89056574 -1.12438531 -0.08429891 -0.53477198  0.53132946 -0.29903135
  0.33880341  0.11903752 -0.1906319  -0.19904831 -0.89037372  1.26857579
  0.40451312 -1.68851523  1.96836439]
[ 1.         -1.20524289 -1.24153535 -0.22340605 -1.74944021 -3.01603138
  0.54706294  0.36436321 -2.18921106  1.27084453  0.89557811 -2.61263285
 -2.32340023  0.09653167  0.09225826 -0.63630232 -0.4076689   2.03870365
 -0.38100774  0.86883813 -0.22780624]
[ 1.          0.27790263 -0.44768839 -0.20619001  1.71294381  0.10568466
 -0.45043432 -0.21552726 -0.11073183  0.74505244  0.34381988  0.84490281
 -0.28685151 -0.43031184  0.40528261 -0.77288795 -0.289304    1.37293208
 -0.37733933 -0.51482649  0.68895894]
[ 1.          0.72877372 -0.40749183  0.48973346 -0.50502115  0.90465422
  0.17871223 -0.68169558  1.46767657  0.6144798  -0.78507127  0.95397635
  0.7416168   0.40998355  1.8980912   0.32247945  0.29130064 -0.91129797
 -0.0921968  -0.25215778  0.08055644]
[ 1.         -0.04996025 -0.38453018  0.14687547 -0.02619072  0.22792932
  0.73396493  0.06344566 -0.57166537  0.11420735 -0.08960168  0.5541878
 -0.10797149 -0.04735395 -0.02251251  0.15655329  0.10554359 -0.52705117
  0.6806388  -0.28320003  0.33265791]
[ 1.          1.62320136  0.24383903  1.40224119  1.17564311  0.09917185
 -0.25393131  0.80111447 -0.75572737 -0.63969545  0.02181904 -1.37584098
 -1.66746478 -1.17781679  1.40659862 -0.55212847  4.36822567 -0.05608183
 -1.57031727  1.28134307  3.16598754]
[ 1.         -2.09805306  0.28644771 -0.01327894 -0.11845102  1.31986906
 -2.66726158  0.00416175 -1.78903094  0.51916413 -2.46099872  1.1571253
 -1.18718732  0.78721725  0.83820478 -0.72810267 -0.33483807  0.36804034
 -1.86645324 -0.63542205  0.68355766]
[ 1.         -0.06354888  0.55474017  0.10424036 -1.26396072 -0.01348982
  0.85246915  0.25723735 -0.40045185 -0.73189192 -0.00900258  1.26707916
 -0.45510625 -1.69063499  0.51551349  0.96692966 -0.36676963  0.37218325
  0.02984029 -0.43473678 -0.15170666]
[ 1.          0.86244177 -0.15932575  0.08226897 -1.57217297  1.47558721
 -1.04348994  3.6519362  -1.48735544 -3.6376079  -0.35355801  0.58817005
 -0.4945055  -2.88148562  0.21624248 -0.23788385  1.83964504 -0.91300216
  0.72709356 -0.59670732  0.84979577]
[ 1.          0.31955773  0.48183753 -0.24781843 -0.98835768 -0.09109804
 -1.32716933 -1.38586658  1.57584324  0.04251561 -0.52356261 -1.04105674
 -1.21952908  0.48170736 -0.32475455 -0.2152024  -0.67112074  0.19505272
 -0.0198012  -1.13463874 -0.43870499]
[ 1.          0.74710813  1.39661958  0.54884257 -0.22068235 -0.23663155
  0.81731602  0.71195182 -0.8108459   2.2720773   0.11579601  0.14572747
  0.09813715 -1.98005494 -1.4768743   1.72403896 -1.11704568  0.5491602
 -1.10339359 -0.52492087 -0.31149589]
[ 1.          0.52146567  0.30126122  1.02980371 -1.85820741  0.66767336
 -1.32992573 -1.58574725  2.54532933  0.62241567  0.18298691 -1.37207134
 -0.63911918 -0.96918928  1.46209734  0.96233202  0.96556357  0.45804476
  0.87635393 -1.32100371 -0.47291234]
[ 1.          1.38813848 -0.70274087  0.08085704  0.38125159  0.74761089
 -0.10809735 -0.17000098  0.07008049  0.78058926 -0.12870816  0.58445748
 -0.98691169  0.8959315  -1.59524155  0.8802582  -0.62367369  1.11707408
  1.64466016  0.56124965 -0.03347927]
[ 1.          0.81119258 -2.13062358  0.16648206  0.14950513 -0.11501745
  0.31791157 -0.40076609 -0.33555706  0.20610854 -0.74983483  1.1506761
  0.82105784  1.19207618 -0.54997978  0.96652386  0.9873172  -0.12137288
  0.07732915 -0.28708575 -0.32751168]
[ 1.          0.21176213 -0.37861926 -1.01886586  0.74837275  0.6421494
  0.79105012 -0.53292351 -0.46301306 -0.16981119 -0.37464991  1.26097413
 -0.7185237  -0.05021148 -1.13013633 -0.13843724  0.3173318   0.59622506
  1.71687305 -0.5040754  -0.25763344]
[  1.00000000e+00  -4.09130649e-01   1.70799838e-01  -8.16407745e-01
  -1.44359726e+00  -1.84740295e+00  -1.45876366e+00  -2.15198119e+00
  -2.66204851e-01  -3.75830720e-01   2.96321383e-01  -7.71722847e-01
  -1.12627524e+00  -5.60314435e-01  -2.97877835e-01  -9.44094167e-01
  -1.80199318e+00  -8.28666889e-05  -2.72487994e-01   3.88104549e-02
   2.77425922e-01]
[ 1.          0.21637116  0.54048369 -2.50571735  1.08796099  1.08638308
 -0.56346727  0.85590458 -0.03506509  0.83451105  1.69270259 -0.35796389
  0.37228875  1.40078466  2.48605153  1.11600252 -0.05303783 -1.56028972
  0.02834073 -0.64949946 -1.29652817]
[ 1.          0.7483784   0.28512268  1.04582971 -0.12015329  0.10513806
  0.06409666  0.34054897 -0.52202221 -0.52060401  0.05497253  0.50739752
  0.29762922  1.23639272 -0.11548029 -0.65295496  0.94518973  0.45921403
 -1.49217462 -0.28403971  0.1963711 ]
[ 1.          1.91637768 -2.30816118  0.36952551 -1.30242623  1.15728923
 -1.45971374  3.17270403  0.55165992 -2.16308798  0.28723724 -1.22185838
 -0.8680067  -1.60946332 -0.49971992 -1.35838259 -1.33762849 -1.47909095
  0.32110408  2.02870144  0.39293398]
[ 1.         -0.77421771  0.25814289 -1.62318175 -0.02489469  0.96227856
  2.26312873  0.06775505 -0.13115942  0.18012113 -0.72820935 -2.03950912
  0.89851286 -1.38615432 -1.46384074 -0.96479479  0.61257242  0.09423292
 -0.77862854 -0.74760549  1.12321412]
[ 1.         -0.01912878  0.73485077  0.89847197 -0.06398078  0.48315777
  0.65458046 -1.11752832 -1.38216952 -1.77206574  1.27855551  0.08611927
  1.07079287  0.85985395  0.30273517  0.09252026 -0.74128409  1.47403291
  0.40561354 -0.10159828 -0.73668477]
[ 1.         -0.88443845  0.94739497 -0.19183395 -0.92362591 -0.76616708
 -0.13498838  0.22702865 -0.98324467 -0.54426192 -0.5752614   1.24959843
 -0.05038664 -0.33822583  0.32244787  1.03504939 -0.60407519 -0.18853698
  0.31715619 -0.59749096  0.66972573]
[ 1.          0.36284719  0.7595653   1.57351478 -0.69948971  0.54325473
  0.60283744  0.80036202  0.09892078  0.75850514  4.11258145  1.53175563
 -0.20801948  3.80402566 -1.25869686  0.17989662  1.80206208 -1.27783775
 -2.62610651  0.06587438  1.91685713]
[ 1.         -0.24255926 -0.59657468 -0.21587195  1.67277999 -0.60427847
 -0.05704253 -0.4993664   1.67736554 -0.64192126  0.10367255 -0.2101822
  1.94165343 -0.58309271  0.17005747 -0.67792035 -0.85770384  1.34852783
 -0.56508636 -2.4543985   1.35020886]
[ 1.         -0.80832337  0.22839712  0.50231068 -1.31968146 -1.25385285
  0.23061685  1.37752301  0.73256665  1.14112349 -1.3852337   2.05855774
 -2.58036774  2.4214322  -0.26779086 -3.68553898  1.80031095  1.77689283
 -1.03393108  0.51030368 -3.12005011]
[ 1.          2.74944118  2.29443396  3.84656742  2.16972769 -0.55367752
  0.03730582  0.6494915  -2.77322753 -3.35382323 -0.93171351 -2.96214284
  0.09251101  3.1877839  -0.54073414 -0.81599672 -3.13040351  0.16822743
 -2.62456384 -3.82233398 -3.47939535]
[ 1.          0.33408488  0.24998933  0.34340473 -0.57030455  0.15969332
  1.45406067 -0.47589746  2.48227871 -0.83746645 -1.64721443  2.27649452
  2.04059412  1.56666005  2.78452632 -0.09453517 -0.38628436  0.83331402
 -1.37395582  2.01185814  0.3305804 ]
[ 1.          0.29715113 -4.45528162  0.25952852  0.16789843 -1.94251938
  0.05714266 -1.90404296 -1.65767899 -0.35599914 -0.64269549  0.11600463
  2.88565903  1.60489546 -1.50354066  3.50526386  3.4369504  -1.76507011
 -1.31454612 -1.57626273 -1.69032221]
[  1.00000000e+00  -3.41853182e-01  -8.50956179e-01  -2.31461936e-04
  -5.58609141e-01  -3.94589194e-01   5.14273156e-01   8.45714239e-01
  -3.82399932e-01  -2.90069113e-01   1.23749628e+00  -9.03361184e-01
  -7.77396345e-01  -2.76089856e-01   7.07862141e-01  -8.66232832e-01
  -8.26060574e-01   5.49053351e-01   1.70067686e-01   1.29461185e+00
  -3.56831886e-01]
[ 1.         -0.51245526  0.54112097  0.60351645 -1.34678626 -0.57889967
  1.64267799  0.24870452 -0.73987818  1.63278498  1.14309266  1.72608958
 -1.23289894 -1.28939584 -0.27025252  2.01466173 -2.84484756 -2.13828809
 -2.76021803 -1.00399555  1.37524956]
[ 1.         -1.25443205 -0.1861085  -1.44476345 -1.45188119 -3.5986751
  0.09672091  1.7563265  -0.90196489  0.37636157 -0.1739287  -2.35866791
  0.86609797  1.52183083  2.86247202  2.00197589 -2.68688896  2.25869666
  1.04301703  1.37526026  1.75299287]
[ 1.          1.88392279  1.04667109  2.46730971  0.75454766  0.28700821
 -0.37998669  0.62419823 -1.95922121 -3.27153758  0.59609966 -1.32503507
  0.57625388  2.4238254  -0.33551581 -1.33956119 -1.38557675  1.4401235
 -2.59804051 -2.91876122 -0.67808836]
[  1.00000000e+00  -8.99421824e-01  -1.46346699e+00  -3.46907552e-01
  -1.11143395e+00  -2.07269226e+00   5.79956432e-01  -2.37493870e-01
  -1.44106698e+00   2.32678530e-01   3.19824893e-01  -1.38738232e+00
  -1.05722891e+00  -3.35560264e-01   1.11579477e+00  -1.25053954e-01
  -1.21342470e+00   6.07398024e-01  -2.27107971e-01   1.76653237e-04
   5.13287411e-01]
[ 1.         -0.36443276 -1.96829973 -0.16567857 -0.20906641 -1.15626435
 -1.35484463 -2.20385965 -0.97747398 -0.68295312 -0.33134968  0.3687713
  3.00110354  0.73698107 -3.29477718  0.63364207  1.87036472 -4.64097888
 -2.25020516 -0.85299184 -1.70803258]
[ 1.         -0.06413482 -0.19915567 -0.77676421 -0.50037453  0.06938868
 -0.61304041 -0.4725147   0.16938202 -1.50725814 -0.20663928  0.17421211
  0.56648058  0.0476256  -1.94206892 -0.06157349 -0.08211155 -1.4963398
 -0.50738135 -0.07483932 -0.9495429 ]
[ 1.         -0.30132412  1.28122428 -0.68727515 -1.89722358  1.42760348
  0.30268603 -2.02970763 -2.21319981 -0.90927328 -0.70739999  0.71466896
  2.19244681 -1.05924804 -0.20454024 -1.65425646  0.84278923  0.69790964
  0.2512535   2.92745851 -0.29007188]
[ 1.         -4.04229864 -1.16778512  3.06333482  2.033304    2.2194368
 -0.96064483  0.27811919  1.25409733 -0.58985114  1.02224608 -0.72741379
  1.61728702 -1.18080378 -0.2807708   0.45881356 -1.89047689  0.473848
  0.44540997  2.27792446 -0.19415696]
[ 1.         -0.25995204  0.08410685  0.88293116 -1.02235632 -0.8238301
  2.89516772  0.52537014  0.17362759  2.06694266 -0.18830633  4.42004907
 -2.39546708 -1.57326445  0.3970588   1.30055089 -4.55403096 -4.21370444
 -4.00815879 -1.02494178  1.30846524]
[ 1.          0.30040134  1.97945254  0.25600468 -0.06287817 -2.06042133
 -2.32161164 -0.22087187 -1.26072774  0.36582703 -0.54944542  0.23848803
  2.38985216  0.16368879 -0.15714361 -0.70826904 -0.94248081 -2.32836435
  2.77872923  0.51034143  2.4552081 ]
[  1.00000000e+00   4.23947259e-01  -3.69809651e+00   3.44060872e-01
  -3.35217271e-01  -1.25449445e+00   1.22232428e-03  -7.10389294e-01
  -6.51756737e-01  -2.31583376e-01  -4.11522398e-01  -3.22217417e-01
   1.59938092e+00   4.86857252e-01  -5.09170453e-01   2.27890579e+00
   1.09603960e+00  -1.72226179e-01  -5.38225598e-01  -2.58203521e-01
  -3.26978631e-01]
[ 1.          0.43555524  0.28671254 -0.77593529 -0.86582631  2.17496445
 -0.27324031 -0.72315412 -0.34777622  0.32306889 -1.06861972 -1.18688471
 -0.47483774  0.54364415  0.15281244  0.0906594  -0.0939856  -0.79095677
  0.10555332 -0.08632414  0.1681975 ]
[ 1.          0.15434442  0.77839832 -2.2031371   2.18582832 -0.80282981
 -0.3664667  -0.42169911  1.17707408 -1.35701211  0.78092316  0.38942393
 -1.63164442 -0.84543955 -0.92720521  1.10209067  0.47188122  1.17542274
 -1.72723521  1.99024805  1.18084325]
[ 1.         -5.41566764 -0.43454543  2.41181462  1.81411856  2.61810228
 -3.17898081  0.8704599  -0.26266268  0.12790346 -1.4185332  -0.22413304
 -0.65792298 -0.37361125 -0.78728794  2.51417121 -0.37165299  0.28705258
 -0.72732784  1.28771758 -0.80879053]
[ 1.         -0.76600064  0.84695182 -1.55629749  0.22524096 -1.24882491
 -0.1982371  -0.88421759  1.82379021 -2.15539123 -0.19030792  0.22849536
 -0.76083873  0.36289317 -1.61932082 -0.21575145 -0.28559235 -0.64741998
 -0.38408437 -0.00223571 -0.33565896]
[ 1.          0.37206418  0.36537043  0.88730175 -0.56381177  0.52272977
  0.77312796 -0.30676183  1.02815986  0.75330237 -0.72132134 -1.0578482
 -0.04698246 -0.89158493  1.25190297 -0.22791533  1.85997356 -0.36703675
 -0.79027697 -0.10348211  0.7187285 ]
[ 1.          0.96580489  0.07104491 -0.66531297  0.24642892  1.10774487
 -0.58800527 -0.84788119  0.99095945  1.51251636  0.46555246  0.12824638
 -0.5616107   1.06644706  1.25363575  1.00959186 -0.65896316  0.09456018
 -0.01349187 -0.73900352 -0.96112772]
[ 1.          0.75470913 -1.63940825  0.18010357 -0.80309708  0.02254991
 -0.46057083  0.56372013  0.64155243 -0.00684633 -0.31225417  0.01084248
 -0.09834512 -0.5103403  -0.28725526 -0.28467695 -0.94735775 -0.19804402
  0.44604245  0.72975181 -0.44282988]
[ 1.          0.52467238  0.4759461  -1.46549582  0.96960023 -0.37445283
 -1.88358449 -1.79173088 -1.0253737   1.58449502  1.82075076  0.36572312
  1.20741975 -2.21541877  0.85964302 -1.69234483  0.57149925 -0.81363086
 -2.60665174  1.84429021 -3.64930489]
[ 1.         -1.95268049 -0.51368362  1.0234155   1.55481773  0.29613818
  1.68249408  0.01401613  1.39965558 -0.00212617 -0.12724121 -0.79964532
  1.09233224 -0.70163413 -0.32666501 -1.91918929 -0.5019675  -1.27394611
  0.53087191 -1.23131769  0.67476597]
[ 1.          0.5444998   0.6850702  -0.26226442  0.19574282 -0.70725149
  0.20513838  2.67618564  0.65191872  3.16682436 -0.65119025 -1.12589465
  2.7183253  -2.12480815 -1.78596993 -0.25715625 -0.79849507  1.92065791
 -0.81565929 -1.02232156 -3.01006448]
[ 1.          0.52424659  1.9170102   0.24386512  0.50560692 -1.97282498
 -0.02378649  2.91905987  0.26099246  2.48037127 -1.42968118 -2.1537429
  2.34323619  0.10078903 -1.30325324  1.41062523 -1.0228456   1.56034203
  0.91900652  0.72153431 -4.0773749 ]
[ 1.          1.40103738  0.01184432  0.06132122  2.00227612 -0.19359778
 -0.59734013 -0.48635089 -0.06221696  1.19204535  0.44797563  1.06992476
 -1.29707762 -0.868472   -1.69414411  0.79004646 -0.3620147   3.01482601
  0.45246648  0.62363378  2.26298348]
[ 1.          0.55335155  0.03891811 -1.2540331  -0.10882791  2.70158951
  1.05293212 -1.43439766 -1.71558391  0.30895652 -0.80525204 -0.5187002
 -0.03841737  1.75441784 -1.03491665 -0.07885357 -0.76639018  1.19900352
  2.37765081  0.81524847  0.43456157]
[ 1.          0.91827928  1.5078766  -0.92003356  2.72427547 -1.72200397
  0.81106895  0.06053663  2.82034269 -1.45224141 -2.96919404 -0.29332737
 -0.93950258  0.70311802  0.77916357  2.39746719  0.21436544  0.2205605
 -3.62439836  6.05430341  2.43351076]
[ 1.         -1.6873915   0.10749045  2.08533222  0.4904901   0.90568491
  1.07946885 -0.42890767  0.18509699 -1.27982528  3.23103141 -0.18862014
  1.14607389  0.57306504  0.3270243  -0.39027154 -1.76833012  0.78570585
  1.00460067  2.71938946 -1.22430877]
[ 1.          1.24234758  0.41577245  0.49340731 -1.13633252  0.92070306
 -1.10322366 -0.71261457  1.28793113 -0.13372696 -0.77585288 -1.54648002
 -1.87187755 -0.32678939  0.00287128  0.8686082  -0.689709   -0.14254706
  1.31605621 -1.06439313 -0.87065408]
[ 1.         -1.01605145 -0.25485859  0.69169459  0.57990625  0.50223679
  0.32479588  0.09128806  0.34722138  0.56867068  0.2492966  -0.01757629
  0.46361417  0.24734132 -1.08538238 -0.4053646  -0.39620733 -1.51720917
 -0.61106906 -0.94849646  0.85212981]
[ 1.         -0.3193518   0.57040648  0.68673    -0.62669742  0.46247068
  0.52719097  0.42125605  0.61054689  1.19429609  3.48928041  0.78706898
 -0.46436482  1.78605713 -0.8323031   0.7833691   0.32244038 -1.31168198
 -0.21033209  0.32461148  0.93887964]
[ 1.          0.07143952 -1.76319014  1.07319932  0.39973386  0.51211984
 -0.76844082 -0.07668833  1.17396194  0.01110566  0.45159617 -0.07398583
  1.30237912 -1.35099278  0.46284041 -0.10706294 -0.10479734  0.70567897
 -0.01614435 -0.03449129  1.24209089]
[ 1.          0.19204656 -0.42587337  0.37304305  0.22029959 -0.28929155
  1.21150188  0.25142653  0.86611179  0.24367874 -1.25506839  2.00528232
 -0.71919494  0.01133371  0.55239127 -0.98341325 -0.40635052 -0.71688419
  0.10586991  0.32185937 -0.55822719]
[ 1.          0.77790467 -0.16175102 -1.41934336  1.85211207  0.29719104
 -0.9362395   0.92513637 -0.02410366  1.48709301  1.13073098  0.87755459
  1.48023937 -1.60263813  1.03315047 -1.17727609 -0.75068129  1.018932
 -0.77341781 -1.09309621 -1.93484518]
[ 1.         -0.57215131  0.84737437 -0.1512817  -1.11415875  0.31012354
 -0.0088487   0.94265084 -1.27702165 -1.28102482 -0.9325945   1.65716481
  0.24236118 -1.54959805  0.26486287  0.60560616  1.32767166  0.22716516
  0.75416522 -1.00577621 -0.21746908]
[ 1.          1.35594462  1.53192519  1.7770276   1.55304889 -0.84814539
  0.40404844  0.00412624 -0.62069174  0.2183473  -1.36935256 -1.18183908
 -0.48424399  0.14669817 -0.0765548   0.69952383 -0.82288367 -1.28356698
  0.84431132  0.4256259  -1.37462937]
[ 1.          0.4736858   0.26653143  1.36540302 -1.34711036  0.56825166
 -1.3350333  -2.08052391  2.30932672  0.39661061  1.35989488 -0.17591559
  0.74676524 -0.63902424  1.80846158  0.27778406  0.67833734  0.40215255
  0.62483934 -0.81798378  0.72572215]
[ 1.         -0.87368612  0.72410152 -2.62579061  1.07398516 -0.06386478
  0.17509289  0.27187163  1.30244937 -1.58977984  0.75871148 -0.72153254
 -0.9758561  -0.27553078 -0.81345458  0.84034457  0.92819943 -0.48017497
 -0.46881706 -0.80921578 -0.56098724]
[ 1.         -0.34107701  0.78701359  0.42927711 -0.81327566 -0.90813135
 -0.55199898  1.54527554  0.53904355  1.97260543  0.44693211 -0.19302244
  0.31047197  1.0249596  -1.35469892 -1.01216355  1.36533814  0.31708372
  0.32983466 -0.36275153  0.49799038]
[ 1.         -0.84254545  0.20849121  1.13526802  1.81835041 -0.55117329
  1.33625002 -0.65254694  0.34216015 -0.50930686  0.35744737 -0.9526351
 -0.04125967  0.10490019 -0.29446732 -0.92998406 -0.64774537 -1.34329009
  1.25772774 -0.10206158 -0.99391245]
[ 1.          0.35876164  0.28501801  0.74114215 -1.24417882  0.24929386
 -0.66470046  2.92396679  0.45393422  0.9628887   3.09657648 -0.60784081
 -0.89928073  1.58796061 -2.36566901 -0.87722157  2.02116601 -1.15531814
 -0.12946134  0.92295808  1.40731106]
[ 1.          0.08657899  0.10492515 -1.63964681  1.89734046 -0.66203846
 -0.93456349 -1.49020516 -0.99094117  0.26395108  1.49584666  0.04562349
 -0.59520014 -0.87577535  0.83395513 -0.17182201  1.84406848 -0.69427001
 -0.73292922  1.46369946 -1.46926568]
[ 1.         -1.06822446  0.00737277  0.49220645  0.31604365  0.01403239
  2.34423162 -0.17488101  0.78239877 -0.19873232 -0.18839965 -0.28743683
  0.07112188 -0.30674912  0.55173531 -2.0230662   0.92623632 -0.74732117
  1.09548777 -0.22050011 -0.26104044]
[ 1.          0.22204596  0.0491357  -2.01663297  0.44645348  0.55976594
 -0.17621995  1.73174136  0.23828103 -1.13196512  0.97423605 -0.86165946
  0.02371783 -0.55878536  0.48110126  0.14691812 -0.30544211 -0.43210118
 -0.76392602  0.29566812 -0.12031134]
[ 1.          1.11953905 -0.94959976 -0.98570906  0.99319526  1.26826657
  0.09783657  1.11562301 -0.11899386  0.34240221 -0.189366    1.31690773
 -0.6607402   0.11111034 -0.07655377 -1.11140525 -0.92623321  0.38291642
  1.57490823 -0.18828677 -0.75129818]
[ 1.          0.43901446  0.81177535  0.36693274 -1.01806223  0.67026997
  0.58254699 -0.96129567 -0.19788277  1.03505228  0.52720925 -0.68242493
  0.02597083 -0.3699677  -0.08257436  0.83570662 -0.02357232  0.05210541
 -1.38580013  0.58776851 -0.64982174]
[ 1.         -0.08090581 -2.75729604 -0.13720107 -1.78154255 -1.89913106
  0.08972167  0.36789696 -0.7989215   0.24466919 -0.01318801 -1.57841363
 -1.39046892 -1.07077162  1.04253227 -0.55699399 -3.06405221  0.57451437
  0.36952728  1.17803499  0.07042258]
[ 1.         -0.18779422  0.94001242  0.97339503 -1.12333458  0.50055454
  1.20585615 -1.02278391 -0.00664218 -1.44982228  1.01471588  1.25345733
  1.28883665  0.16859294  1.14835904 -0.449895    0.1315381   1.69698265
 -0.11643874  1.40593777 -0.84313879]
[ 1.         -0.18868216 -0.55796808 -1.53633181  0.63416458  1.33192664
  0.33132979  0.24794719 -0.60124619  0.61862999 -0.44598503 -0.26651479
  0.04574078  1.74759774  1.2302701  -0.42828417 -0.54596295 -0.48656227
  0.48616707 -0.25784488  0.67705601]
[ 1.          0.67780579 -1.11173147  0.05085018  0.76343991 -0.23656234
 -0.78436967  0.00446134  0.31201595  1.27001153  0.07157585  1.57205535
  0.60694384 -0.87637595 -0.45889212 -1.1274829  -0.26234038  0.99171511
  0.12318265  0.20332672  0.46360857]
[ 1.          1.50437267 -0.95627445  0.22699318 -0.58784108  1.19910995
 -0.97857232  2.47421006 -0.1396992  -1.94371268  0.56834909 -1.05359457
 -0.60969901 -0.77136695 -0.08790973 -0.73027742  0.01626572 -0.79907214
 -0.2445008   0.56344998  0.68613221]
[ 1.         -0.79759315  0.43615143  0.09646728 -1.03204842 -0.74291636
  0.59823367  1.16079581  0.93514651 -0.23789449  0.19653023  1.1554748
 -0.38122059  0.86247583  0.05793152 -1.02858638  1.04167484  0.62861751
  0.88458324  0.85267336 -1.39075744]
[ 1.          0.80287865  1.09025219  0.14458058  0.41760949  0.09865785
 -0.36826447  0.80524711 -1.34860528 -0.39405852  0.21959822  0.88187915
  0.84262573 -0.96879596  1.20163235  0.78578061  0.45534406 -0.85267502
  1.0011594  -0.9734922  -0.16375667]
[ 1.          1.05709724  0.5609387   0.87532836  2.34703215 -0.87792117
 -0.21395976 -0.42342621 -1.10428858  0.231361    0.05409815 -0.63642297
 -1.55980651 -0.97178135  0.84182905  0.34131213  2.53725841  0.35682627
  0.01101495  0.95800367  1.59160152]
[ 1.         -0.89061804  0.13478906  0.37951988 -1.3734241  -0.87747649
 -1.30128662  0.4476858  -0.41547239  1.16841917 -1.40164913  0.34279822
 -2.24038849  2.2483555   0.07048845 -2.71500428  0.69510543  1.79556436
 -2.26474695 -1.05384562 -0.78015666]
[  1.00000000e+00   1.41989748e-03   2.52400759e+00   6.12292929e-01
  -7.72934869e-01  -2.90956220e+00  -3.04308495e+00   1.26862560e+00
  -9.11062213e-01   2.49806046e+00  -1.94814170e-01   8.74600839e-02
   3.50155361e+00   1.42384147e+00  -1.89934085e+00  -2.28480612e+00
   3.85022588e-01  -3.26030112e+00   5.05347337e+00   3.21568409e-01
   5.19638561e+00]
[ 1.         -0.31304948  1.11946957 -0.70538788 -0.28599414 -0.60511323
  0.28428475 -0.55292266  0.0859129  -1.06703048  0.74700721  0.87099064
 -0.55117529 -0.38734462 -0.81984717  0.95457309 -0.39876717  0.69869781
  0.43559146 -0.24954555  0.56208073]
[ 1.         -1.20092797 -0.17619243 -0.02552454  0.94642683 -0.08034926
  0.57819735 -0.54057574 -0.3147452  -0.19111791  0.67669622 -0.54287788
 -0.93376154  0.21855904  0.01335161 -0.03654691  0.64762538 -0.39141896
  0.96362673 -0.32765923 -0.1278681 ]
[ 1.         -0.06698842  0.33311538 -0.51500255 -0.66572548 -1.0598086
 -2.34321302 -1.89420726 -0.67983617  0.05364041  0.00890481  0.34219836
  0.99575568 -0.65724335 -0.48069339 -1.92598904 -0.22836566 -1.45374677
 -0.50228276  1.40901018 -0.27825144]
[ 1.          0.04559749  0.46474089 -1.02554015  0.15910162 -0.75241589
  0.29116606  0.51081183  2.19139097 -0.91437489 -1.75165873 -0.31156033
  1.96366996  1.85034348  0.61125779  0.92434691 -0.54413823  1.05725753
 -1.63023701  1.09817023  1.64066037]
[ 1.         -1.94455665 -0.24138915 -1.40902292  0.48270802  2.53417455
 -2.37495388  0.26497849 -2.59009131  1.27328953 -3.36363939  1.05215332
 -1.40748051  3.18973035  2.74237798 -1.55356877 -1.25384058 -0.17765924
 -2.1304412  -1.39926699  2.29375142]
[ 1.         -0.39660358  0.54526695  0.24220105 -0.64861858 -0.77157066
 -0.23846386  0.84338419 -0.30676933  1.11422989  0.49601254 -0.64340445
 -0.75261722  0.64795411 -1.72748211 -0.41889572  1.60148274  0.8073981
  0.04598579  0.72892967 -1.01449211]
