Cluster centers 

[ 1.09637639  0.22330854 -0.39996353 -0.13154961]
[-0.97011904 -1.24302417 -0.61539492 -0.04872972]
[-1.0216573   0.67908462  1.73806257 -0.62771696]
[ 0.6825944  -1.38960249  0.77813976  1.52862869]
[-0.9980405   0.3799015  -0.97088778  0.99044496]
[-0.96626535 -0.08345866  1.27999592 -0.34437917]
[  1.05565846e+00   1.78532361e+00  -3.11827999e-04   6.59732432e-01]
[-1.1189183   2.2127729  -0.90259506  0.89406242]
[-0.87995914 -1.09588451  0.39838577  0.12962775]
[ 1.04137079 -1.0610519   1.39827452  0.24174599]
[ 1.13813945 -1.00749327  0.03270652 -0.59601467]
[ 0.99764842 -0.74573878  0.25720392  1.11321504]
[ 1.12136776 -0.10117525  1.71087494 -1.14915012]
[-1.06013688  0.05090463  0.54525891 -1.600025  ]
[-1.10825465  1.07460301 -1.414352    0.09477147]
[ 1.07928217 -0.44980514 -0.55857008 -0.9252224 ]
[-1.02183989 -0.27342701 -1.16061832  0.44872568]
[-0.36551816 -0.93049048  0.03411544  2.05565103]
[ 0.86376168  0.94854665  3.56953142  0.58185593]
[-1.04636575  1.48754469  2.30651447 -0.66822067]
[ 0.90327517  1.55918261 -0.82012115 -0.86464758]
[ 0.65934993 -0.52168571 -1.16789126 -2.64140464]
[-1.05927368 -0.60813484 -1.39460728 -0.32932504]
[-0.76064065 -0.70315771 -0.53450063  1.42240326]
[-1.03691727 -1.1106463  -0.75842306 -0.84621988]
[-0.8217185   1.62758979 -0.2052706   2.22691497]
[-1.0375611   1.64614958  1.49021409 -2.2303843 ]
[ 1.08037322  0.77619645 -0.04250215  0.71898167]
[ 0.90587825  0.37990913 -1.05751437 -1.40489359]
[-1.07461454  0.45864444 -1.28644026  0.37292439]
[ 0.31720454 -0.85517228  0.4227741   2.29030017]
[-0.37997155  0.20933375  0.03135356  2.52815005]
[ 1.12700106 -0.66648889 -0.24016737 -0.3586187 ]
[-0.90221607  0.80317515  2.28864945  0.01986644]
[-1.05351499  0.09383922  0.95577571 -1.04535   ]
[ 1.13936756 -1.01129025  0.77775149 -0.57538833]
[ 1.11321502 -1.16686721  0.38204243  0.09288068]
[ 1.04979481  1.01245115 -0.48402406 -0.22253076]
[-0.59198678 -0.27519796  2.01539867  0.81070316]
[-1.04732318 -0.68131511 -0.09451462 -1.27661268]
[-0.69680549 -1.33688075  0.53116035  0.74931558]
[ 0.84348476  0.0038103   0.38415682  1.90870624]
[ 1.10615953  0.02298681 -0.18368505  0.31039085]
[-0.9740461   0.12344091  0.13870663 -2.38808643]
[ 0.94779958  2.62231037 -0.32729393 -0.18634574]
[ 0.9971148   0.81604752 -0.74316362 -0.73081383]
[-1.07752849  0.88492102  1.32609026 -1.52251678]
[-0.8513519   0.03516318  1.76782364  0.16606502]
[-1.12134064  3.4626376  -0.30473344  1.55787371]
[ 0.80168865 -0.27412918  2.63285008  0.75829716]
[-0.93400063 -0.71511585 -1.04036636 -2.09518501]
[-1.07298663 -0.131221   -1.65937749 -0.6443849 ]
[ 0.7276605   1.32597636 -1.23109508 -1.53096166]
[-1.03972254 -0.2800005   0.66036949 -0.93093631]
[-0.96956482 -0.71713326  0.56799335 -0.36696895]
[ 1.04428277 -1.13234961  0.37124057  0.69619956]
[-1.07451159  0.99666014 -1.11243174  0.72267674]
[-0.8858339  -1.13093113 -0.65687979  0.65848851]
[-0.86434968 -0.61684395  1.07701661  0.11839158]
[ 0.56404869 -0.0591854   0.47632867  2.44552334]
[ 0.05969977  0.13904647 -0.33277292 -3.82162959]
[-0.39307278 -0.98672851  1.5861311   1.16876981]
[ 1.03675523  0.15402938 -0.72389211 -0.84174654]
[-0.98043202 -1.05964822  0.00415361 -0.38029674]
[ 1.08917091  0.62845497 -0.31822474  0.11054946]
[-1.04190593 -0.89379628 -1.36964755 -1.24555151]
[ 0.98249784 -0.3182189  -0.87007928 -1.4729128 ]
[ 1.07093826  0.2590719  -0.56786689 -0.48493804]
[-1.03781662  1.28855566 -0.85620714  1.17961963]
[-0.91282143  0.05634878 -0.7980619   1.26294216]
[-1.03841644  2.02080549  2.78963127 -0.46632413]
[ 0.99962057  0.18140667  0.21375479  1.37153405]
[ 1.09242688  1.10276295  1.23774089 -0.31198443]
[ 1.02841624  1.56152095 -0.40735861 -0.11598092]
[ 0.92983525  2.04705537 -0.60217496 -0.54339328]
[ 1.0864341  -0.4367154   1.95237312 -0.21137907]
[ 0.68887291  3.17180676 -0.74087051 -1.00340582]
[-0.89661812 -0.65416593 -0.8073781   0.95844665]
[ 1.10963981  0.8659542   2.58035178 -1.15054341]
[-0.87008749  1.2516999  -0.41507585  1.94340676]
[-0.89381415  1.58968365  2.89769981  0.08717473]
[-1.0699443   2.68157933 -0.44876338  1.58528363]
[-1.05667373  0.42327933  1.26980705 -1.01441363]
[-0.69212533 -1.370344   -0.15972612  1.10146949]
[-1.05502729 -0.85743508 -1.35165848 -0.67256293]
[-1.0127631  -0.84634324 -1.10398979  0.10223105]
[ 0.9987851  -1.33191628  0.9682843   0.60417578]
[-0.76192864  2.5464928   0.21314899  2.67283832]
[-0.81111377  0.50073735 -0.49383038  1.8343807 ]
[ 1.10834226 -0.62831922 -0.02192911  0.32990531]
[-1.07142163  0.03300431 -1.38412289  0.08022844]
[ 1.05075932 -0.29717175  0.10189891  0.94821531]
[-1.03250491  1.94947361 -0.60392867  1.51246355]
[-0.66270768 -0.94144234  1.1999398   0.71646816]
[-0.63647029 -0.40562241 -0.33866978  1.89638351]
[ 1.10710357 -0.31727234 -0.42653237 -0.44676266]
[-1.05675853  0.44846767 -1.82346657 -0.87549351]
[-1.09879576  1.78588591  1.95897375 -1.55812755]
[ 1.07188925 -0.86994    -0.28894258 -1.41585185]
[-0.97457053  0.67628011 -0.82780457  1.26997638]

Populations

0.018297374015
0.0248591697363
0.019921553502
0.0141987504352
0.0107296718622
0.0181518261904
0.013949218844
0.0029882188293
0.0108994758692
0.0107426983312
0.0179039493001
0.0100813765732
0.00334810664022
0.0161752954446
0.00645390900588
0.01219754949
0.0214346617186
0.00394276412447
0.000661179814476
0.0101077064326
0.0149287658478
0.00399595860286
0.00779937335843
0.00768359273508
0.0167420509491
0.00781448468443
0.0039457301383
0.0121776979252
0.00668414683173
0.0133680388707
0.00733630742961
0.00576994441204
0.0214779570794
0.0109808543477
0.00577798437939
0.0196044352405
0.0179877317516
0.0162487759113
0.00488722584369
0.0168835003988
0.00504786095914
0.00933906810615
0.016973931455
0.00333926918285
0.00940669332207
0.0216694921485
0.010512979165
0.00706852837863
0.000632621450927
0.0102631966913
0.00511174115597
0.0078064495497
0.00605677772714
0.00737161767873
0.0140473377883
0.014990787687
0.0111496457585
0.0173116852628
0.00756550817737
0.0060811647591
0.00067972453395
0.00129726542626
0.0177745710382
0.0135525454924
0.0174420401931
0.0103324642545
0.0107776922929
0.0189242217204
0.0083628114642
0.0063329452204
0.00254114220208
0.00809281336926
0.0148499212449
0.0107255169276
0.00887321565808
0.00264305373179
0.0110092096161
0.000675338977793
0.00705533958543
0.00525633122801
0.00365367736683
0.0127182097842
0.00466297409426
0.0078324971077
0.010990605361
0.00937065385255
0.00192502642637
0.00774141473598
0.0270907699151
0.00763683502667
0.0128983390725
0.0045257848545
0.005215288229
0.00386540447786
0.0167839373829
0.00263354151358
0.0038094234756
0.00819622140228
0.0103658624428

State labels

0
1
2
3
4
5
6
7
8
9
10
11
12
13
14
15
16
17
18
19
20
21
22
23
24
25
26
27
28
29
30
31
32
33
34
35
36
37
38
39
40
41
42
43
44
45
46
47
48
49
50
51
52
53
54
55
56
57
58
59
60
61
62
63
64
65
66
67
68
69
70
71
73
74
75
76
77
78
79
80
81
82
83
84
85
86
87
88
89
90
91
92
93
94
95
96
97
98
99

Eigen values

1.0
0.635972231772
0.343894268225
0.335036366219
0.305507671553
0.303684904443
0.287778363719
0.27839396591
0.273272173029
0.262713880502
0.257577160965
0.253842723708
0.239761583108
0.234276568288
0.230922136237
0.219584070822
0.212429453905
0.207132176887
0.201158096886
0.192715902547
0.186217491724

Left eigenvectors

[ 0.01829737 -0.01704785  0.01527451 -0.01088023 -0.00258817 -0.00433346
  0.02300335 -0.01276125 -0.01931622  0.01195521  0.01674719  0.00452025
  0.01952734  0.00244106  0.02529345  0.0181175  -0.00276656  0.00487242
 -0.0037503  -0.00655394  0.01983682]
[ 0.02485917  0.02178336 -0.01196273  0.00629206 -0.02019014  0.01964924
  0.00610102  0.00602571 -0.01114821  0.00433974  0.01667235  0.02112409
 -0.04020104  0.00854124  0.00604444 -0.02404015  0.01190122  0.00095004
  0.00453239 -0.01008829 -0.00121635]
[ 0.01992155  0.02293783 -0.00371132 -0.00208746  0.00296707  0.00946842
  0.01237325  0.00134571 -0.00267491  0.0090409   0.00085125  0.03135671
 -0.00548732 -0.01190635 -0.00659003 -0.00809039 -0.00608199 -0.01149515
  0.00872948  0.02091498 -0.02894223]
[ 0.01419875 -0.01316456  0.00742205  0.00299476  0.00886076 -0.00302444
  0.0100889  -0.00467841 -0.00717636  0.00213005  0.01554769 -0.00898949
 -0.00124926 -0.00062339  0.00086566 -0.01431635  0.00755652 -0.00624596
 -0.01885751 -0.00732259  0.00746628]
[ 0.01072967  0.01239164 -0.01097729 -0.00812494  0.01420888  0.01167335
 -0.0101209  -0.00639563  0.00592134  0.00542104 -0.01581995 -0.01621631
  0.00605081  0.00561324  0.00226981  0.0027924  -0.01660435 -0.01219853
 -0.01407077  0.0048931  -0.00533623]
[ 0.01815183  0.01653375  0.00250212  0.00080707  0.01499006 -0.00984237
  0.02712665  0.02453512  0.01324736 -0.00498714  0.01574457  0.02245011
 -0.02327224  0.01167308  0.02281288  0.0088198  -0.01667301 -0.0061753
  0.00510245  0.00897728  0.00460748]
[ 0.01394922 -0.01211346  0.00348703 -0.01372169 -0.00263412  0.00450777
 -0.02651573  0.02151022  0.00576346  0.00736044  0.01563998  0.01037546
  0.0004948   0.00144467 -0.00953228  0.01909496  0.0044428  -0.00997186
  0.00493658 -0.00769678  0.00623885]
[ 0.00298822  0.00408919  0.00480995  0.00183923 -0.0069914   0.00045457
 -0.00272345 -0.00448748 -0.00214639 -0.0011757  -0.0043269  -0.00129507
 -0.00883666  0.00725792  0.00464224 -0.00290342 -0.00801678 -0.00342965
  0.00241011  0.00630168  0.00024361]
[ 0.01089948  0.01129894  0.0028996  -0.00473987 -0.00180495  0.00553069
  0.00539316  0.01441649  0.02093145 -0.00333561  0.00233157 -0.01434112
 -0.00224474 -0.00242057  0.00749673 -0.01057866 -0.00591749  0.01854164
 -0.03492889 -0.00992321 -0.01813167]
[ 0.0107427  -0.00936398  0.01089401  0.00703926  0.00230602 -0.00029491
 -0.01052232  0.00066345  0.00282354 -0.01382288 -0.00602257 -0.01016506
 -0.01143972 -0.00890058 -0.00878486 -0.00822922  0.01635048  0.00358483
  0.01717176  0.00690498 -0.00616342]
[ 0.01790395 -0.01028632 -0.01941016  0.00468795 -0.01026337  0.0035095
  0.01790586  0.0066282  -0.01300037  0.01238091 -0.01314351 -0.00581574
 -0.00106593  0.02519478  0.00132192 -0.00662021  0.01129273 -0.0138053
 -0.00423716  0.01556063 -0.01816333]
[  1.00813766e-02  -9.40783824e-03  -1.17103619e-02   1.53624890e-02
  -9.50762605e-03  -5.98800000e-03   1.48990888e-02   3.16689317e-03
  -3.01222678e-03   1.60587590e-03   1.58461103e-03  -1.09971456e-02
  -8.91850281e-06  -2.40773136e-03   1.03191093e-02   2.16862680e-02
  -2.50109839e-03  -1.47452701e-02  -6.02890427e-04  -1.94818658e-03
  -8.77851660e-03]
[ 0.00334811 -0.00443129  0.0013541  -0.00159835  0.00066203  0.00134682
 -0.00670649  0.00816094  0.00262767  0.00422644 -0.00243503  0.00349935
  0.00082826 -0.00097533 -0.00487964 -0.00112284  0.01153041 -0.00410159
  0.00442828  0.00303681 -0.00286223]
[ 0.0161753   0.01846601  0.03268582 -0.01007987 -0.01485189 -0.00299253
  0.00154043 -0.00296513  0.00910125 -0.02364368  0.00620148 -0.00808211
  0.02865079  0.00305235 -0.01407145  0.00226953  0.00648124  0.00820993
 -0.00295044 -0.00679528 -0.01547713]
[  6.45390901e-03   7.46611930e-03   1.36987685e-03   7.44185503e-03
   1.26847852e-02  -1.08100126e-02  -3.72615464e-03   9.39540195e-03
  -7.77892493e-03  -7.42738952e-03   4.37685125e-03  -1.13668933e-03
   7.24681286e-03   2.36547924e-03  -1.84245456e-03  -6.02510222e-03
   9.08622733e-03  -6.64746127e-05   2.94063272e-03  -1.63592613e-03
  -7.85840023e-03]
[ 0.01219755 -0.01250396  0.00315961 -0.00962805  0.00180308  0.00349222
  0.01646302  0.02037333  0.00516953  0.01649742 -0.02764565  0.00123906
  0.00340786  0.00500589 -0.00692585 -0.02420474  0.00823991  0.00532914
  0.00484011 -0.00695373  0.00743405]
[ 0.02143466  0.01818054  0.01277224  0.01246977 -0.00175979 -0.014778
  0.00307133 -0.00100785 -0.01022597  0.03236494  0.01242218 -0.02795442
  0.01147126 -0.0217581  -0.00130953  0.00522419  0.00901236  0.00130738
  0.00810942  0.00186328  0.02026704]
[  3.94276412e-03   1.03090014e-04  -6.56104692e-03  -2.02584540e-03
  -8.47160726e-03   2.37188815e-03   7.88449816e-03   1.05903630e-02
  -2.95694897e-03   1.01592657e-04   2.69784557e-05   3.18343828e-03
  -8.85281909e-04   1.01060639e-02  -6.71620700e-03  -2.19489069e-03
  -1.75329630e-04   3.34068212e-03  -1.06105336e-02   3.24914161e-03
  -5.45178109e-03]
[ 0.00066118  0.00011335  0.00083074 -0.00076494 -0.00072852  0.00088446
  0.00222352  0.00294483  0.00189948  0.00371263 -0.00394151  0.00053898
  0.00096377 -0.00067363 -0.00389465 -0.00633584 -0.00071136 -0.00308163
  0.00432715 -0.00644495  0.00286432]
[ 0.01010771  0.01199225 -0.01626815 -0.00428388 -0.00893652  0.00489496
 -0.01637441 -0.00538245 -0.01297964  0.01246125  0.00280532 -0.01205322
 -0.00057337  0.01241987  0.00293539 -0.01650632 -0.02068582  0.0019221
 -0.00213938  0.0049892  -0.00252992]
[ 0.01492877 -0.01653329  0.00523815  0.00086087  0.01364794 -0.00615086
 -0.00068576 -0.00946575  0.00993258 -0.01735306  0.01890411 -0.01442147
 -0.00176554 -0.00399297 -0.00773725 -0.02619055 -0.00596251 -0.0070699
 -0.01330074  0.00365112 -0.00287558]
[  3.99595860e-03  -2.67423689e-03  -3.55062830e-03  -5.98101256e-03
   7.19239737e-04  -4.09467946e-04  -1.21201854e-02   2.91059956e-03
   6.54463009e-03  -4.70075988e-03  -1.19236703e-02  -1.05475393e-05
   2.83393476e-04  -1.11815041e-02   8.48044040e-03   4.31439527e-03
  -6.49317747e-03   2.45581033e-03   6.04832001e-03   5.50754499e-04
  -4.78432157e-03]
[ 0.00779937  0.01018016 -0.01681659 -0.00654849  0.02670082  0.01640424
  0.00781823 -0.01744205  0.00628859 -0.00666438 -0.01417485 -0.00488563
 -0.00530612  0.00947364 -0.00294715  0.02094669  0.02227602 -0.0048328
  0.00251391 -0.00653546  0.00013415]
[ 0.00768359  0.00853907 -0.00481495  0.00236016  0.00612955 -0.00234938
  0.00044899  0.00033282 -0.01099915 -0.01443855  0.00113298  0.01234406
  0.017472   -0.00534343 -0.00583003  0.00219882  0.00442128  0.00590082
 -0.00101616 -0.01469451 -0.00096586]
[ 0.01674205  0.01503186 -0.0222823   0.02727074 -0.01428176 -0.00764845
  0.00644617 -0.00360912  0.02999748  0.01078657  0.00402045 -0.01087342
  0.00789786 -0.02547986  0.00450599  0.00240075  0.01959952 -0.01007221
  0.00999068 -0.00083362  0.00119059]
[ 0.00781448  0.00651601  0.0068314  -0.01338166 -0.00724461  0.0006681
  0.00741182  0.00199369  0.00219513 -0.00792568  0.00458277 -0.00651581
  0.01251849  0.00709127 -0.0124218   0.00367069 -0.00269581  0.00899869
 -0.0106394   0.00211148  0.00862048]
[ 0.00394573  0.00181826 -0.00215725  0.00048543 -0.00149784 -0.02801903
 -0.00361842 -0.02076133  0.00586075  0.01677258 -0.00655696  0.00796552
 -0.01547552 -0.00790531 -0.00960542  0.00618374  0.00107474  0.00831327
 -0.01355495 -0.00552827  0.00844675]
[ 0.0121777  -0.0099416  -0.01420284  0.00606326 -0.00439848  0.00563129
 -0.00444286  0.00484139 -0.00558983 -0.00407604  0.0045446   0.00166121
 -0.01052597  0.02063734 -0.01727199  0.00605674 -0.00885664 -0.00152417
 -0.00334239  0.00055941  0.01545899]
[ 0.00668415 -0.00606799  0.001245    0.00228129 -0.00172838  0.00049948
  0.00054795  0.00586035 -0.00204828  0.01106536  0.00141213 -0.00525483
  0.00170829 -0.00052936  0.00316293  0.00155365  0.02371338 -0.00689917
  0.00252501  0.0017417  -0.00635809]
[ 0.01336804  0.01562837 -0.00845778 -0.00215248 -0.00495516  0.02326798
 -0.01778337 -0.00717074 -0.01025408  0.02153902 -0.00045665 -0.01961083
  0.00956713 -0.00110698 -0.00272584 -0.01311461 -0.02511131 -0.00917804
 -0.00637836 -0.01004538  0.01742371]
[ 0.00733631 -0.00560534 -0.00081189 -0.00237895  0.00061718  0.00567998
 -0.01252196  0.01638818  0.01462889  0.0053146  -0.00757326  0.01021356
 -0.00749013 -0.00802476  0.01253917  0.00893255 -0.00544147 -0.00379699
 -0.00726745  0.00716216 -0.00192412]
[ 0.00576994  0.00308393 -0.00330177 -0.00867575 -0.00140681  0.00505968
 -0.01723832 -0.0062555  -0.00370277 -0.01429863 -0.00659707  0.00209629
 -0.00242586 -0.00244596  0.01770312 -0.00063338  0.0046197  -0.00803067
 -0.00150647 -0.00913143  0.01056929]
[  2.14779571e-02  -1.98336784e-02   8.11240808e-03  -5.85784203e-03
   4.24370541e-03   4.67789267e-03   5.15243901e-03  -1.56466090e-02
   3.66712112e-03  -1.83485344e-02  -2.33919046e-04  -6.55938896e-03
  -2.43496715e-02   7.43728013e-03  -2.13490844e-03  -5.83161900e-03
  -3.14442033e-03   1.11795278e-03   3.25175942e-02   6.35097821e-03
   3.33427873e-05]
[ 0.01098085  0.01064472  0.00782541 -0.00677233 -0.01713878  0.00217781
 -0.00362131 -0.00988348  0.00812546 -0.00864893 -0.01155508 -0.00314423
  0.00922909 -0.00202143  0.0029097   0.00888159  0.00259302  0.00346145
  0.00015192  0.01352144  0.00663607]
[ 0.00577798  0.00985922  0.00744084  0.00857682  0.00220062 -0.00663001
  0.00177618  0.01271776  0.00637808 -0.00250674 -0.00329071  0.00023366
 -0.00180043  0.00286529 -0.00189973 -0.00166033 -0.00335882  0.00062589
 -0.00338825  0.0001403  -0.01158236]
[ 0.01960444 -0.01948353  0.00931021 -0.01435541  0.01526394 -0.00111429
 -0.02262405  0.0084272  -0.00809931 -0.00293003  0.027083   -0.00517867
 -0.00570487  0.00824166 -0.0064759   0.01166558  0.00047508 -0.014977
  0.00406977  0.01524813  0.01781454]
[ 0.01798773 -0.01253701 -0.01291673 -0.02622464 -0.01702171 -0.01025063
 -0.01468547  0.0171185   0.00625636 -0.00614813  0.00759815 -0.01401985
 -0.01522282  0.00638749 -0.01887559  0.02566622 -0.01489154  0.01249587
  0.04178557 -0.01294417 -0.00366319]
[ 0.01624878 -0.01889855 -0.00062559 -0.01255951  0.00576311 -0.0126068
 -0.00611735  0.00471084 -0.00035562 -0.00571993 -0.02868526 -0.00811285
 -0.00153759 -0.0126298   0.00481673 -0.01408928 -0.01523175  0.02328733
  0.02492844  0.01177067 -0.00441116]
[ 0.00488723  0.00308933 -0.02692943  0.00151736 -0.0225381  -0.0076468
 -0.00306463  0.00521118 -0.00519306 -0.01283642  0.00550007  0.00092775
 -0.00105031  0.01227146 -0.01020334 -0.00344005 -0.00072104  0.00179494
 -0.00284441 -0.00572307  0.0005769 ]
[ 0.0168835   0.0182516   0.00349392 -0.00228478  0.00406085  0.00304673
  0.00222517 -0.01454844 -0.00107514 -0.003496   -0.01179277  0.00539714
 -0.00369901 -0.00093819 -0.00026723  0.00797356  0.0183257   0.00567514
 -0.01427624 -0.00232582  0.01934129]
[  5.04786096e-03   4.60439205e-03  -1.21239942e-03  -6.32925941e-03
   1.18978936e-03   6.17372389e-03   7.89894995e-04  -8.60294020e-03
  -5.15442632e-04   8.85211732e-03  -9.55729403e-06  -7.71509980e-03
   5.60185498e-03   2.00593562e-04  -3.02083384e-03   1.09464693e-04
   5.42220706e-03   3.69999752e-04   4.09164651e-03   5.88208127e-03
  -2.80893081e-03]
[ 0.00933907 -0.00724454 -0.00891834  0.00338067 -0.00608009  0.00157668
 -0.00738208 -0.00244783 -0.01065451 -0.00847089  0.00443677  0.0055269
 -0.00860718  0.00164165 -0.00354463  0.00621176  0.00341009 -0.0086311
  0.00117713 -0.01016374 -0.01081929]
[ 0.01697393 -0.01942991  0.0101658   0.00193668  0.00712653  0.01498108
 -0.01594294 -0.00488865  0.01446954  0.0155428  -0.01026631  0.01576396
 -0.00499719  0.00408644 -0.01659374 -0.00994145  0.0001344  -0.02423263
 -0.01952035 -0.00346126 -0.00801612]
[ 0.00333927 -0.00106564 -0.01283387  0.01593653 -0.00936112 -0.00196871
  0.00730615 -0.00010589  0.00383133 -0.00584625  0.00095429 -0.00754762
  0.00128805 -0.00065076  0.00075743  0.00429002 -0.0012758  -0.00527861
  0.00205648  0.00334587  0.00381783]
[ 0.00940669 -0.00930472  0.00014432 -0.00471603 -0.00280562 -0.00531813
 -0.00542935  0.00758118  0.00860923  0.00444385  0.00862267 -0.00242634
  0.00817069 -0.00961722  0.01422207  0.01829343 -0.0022531  -0.01131999
 -0.00293585 -0.01537458 -0.01286523]
[  2.16694921e-02  -2.25141298e-02  -1.03974978e-03  -8.73498078e-03
  -2.73775746e-05  -1.40913438e-03   1.16381221e-03   2.86057862e-02
   5.11862371e-03   1.28113473e-02  -1.65309348e-02   5.91854875e-03
   1.65587798e-02   1.53123433e-02   1.81069782e-02  -6.15364656e-03
   1.36126457e-02   2.45491407e-02  -8.13498983e-03   1.42926929e-02
   2.84499328e-02]
[ 0.01051298  0.00932251 -0.00255724 -0.01381416  0.0190376  -0.00296989
  0.01567099  0.00438212  0.00720437 -0.00342782  0.00371934 -0.00098087
 -0.00251353  0.01426014 -0.00576094 -0.00183903 -0.00011092  0.00972422
  0.00218921 -0.00558855  0.00550611]
[  7.06852838e-03   6.53865524e-03  -1.15111722e-02  -9.89082622e-03
  -6.93259680e-03  -6.32916621e-03  -1.15140399e-02  -3.84720399e-05
   3.42839049e-03  -1.64490743e-02  -5.57545554e-03  -3.98733483e-03
   1.38479295e-02  -1.06315398e-03   8.93075560e-03   4.55058718e-03
   1.21638729e-02  -2.00550413e-03  -7.98941745e-03  -5.63331594e-03
   2.78567106e-03]
[  6.32621451e-04   1.19179180e-03   5.68673193e-03   7.90617031e-04
  -3.52484041e-03  -1.06861443e-04  -6.74051574e-04  -7.17530603e-04
   9.31738054e-04  -3.23148081e-03  -2.02346116e-03  -1.47796605e-03
   1.03933935e-03   2.22051856e-03  -2.27685793e-03   2.95725449e-03
  -1.40530243e-04  -3.16365393e-04  -7.12866645e-05  -1.44727764e-03
  -2.64920287e-03]
[ 0.0102632  -0.01333929  0.00062778  0.01042266  0.00101227  0.00445835
 -0.00816414  0.00739793  0.01707693  0.00106993 -0.01198937  0.00791682
  0.00331033 -0.0042589   0.00676067 -0.00212402  0.00707912  0.00893914
  0.00660545  0.00464469 -0.00136873]
[ 0.00511174  0.00252963 -0.01018618 -0.01259859 -0.00932801 -0.01827758
 -0.00083806 -0.00588752  0.0009497  -0.00230757 -0.00463847  0.00445303
  0.00120481 -0.00050605 -0.00415598  0.00012587 -0.00158205  0.00870844
 -0.00094744  0.00364462  0.00731695]
[ 0.00780645  0.0075052   0.0153641  -0.00260218 -0.00349584 -0.00237635
  0.00429752  0.0007226  -0.00289079 -0.00661672 -0.00125209 -0.00104545
  0.00821305  0.00395204 -0.00633299  0.00065424  0.0038188   0.0032732
  0.008398   -0.00363704  0.0050097 ]
[  6.05677773e-03  -3.77981451e-03   4.32890522e-04   1.34976733e-03
   6.25108743e-03  -1.75503338e-02   4.17324791e-05  -3.85273041e-03
  -2.60438219e-03   5.00122076e-03   5.02806293e-03  -5.06273895e-03
  -1.02395285e-02   4.20642331e-03   1.63032345e-03   4.98908795e-03
  -2.97498162e-03   2.19633519e-04   2.90769041e-03  -9.09249715e-03
  -4.38525609e-03]
[  7.37161768e-03   6.15020945e-03  -1.01335882e-03  -1.00283392e-02
  -3.11048093e-03   1.44044224e-02  -7.38613687e-03  -8.41403354e-03
   6.19811838e-05   1.43682106e-02   1.39383030e-02  -9.35515113e-03
   4.12309514e-03  -3.09071216e-03   3.42847027e-03  -4.03679367e-03
  -6.06344236e-03   1.50101913e-02   1.00151792e-04   1.30730816e-02
  -4.26824591e-03]
[ 0.01404734  0.01152499 -0.0020394  -0.00708771 -0.00504991  0.00308913
 -0.00047582 -0.01598977  0.00851678 -0.01262565  0.00093796  0.01442634
 -0.02594568 -0.00394844  0.00573392 -0.0188145   0.01120553 -0.01037281
 -0.00473593 -0.02357576 -0.01420839]
[ 0.01499079 -0.01600404  0.00323465 -0.01443664 -0.01270902 -0.00259098
  0.02986926 -0.00186233 -0.02547859  0.01731094 -0.01974457 -0.00941737
  0.00512894  0.00768128  0.02039833  0.00650265  0.02378015  0.00233317
  0.00667072 -0.01198976 -0.00654067]
[ 0.01114965  0.00694244 -0.00619441 -0.00967846  0.00189631 -0.00892764
  0.00682224 -0.00665302 -0.00258135  0.00794981  0.00118541  0.02473026
 -0.00232865 -0.00945023 -0.00852209  0.00421358 -0.00670799 -0.00452185
  0.00553978  0.00555196  0.00340783]
[ 0.01731169  0.01169377 -0.02141369 -0.01052909 -0.00188049 -0.02703795
 -0.00644267  0.00767529  0.00600296 -0.00952199  0.00473126  0.01510405
  0.00871744 -0.01089397  0.00150807 -0.01785596  0.01123983 -0.00655194
  0.00064395  0.01312363 -0.01516558]
[ 0.00756551  0.00837296  0.01085528  0.0156568   0.00304514 -0.0129267
 -0.0119287  -0.01209391 -0.0055698   0.01501426 -0.01247682  0.00305231
 -0.0002092   0.01673197 -0.00828633  0.00117901 -0.00581722  0.00344398
  0.00043106  0.01839974 -0.01148835]
[ 0.00608116 -0.00551412  0.00047702 -0.0067291  -0.00471628  0.00080415
 -0.00041708  0.01044178 -0.0058285   0.00238411  0.00866491 -0.00474313
  0.00149791  0.00747442 -0.01309208  0.01035754  0.00102722  0.00066215
 -0.00483135  0.00428961  0.00759017]
[ 0.00067972 -0.00028985 -0.00194634  0.00558488 -0.00118997  0.00050129
 -0.00017355 -0.00254777  0.00588951  0.00125881  0.00024732  0.00174071
  0.00483918  0.00309005  0.00249462 -0.00061472  0.00082534  0.00260051
  0.00280143 -0.00079612  0.00234664]
[ 0.00129727  0.00041865 -0.00130256 -0.00181418  0.00110348  0.00390652
 -0.00079969 -0.00095774  0.00365843  0.00316653  0.00761186 -0.0042326
 -0.00355745 -0.00019374 -0.00081329  0.00372353 -0.0028167   0.01122845
  0.00738884 -0.00266305 -0.00360133]
[ 0.01777457 -0.02228937  0.00897638  0.00902952  0.00482478 -0.01477751
 -0.00325119 -0.01371286  0.01069895  0.01525563  0.01149499 -0.00226467
  0.00035797  0.00340959  0.00492403  0.00680756 -0.00878413 -0.02109976
 -0.02985629 -0.02668687 -0.00834055]
[ 0.01355255  0.01147697  0.00411228 -0.00253115 -0.00622901  0.01080267
 -0.01320027  0.00221916  0.0039793   0.00936895 -0.0015976  -0.00889904
  0.01855455 -0.01306773 -0.01406537  0.01622533 -0.00094227 -0.00612308
 -0.00667591  0.00432544 -0.0062414 ]
[ 0.01744204 -0.01868598 -0.00873319  0.00603488 -0.00563815  0.0087127
  0.01457879 -0.00362667 -0.02659229  0.00348583 -0.02338641  0.00870049
  0.014334   -0.00039373 -0.00909379  0.00484414 -0.0075186   0.01462208
 -0.00277258  0.01291939 -0.01771794]
[ 0.01033246  0.01203013 -0.00536896 -0.00329512  0.00097254  0.01238126
  0.0008497  -0.01377476 -0.00012981  0.01722525  0.0066331  -0.00464701
  0.00986178 -0.00852637 -0.00992628  0.00824128  0.01588366 -0.00286622
  0.00604116  0.01346819 -0.00987452]
[ 0.01077769 -0.01034218 -0.00915673  0.01524275 -0.00026564  0.00205967
  0.00900482 -0.00966557 -0.00546808 -0.02300414  0.00121435 -0.01592483
 -0.00220059 -0.01920328 -0.01008148 -0.00715221 -0.00698416 -0.00690326
  0.00188297  0.01539056  0.00997798]
[ 0.01892422 -0.01793439  0.00299065  0.01154409 -0.00780287  0.02017355
 -0.00809956  0.01366486 -0.00441229  0.00405704  0.00469974  0.02949943
  0.00122461 -0.01389997  0.00278385  0.02388548 -0.00027357 -0.00089369
 -0.02330107 -0.00202313 -0.00460401]
[ 0.00836281  0.01048407  0.03465677  0.01207006 -0.02068345  0.00067063
 -0.00586916 -0.00372989  0.00204852 -0.01023774 -0.01681847 -0.0057275
 -0.00803337  0.01208776 -0.00663109  0.01587201 -0.00407801 -0.00589235
  0.00112413 -0.00385796 -0.0050656 ]
[  6.33294522e-03   6.72190911e-03   1.24309122e-02  -2.54171419e-03
  -1.50285891e-02   4.80725044e-03   2.02064159e-03  -4.12297010e-03
  -4.95092909e-03  -3.25774199e-03  -4.27862217e-03   6.13024884e-04
  -1.36877971e-02   7.25193291e-03   1.54750654e-02  -3.47677574e-03
   4.04094006e-03  -3.32622771e-03   2.74035627e-03   8.09391329e-05
   4.37515840e-03]
[ 0.00254114  0.00216704 -0.00026014 -0.00146308 -0.00374362  0.00607907
 -0.00925948  0.00264472 -0.00320395  0.00212644 -0.00029006 -0.00127932
 -0.00595724 -0.00049275  0.01363727 -0.00603155  0.00365313  0.00178716
 -0.00223096  0.00093454  0.00858956]
[ 0.00809281 -0.00658365 -0.00302917  0.00475789  0.00168459  0.00954898
  0.00046285 -0.01478954 -0.00634896 -0.0175688  -0.01038774  0.00486006
 -0.00183576 -0.01412532  0.00438178  0.00209525 -0.0026882   0.00531674
  0.00949191 -0.0081814  -0.00377159]
[ 0.01484992 -0.01456227  0.00296382  0.01030461  0.00752744 -0.00514079
 -0.00056943  0.00325752 -0.00375924 -0.0032811   0.01146483 -0.01391032
 -0.00309645 -0.00486367 -0.01231937  0.00151102  0.00444493 -0.01199451
 -0.00389861  0.02098019 -0.00667875]
[ 0.01072552 -0.00647349  0.00953527 -0.00666278 -0.00333477  0.00032151
  0.00677856 -0.00063668 -0.00567936  0.0056723   0.00486164  0.00451393
 -0.00653636  0.00537347 -0.00324755  0.00560212  0.00513535 -0.00565988
  0.00019693 -0.00276598  0.01397757]
[  8.87321566e-03  -1.08051350e-02   3.96223181e-03   5.97787417e-03
   3.12966626e-03   7.38633663e-03  -4.33849545e-05  -1.00833084e-02
   1.57449449e-03  -7.55535626e-03   8.27991149e-03   5.51438857e-03
  -7.39541904e-04   5.33741193e-03  -1.12142469e-02  -1.18608401e-02
  -3.93718899e-04  -2.86606427e-03  -5.30370585e-03   1.20894448e-02
  -6.81281805e-03]
[ 0.00264305 -0.00069348 -0.00180239  0.00562761 -0.00022004  0.00722979
  0.00097882  0.0009616  -0.01388545 -0.00132047 -0.00468218  0.01232533
  0.00474451 -0.01158553 -0.00217874  0.0063308  -0.00731121  0.0089787
 -0.00337513 -0.0057501  -0.00623386]
[ 0.01100921  0.00909671  0.00466589 -0.01032532 -0.00418492  0.0100168
  0.00838051 -0.00694154  0.00640165 -0.00071672  0.02061093  0.02608433
 -0.00055628 -0.00508387  0.005366   -0.01111964  0.00475262  0.00153406
  0.0033824   0.01047096 -0.02164314]
[  6.75338978e-04  -1.17935765e-03   1.41570076e-05  -1.44991128e-03
  -4.14764688e-04  -1.36060744e-03   3.55413353e-03  -8.77062358e-04
  -2.46388643e-03   1.48429089e-03  -2.54880569e-03  -3.96306382e-03
   5.37515435e-04   6.36033177e-04   4.54826031e-03  -5.97051778e-04
  -1.03287018e-03  -1.63804721e-04   5.43768965e-04  -3.46621530e-03
  -5.16672390e-03]
[  7.05533959e-03   8.15066144e-03  -1.24724694e-02  -5.03662821e-03
   2.92178417e-02   7.74554140e-03  -2.73580392e-03  -4.49136807e-03
  -2.86488518e-03  -5.86306575e-03  -1.17612828e-02  -3.31212814e-03
  -1.48637919e-03   1.71697506e-02  -3.16873642e-03   8.80677061e-03
  -4.12981546e-05  -7.92086496e-03  -3.48407166e-03  -9.32205290e-03
   3.49754229e-03]
[  5.25633123e-03   4.74431553e-03  -1.74898829e-03   2.57148182e-03
   7.63169605e-03   2.92561577e-03   5.00557161e-03   2.75591118e-03
   7.29270005e-03  -2.51969082e-04  -1.14799046e-02   9.32481238e-04
  -2.28988557e-03  -3.08719302e-03   3.84064991e-05   6.99051056e-03
  -7.73529106e-03  -8.63317900e-03   1.44685355e-03   1.68883495e-02
   2.31935119e-03]
[ 0.00365368  0.00523584  0.00067644  0.00715029  0.00325613 -0.00393406
 -0.01204916  0.00703125 -0.00859562 -0.00091586  0.00089539 -0.00848724
 -0.0010635  -0.00342788  0.00853447 -0.00576305  0.01177281  0.00447817
 -0.00096194  0.00129403  0.00527519]
[ 0.01271821  0.01331341  0.00781245  0.01149436  0.01675518 -0.0128409
 -0.0200696   0.00424055 -0.03021068  0.00289455  0.00703673  0.00836379
  0.00927272  0.01061756  0.00391325 -0.00682381  0.00118254  0.00938435
  0.01124143 -0.00307611 -0.00342477]
[ 0.00466297  0.0030805   0.00840923 -0.00402842 -0.00149031 -0.00172721
  0.00958109 -0.00277672  0.00175499 -0.00307709  0.00915073  0.00759605
 -0.00011482  0.00409971  0.01557966  0.00427756 -0.00484012 -0.00206571
  0.00480509  0.00463528  0.00721385]
[ 0.0078325   0.00996237  0.00182173  0.00448378  0.01896856 -0.00266842
  0.01237619  0.01682099 -0.00053717 -0.00806265 -0.00874124  0.00176104
  0.0025918   0.00097175 -0.00684842  0.00670027 -0.00778483  0.00329286
 -0.0047526  -0.00288293  0.01480092]
[ 0.01099061  0.01658737  0.00573954  0.02577688  0.00357996  0.00387209
  0.01040108  0.02218413  0.00012626 -0.00474285 -0.00648674 -0.01171699
 -0.02564807 -0.00966093  0.00258084  0.01109463 -0.01263614  0.00498898
 -0.00495131  0.00245591  0.01798227]
[  9.37065385e-03  -1.08138819e-02  -1.90439248e-03  -4.43591371e-03
   4.48341684e-03  -9.88389341e-03   9.67246254e-03  -5.63174522e-03
  -2.69944272e-03  -4.82031057e-05  -5.84767657e-03  -2.21030249e-02
   3.57629009e-04  -6.90952105e-04   1.64121468e-02  -7.75580671e-03
  -2.11144436e-02  -2.41733555e-03  -1.15812758e-03  -1.10586928e-02
  -2.26947320e-02]
[  1.92502643e-03   2.60856963e-03  -5.63888889e-05   5.83022604e-03
   3.18166926e-04   4.16442703e-03  -1.32062403e-03   2.74751995e-03
  -1.09997138e-02   3.15349259e-03  -7.84871091e-04   3.00702528e-03
  -1.80973286e-04  -7.20968648e-03  -4.44187428e-04   1.79131194e-03
  -7.31762576e-03   6.27665810e-03  -1.24913726e-03  -5.46767438e-03
   2.03715804e-03]
[ 0.00774141  0.00984248  0.00471796  0.00018666 -0.00644959  0.0040964
  0.00446187  0.00618446  0.00894384  0.0123932  -0.00608719  0.00243776
  0.00326172 -0.00699774 -0.01681744 -0.01723993 -0.00894251 -0.01859969
  0.01748851 -0.02492379  0.00781017]
[ 0.02709077 -0.03113813  0.01407847  0.00315017  0.0120282   0.0205996
  0.01279994 -0.02926957 -0.01270105 -0.02937947  0.0072675  -0.00332676
 -0.00323347 -0.02393478 -0.01855036 -0.02903145  0.00370082  0.01425799
 -0.0153332   0.0050545   0.02777757]
[ 0.00763684  0.00768424  0.00115521 -0.00502523 -0.00699062 -0.00157681
  0.00642271 -0.00889334 -0.0057405   0.00241922 -0.00066234  0.00787945
 -0.00253741 -0.00514357  0.00369289  0.00091166  0.01001486  0.00347367
  0.00582604  0.00233473  0.00610167]
[  1.28983391e-02  -1.61567030e-02  -3.21588351e-05  -9.26869762e-03
   3.72992142e-03  -1.44913151e-02  -8.35539522e-03  -9.65673207e-04
   8.56447208e-03  -6.33895498e-04  -1.33121237e-02   2.58961118e-03
  -8.59881759e-03  -1.14433537e-02  -4.71921284e-03  -3.99503396e-03
  -7.80581039e-03   1.71545553e-02  -4.08992353e-03   9.71373846e-03
   3.83973543e-03]
[ 0.00452578  0.00427802  0.00024966  0.00989118 -0.00310981  0.00048336
  0.00184704  0.00526188  0.00050923  0.00107775  0.00599096 -0.00806867
 -0.0037316  -0.01295975  0.00300666 -0.00489687  0.00835783  0.0017231
 -0.00623777  0.00061945  0.00379758]
[  5.21528823e-03   3.83614891e-03  -1.35257873e-05   7.89804731e-04
   4.48402090e-03  -9.99218568e-03   3.56884360e-03   3.12995305e-03
   1.45510094e-03  -3.96155194e-03   4.09967957e-03   1.29027264e-03
   1.64315009e-02  -1.24140247e-02  -1.06824337e-03  -3.41049315e-03
  -7.85387750e-03  -9.77966042e-03   1.02973944e-02  -4.12374928e-03
   4.86381437e-03]
[ 0.0038654   0.00491391 -0.00358478  0.00050275  0.00643562  0.00764503
  0.00762099 -0.00023028  0.00850519  0.00431995  0.00918468 -0.00662044
 -0.01019406 -0.00341496 -0.00122833  0.00681582  0.00214749  0.01555667
  0.0071377  -0.00246088 -0.00407781]
[ 0.01678394 -0.00909641  0.00667368  0.01315133  0.01236908  0.00599758
 -0.01439478 -0.0101766   0.00873067 -0.00162534  0.02326409  0.00690465
  0.00514477  0.01301069  0.00575104 -0.00246559 -0.01253187  0.00784686
  0.00619396 -0.03207504 -0.00407261]
[ 0.00263354  0.00178219  0.00113268 -0.00458991  0.00110617 -0.00222867
  0.00194884  0.00434441  0.00750547 -0.00320046 -0.00145557 -0.00195101
  0.00196459  0.00030177  0.00071356 -0.00465358  0.00163256  0.01156436
 -0.01280434 -0.00115064 -0.00309733]
[ 0.00380942  0.00573921  0.00077034  0.00933123  0.01311516 -0.01359793
 -0.00951151  0.00596652 -0.00952293  0.00083332  0.00113316  0.00018582
  0.0004549   0.00857498  0.00410555 -0.00358305  0.00566195  0.002379
  0.00507314  0.00028574 -0.00833465]
[ 0.00819622 -0.01096367 -0.00548236  0.03096591 -0.00200445  0.00692605
 -0.00403049 -0.01474293  0.02371385  0.00280822 -0.00032665  0.01504469
  0.02322603  0.02807169  0.01127057 -0.00418464 -0.00471039  0.01691849
  0.00853213 -0.00316542  0.00954435]
[ 0.01036586  0.0075688  -0.00021017 -0.01452291  0.00463199 -0.01253918
  0.0073632  -0.0038309   0.00170869 -0.00513982  0.00852702  0.00796434
  0.01855915 -0.0007276   0.01813909 -0.00386172 -0.0239871  -0.02264822
  0.00475901  0.01929764  0.00829722]

Right eigenvectors

[ 1.         -0.93171019  0.83479241 -0.59463339 -0.1414505  -0.23683484
  1.25719412 -0.69743616 -1.0556829   0.65338392  0.91527816  0.24704373
  1.06722066  0.13341049  1.38235423  0.99016963 -0.1511997   0.26629054
 -0.20496368 -0.35819036  1.08413454]
[ 1.          0.87627079 -0.48122011  0.25310804 -0.81218081  0.7904223
  0.24542313  0.24239391 -0.44845469  0.17457316  0.67067204  0.84975045
 -1.61715117  0.34358525  0.24314723 -0.96705362  0.47874575  0.03821703
  0.18232254 -0.40581758 -0.04892944]
[ 1.          1.15140765 -0.18629669 -0.10478381  0.14893753  0.47528522
  0.62109844  0.06755057 -0.13427228  0.45382481  0.04273002  1.57400941
 -0.27544622 -0.5976615  -0.33079878 -0.40611251 -0.30529697 -0.57702077
  0.43819276  1.04986668 -1.45280986]
[ 1.         -0.9271636   0.52272544  0.21091729  0.6240521  -0.21300779
  0.7105485  -0.3294943  -0.50542229  0.15001676  1.09500426 -0.63311843
 -0.08798394 -0.04390464  0.0609671  -1.00828208  0.53219633 -0.43989482
 -1.32811037 -0.51572048  0.52584094]
[ 1.          1.15489418 -1.02307787 -0.75724035  1.3242603   1.08795058
 -0.94326239 -0.59606933  0.55186546  0.50523823 -1.4744114  -1.51135166
  0.56393273  0.52315078  0.21154549  0.26025053 -1.54751703 -1.13689711
 -1.3113883   0.45603471 -0.49733437]
[ 1.          0.91085856  0.13784372  0.04446245  0.8258156  -0.54222478
  1.49443105  1.3516613   0.7298089  -0.27474572  0.86738188  1.23679631
 -1.28208805  0.64308029  1.25678172  0.48589046 -0.91853056 -0.34020263
  0.28109853  0.49456625  0.25383019]
[ 1.         -0.86839736  0.24998005 -0.98368876 -0.18883634  0.32315604
 -1.90087579  1.54203754  0.41317466  0.52765944  1.12120804  0.74380211
  0.03547168  0.10356649 -0.6833557   1.36889108  0.31849842 -0.71486879
  0.35389627 -0.5517714   0.44725456]
[ 1.          1.36843618  1.60963868  0.61549387 -2.33965325  0.15212134
 -0.91139616 -1.50172311 -0.71828571 -0.39344462 -1.44798631 -0.43339225
 -2.95716512  2.42884587  1.55351359 -0.97162195 -2.68279625 -1.14772273
  0.80653883  2.10884004  0.08152449]
[ 1.          1.03664977  0.26603151 -0.43487149 -0.16559948  0.50742683
  0.49480903  1.32267746  1.92040917 -0.30603442  0.21391535 -1.31576253
 -0.20594979 -0.22208148  0.68780658 -0.97056603 -0.54291465  1.70115005
 -3.20463945 -0.91043023 -1.66353594]
[ 1.         -0.87165993  1.01408507  0.6552596   0.21465883 -0.02745189
 -0.97948585  0.06175823  0.26283331 -1.2867236  -0.56062015 -0.94622971
 -1.06488326 -0.82852399 -0.81775143 -0.76602924  1.52200908  0.3336989
  1.59845867  0.64276011 -0.57373141]
[ 1.         -0.57452804 -1.08412723  0.26183864 -0.5732462   0.19601819
  1.00010683  0.37020904 -0.72611747  0.69151821 -0.73411208 -0.32482976
 -0.05953588  1.4072191   0.07383409 -0.36976248  0.63073968 -0.77107566
 -0.23666091  0.86911744 -1.01448743]
[  1.00000000e+00  -9.33189845e-01  -1.16158362e+00   1.52384834e+00
  -9.43088078e-01  -5.93966504e-01   1.47788238e+00   3.14133010e-01
  -2.98791217e-01   1.59291332e-01   1.57182009e-01  -1.09083769e+00
  -8.84651292e-04  -2.38829623e-01   1.02358138e+00   2.15112171e+00
  -2.48090959e-01  -1.46262467e+00  -5.98023914e-02  -1.93246088e-01
  -8.70765668e-01]
[ 1.         -1.32352065  0.40443875 -0.4773879   0.19773165  0.40226272
 -2.00306817  2.43747832  0.7848234   1.26233633 -0.72728626  1.04517276
  0.24738236 -0.29130909 -1.45743227 -0.33536504  3.44386062 -1.22504657
  1.32262309  0.90702201 -0.8548809 ]
[ 1.          1.14161823  2.02072461 -0.62316429 -0.91818368 -0.18500648
  0.09523359 -0.18331203  0.56266374 -1.46171562  0.38339193 -0.49965741
  1.77126862  0.18870443 -0.86993443  0.14030867  0.40068775  0.50755969
 -0.18240424 -0.42010219 -0.95683764]
[ 1.          1.15683678  0.21225537  1.15307715  1.96544222 -1.67495584
 -0.57734849  1.4557692  -1.2053044  -1.1508358   0.67817058 -0.17612416
  1.12285637  0.36651884 -0.28547886 -0.93355859  1.40786418 -0.0102999
  0.45563591 -0.25347834 -1.21761869]
[ 1.         -1.02512055  0.25903673 -0.78934282  0.14782286  0.28630546
  1.3496992   1.67028096  0.42381713  1.35251961 -2.26649245  0.1015827
  0.27938852  0.41040164 -0.56780697 -1.98439343  0.67553791  0.43690268
  0.39680991 -0.57009245  0.60947044]
[ 1.          0.84818427  0.59586865  0.58175735 -0.08210011 -0.68944383
  0.14328819 -0.04701965 -0.47707616  1.50993468  0.57953691 -1.30416879
  0.53517333 -1.01508958 -0.06109419  0.24372631  0.42045736  0.06099359
  0.37833197  0.08692817  0.94552631]
[ 1.          0.02614663 -1.6640729  -0.51381349 -2.14864673  0.60158003
  1.99973874  2.68602499 -0.74996852  0.02576686  0.00684252  0.80741281
 -0.22453332  2.56319261 -1.70342602 -0.55668831 -0.04446871  0.84729444
 -2.69114085  0.8240771  -1.38273072]
[ 1.          0.17142883  1.25645094 -1.15693858 -1.10184422  1.33769212
  3.36295596  4.45389616  2.87286234  5.61516169 -5.96133441  0.81518594
  1.45765085 -1.01882363 -5.89046188 -9.58262644 -1.07589782 -4.66080274
  6.5445933  -9.74765201  4.33214166]
[ 1.          1.18644652 -1.60947964 -0.42382292 -0.88412936  0.48427972
 -1.61999234 -0.53250909 -1.28413296  1.23284635  0.27754281 -1.19247833
 -0.05672636  1.22875208  0.29041069 -1.63304272 -2.04653907  0.19016177
 -0.21165856  0.49360384 -0.25029571]
[ 1.         -1.10747895  0.3508762   0.05766498  0.9142044  -0.41201389
 -0.04593518 -0.634061    0.6653318  -1.1623911   1.26628741 -0.96601922
 -0.11826417 -0.2674685  -0.51827777 -1.75436831 -0.39939731 -0.47357568
 -0.89094709  0.24456972 -0.19262032]
[  1.00000000e+00  -6.69235385e-01  -8.88554825e-01  -1.49676540e+00
   1.79991789e-01  -1.02470517e-01  -3.03311086e+00   7.28385814e-01
   1.63781229e+00  -1.17637852e+00  -2.98393238e+00  -2.63955170e-03
   7.09200229e-02  -2.79820319e+00   2.12225432e+00   1.07968968e+00
  -1.62493612e+00   6.14573515e-01   1.51360928e+00   1.37827879e-01
  -1.19729007e+00]
[ 1.          1.30525396 -2.15614645 -0.83961733  3.42345727  2.10327683
  1.00241721 -2.23634051  0.80629481 -0.85447657 -1.81743487 -0.62641377
 -0.68032612  1.21466682 -0.37786959  2.68568849  2.85612894 -0.61963937
  0.32232154 -0.83794735  0.01719995]
[ 1.          1.11133824 -0.62665289  0.30716941  0.79774519 -0.30576562
  0.05843506  0.04331578 -1.43151174 -1.87914018  0.14745385  1.60654838
  2.27393643 -0.69543391 -0.75876326  0.28617018  0.57541795  0.7679769
 -0.13225103 -1.91245359 -0.12570393]
[ 1.          0.89785077 -1.33091818  1.62887676 -0.85304711 -0.45684085
  0.38502865 -0.21557205  1.79174444  0.64428013  0.24014076 -0.64946748
  0.47173818 -1.52190781  0.26914189  0.14339657  1.17067645 -0.60161174
  0.59674152 -0.0497922   0.07111397]
[ 1.          0.83383692  0.8741977  -1.71241713 -0.92707412  0.08549456
  0.94847238  0.25512803  0.28090483 -1.01422972  0.58644521 -0.83381152
  1.6019598   0.90745193 -1.58958629  0.46972933 -0.34497614  1.15154023
 -1.36149679  0.27020103  1.10314175]
[ 1.          0.4608166  -0.54672956  0.12302761 -0.37961044 -7.10110077
 -0.91704623 -5.2617214   1.48534047  4.25081706 -1.66178678  2.0187708
 -3.92209366 -2.00350909 -2.43438386  1.56719688  0.2723814   2.10690247
 -3.43534566 -1.40107628  2.14073193]
[ 1.         -0.81637798 -1.1662994   0.49789836 -0.36119175  0.46242664
 -0.36483557  0.3975619  -0.45902155 -0.33471326  0.37319063  0.13641436
 -0.86436434  1.69468359 -1.41832972  0.49736349 -0.72728324 -0.12516092
 -0.27446846  0.04593724  1.26945098]
[ 1.         -0.90781857  0.1862609   0.34129887 -0.25857953  0.07472638
  0.08197736  0.87675381 -0.30643878  1.65546361  0.21126602 -0.78616252
  0.25557412 -0.0791965   0.47319877  0.23243754  3.54770539 -1.03216964
  0.37776143  0.26057191 -0.95121988]
[ 1.          1.16908495 -0.63268685 -0.16101666 -0.37067205  1.74056813
 -1.33029014 -0.53640892 -0.76705957  1.61123255 -0.03415982 -1.46699384
  0.71567201 -0.08280768 -0.20390748 -0.98104209 -1.87845913 -0.68656574
 -0.47713525 -0.75144779  1.30338557]
[ 1.         -0.76405508 -0.11066718 -0.32427118  0.08412726  0.77422807
 -1.70684809  2.23384602  1.9940393   0.72442477 -1.0322981   1.39219342
 -1.02096701 -1.09384155  1.70919323  1.21758139 -0.74171814 -0.51756207
 -0.9906146   0.97626158 -0.26227377]
[ 1.          0.53448183 -0.57223688 -1.50361057 -0.24381727  0.87690344
 -2.98760608 -1.08415223 -0.64173375 -2.47812219 -1.14335079  0.36331141
 -0.42043008 -0.42391408  3.06816047 -0.10977281  0.80064821 -1.39181101
 -0.26108925 -1.58258485  1.83178442]
[ 1.         -0.92344343  0.37770855 -0.27273739  0.19758422  0.2177997
  0.23989428 -0.72849615  0.17073882 -0.85429607 -0.01089112 -0.30540097
 -1.13370519  0.34627503 -0.09939998 -0.27151647 -0.14640221  0.05205117
  1.51399847  0.2956975   0.00155242]
[ 1.          0.96938916  0.71264104 -0.61674013 -1.56078769  0.19832825
 -0.32978386 -0.90006488  0.73996592 -0.78763713 -1.05229331 -0.28633768
  0.84047082 -0.1840867   0.26497923  0.80882535  0.23614029  0.31522579
  0.01383506  1.23136494  0.6043313 ]
[ 1.          1.70634327  1.2877908   1.4843972   0.38086237 -1.14746127
  0.30740554  2.20107232  1.10385899 -0.43384417 -0.56952537  0.0404393
 -0.31160124  0.49589817 -0.32878681 -0.28735461 -0.58131275  0.10832245
 -0.5864068   0.02428223 -2.00456754]
[ 1.         -0.99383275  0.4749034  -0.73225326  0.77859638 -0.05683846
 -1.15402711  0.42986203 -0.4131366  -0.14945739  1.38147309 -0.26415825
 -0.29099913  0.42039784 -0.33032838  0.59504793  0.02423354 -0.76395989
  0.20759439  0.77778963  0.90869942]
[ 1.         -0.69697586 -0.71808535 -1.45791834 -0.94629538 -0.56986795
 -0.81641605  0.9516766   0.34781241 -0.34179551  0.42240753 -0.77941192
 -0.84628918  0.35510244 -1.04935923  1.42687354 -0.82787185  0.69468843
  2.32300357 -0.71961122 -0.20364943]
[ 1.         -1.16307556 -0.03850074 -0.77295089  0.35467973 -0.77586162
 -0.37648095  0.28991986 -0.021886   -0.35202249 -1.76537965 -0.49928982
 -0.09462811 -0.77727695  0.29643648 -0.86709775 -0.93740896  1.43317434
  1.53417362  0.72440358 -0.27147641]
[ 1.          0.63212417 -5.51016655  0.31047513 -4.61163387 -1.56465065
 -0.62706955  1.06628556 -1.06257775 -2.62652393  1.12539686  0.18983239
 -0.21490946  2.51092543 -2.08775664 -0.70388572 -0.14753616  0.36727134
 -0.58200914 -1.17102657  0.11804211]
[ 1.          1.08103192  0.2069427  -0.13532618  0.24052154  0.18045577
  0.13179572 -0.86169588 -0.06367968 -0.2070658  -0.69847909  0.31966978
 -0.21909013 -0.05556834 -0.01582767  0.47226954  1.08542074  0.3361354
 -0.84557336 -0.13775704  1.14557366]
[ 1.          0.91214716 -0.24018083 -1.25384979  0.23570169  1.22303763
  0.15648113 -1.7042744  -0.1021111   1.75363731 -0.00189334 -1.52838992
  1.10974827  0.03973833 -0.5984384   0.02168536  1.07415935  0.07329832
  0.81057037  1.16526214 -0.55645962]
[ 1.         -0.77572436 -0.9549498   0.36199214 -0.65103784  0.16882652
 -0.79045195 -0.26210594 -1.14085336 -0.90703841  0.47507619  0.59180463
 -0.92163135  0.17578359 -0.37954812  0.66513736  0.36514271 -0.92419282
  0.12604373 -1.08830319 -1.15849801]
[ 1.         -1.14469118  0.59890688  0.11409732  0.4198513   0.88259345
 -0.93926017 -0.28800913  0.85245657  0.91568646 -0.60482807  0.9287157
 -0.29440369  0.24074777 -0.97760172 -0.58568957  0.00791795 -1.42763828
 -1.15001923 -0.20391651 -0.47226046]
[ 1.         -0.31912341 -3.84331597  4.77246191 -2.80334299 -0.58956299
  2.1879484  -0.03171167  1.14735499 -1.75075655  0.28577832 -2.26025985
  0.385727   -0.19488039  0.22682643  1.28471882 -0.38206041 -1.5807667
  0.61584878  1.00197651  1.14331157]
[ 1.         -0.98915947  0.01534266 -0.50134874 -0.29825833 -0.56535596
 -0.57717898  0.80593412  0.91522396  0.47241382  0.91665229 -0.25793759
  0.8686036  -1.02238083  1.51190971  1.94472511 -0.23952063 -1.20339754
 -0.31210209 -1.63443014 -1.36766727]
[  1.00000000e+00  -1.03897819e+00  -4.79821941e-02  -4.03100392e-01
  -1.26341561e-03  -6.50284914e-02   5.37074058e-02   1.32009491e+00
   2.36213367e-01   5.91215854e-01  -7.62866738e-01   2.73128171e-01
   7.64151724e-01   7.06631387e-01   8.35597721e-01  -2.83977424e-01
   6.28194034e-01   1.13288953e+00  -3.75412113e-01   6.59576737e-01
   1.31290261e+00]
[ 1.          0.88676193 -0.24324554 -1.31400957  1.81086642 -0.28249747
  1.49063291  0.41682914  0.68528312 -0.32605557  0.35378516 -0.09330069
 -0.23908829  1.35643159 -0.54798373 -0.1749293  -0.01055086  0.9249732
  0.2082391  -0.53158619  0.52374389]
[ 1.          0.9250377  -1.62851044 -1.39927658 -0.98076946 -0.89540083
 -1.62891613 -0.00544272  0.48502182 -2.32708613 -0.78877176 -0.56409688
  1.95909654 -0.15040669  1.26345331  0.64378141  1.72084941 -0.28372301
 -1.13028017 -0.79695739  0.39409491]
[ 1.          1.88389408  8.98915445  1.24974743 -5.57180034 -0.16891846
 -1.0654896  -1.13421795  1.47282084 -5.10807973 -3.19853391 -2.33625661
  1.6429088   3.5100273  -3.5990843   4.67460356 -0.22213955 -0.50008641
 -0.11268455 -2.28774671 -4.18765893]
[ 1.         -1.29972052  0.06116805  1.01553741  0.09863115  0.43440192
 -0.79547719  0.72082161  1.66389992  0.10424959 -1.16819086  0.77137978
  0.32254366 -0.41496861  0.65872938 -0.20695549  0.68975779  0.87099027
  0.64360548  0.4525579  -0.13336314]
[ 1.          0.49486602 -1.9927024  -2.46463714 -1.82482102 -3.57560744
 -0.16394719 -1.15176504  0.18578751 -0.45142467 -0.90741391  0.87113846
  0.23569511 -0.0989977  -0.81302604  0.02462291 -0.30949364  1.70361574
 -0.18534546  0.71299071  1.43140094]
[ 1.          0.96141035  1.96812953 -0.33333773 -0.44781491 -0.30440894
  0.55050859  0.09256461 -0.37030806 -0.84759596 -0.16039156 -0.13392162
  1.05208521  0.5062534  -0.81125127  0.08380736  0.48918487  0.41929394
  1.07577675 -0.46590182  0.6417383 ]
[ 1.         -0.6240636   0.07147208  0.22285238  1.03208137 -2.89763545
  0.00689021 -0.63610233 -0.42999468  0.82572301  0.83015477 -0.83587993
 -1.69059011  0.69449854  0.2691734   0.82371983 -0.49118224  0.03626244
  0.48007217 -1.50121031 -0.7240246 ]
[ 1.          0.83430934 -0.13746763 -1.36039871 -0.42195364  1.95403818
 -1.00196961 -1.14140938  0.00840808  1.94912586  1.89080655 -1.26907709
  0.55932026 -0.4192719   0.46509062 -0.547613   -0.82253891  2.03621403
  0.01358613  1.77343457 -0.57901075]
[ 1.          0.82043973 -0.14518055 -0.50455925 -0.35949246  0.2199085
 -0.03387271 -1.13827743  0.60629155 -0.89879336  0.06677123  1.02698006
 -1.84701728 -0.2810808   0.40818523 -1.33936377  0.79769784 -0.73841804
 -0.33714091 -1.67830817 -1.01146529]
[ 1.         -1.06759178  0.21577573 -0.96303416 -0.84778853 -0.17283835
  1.99250802 -0.12423176 -1.69961659  1.15477194 -1.31711331 -0.62821027
  0.3421392   0.51240011  1.36072453  0.43377642  1.58631733  0.15564056
  0.44498777 -0.79980834 -0.43631287]
[ 1.          0.62266014 -0.55557035 -0.86805108  0.17007794 -0.80071102
  0.61187936 -0.59670278 -0.23151817  0.71300974  0.10631848  2.21803133
 -0.20885391 -0.84758135 -0.76433728  0.37791143 -0.601633   -0.40555966
  0.4968568   0.49794963  0.30564437]
[ 1.          0.67548403 -1.23694984 -0.60820736 -0.10862534 -1.56183247
 -0.37215747  0.44335885  0.34675752 -0.5500328   0.27329887  0.87247701
  0.50355831 -0.62928411  0.08711298 -1.03143984  0.64926265 -0.37846931
  0.03719763  0.75807925 -0.87603144]
[ 1.          1.10672743  1.43483842  2.06949772  0.40250323 -1.70863613
 -1.57672181 -1.59855947 -0.73620935  1.98456775 -1.64917109  0.40345126
 -0.02765215  2.21161192 -1.09527724  0.15584021 -0.76891339  0.45522139
  0.05697651  2.43205654 -1.51851628]
[ 1.         -0.90675412  0.07844152 -1.10654811 -0.77555458  0.13223573
 -0.06858474  1.71706913 -0.95845148  0.39204865  1.42487617 -0.77997137
  0.2463188   1.2291092  -2.15289068  1.70321605  0.1689177   0.10888477
 -0.79447786  0.70539327  1.24814416]
[ 1.         -0.42642366 -2.86341849  8.21638646 -1.75066219  0.7374956
 -0.25532916 -3.74823535  8.66454785  1.85193884  0.36384881  2.56090845
  7.11932472  4.54603997  3.67004367 -0.90437205  1.21423197  3.8258291
  4.12141345 -1.17124367  3.45233541]
[ 1.          0.322719   -1.00408287 -1.39846815  0.85061751  3.01134897
 -0.61644643 -0.73827233  2.82010803  2.44092529  5.86761831 -3.26270792
 -2.74227016 -0.14934595 -0.62692755  2.87029184 -2.17125802  8.65547255
  5.69570755 -2.05281478 -2.7760967 ]
[ 1.         -1.25400317  0.5050125   0.50800211  0.27144309 -0.83138467
 -0.18291266 -0.77148744  0.60192464  0.85828396  0.64671006 -0.12741055
  0.02013933  0.19182381  0.27702666  0.38299458 -0.49419667 -1.18707589
 -1.67971905 -1.50140701 -0.46924059]
[ 1.          0.84685014  0.3034321  -0.18676577 -0.45961911  0.79709562
 -0.97400703  0.16374515  0.29362019  0.69130544 -0.11788224 -0.65663215
  1.36908244 -0.96422662 -1.03784007  1.19721677 -0.06952739 -0.45180309
 -0.49259489  0.31916082 -0.46053375]
[ 1.         -1.07131822 -0.50069794  0.34599619 -0.32325052  0.49952283
  0.83584225 -0.20792703 -1.5246092   0.19985241 -1.34080698  0.49882316
  0.82180726 -0.02257385 -0.52137219  0.2777277  -0.43106217  0.83832404
 -0.15895944  0.74070394 -1.01581818]
[ 1.          1.16430378 -0.51962005 -0.31890966  0.09412464  1.1982875
  0.08223554 -1.33315336 -0.01256302  1.66709942  0.64196722 -0.44974889
  0.95444564 -0.82520224 -0.96068863  0.79760983  1.53725737 -0.2773998
  0.58467726  1.30348329 -0.95567861]
[ 1.         -0.95959155 -0.84960055  1.41428682 -0.02464688  0.19110515
  0.83550494 -0.89681284 -0.50735171 -2.13442154  0.11267251 -1.47757304
 -0.20418002 -1.7817619  -0.93540249 -0.66361242 -0.64802028 -0.64051373
  0.17471021  1.42800104  0.92579964]
[ 1.         -0.94769483  0.15803275  0.61001674 -0.4123218   1.06601736
 -0.42799969  0.7220832  -0.23315575  0.21438345  0.24834545  1.5588188
  0.0647112  -0.73450674  0.14710512  1.26216444 -0.01445589 -0.04722477
 -1.23128304 -0.10690711 -0.24328645]
[ 1.          1.25365335  4.14415244  1.44330205 -2.47326512  0.08019239
 -0.70181677 -0.44600963  0.24495547 -1.22419787 -2.01110296 -0.6848769
 -0.96060641  1.44541873 -0.79292614  1.89792757 -0.48763578 -0.70458926
  0.13441951 -0.46132338 -0.60572971]
[ 1.          1.06141911  1.9628959  -0.40134789 -2.37308054  0.75908606
  0.31906823 -0.65103517 -0.78177355 -0.51441184 -0.67561332  0.09679933
 -2.16136357  1.14511221  2.44358113 -0.54899823  0.63808227 -0.52522603
  0.43271435  0.01278065  0.69085682]
[ 1.          0.85277994 -0.1023695  -0.57575552 -1.47320511  2.39225827
 -3.64382454  1.04075963 -1.26083102  0.83680414 -0.11414554 -0.50344245
 -2.34431519 -0.19391029  5.36659236 -2.37355919  1.43759307  0.70329047
 -0.87793539  0.36776527  3.38019468]
[ 1.         -0.81351767 -0.37430318  0.58791525  0.20815878  1.17993286
  0.05719211 -1.8274906  -0.78451864 -2.1709132  -1.28357566  0.60054027
 -0.22683861 -1.7454155   0.54144148  0.25890242 -0.33217133  0.65696994
  1.17288083 -1.01094608 -0.46604147]
[ 1.         -0.98062939  0.1995851   0.6939166   0.5069008  -0.34618311
 -0.03834535  0.21936293 -0.25314881 -0.2209505   0.77204676 -0.93672708
 -0.20851643 -0.32752163 -0.82959133  0.1017525   0.29932344 -0.8077157
 -0.26253422  1.41281494 -0.44974968]
[ 1.         -0.60355956  0.88902705 -0.62120821 -0.31091914  0.02997588
  0.63200283 -0.05936149 -0.52951863  0.52886069  0.45327833  0.42085865
 -0.60942145  0.50099904 -0.30278768  0.52231712  0.47879766 -0.52770215
  0.01836051 -0.25788803  1.30320726]
[ 1.         -1.21772483  0.44653843  0.67369874  0.35270936  0.83243064
 -0.00488943 -1.1363759   0.17744351 -0.85147894  0.93313538  0.6214645
 -0.08334542  0.60151946 -1.26383122 -1.33670143 -0.04437161 -0.32300176
 -0.59772083  1.36246489 -0.76779584]
[ 1.         -0.26237837 -0.68193654  2.12920728 -0.08325073  2.735393
  0.37033783  0.36382112 -5.25356428 -0.4995993  -1.77150471  4.66329201
  1.79508657 -4.38338803 -0.824325    2.39526045 -2.76619734  3.39709498
 -1.27698121 -2.17555265 -2.35858322]
[ 1.          0.82628224  0.42381681 -0.93788061 -0.38012856  0.90985645
  0.76122681 -0.63052077  0.5814811  -0.06510222  1.8721535   2.36931881
 -0.05052895 -0.46178343  0.48740992 -1.01003113  0.43169498  0.1393431
  0.3072341   0.95110924 -1.96591269]
[ 1.         -1.74631953  0.02096282 -2.14693855 -0.61415778 -2.01470296
  5.26274011 -1.29869945 -3.64836995  2.19784573 -3.77411311 -5.86825869
  0.79591946  0.94179841  6.73478128 -0.88407718 -1.52940999 -0.24255185
  0.8051793  -5.13255626 -7.65056374]
[ 1.          1.15524722 -1.76780568 -0.71387467  4.14123819  1.09782687
 -0.38776361 -0.63659134 -0.40605915 -0.83101113 -1.6670045  -0.46944985
 -0.21067436  2.43358246 -0.449126    1.24824192 -0.00585346 -1.12267664
 -0.49382055 -1.32127629  0.49572983]
[ 1.          0.90259067 -0.33273936  0.48921609  1.45190547  0.55658893
  0.95229379  0.52430318  1.38741258 -0.0479363  -2.18401468  0.17740154
 -0.43564332 -0.58732848  0.00730671  1.329922   -1.47161408 -1.64243436
  0.2752592   3.21295382  0.44124906]
[ 1.          1.433033    0.18514008  1.95701193  0.89119269 -1.07673926
 -3.29781642  1.9244322  -2.35259507 -0.25066762  0.24506663 -2.3229305
 -0.29107775 -0.93820078  2.33585862 -1.57732857  3.22218091  1.22566023
 -0.26327861  0.35417271  1.44380202]
[ 1.          1.04679931  0.61427243  0.90377151  1.31741662 -1.0096466
 -1.57802087  0.3334236  -2.37538804  0.22759114  0.55327956  0.65762353
  0.72909017  0.83483134  0.30768903 -0.53653845  0.09298027  0.73786688
  0.88388455 -0.24186688 -0.26928048]
[ 1.          0.66062936  1.80340527 -0.86391646 -0.31960447 -0.37040867
  2.05471734 -0.59548206  0.37636698 -0.65989913  1.96242286  1.62901503
 -0.02462425  0.87920425  3.34114202  0.91734534 -1.03799036 -0.4430037
  1.03047744  0.99406146  1.54704832]
[ 1.          1.27192745  0.23258649  0.57245894  2.42177657 -0.34068582
  1.58010783  2.14758979 -0.06858211 -1.02938399 -1.11602211  0.22483807
  0.33090375  0.12406674 -0.87435994  0.85544473 -0.99391429  0.42041002
 -0.60677965 -0.36807342  1.88968072]
[ 1.          1.50923126  0.52222226  2.34535563  0.32572933  0.3523091
  0.94636078  2.01846313  0.01148758 -0.43153657 -0.59020815 -1.06609165
 -2.33363601 -0.8790172   0.23482201  1.00946462 -1.14972209  0.453931
 -0.45050341  0.22345522  1.63614887]
[ 1.         -1.15401573 -0.20322941 -0.47338358  0.47845294 -1.05477094
  1.03220786 -0.60099811 -0.2880741  -0.00514405 -0.62404147 -2.35874948
  0.03816479 -0.07373574  1.75144094 -0.82766975 -2.2532519  -0.25796872
 -0.1235909  -1.180141   -2.42189418]
[ 1.          1.3550825  -0.02929253  3.02864727  0.16527925  2.16330902
 -0.68602904  1.4272635  -5.71405861  1.63815548 -0.40771964  1.56206961
 -0.09401081 -3.74524027 -0.23074355  0.93053888 -3.80131185  3.26055685
 -0.64889357 -2.84031134  1.05824939]
[ 1.          1.27140604  0.60944435  0.02411187 -0.83312812  0.52915436
  0.57636398  0.79888013  1.15532398  1.6008962  -0.78631483  0.31489822
  0.42133416 -0.90393542 -2.17239878 -2.22697352 -1.15515241 -2.40262122
  2.25908402 -3.21953962  1.00888173]
[ 1.         -1.1493999   0.51967791  0.11628208  0.44399618  0.76039196
  0.47248349 -1.08042586 -0.46883314 -1.0844828   0.26826467 -0.12280048
 -0.11935681 -0.88350313 -0.68474843 -1.07163621  0.13660815  0.52630446
 -0.56599343  0.18657644  1.0253519 ]
[ 1.          1.00620701  0.15126824 -0.65802545 -0.91538244 -0.20647453
  0.84101702 -1.16453201 -0.75168581  0.31678338 -0.08672986  1.03176889
 -0.33225915 -0.67352159  0.48356239  0.11937681  1.31138853  0.45485711
  0.76288626  0.3057192   0.79897851]
[ 1.         -1.25261888 -0.00249325 -0.71859621  0.28917843 -1.12350242
 -0.64778846 -0.07486803  0.66399806 -0.04914551 -1.03208046  0.2007709
 -0.66666084 -0.88719591 -0.36587756 -0.30973243 -0.6051795   1.32998173
 -0.31708916  0.75309995  0.29769224]
[ 1.          0.94525457  0.05516302  2.18551709 -0.68713094  0.10680112
  0.40811551  1.16264502  0.11251847  0.23813658  1.32373938 -1.78282202
 -0.82451997 -2.86353648  0.66433909 -1.08199382  1.84671461  0.38073031
 -1.37827448  0.13687107  0.83909809]
[  1.00000000e+00   7.35558371e-01  -2.59348797e-03   1.51440284e-01
   8.59783909e-01  -1.91594122e+00   6.84304193e-01   6.00149581e-01
   2.79006811e-01  -7.59603643e-01   7.86088782e-01   2.47401981e-01
   3.15064100e+00  -2.38031421e+00  -2.04829211e-01  -6.53941451e-01
  -1.50593355e+00  -1.87519078e+00   1.97446315e+00  -7.90704002e-01
   9.32607012e-01]
[ 1.          1.27125308 -0.92739992  0.13006424  1.66492919  1.97780838
  1.97158947 -0.05957551  2.20033653  1.11759208  2.37612407 -1.71274067
 -2.63725521 -0.88346712 -0.31777603  1.76328738  0.55556629  4.02459088
  1.84655957 -0.6366435  -1.05495008]
[ 1.         -0.54197141  0.39762284  0.78356658  0.73695938  0.35734052
 -0.85765226 -0.60632988  0.52018016 -0.09683883  1.38609257  0.41138412
  0.30652961  0.77518716  0.34265154 -0.14690185 -0.74665857  0.46752177
  0.36904114 -1.91105578 -0.24264941]
[ 1.          0.67672875  0.43009605 -1.74286574  0.42003099 -0.84626388
  0.74000583  1.6496467   2.84995213 -1.21526786 -0.55270583 -0.74083183
  0.74598632  0.1145872   0.27095198 -1.76704333  0.61991108  4.39118073
 -4.86202234 -0.43691628 -1.17610696]
[ 1.          1.5065818   0.20221892  2.44951166  3.44281889 -3.56955065
 -2.49683821  1.56625289 -2.49983394  0.21875119  0.29746155  0.04878022
  0.11941465  2.25099282  1.07773552 -0.94057626  1.48630168  0.62450312
  1.33173419  0.07500774 -2.18790309]
[ 1.         -1.33764962 -0.66888912  3.77807199 -0.24455824  0.84502984
 -0.49174924 -1.79874736  2.89326577  0.34262316 -0.03985338  1.83556395
  2.83374896  3.4249548   1.375094   -0.51055764 -0.57470275  2.06418161
  1.04098335 -0.38620423  1.16448127]
[ 1.          0.73016599 -0.020275   -1.40103251  0.44685041 -1.20966073
  0.7103321  -0.36956844  0.16483858 -0.49584123  0.82260617  0.76832418
  1.7904104  -0.07019168  1.74988737 -0.37254203 -2.31404742 -2.1848852
  0.4591037   1.86165339  0.80043669]
