Cluster centers 

[-1.02072511 -1.54920062  0.42877224  0.31754472]
[ 1.12611786  0.13365021 -0.47597557  0.45384923]
[-1.13802508  0.8549314   0.61984356 -0.07005198]
[ 1.06158702 -0.57032068  0.54132682 -0.3014324 ]
[-0.59724836 -0.38902889 -2.03062867 -0.05930734]
[ 0.87646795  0.1370162   1.82870609  0.17055157]
[ 0.92337891 -1.00509385  0.77044974 -1.17303717]
[-1.14654466  1.58482465  0.35376489 -0.66456761]
[-0.83629551 -1.02874666 -1.02098993  0.05825248]
[ 0.67686057  2.71772135 -0.24645267  0.6101503 ]
[-0.33359323  0.11170676 -1.34152364  1.65221193]
[-1.11682708  0.26062564  0.73444685  0.38537075]
[ 0.61633408  0.80596196 -2.56009973  0.63887527]
[ 1.01942233  0.24357379  0.91919165  0.84085388]
[-0.94133156 -0.86874855  0.06318825  1.03575576]
[ 0.47445241 -1.09777342  2.79665051 -0.47057246]
[ 1.15440294 -0.20956025 -0.42409607 -0.94237676]
[-1.17678767 -0.72529398  1.58618614  0.05654609]
[ 0.86545789  0.63910235 -1.01809911  1.52509243]
[-0.81980782  3.40910381 -0.9443791  -1.19570419]
[ 0.98401406  0.78078001  0.52177447  1.15705279]
[-0.76674502 -0.41706351 -2.38884962 -1.93702232]
[ -8.89935482e-01  -4.48988055e-01   1.35506382e-04   1.28199737e+00]
[-1.21453108  3.20631194 -0.26676845 -2.88860726]
[-1.22396449  1.9066841   0.45560608 -1.50165531]
[ 1.04350998 -0.30639022  0.87715505  0.40462259]
[-0.95662299 -1.46357355 -0.23958321 -0.02434421]
[ 0.91971247 -0.72010486 -0.07049996 -2.58907731]
[-1.00528412  1.62128061  0.02632212 -0.02652766]
[ 0.4752052   0.67996284  2.63164022 -1.32581016]
[-1.23287369  0.45412236  1.3070458  -0.67336897]
[ 1.13554403 -0.14989969 -0.10495498  0.03895659]
[ 0.75509738 -0.80391618  2.1607321  -0.13472598]
[ 1.1053292   0.04992089 -0.01182747  0.64175555]
[ 1.18726373  0.06127776 -0.84777234 -0.78074298]
[-0.80172163 -0.88363023 -1.46886537 -0.46838916]
[-0.82401748  1.20697165 -0.16263742  0.88308633]
[-1.14292591 -0.59759512  1.12554351  0.44194456]
[ 0.90438986 -1.05253699  0.92013066 -1.03335795]
[ 1.0687454  -0.48635009 -0.18929753 -1.7009053 ]
[-1.26917741  1.24873247  1.14575808 -1.6424146 ]
[-1.23737208  0.91982243  1.0309266  -0.87988078]
[-0.41343375  2.27232774 -0.77538886  0.92660726]
[-0.70944698 -0.48581875 -2.16470408 -0.97212208]
[ 1.05740715  0.29956633  0.04411749  1.07600417]
[-0.99214105 -1.88550963  0.40995584 -0.44822566]
[ 0.77133377  0.6638223  -1.56015784  1.38550948]
[ 1.121382   -0.37530797 -0.08660189 -0.77453991]
[-0.32360402  0.35766589 -3.10748201 -0.82120411]
[ 0.63118042  1.35730378 -0.6154563   1.86281138]
[ 0.92205551 -0.89613589  0.33287195 -1.89902811]
[-0.96901017  0.16908306  0.27707953  1.01424389]
[ 0.5001685  -1.76974569  1.97257486 -1.12267944]
[-0.29530232  0.05340176 -2.28651463  0.62757686]
[ 1.14389102  0.60152087 -1.80453918 -0.37261347]
[-0.93595545 -1.47913131 -0.63043026 -1.02226754]
[-1.11252667 -1.34241335  1.33710888  0.34999909]
[-1.21754405 -0.03871391  1.82127624 -0.82425135]
[-0.65901356 -0.57143879 -1.66648687  0.2147618 ]
[-1.10724629  1.37127012  0.33925605 -0.2782447 ]
[ 1.03883174 -0.58309435  0.78354469 -0.08113761]
[ 0.94860135  1.01912529  1.10716548  0.57707715]
[-0.90234387 -1.2480069  -0.63485335  0.04319216]
[ 0.968303    0.80872849  0.23751585  1.32417979]
[-1.03931073 -1.39034736  0.57319887  0.57132636]
[-1.17572295  0.51799563  0.89123129 -0.10489994]
[ 1.11790593  0.34016564 -1.08515274  0.30062091]
[ 0.87992832  1.78143879  0.40514039  0.8276344 ]
[-1.22401774  2.41878334  0.20021184 -2.05279118]
[ 1.11818028 -0.34809448  0.09684891 -0.29200019]
[-0.59216603  0.56593493 -0.50423169  1.6735213 ]
[-0.90153272 -1.09523749 -0.32933093  0.69818955]
[-0.97118501 -1.16598796  0.1117129   0.77353724]
[-1.20464043  0.00530397  1.31761545 -0.17766412]
[ 1.07265415 -0.01305593  0.50760139  0.71299131]
[ 1.04282503 -0.66963679  0.31419478 -1.01817384]
[ 1.16234493 -0.01095705 -0.53898705 -0.22036039]
[ 0.83527614  2.5842081   0.31047106  0.09299769]
[ 1.07367517  0.32555671 -0.64036673  0.88657625]
[-0.70871024 -0.69798261 -1.30007473  0.5162324 ]
[ 0.97367103 -0.65082734  1.2269093   0.03940425]
[ 0.73028833 -1.23941487  0.62962632 -2.33481026]
[-1.01371258  1.97392586 -0.08284896 -0.38432558]
[-1.10774572  2.15129975  0.0226224  -0.99429959]
[ 0.82536429 -1.17153198  1.48244516 -0.61851605]
[-1.21794419  1.31806928  0.72040051 -0.95209795]
[-0.98848438  0.62105368  0.27156824  0.73804502]
[ 1.03322141 -0.23573593 -0.73322333 -2.93813604]
[-1.02346269  1.02764732  0.25458492  0.35022089]
[ 0.50470747  0.66089715 -2.00667722  1.39779121]
[-0.79495762 -0.8214493  -0.73142005  0.8881589 ]
[-1.06543748 -0.89136581  0.71368869  0.79524963]
[-1.07904645 -0.1757738   0.68929868  0.72966531]
[-0.52841999 -0.34547792 -1.69054444  0.75827341]
[-0.89598129 -1.24768063 -0.83584642 -0.33944122]
[ 1.08872655 -0.34252267  0.46265797  0.15746967]
[ 0.98628847 -0.83877118  0.79046553 -0.67148784]
[-0.86572025 -0.83657544 -0.30340378  1.06556436]
[-0.65761952 -0.35733214 -0.81330769  1.41222962]
[ 1.01799082  0.45910587 -0.31889659  1.2575827 ]

Populations

0.00441363534329
0.0148260818755
0.015947100234
0.010862638098
0.00646726778528
0.0112728786837
0.0075502539256
0.0093965432717
0.0128192745128
0.00644459837059
0.00671667025024
0.0177550304501
0.00473629903809
0.0139764775427
0.00971857743022
0.00246479809259
0.00824660930052
0.00740260735289
0.00754155501676
0.0036077548444
0.016260628199
0.0051978735277
0.016952251578
0.00360047605384
0.0118003899139
0.0220983743623
0.0164468735312
0.0146710246004
0.00706885161197
0.00368666931783
0.00431344249969
0.0285443526997
0.00828735314
0.0265566341811
0.00879173214402
0.0281051308323
0.00483277911151
0.0158865178629
0.00618918912966
0.0184179901851
0.00835027206069
0.00970071748923
0.00122978234726
0.0122188682411
0.0134108511538
0.00815138937078
0.0112134169768
0.0245565812209
0.00968602100995
0.0107410970952
0.00746024851253
0.013169523926
0.000900945275869
0.00119330338376
0.00367462520595
0.0062160691994
0.0120611543054
0.00366781623938
0.0115654560746
0.0136949752586
0.0123090578797
0.00952548489819
0.0124472454791
0.0103505686793
0.0065223188275
0.0095956261506
0.0111830718289
0.0110382159415
0.00465524326092
0.0090678491192
0.00467539588573
0.0109326365966
0.00616079105656
0.00896087229535
0.00990247932482
0.0151808647422
0.0108402082393
0.00743320182223
0.0114369663342
0.00818379648494
0.0114273279174
0.00117832316343
0.00731004987749
0.00493507233905
0.00707510358398
0.00614243738011
0.00867339320407
0.0123067557023
0.00899837387674
0.00876572307342
0.0106597114157
0.0141762594717
0.0134259544629
0.00364668745144
0.00970661811997
0.0109494396943
0.0114347383194
0.00771021913477
0.00847510794802
0.00986250876882

State labels

0
1
2
3
4
5
6
7
8
9
10
11
12
13
14
15
16
17
18
19
20
21
22
23
24
25
26
27
28
29
30
31
32
33
34
35
36
37
38
39
40
41
42
43
44
45
46
47
48
49
50
51
52
53
54
55
56
57
58
59
60
61
62
63
64
65
66
67
68
69
70
71
72
73
74
75
76
77
78
79
80
81
82
83
84
85
86
87
88
89
90
91
92
93
94
95
96
97
98
99

Eigen values

1.0
0.512115249471
0.490247218342
0.465816324186
0.420060836214
0.407553831208
0.394869579823
0.377173476798
0.371413286066
0.357761392213
0.354298233258
0.342535533922
0.340269327381
0.317512201009
0.309879556458
0.298710320849
0.283634220514
0.278998800505
0.266869892114
0.2600877779
0.252048704902

Left eigenvectors

[  4.41363534e-03  -6.30774393e-03   3.82714672e-03   2.50737596e-03
  -1.03536969e-03  -5.59327869e-03  -2.39519498e-03  -8.00743346e-03
  -8.73736774e-03  -6.25323409e-03   7.38261961e-03  -8.49166051e-03
   2.80321309e-03   4.14261192e-05   2.95541801e-03  -5.02853147e-04
  -6.41643713e-03  -1.15800929e-02   4.77624670e-03   9.50520521e-03
   1.29786685e-03]
[ 0.01482608  0.00906903  0.00488024 -0.0052832   0.00831031 -0.00094443
 -0.01092301  0.00895472  0.01192787 -0.03016408 -0.00684195  0.0065194
 -0.00233217  0.00064727  0.00573416 -0.0033102   0.01168852 -0.018298
  0.0056714  -0.0103142   0.00306718]
[ 0.0159471  -0.00632943 -0.00124341 -0.00473596 -0.00010108 -0.00538397
  0.00977191 -0.02012797  0.01947401  0.0149131  -0.0100752  -0.01321678
  0.00861387  0.01226753 -0.00868203  0.00700127 -0.01225983 -0.02271295
  0.00841236 -0.01101086 -0.01110085]
[ 0.01086264  0.01071989 -0.00639907  0.01335237  0.0111046   0.03796336
  0.01229006  0.00276978  0.01211409 -0.0026938   0.03099666  0.01262996
  0.01231379 -0.02664271 -0.00497656  0.01219819 -0.00311632 -0.0147655
  0.00847543 -0.00343555 -0.00770743]
[ 0.00646727  0.0006079  -0.00612148 -0.02346557  0.00543116 -0.01131383
  0.01704714  0.00537046 -0.00591661  0.00906705  0.00379462  0.01864162
  0.00124454 -0.00676789  0.00818631  0.0045324   0.00729698 -0.00720531
 -0.00191404  0.00767903  0.00547268]
[ 0.01127288 -0.00214935  0.00494684  0.00266081 -0.01424225 -0.0132178
 -0.0092966  -0.00800866 -0.0055051  -0.00484996  0.00134598 -0.01132868
 -0.0016863  -0.00687528 -0.00572258  0.00088659 -0.01136481 -0.03008532
 -0.00249147  0.01694125 -0.00454725]
[ 0.00755025  0.01575717  0.00888563  0.0121263  -0.00946373 -0.00462081
  0.00759112  0.00731318 -0.00473582  0.00173502 -0.00148053  0.00784396
  0.00517381  0.00868465  0.00065335  0.00219638  0.00601483  0.00495476
 -0.00950782 -0.00746034 -0.00484151]
[ 0.00939654 -0.00520596 -0.00739011 -0.00880929 -0.00684171  0.00126322
 -0.00301243  0.00610225  0.0049173   0.01427925 -0.00026415 -0.00926815
  0.01072997  0.00992786 -0.01603787 -0.01258492  0.00028052 -0.00408528
  0.00013305 -0.01649318 -0.00810254]
[ 0.01281927 -0.00966668 -0.00734648  0.0106459  -0.00222434  0.00298337
 -0.01406765  0.004979   -0.01586024  0.01095756  0.0100664  -0.01423024
 -0.00678347  0.00896847  0.02268511 -0.01314213  0.00357957 -0.00829135
  0.03473598 -0.01180473  0.0252134 ]
[ 0.0064446   0.00658329 -0.00874306 -0.0252374   0.01116496 -0.00553092
  0.00739025  0.00241728 -0.01436219  0.00889621  0.00080274  0.01792557
  0.00478943 -0.01307176  0.00724835 -0.00148862 -0.00441502 -0.00504014
  0.00195166 -0.001495   -0.00066544]
[ 0.00671667 -0.00540075 -0.00058542 -0.00018755  0.01013932 -0.00194369
 -0.00631649  0.00511712 -0.01196554  0.00299463 -0.00096468 -0.00864622
  0.00293     0.00181548  0.00932073  0.00427133 -0.00656694  0.00285839
 -0.00392517 -0.0008913  -0.00786322]
[ 0.01775503 -0.01832798 -0.00616186  0.000662    0.00169393  0.00673554
 -0.00382485  0.00589528  0.00331586  0.00271928  0.00400455  0.00135738
 -0.02037015  0.016568    0.00146155 -0.00616195  0.00536325  0.00873118
  0.0063335  -0.01712756  0.0085047 ]
[ 0.0047363   0.00081349 -0.0017665   0.0055502  -0.00981204 -0.00137469
  0.00144285  0.00095905 -0.00345783 -0.00249303 -0.0014415   0.005459
 -0.00893042 -0.01446599 -0.00248359 -0.00182223 -0.02521641  0.00691685
  0.00084714  0.00280769  0.00569068]
[  1.39764775e-02   1.12841368e-02  -7.31292875e-03  -1.30278659e-02
   8.77960581e-07   8.46899137e-04  -8.70502527e-03  -8.30376590e-03
  -1.51680231e-02   8.13954854e-03   2.33327330e-03  -7.05183939e-03
  -1.86353321e-02  -3.01082637e-03  -2.19853895e-02  -5.93030857e-03
   1.13522223e-02   1.47498458e-02  -8.68280575e-03  -9.94796378e-03
   1.30053161e-02]
[ 0.00971858 -0.00398513 -0.01289646 -0.00386349  0.00281617  0.02641093
 -0.0015985  -0.00755871  0.01455959 -0.00202866 -0.00375246  0.00253384
 -0.004806    0.01442757 -0.00909811  0.00423558 -0.00197989  0.00192479
  0.00806515  0.02181873 -0.00946737]
[ 0.0024648   0.00068663  0.00020693  0.00337246  0.00189304  0.0011631
  0.00808129 -0.00384374 -0.00681806 -0.00112081  0.00245362 -0.00876375
 -0.00346562  0.00391197  0.00837814  0.00016839  0.00550316 -0.00226911
 -0.00064067 -0.00053864 -0.00127892]
[  8.24660930e-03   1.28485972e-02   1.24487812e-02   4.90712157e-03
  -6.36694169e-03  -5.09860284e-03   1.20755785e-03  -3.64138140e-03
   4.57468695e-03   7.62913434e-03  -3.16831674e-03   9.64063547e-03
   1.42759745e-02   4.26798556e-03  -8.13103650e-04   8.68550878e-04
  -8.74909672e-03   1.11915108e-02   2.84855546e-03  -5.29538754e-03
  -5.70835595e-05]
[ 0.00740261 -0.00507771 -0.00608437 -0.00749571 -0.01391498  0.00466397
 -0.00185746  0.0033885   0.00477274  0.01212594  0.00531173 -0.00275413
  0.01215972  0.0104549   0.01284706 -0.00834154 -0.00670399 -0.00011851
  0.00262151 -0.01326709 -0.0004899 ]
[ 0.00754156  0.01282498  0.00176946  0.00118859 -0.00932727 -0.00491974
 -0.00510716 -0.01336981 -0.00080238  0.00153764 -0.00529643 -0.00108084
 -0.00555059 -0.00262957 -0.01258902  0.00163066 -0.00200264 -0.00417883
 -0.00423309 -0.00699848 -0.00885312]
[ 0.00360775 -0.00177279 -0.00177858  0.00437531 -0.00230714  0.00468922
 -0.00216014  0.00836269 -0.00295269  0.00334528 -0.00025502  0.0014632
  0.0083824   0.00868815 -0.00423917 -0.00132203  0.00066678 -0.00118611
  0.01224979 -0.00563541  0.00672744]
[ 0.01626063  0.02680857  0.01059037  0.01010884 -0.01453669 -0.00779972
  0.01182934 -0.00471066  0.00667423  0.01320575 -0.01138282  0.0027038
  0.01394233  0.00683234  0.01099583 -0.00291788 -0.0074482   0.00788387
 -0.00536128 -0.00400381 -0.01527095]
[ 0.00519787  0.00055012 -0.0077486  -0.00026175 -0.00301555  0.02525663
 -0.00261141 -0.00049367  0.0136894   0.00103047  0.01511766  0.0017267
  0.0034179  -0.00293441  0.00083278 -0.00092442  0.00179186  0.00112383
  0.00024765  0.00924989 -0.01572802]
[ 0.01695225 -0.01992646 -0.00817445  0.02183848  0.03145917 -0.00642141
  0.00336478  0.01244771  0.02254709  0.02650713 -0.00091768  0.01197293
 -0.01153575 -0.00044471 -0.01849808  0.0291975  -0.00104311  0.000884
  0.01413331 -0.00658754 -0.00126086]
[ 0.00360048 -0.00194652 -0.00269043  0.00337606  0.00517088 -0.00233415
  0.00423903  0.00266941  0.00270922 -0.00341345 -0.0014016  -0.00226296
 -0.00630864 -0.00529124 -0.00376127 -0.0031653  -0.01656471  0.00934545
 -0.00314469 -0.00403145  0.00630541]
[ 0.01180039 -0.00756505 -0.0102414  -0.00630069  0.01658502  0.00172018
 -0.00325832  0.01355582 -0.00946533 -0.01654144 -0.00164971 -0.02438273
  0.01218158 -0.00691085 -0.00347544 -0.01451192 -0.00779894  0.01171777
 -0.0039529   0.00147954 -0.00352674]
[  2.20983744e-02   1.75927320e-02  -7.93006140e-05   9.74052844e-03
   2.96258303e-02  -1.16120177e-02  -3.25673424e-02   2.75162463e-02
   9.89842042e-04   1.18170307e-02   3.66790585e-03  -1.01319234e-02
   4.31061824e-03   1.11981297e-02  -6.56015864e-04   2.64341485e-02
  -1.45616806e-02   8.51310792e-03  -6.94765418e-03   9.40777382e-03
  -4.12840662e-03]
[ 0.01644687  0.00495337 -0.01413895 -0.03010032  0.01952267  0.00207588
 -0.00113344 -0.00131575 -0.03549895 -0.00393346 -0.00328905  0.00995276
  0.00234305 -0.00860656 -0.01112416 -0.00601253  0.00382452  0.00970529
 -0.00415718 -0.00701406 -0.01168261]
[ 0.01467102  0.01536754 -0.0014503   0.00015758 -0.00331485 -0.00788024
 -0.01842498 -0.00769097  0.01296081 -0.01688843 -0.02449673  0.01482495
 -0.00975819  0.00161555  0.01957197 -0.00978248  0.00022575 -0.00683101
 -0.00132981 -0.02346244 -0.01150185]
[ 0.00706885 -0.00827342  0.01537645 -0.00074772  0.00378396 -0.01086497
 -0.00184489 -0.00225349  0.00543506 -0.01101635  0.01180946  0.00605759
 -0.00107204 -0.00161198 -0.00366227 -0.01469273  0.00310495 -0.01411567
  0.00415388  0.00684323 -0.00280875]
[  3.68666932e-03  -7.88083235e-03   3.28295001e-02  -1.15430874e-02
   2.84134480e-03   1.02292753e-02  -3.64620787e-03   3.13649879e-03
   1.82280848e-03   1.26965406e-03   8.20732851e-04   5.57002638e-05
  -8.55393863e-03  -3.35028604e-03   9.88110775e-04  -3.08720811e-03
  -2.44615873e-04   4.92762350e-03   5.20906528e-03   5.11621076e-04
  -2.98666247e-03]
[ 0.00431344 -0.00449084  0.00155747  0.00238515  0.00533029 -0.00579539
 -0.00475193 -0.00711117 -0.00340586 -0.00913097  0.00640733  0.00061399
  0.00937219  0.00212404  0.00337042  0.00737878  0.00547121  0.00924585
  0.00057976  0.00231119  0.0006944 ]
[ 0.02854435  0.01171144 -0.00632779  0.02262698 -0.00473776  0.00283296
  0.02450008 -0.01476305 -0.01722034  0.00732105  0.02756727 -0.03268086
 -0.04164436 -0.00621239  0.00251757  0.01403923  0.0095458   0.00761261
  0.01227512 -0.02800207  0.01270909]
[  8.28735314e-03   2.29715306e-03  -3.14015726e-03   7.20903100e-03
   8.03995120e-03   1.03691447e-02   2.12971202e-02  -2.47433015e-03
  -1.34184284e-02  -3.46662211e-03  -1.61811161e-03  -1.32219592e-02
   8.56116609e-04   7.97850916e-03   1.25360595e-02  -1.22287160e-02
   1.43447845e-02   9.27116955e-05  -5.26411069e-03   1.00810151e-02
  -1.30926253e-03]
[ 0.02655663  0.0280741   0.00878037 -0.00055032 -0.01128514 -0.00243801
 -0.00456273 -0.01630841 -0.00243307  0.02713778 -0.00143085  0.003049
  0.00718065 -0.02257041 -0.03295435 -0.01827857  0.02328654 -0.00814781
 -0.00693696  0.00097854  0.01898562]
[  8.79173214e-03   1.15368924e-02  -7.56775234e-03  -1.07939446e-02
   1.48903740e-02   1.11239377e-02  -6.52597254e-03  -6.77637055e-03
   1.34608695e-02  -1.63119664e-02  -1.49055428e-02  -1.11138383e-03
  -1.29403594e-02   1.44810450e-02  -2.32331297e-03   5.28782982e-03
  -5.43976550e-03  -9.31489304e-03  -7.76060442e-05   6.95360857e-03
   6.49688107e-03]
[ 0.02810513 -0.02718603 -0.01117791 -0.01603933 -0.03482377  0.00618742
 -0.00513333 -0.0017098  -0.01330925  0.0128692  -0.00928434  0.01640452
  0.02248808  0.02114953 -0.00783652 -0.00727529 -0.01824938 -0.00446777
 -0.0025014   0.00680874  0.02898525]
[ 0.00483278 -0.00600391 -0.00166224  0.00267273 -0.00140146 -0.00280202
 -0.00011933 -0.0120648   0.01144729 -0.00040109 -0.01548306  0.00015472
  0.00458493 -0.01380739  0.01091734  0.01337808  0.00662062  0.01079541
  0.00750929 -0.00396699 -0.00055458]
[ 0.01588652 -0.01422009 -0.0093461  -0.01651131 -0.02837258  0.002341
 -0.00665438  0.0129433   0.01298521 -0.00296375  0.00972964 -0.01083684
  0.01002419 -0.00481495  0.01283479  0.00183498  0.00468947  0.01720121
 -0.00853636 -0.01623452 -0.00428614]
[ 0.00618919  0.00197784  0.00356009  0.00224587  0.00116029 -0.01012856
  0.01426624  0.00816353  0.01123464 -0.00107008  0.00050107 -0.00089035
 -0.00314241  0.00486782 -0.00457495 -0.0021926  -0.00443153  0.00697849
  0.00618433  0.01741075  0.00048597]
[ 0.01841799  0.03142503  0.01463568  0.02560004 -0.00955155 -0.0005536
  0.02029263  0.03118677 -0.00218001 -0.00129671 -0.01920128  0.00566468
  0.03342279  0.0099862  -0.01252327 -0.00955372  0.01437619  0.01642478
  0.01063818  0.02678037  0.00098137]
[ 0.00835027 -0.01293721  0.00038818  0.00802651 -0.00252036  0.00412264
  0.0013061   0.00804852 -0.00887583 -0.00413381 -0.00694301  0.0099068
  0.00086337  0.00625508 -0.00193819 -0.00824598  0.01008666 -0.00819226
 -0.0161683  -0.00082971 -0.01960433]
[ 0.00970072 -0.01262196 -0.00560562 -0.00333076 -0.00648853 -0.01018274
 -0.00783979  0.00521242  0.01760556 -0.00922516 -0.00549975 -0.00803431
  0.00764695 -0.02206418  0.01095597  0.00349552  0.01819977  0.0120608
 -0.00321892  0.00036787  0.0113719 ]
[ 0.00122978 -0.00173699  0.0128292  -0.00505979  0.00226327  0.00361598
 -0.00127077  0.00190647 -0.00019549  0.00261007 -0.00053383 -0.00158061
 -0.00305286 -0.00142669  0.00116353 -0.00193263 -0.00167817  0.00427928
  0.00792993  0.00234127 -0.00608404]
[ 0.01221887 -0.01447316 -0.00745238  0.01780974 -0.00924907  0.00776221
  0.00260161 -0.00163164 -0.00499259 -0.00127034 -0.0279652   0.01404372
 -0.01841105 -0.02671836  0.01387817 -0.01261974 -0.0076586  -0.00100258
  0.00258807  0.00575837 -0.00182259]
[ 0.01341085  0.01167954 -0.00020074  0.00262568  0.02207919  0.00413656
 -0.00861685 -0.00425335 -0.00491127 -0.01510565  0.00386113 -0.01249936
  0.01667227 -0.00161233  0.00118523  0.01242172  0.00037127  0.00315749
  0.00794768 -0.00047539  0.00683173]
[  8.15138937e-03  -1.21863324e-02  -6.14260309e-03   1.72349447e-03
   2.96777149e-03   8.83738265e-03   6.11335123e-03  -1.60552984e-04
  -6.21176109e-03  -2.08021884e-03  -1.51018062e-02   4.63360414e-03
  -6.66539923e-03   6.12303087e-05  -1.92360447e-03  -4.88735052e-03
  -6.50860385e-03  -2.61138375e-03  -7.20189032e-03   7.60647081e-03
  -1.10397293e-02]
[ 0.01121342  0.00989025 -0.00347444 -0.00637493 -0.00051746 -0.00158737
 -0.01486659 -0.01406093  0.01820317 -0.00568183 -0.00596449 -0.0036635
  0.00072176  0.00283519  0.00538374 -0.00131796  0.00218867 -0.0078078
 -0.00646513  0.01507138  0.00132317]
[ 0.02455658  0.01337298  0.00291513 -0.00236879 -0.0028419  -0.00769843
  0.01400534  0.00670218 -0.00877472 -0.01423632  0.00653483 -0.00694865
 -0.03480959  0.01378251  0.0246349   0.01068048  0.0038597  -0.01840897
 -0.01295566 -0.01991903 -0.02267275]
[ 0.00968602 -0.00343099 -0.00130353  0.00160136 -0.01762872 -0.00903305
  0.00167129 -0.00605247 -0.00716589 -0.01091028  0.00988641 -0.00849935
 -0.0144082  -0.00793839 -0.00139165  0.01803307 -0.01266833 -0.00307762
  0.00140353  0.00173999 -0.01461555]
[ 0.0107411  -0.00242404  0.00017439  0.01233419  0.00054194 -0.01212305
 -0.01957214 -0.00037039 -0.00785715  0.00721973  0.00963884  0.00816272
 -0.0052267   0.01153806  0.00099242  0.00296659  0.00747164 -0.00362204
  0.0032252   0.00815152  0.00411304]
[ 0.00746025  0.00241421  0.01042199  0.00137912 -0.00390916  0.0137912
  0.00414887 -0.0041614  -0.00964717 -0.00244491 -0.00044039  0.00472795
  0.00566065 -0.00079143  0.00307664  0.00736212  0.00327084  0.00346115
 -0.01485586 -0.00935662  0.02265554]
[ 0.01316952 -0.02188983  0.01448232  0.00436575  0.00753788  0.00491484
  0.00419257 -0.02022199 -0.01906727 -0.007292   -0.0074188   0.00812935
  0.02116724  0.00196697 -0.00706641  0.0058115  -0.0046244   0.0092503
 -0.00750202  0.00780936  0.00763225]
[ 0.00090095 -0.00232007  0.00089737  0.00230604  0.00269278 -0.00271203
  0.00058881 -0.00518694  0.00197089 -0.00236861  0.0029437   0.00445718
  0.000685    0.00213996 -0.0013465  -0.00646043 -0.00049931  0.00579203
 -0.00075861 -0.00299057 -0.00118367]
[ 0.0011933  -0.00226451 -0.00144028  0.00294017 -0.00133143  0.0012777
 -0.001313    0.0003934  -0.00262814  0.00123322 -0.00259311  0.000115
 -0.00359023 -0.00285855  0.00557972 -0.00411087 -0.00075366 -0.00154436
  0.00646557 -0.00099358  0.00424353]
[ 0.00367463 -0.00120138 -0.00062545  0.00684812  0.00873433 -0.00303665
 -0.01420075  0.00652435 -0.00148707  0.01196815  0.00220635  0.00209561
 -0.00324158  0.00245589  0.01074591  0.00427429 -0.00166803  0.00205562
 -0.01384306  0.00954828 -0.00560228]
[  6.21606920e-03  -6.84123603e-03  -7.36281674e-05  -2.13745710e-03
  -8.82262676e-03  -5.98487236e-03  -2.67803054e-03  -2.43538963e-03
   7.48122632e-03   3.95347690e-04  -2.44429196e-03  -5.27699157e-03
   1.02165399e-02  -3.69215818e-03  -6.79129299e-03  -6.70579588e-03
  -6.02021996e-03  -1.06753225e-02  -4.88631916e-03  -2.13891821e-03
   1.36077571e-03]
[ 0.01206115 -0.01883763  0.00943018 -0.00125872 -0.01143658  0.00330122
 -0.00771822  0.00610498 -0.00939654 -0.00558191 -0.01000761 -0.007687
  0.00986945 -0.00055447 -0.00964097  0.0138138  -0.00617419 -0.02169254
 -0.02088685  0.00407071 -0.00255687]
[ 0.00366782 -0.00453964 -0.00198558  0.00659491  0.00516512 -0.00436081
 -0.00799122  0.00453154  0.00419051  0.01050782 -0.00285861 -0.00016329
 -0.00352395 -0.01047824  0.00324708 -0.00428725  0.01321151 -0.00246492
  0.00057424  0.00152563  0.00556475]
[ 0.01156546 -0.00353245 -0.01048263 -0.00809367  0.00703359  0.00414789
  0.01713667  0.00272638  0.01377748 -0.0098902  -0.00995967 -0.0014258
 -0.02071676  0.02355386  0.00208102 -0.01020191 -0.01006884  0.0096323
 -0.00476463  0.01622133  0.0129846 ]
[ 0.01369498 -0.01540883  0.00569655 -0.0058853   0.01129679 -0.00884142
  0.01936595 -0.00249972  0.01769995  0.01953862 -0.00065929 -0.00350966
  0.00336048  0.00372109 -0.02221498  0.00598735  0.00100323 -0.02442202
 -0.01709435 -0.02333516  0.00083941]
[ 0.01230906  0.01160006 -0.00636847 -0.00428568 -0.00405124  0.00306933
 -0.02173177 -0.02946429 -0.00666798  0.0099807   0.01859571 -0.00272785
 -0.0115528   0.0037494  -0.02518738 -0.00869244  0.01731356  0.01483954
 -0.01030176  0.00932196  0.00520418]
[ 0.00952548  0.0122553  -0.00494536 -0.00804348  0.01440703 -0.00670259
 -0.0058603   0.00397162 -0.00647641 -0.00772376 -0.0082408   0.00586067
 -0.00823819 -0.00100646  0.00475356  0.00047799 -0.01628581  0.00230221
  0.00028003 -0.01746882 -0.00386869]
[ 0.01244725 -0.00538408  0.00391582 -0.00030745 -0.00283926 -0.00979932
 -0.01239136 -0.01928401 -0.00504332 -0.00188498  0.0160194  -0.00093722
  0.00976147  0.00730289  0.00153052  0.00963663 -0.01348945 -0.01054756
 -0.00797551  0.01887563  0.00622045]
[ 0.01035057 -0.00821203  0.04235083 -0.01629429 -0.00323794  0.01680477
 -0.00455565  0.00718247  0.00630417  0.00223379 -0.00066067 -0.00035147
 -0.01218204 -0.00164279  0.00190137  0.00568317  0.00387996  0.00016335
 -0.01421436 -0.01074708  0.01199487]
[ 0.00652232  0.0036168  -0.00717104 -0.00624299 -0.0086486   0.00600978
 -0.0081527  -0.00408495  0.00581735  0.00455987  0.00656527 -0.00728913
 -0.00085876 -0.00757994 -0.01027908 -0.00699361  0.01001119  0.00630457
  0.00454403  0.0081155  -0.01724353]
[ 0.00959563 -0.00555293 -0.00388071  0.000726    0.00976951 -0.00259007
 -0.00139285  0.02631542  0.00546527 -0.0182105   0.0004801  -0.03214501
  0.02106446 -0.0189674  -0.00920832 -0.0112231  -0.00484648  0.01306938
 -0.01994583 -0.00518662  0.00817318]
[ 0.01118307  0.00992058  0.00109867  0.0082996  -0.00088569 -0.00202411
  0.00691264  0.00812583  0.00687025 -0.01234214  0.0246192   0.0102594
 -0.0060406  -0.00241501  0.01001523 -0.00804844 -0.00163514 -0.00989658
  0.00791207 -0.00886462  0.00869978]
[ 0.01103822  0.00661022 -0.00191275  0.01190239 -0.01432869 -0.00347488
  0.00150819  0.0082138  -0.01329902  0.00095747 -0.00130553  0.00061738
 -0.01614206 -0.00503515 -0.00776866  0.00585002 -0.01024705  0.01496931
  0.00114882  0.00510706 -0.00864591]
[ 0.00465524 -0.0035103   0.0032923   0.00524404  0.00459274 -0.00929572
 -0.00457021 -0.01224727  0.00330334 -0.00947317  0.01224188  0.01446415
  0.0009945   0.00767418 -0.00223508 -0.01285962  0.00487023  0.01419989
  0.00147074 -0.00786707 -0.0034214 ]
[ 0.00906785  0.0095147   0.00133276 -0.00041668 -0.00685542  0.00820654
 -0.0025594  -0.00074698 -0.00047299  0.01004798  0.01655982  0.01574676
  0.00955914 -0.01040728  0.0128296   0.00424136 -0.02286185  0.00268402
 -0.01392205 -0.00099495  0.01503693]
[ 0.0046754   0.00446115 -0.0013368  -0.00690413  0.00846433 -0.00202848
  0.00227438 -0.00068578 -0.00873452  0.00986368 -0.00175951 -0.0027218
  0.00216999 -0.01267247 -0.00527574 -0.00994712  0.00288129 -0.00392567
  0.00537857 -0.00145132 -0.00433772]
[ 0.01093264 -0.00738064  0.0070132   0.0110151   0.00688084 -0.00259287
  0.01338116 -0.02004836 -0.0170875   0.0010497   0.00396989 -0.02058816
  0.00991439  0.00788605  0.01778894  0.00648352  0.0037484  -0.00593002
  0.00499479  0.00435535  0.00143303]
[ 0.00616079 -0.00717608 -0.00058595  0.00477391 -0.01057423  0.00509832
 -0.00609857  0.00947974 -0.00526641 -0.00897022 -0.0153068   0.01207349
  0.00431733  0.00454611 -0.00353626  0.00116249  0.00652494 -0.00905411
  0.00231876 -0.00218528 -0.00258729]
[  8.96087230e-03  -1.16638452e-02  -5.62934711e-03  -4.56409345e-03
  -7.21125721e-04  -7.77281592e-03  -2.08059680e-03   5.16169201e-03
  -8.73868475e-03  -2.11067922e-02   1.10830940e-02   1.70168413e-02
   4.50356939e-05   4.41633513e-03  -2.45415410e-03   1.57818473e-02
   1.74242986e-02   1.13380696e-02   7.93100015e-03  -5.83215552e-03
  -1.80373905e-02]
[ 0.00990248  0.01579065  0.00677912  0.00993573 -0.00633587 -0.00906369
  0.00933877  0.00632695 -0.00150369 -0.00156196 -0.00439104  0.00052556
 -0.00229196  0.01179152  0.00299839  0.00610689  0.00731255 -0.00444197
 -0.01672467 -0.01700245 -0.0230026 ]
[ 0.01518086  0.00185363  0.00330065 -0.00243291 -0.01552029 -0.02016824
  0.0192462   0.0161829   0.01021061 -0.01156141  0.0191226  -0.01208022
 -0.01017027 -0.00416187 -0.00473853  0.00397306  0.00990797  0.00049454
  0.001654    0.01931685 -0.00060105]
[ 0.01084021  0.01001032  0.00469244  0.00235769 -0.00384027 -0.01537141
 -0.00138689  0.00595076  0.01186536 -0.01687664  0.00321824  0.00804678
  0.00514187 -0.00531917  0.00255847 -0.01644586 -0.01970177 -0.01150769
  0.01312955  0.00676831  0.0014634 ]
[ 0.0074332   0.00783104 -0.00052049  0.00887113 -0.01356682  0.00358018
  0.00018243 -0.00308873 -0.00725811  0.00302276 -0.00716365  0.00151335
 -0.01082503 -0.01486582 -0.01543166 -0.00166118 -0.00055339  0.00701481
  0.00829988  0.00224131  0.003401  ]
[ 0.01143697  0.00721408  0.00054644  0.00083228 -0.00492331  0.01331301
 -0.01758124 -0.00333486  0.00711852  0.01686879  0.01771911  0.00407541
 -0.00305691  0.00815271  0.02623528 -0.00056965 -0.00905651  0.00308675
 -0.02140466  0.00811996  0.00428405]
[  8.18379648e-03  -1.33000138e-02  -3.26133392e-03   7.97844672e-03
  -8.41064329e-03   9.39099956e-03  -8.77432993e-03   8.03027846e-03
  -1.19989541e-02  -4.47033873e-03  -8.13501657e-03   1.42463138e-02
   2.18856091e-03   1.12925684e-02  -1.44119073e-02   1.23053515e-02
   7.17564730e-03  -5.19489303e-03   1.78200502e-02  -4.00854451e-06
   5.77342083e-03]
[ 0.01142733  0.00741688  0.00192816  0.00248643  0.00646811 -0.00931185
 -0.01670817  0.0063777   0.00052675  0.00478848 -0.00237121 -0.01174387
 -0.00054041 -0.0123132  -0.00639048 -0.01527517  0.01823442 -0.01485855
  0.00631038  0.00108908  0.00294865]
[  1.17832316e-03  -1.48548390e-03   2.04768996e-04  -1.99262972e-03
   2.49828183e-03   7.09270716e-04   3.51641990e-04  -2.44272031e-03
  -5.76050831e-03  -1.28728459e-03  -1.24783928e-03   2.10184123e-03
   2.93949999e-03  -7.38209634e-04  -2.31556274e-03   9.27836650e-05
  -2.03288448e-04   2.72094823e-03  -1.79076467e-03   2.95152370e-04
  -4.12839589e-04]
[  7.31004988e-03  -3.72465808e-03   3.36988412e-04  -2.77345694e-03
  -9.39027584e-04  -1.55279530e-02   1.96045381e-03   6.99443458e-03
   5.60668277e-03  -5.20517961e-03   1.33059224e-02   1.50228064e-02
  -6.07095516e-05  -6.54672143e-03  -7.18656123e-05  -6.89234849e-04
   1.13132111e-02  -8.18137523e-03   8.84140014e-03   8.80093265e-03
   7.46336632e-03]
[ 0.00493507 -0.00604318 -0.00305112 -0.00238539  0.00174054 -0.00134708
  0.00797954  0.0042092   0.00776056  0.0077272   0.00070598 -0.00279119
 -0.00876294  0.00986199 -0.01024283  0.00290208 -0.00013217 -0.00069991
 -0.00221023 -0.00660936  0.00949411]
[ 0.0070751   0.00587375  0.0005387   0.00906627  0.0123636  -0.00428295
 -0.00705181  0.01038415  0.000771    0.00760828  0.00093802  0.00048996
  0.0077631   0.00887333 -0.00629911  0.01710189 -0.0096734   0.00674508
  0.01115798 -0.00316603  0.00467169]
[ 0.00614244 -0.00470362 -0.00432026 -0.00541972 -0.01362646 -0.00375804
 -0.0003888  -0.00403138  0.00703335 -0.00030831 -0.00274775 -0.00822764
  0.0021866  -0.01160985  0.00831563  0.01225882  0.00730856  0.01242606
  0.00118338 -0.00152448 -0.01024701]
[ 0.00867339 -0.00050336  0.00037601  0.00091124  0.00221959 -0.0012697
  0.00575115 -0.02578603  0.01556477  0.00423998 -0.01494649 -0.00513457
  0.0118603  -0.00471264  0.0095192   0.01630319  0.00445367  0.00655435
  0.01302514 -0.00229716  0.00315941]
[ 0.01230676  0.00849132  0.01632408 -0.00865084  0.00954312 -0.00463751
  0.00212341  0.00392405 -0.00753312  0.01444717 -0.00652184 -0.01101803
  0.00775039  0.00211262  0.00391762 -0.00125198 -0.00870721  0.0074496
  0.0249644   0.01047652 -0.02071784]
[ 0.00899837 -0.00380103 -0.00377141  0.00876502  0.00056693  0.02293044
  0.00756581  0.00894374  0.00447326 -0.00824238  0.01148657  0.00312854
  0.00820029 -0.00258146  0.00861165 -0.01336381  0.003655   -0.00552585
 -0.00483147 -0.01281512 -0.0021044 ]
[ 0.00876572 -0.00262053  0.00191836 -0.01065213 -0.00043617 -0.00836324
  0.01537088  0.01149621  0.01040292 -0.00014901  0.00410257 -0.00338039
 -0.01613563  0.00309845 -0.00675605  0.01232078  0.00610305  0.00364144
 -0.00675349  0.01093215  0.01377478]
[ 0.01065971  0.00028045 -0.00982119 -0.01264448 -0.0069885   0.00097683
 -0.00648112  0.00448026 -0.00063939  0.00844923 -0.00209303 -0.00453256
  0.00283607  0.01130287  0.00428443 -0.01325491 -0.01386013  0.00153691
  0.01755748 -0.00311999 -0.01447866]
[ 0.01417626 -0.00596822 -0.0156706  -0.0172453  -0.01047365  0.00245053
 -0.00329135  0.00224106  0.00032015 -0.00190587 -0.0035412  -0.00762665
 -0.01035411  0.01739132  0.00659691 -0.00827455 -0.00079281  0.0174598
  0.00319355  0.00093143 -0.00134876]
[ 0.01342595 -0.02330245  0.00438635  0.01665991  0.01952127 -0.00884014
  0.01575167 -0.02460137  0.01192828 -0.00178224  0.00095315  0.00875349
  0.00392024  0.00126221 -0.0060495  -0.02260932 -0.01403635  0.01162729
 -0.0083749  -0.00339896 -0.00044394]
[ 0.00364669 -0.00854987 -0.00177669  0.01124272  0.00875299 -0.00288382
 -0.00665269  0.00441365  0.00244595  0.01185032 -0.0056268   0.00747647
 -0.00650868 -0.006846    0.00625983 -0.00404244  0.00560544 -0.00053742
 -0.0116678   0.00644508 -0.00624882]
[ 0.00970662 -0.00679815 -0.00803292 -0.02498888 -0.00647812 -0.01108091
  0.01403538  0.00036581  0.00097271  0.00976026  0.00307628  0.01061769
  0.00943081  0.0005864   0.01391768  0.0103206   0.00267109  0.00355061
  0.00441273  0.00487244  0.00013974]
[ 0.01094944  0.01879756 -0.00746229 -0.01317846  0.01957695  0.01084163
 -0.01164119 -0.00730161  0.00577149 -0.01884016 -0.01111168  0.00218365
 -0.00074819 -0.00171903 -0.00157911  0.00639824 -0.0020312  -0.01298591
  0.00143753 -0.00141055  0.00512282]
[  1.14347383e-02   1.72473470e-02   1.12220413e-02  -5.28580433e-04
   2.02133808e-03   1.05690691e-02   9.81965988e-05  -7.00931590e-03
   1.04645348e-03  -7.03456471e-03  -1.75682997e-02  -1.49819508e-03
   3.62202515e-04  -2.17689491e-03   4.29820788e-03   4.71982222e-03
   1.26439187e-02  -1.74386122e-03  -9.55834876e-04  -5.26352228e-03
   2.21046860e-02]
[ 0.00771022 -0.00393942 -0.00192968  0.00876933  0.01122913  0.00612695
  0.01841287 -0.00919724 -0.00081539  0.01102098 -0.00234012 -0.00322459
  0.00068814 -0.0101976  -0.00161093 -0.00476255 -0.00210931 -0.01150989
  0.00239215 -0.00496606 -0.01149741]
[ 0.00847511 -0.00691781 -0.00237567  0.00251473 -0.0035834   0.01256614
  0.00493848  0.0018749  -0.0124864  -0.01133653  0.00257763  0.0062664
 -0.0047673  -0.00769011 -0.01108537  0.0195751  -0.00068964  0.00299883
 -0.00079711  0.00425634 -0.00103914]
[  9.86250877e-03   9.26788546e-03  -2.90189696e-03  -8.01252735e-04
  -3.20635898e-03   8.91218066e-03   1.29919030e-02  -1.12181371e-03
   8.57435167e-05   5.08527618e-03  -1.24547989e-02   3.70359759e-03
   2.89940101e-03   8.84387306e-03   9.96633200e-03  -1.41169226e-02
   1.20794307e-02   4.11106962e-03  -7.46790594e-03   2.91317202e-02
   1.13781814e-02]

Right eigenvectors

[ 1.         -1.42914931  0.86711892  0.56809767 -0.23458433 -1.2672725
 -0.54268076 -1.81424899 -1.97963064 -1.41679899  1.67268454 -1.9239606
  0.63512567  0.00938594  0.66961083 -0.11393174 -1.453776   -2.62370858
  1.08215707  2.15360003  0.29405847]
[ 1.          0.61169414  0.32916601 -0.35634499  0.56051995 -0.06370034
 -0.73674278  0.60398406  0.80451909 -2.03452817 -0.46148035  0.43972481
 -0.15730196  0.04365769  0.38676185 -0.22326859  0.78837564 -1.23417639
  0.38252846 -0.69567908  0.20687754]
[ 1.         -0.39690151 -0.07797063 -0.2969795  -0.00633821 -0.33761407
  0.61277032 -1.26217145  1.22116326  0.93516084 -0.63178869 -0.82878876
  0.54015265  0.76926425 -0.54442702  0.43903087 -0.76878093 -1.42426863
  0.52751681 -0.69046134 -0.69610454]
[ 1.          0.98685889 -0.58908965  1.22920105  1.02227496  3.4948565
  1.13140613  0.25498212  1.11520669 -0.24798728  2.85351118  1.16269691
  1.13359128 -2.45269224 -0.45813556  1.12294946 -0.28688406 -1.35929203
  0.78023642 -0.31627212 -0.70953568]
[ 1.          0.09399668 -0.9465323  -3.62835909  0.83979224 -1.74939797
  2.63591101  0.83040662 -0.91485498  1.40199036  0.58674294  2.88245713
  0.19243677 -1.04648347  1.26580653  0.7008222   1.12829347 -1.11411965
 -0.29595754  1.18736897  0.84621229]
[ 1.         -0.1906657   0.43882705  0.23603602 -1.26340832 -1.17253127
 -0.82468734 -0.71043588 -0.48834932 -0.43023253  0.11939956 -1.00494979
 -0.14958877 -0.60989593 -0.50764166  0.07864787 -1.00815535 -2.66882346
 -0.22101472  1.50283269 -0.40337957]
[ 1.          2.08697244  1.17686534  1.60607895 -1.25343212 -0.6120074
  1.00541282  0.96860051 -0.62724015  0.22979637 -0.19608982  1.03889972
  0.68524989  1.15024605  0.08653395  0.29090213  0.79663942  0.65623809
 -1.25927122 -0.98809192 -0.64123743]
[ 1.         -0.55402894 -0.78647146 -0.93750357 -0.7281095   0.1344344
 -0.32058943  0.64941419  0.52330938  1.51962766 -0.0281116  -0.98633587
  1.14190559  1.05654364 -1.70678358 -1.33931373  0.02985357 -0.43476371
  0.01415902 -1.75523889 -0.86228992]
[ 1.         -0.75407366 -0.57308062  0.8304603  -0.17351541  0.23272509
 -1.09738271  0.38839967 -1.23721815  0.85477218  0.78525488 -1.11006628
 -0.52916181  0.69960859  1.76960986 -1.02518512  0.27923366 -0.64678745
  2.70966781 -0.92085779  1.96683503]
[ 1.          1.02152122 -1.35664928 -3.91605449  1.73245279 -0.85822613
  1.14673593  0.37508643 -2.2285625   1.38041294  0.12455996  2.78148824
  0.74317037 -2.02832735  1.12471635 -0.23098729 -0.6850735  -0.78207191
  0.30283622 -0.23197718 -0.1032557 ]
[ 1.         -0.80408083 -0.0871588  -0.02792292  1.5095757  -0.28938244
 -0.94042012  0.76185328 -1.78146942  0.4458502  -0.14362446 -1.28727718
  0.43622825  0.27029415  1.38770136  0.63593013 -0.97770829  0.42556689
 -0.58439161 -0.13270002 -1.17070219]
[ 1.         -1.0322698  -0.34704853  0.03728548  0.09540554  0.37935937
 -0.21542362  0.33203444  0.18675589  0.15315542  0.22554443  0.07645019
 -1.14728906  0.93314373  0.08231759 -0.34705398  0.30206943  0.49175831
  0.35671568 -0.96465969  0.47900242]
[ 1.          0.17175602 -0.37297007  1.17184226 -2.07166914 -0.29024611
  0.30463731  0.20248837 -0.73006968 -0.52636714 -0.30435122  1.15258789
 -1.88552722 -3.05428238 -0.52437342 -0.38473644 -5.32407484  1.4603913
  0.17886199  0.59280303  1.20150404]
[  1.00000000e+00   8.07366289e-01  -5.23231174e-01  -9.32127988e-01
   6.28170137e-05   6.05946050e-02  -6.22833990e-01  -5.94124369e-01
  -1.08525364e+00   5.82374816e-01   1.66942872e-01  -5.04550547e-01
  -1.33333539e+00  -2.15420972e-01  -1.57302793e+00  -4.24306378e-01
   8.12237723e-01   1.05533356e+00  -6.21244210e-01  -7.11764731e-01
   9.30514574e-01]
[ 1.         -0.41005325 -1.32699094 -0.39753689  0.28977218  2.71757156
 -0.16447864 -0.77775889  1.49811918 -0.20874005 -0.38611171  0.26072155
 -0.4945168   1.48453563 -0.93615699  0.43582277 -0.20372177  0.19805287
  0.82986951  2.24505384 -0.97415186]
[ 1.          0.27857635  0.08395357  1.36824906  0.76803129  0.4718865
  3.27868212 -1.55945256 -2.76617269 -0.45472496  0.99546292 -3.55556618
 -1.40604583  1.58713615  3.39912018  0.06831638  2.232701   -0.92060836
 -0.25992881 -0.21853233 -0.51887603]
[ 1.          1.55804607  1.5095636   0.59504717 -0.77206782 -0.61826657
  0.14643083 -0.44156104  0.5547355   0.92512378 -0.38419629  1.16904234
  1.73113263  0.51754429 -0.09859854  0.10532218 -1.06093261  1.35710452
  0.34542142 -0.64212907 -0.00692206]
[ 1.         -0.68593578 -0.8219229  -1.01257657 -1.87974036  0.6300445
 -0.25091957  0.45774376  0.64473821  1.63806304  0.71754796 -0.37204857
  1.6426263   1.41232734  1.73547709 -1.12683758 -0.90562586 -0.01600868
  0.35413382 -1.79221828 -0.06617948]
[ 1.          1.70057462  0.23462739  0.15760562 -1.23678366 -0.65235041
 -0.67720213 -1.77281915 -0.10639509  0.2038889  -0.70229997 -0.14331807
 -0.73600075 -0.34867764 -1.66928739  0.2162229  -0.26554702 -0.55410725
 -0.56130169 -0.92798883 -1.17391204]
[ 1.         -0.49138449 -0.49298762  1.21275052 -0.63949522  1.29976225
 -0.59874925  2.31797551 -0.81842919  0.92724741 -0.0706874   0.40557174
  2.32343964  2.40818791 -1.17501525 -0.36644176  0.18481946 -0.32876596
  3.39540636 -1.56202738  1.86471753]
[ 1.          1.64867979  0.6512892   0.62167567 -0.89398066 -0.4796689
  0.72748361 -0.28969747  0.41045366  0.81213041 -0.70002329  0.16627883
  0.85742879  0.42017663  0.67622395 -0.17944426 -0.45805111  0.48484394
 -0.32970942 -0.24622747 -0.93913639]
[ 1.          0.10583564 -1.49072476 -0.05035691 -0.58015138  4.85903064
 -0.50239888 -0.09497477  2.63365427  0.19824788  2.90843207  0.33219429
  0.65755788 -0.56453972  0.16021515 -0.17784635  0.34472892  0.21620903
  0.04764451  1.77955354 -3.02585741]
[ 1.         -1.17544617 -0.48220436  1.28823462  1.85575191 -0.37879372
  0.19848565  0.73428063  1.33003516  1.56363458 -0.05413298  0.70627369
 -0.68048462 -0.02623337 -1.09118697  1.72233739 -0.06153228  0.05214622
  0.83371283 -0.38859376 -0.07437694]
[ 1.         -0.54062723 -0.74724323  0.93767151  1.43616542 -0.648288
  1.17735318  0.74140489  0.75246197 -0.94805439 -0.38928075 -0.62851667
 -1.75216768 -1.46959442 -1.04465967 -0.87913347 -4.60069916  2.59561551
 -0.87340823 -1.11969891  1.75127071]
[ 1.         -0.64108433 -0.86788686 -0.53393912  1.40546351  0.14577343
 -0.2761198   1.14876009 -0.80211983 -1.40177053 -0.13980125 -2.0662646
  1.03230321 -0.58564594 -0.29451934 -1.22978286 -0.66090561  0.99299861
 -0.33498055  0.12538041 -0.29886625]
[ 1.          0.79610978 -0.00358853  0.44078032  1.34063392 -0.52546932
 -1.47374381  1.24517061  0.04479253  0.53474661  0.1659808  -0.4584918
  0.19506495  0.50673998 -0.02968616  1.19620331 -0.65894805  0.38523684
 -0.31439662  0.42572244 -0.18681947]
[ 1.          0.30117395 -0.85967429 -1.83015449  1.18701412  0.12621742
 -0.06891496 -0.08000017 -2.15840083 -0.23916169 -0.19998005  0.60514575
  0.14246163 -0.52329453 -0.67636926 -0.36557291  0.23253771  0.59009925
 -0.25276443 -0.42646789 -0.71032393]
[ 1.          1.04747567 -0.0988544   0.01074067 -0.22594558 -0.53712925
 -1.25587532 -0.52422853  0.88342934 -1.15114156 -1.66973556  1.0104918
 -0.66513354  0.11011849  1.33405614 -0.66678927  0.01538731 -0.46561235
 -0.0906421  -1.59923651 -0.78398389]
[ 1.         -1.17040493  2.17523971 -0.10577725  0.53529996 -1.53702048
 -0.26098796 -0.31879187  0.76887517 -1.55843514  1.67063363  0.8569412
 -0.15165642 -0.22803991 -0.51808488 -2.078517    0.43924336 -1.99688295
  0.58763181  0.96808193 -0.39734189]
[ 1.         -2.13765642  8.9049213  -3.1310341   0.7707078   2.7746658
 -0.98902493  0.8507676   0.49443232  0.34439055  0.22262177  0.01510856
 -2.32023485 -0.90875686  0.26802262 -0.83739762 -0.06635145  1.33660577
  1.41294617  0.13877596 -0.81012486]
[ 1.         -1.04112708  0.36107306  0.55295698  1.23573823 -1.34356518
 -1.10165598 -1.64860695 -0.78959178 -2.11686383  1.4854328   0.14234341
  2.1727875   0.49242351  0.78137609  1.71064856  1.26840956  2.14349622
  0.13440779  0.53581063  0.16098616]
[ 1.          0.41028932 -0.22168279  0.79269534 -0.16597891  0.09924774
  0.85831604 -0.5171969  -0.60328354  0.25647989  0.96576982 -1.14491517
 -1.45893527 -0.21763987  0.08819864  0.4918392   0.33441975  0.26669403
  0.43003684 -0.98100209  0.44524005]
[ 1.          0.27718778 -0.37890955  0.86988341  0.97014705  1.25120102
  2.5698338  -0.298567   -1.61914524 -0.41830269 -0.19525071 -1.59543813
  0.10330399  0.9627331   1.5126735  -1.47558765  1.73092474  0.01118713
 -0.63519807  1.21643363 -0.15798319]
[ 1.          1.05714088  0.33062804 -0.02072245 -0.4249463  -0.09180426
 -0.17181119 -0.61409928 -0.09161833  1.02188325 -0.05387911  0.11481107
  0.27039001 -0.84989732 -1.2409082  -0.6882863   0.87686325 -0.30680894
 -0.26121383  0.03684715  0.71491073]
[ 1.          1.31224339 -0.86078059 -1.22773811  1.69367922  1.26527258
 -0.74228519 -0.77076627  1.53108276 -1.85537572 -1.69540457 -0.12641239
 -1.47187826  1.64712081 -0.26426112  0.60145484 -0.61873649 -1.05950601
 -0.00882716  0.79092589  0.73897623]
[ 1.         -0.96729782 -0.39771784 -0.57069034 -1.23905395  0.22015268
 -0.18264738 -0.0608359  -0.47355237  0.45789492 -0.33034308  0.58368401
  0.80014155  0.75251486 -0.27882867 -0.25885989 -0.64932568 -0.1589663
 -0.08900144  0.24225952  1.03131527]
[ 1.         -1.24233129 -0.34395039  0.55304265 -0.28999061 -0.57979573
 -0.0246913  -2.49645238  2.36867609 -0.08299428 -3.20375939  0.03201397
  0.94871515 -2.85702909  2.25901901  2.76819505  1.3699399   2.23378908
  1.5538246  -0.8208499  -0.11475359]
[ 1.         -0.89510428 -0.58830377 -1.03932845 -1.78595323  0.14735775
 -0.41886977  0.81473513  0.81737289 -0.18655733  0.61244622 -0.68214042
  0.63098697 -0.3030842   0.80790478  0.11550546  0.29518581  1.08275517
 -0.5373334  -1.02190537 -0.26979716]
[ 1.          0.31956322  0.57521159  0.36286931  0.18747059 -1.6364922
  2.30502627  1.31899777  1.81520317 -0.17289476  0.08095895 -0.14385648
 -0.50772558  0.78650441 -0.73918409 -0.35426269 -0.71601125  1.12752928
  0.99921545  2.81309004  0.07851937]
[ 1.          1.70621412  0.79464066  1.3899475  -0.5185988  -0.03005743
  1.10178298  1.69327761 -0.11836315 -0.07040475 -1.04252849  0.30756237
  1.81468198  0.54219791 -0.67994773 -0.51871667  0.78055171  0.89177899
  0.57759727  1.45403325  0.05328313]
[ 1.         -1.54931577  0.04648679  0.96122749 -0.30182909  0.49371311
  0.1564146   0.96386341 -1.06293942 -0.49505071 -0.83147103  1.18640424
  0.10339475  0.74908724 -0.23211092 -0.98751023  1.20794333 -0.98107698
 -1.93625995 -0.09936346 -2.34774737]
[ 1.         -1.30113722 -0.57785667 -0.3433524  -0.66887108 -1.04968932
 -0.80816619  0.53732278  1.8148722  -0.95097674 -0.56694292 -0.82821838
  0.78828712 -2.27448974  1.12939767  0.36033607  1.87612629  1.24328937
 -0.33182296  0.03792196  1.17227462]
[  1.          -1.41243375  10.43208624  -4.11437595   1.84038466
   2.94034218  -1.03333265   1.5502514   -0.1589635    2.12238321
  -0.43408472  -1.28527572  -2.48244051  -1.16011432   0.94612876
  -1.57152539  -1.3646075    3.47970432   6.44823797   1.90381221
  -4.94724651]
[ 1.         -1.18449261 -0.60990784  1.45756049 -0.75694998  0.63526461
  0.2129176  -0.13353435 -0.40859669 -0.10396568 -2.28869027  1.14934684
 -1.50677172 -2.18664806  1.13579817 -1.03280768 -0.62678462 -0.08205214
  0.21180892  0.47126841 -0.14916158]
[ 1.          0.87090194 -0.01496849  0.19578774  1.64636765  0.30844863
 -0.64252789 -0.31715763 -0.3662158  -1.12637522  0.28791071 -0.93203303
  1.24319278 -0.12022589  0.08837827  0.9262438   0.02768449  0.23544295
  0.59263056 -0.0354483   0.50941824]
[ 1.         -1.49500065 -0.75356517  0.21143567  0.36408167  1.08415661
  0.74997659 -0.01969639 -0.76204937 -0.25519807 -1.85266652  0.56844348
 -0.817701    0.00751164 -0.23598486 -0.5995727  -0.79846558 -0.32036057
 -0.88351691  0.93315022 -1.35433713]
[ 1.          0.88200164 -0.30984628 -0.56850869 -0.0461468  -0.14156021
 -1.32578603 -1.25393813  1.62333858 -0.50669941 -0.53190672 -0.32670673
  0.06436575  0.25283903  0.48011585 -0.11753384  0.19518347 -0.69629127
 -0.57655321  1.34404893  0.11799862]
[ 1.          0.54457824  0.1187108  -0.09646266 -0.11572876 -0.31349753
  0.5703292   0.27292795 -0.35732651 -0.5797355   0.26611318 -0.28296495
 -1.4175261   0.56125537  1.00318917  0.43493363  0.15717595 -0.74965512
 -0.52758398 -0.81114838 -0.92328606]
[ 1.         -0.35422031 -0.13457855  0.16532731 -1.82001647 -0.93258638
  0.17254682 -0.62486661 -0.73981756 -1.12639421  1.02068807 -0.87748659
 -1.48752485 -0.81957197 -0.14367601  1.86176256 -1.30789868 -0.31773815
  0.14490266  0.1796388  -1.50893236]
[ 1.         -0.22567942  0.01623566  1.14831765  0.05045464 -1.12866061
 -1.82217294 -0.03448353 -0.73150333  0.672159    0.8973792   0.7599522
 -0.48660766  1.07419757  0.09239456  0.27619067  0.69561251 -0.33721312
  0.30026684  0.75890917  0.38292555]
[ 1.          0.32360936  1.39700302  0.18486232 -0.52399907  1.84862536
  0.55613051 -0.55781019 -1.29314285 -0.32772462 -0.059031    0.63375184
  0.75877505 -0.10608674  0.41240494  0.98684625  0.43843533  0.46394602
 -1.99133622 -1.25419714  3.03683395]
[ 1.         -1.66215774  1.09968428  0.33150403  0.57237326  0.37319785
  0.31835386 -1.5355143  -1.44783275 -0.55370287 -0.56333117  0.61728535
  1.60728997  0.14935762 -0.53657314  0.44128422 -0.35114416  0.70240228
 -0.56964978  0.59298725  0.57953861]
[ 1.         -2.57515407  0.9960358   2.55957794  2.98883429 -3.01020266
  0.65354477 -5.75721748  2.18757626 -2.62902915  3.26734322  4.94722108
  0.76031446  2.37523911 -1.49453709 -7.17072524 -0.554206    6.42883913
 -0.84201742 -3.31937146 -1.31380394]
[ 1.         -1.89767853 -1.20696687  2.46389222 -1.11575536  1.07072199
 -1.10030998  0.32967363 -2.20240939  1.03345412 -2.17304937  0.09637014
 -3.00865114 -2.3954952   4.67586019 -3.44494795 -0.63157675 -1.294192
  5.41821128 -0.83262998  3.55612009]
[ 1.         -0.32693868 -0.17020664  1.86362521  2.37693094 -0.82638249
 -3.8645444   1.7755148  -0.40468693  3.25697084  0.60042798  0.57029296
 -0.88215368  0.66833872  2.92435412  1.16319182 -0.45393297  0.55941019
 -3.76720291  2.59843712 -1.52458667]
[ 1.         -1.10057269 -0.01184481 -0.34385993 -1.4193257  -0.96280658
 -0.4308238  -0.39178934  1.20353009  0.06360092 -0.39322148 -0.84892742
  1.64356921 -0.59396993 -1.09253819 -1.07878398 -0.96849307 -1.71737511
 -0.78607863 -0.34409498  0.21891257]
[ 1.         -1.56184313  0.78186403 -0.10436189 -0.94821597  0.27370712
 -0.63992349  0.50616842 -0.77907479 -0.46280101 -0.82973877 -0.63733573
  0.81828406 -0.04597142 -0.79934073  1.14531314 -0.51190713 -1.79854607
 -1.73174536  0.33750613 -0.21199203]
[ 1.         -1.23769506 -0.54135187  1.7980487   1.40822848 -1.18893925
 -2.17874024  1.23548717  1.14250745  2.86487198 -0.77937644 -0.04451982
 -0.96077546 -2.85680658  0.88528984 -1.16888399  3.60200876 -0.6720406
  0.15656121  0.41595028  1.51718423]
[ 1.         -0.30543122 -0.90637379 -0.69981416  0.6081552   0.35864513
  1.48171163  0.23573483  1.19126128 -0.85514988 -0.86115712 -0.12328049
 -1.7912621   2.03657031  0.17993439 -0.88210211 -0.87059623  0.83285088
 -0.41197088  1.40256732  1.12270512]
[ 1.         -1.12514478  0.41595926 -0.42974136  0.82488607 -0.64559604
  1.41409182 -0.18252812  1.29244114  1.42670004 -0.04814067 -0.25627326
  0.24538078  0.27171214 -1.62212626  0.43719325  0.07325533 -1.78328312
 -1.24822061 -1.70392156  0.06129333]
[ 1.          0.94240052 -0.51738067 -0.34817311 -0.32912705  0.2493551
 -1.76551017 -2.39370818 -0.54171326  0.81084161  1.51073359 -0.22161287
 -0.9385607   0.30460492 -2.04624783 -0.70618219  1.4065707   1.20557892
 -0.83692543  0.7573254   0.42279266]
[ 1.          1.28657988 -0.51917182 -0.84441659  1.51247222 -0.70364839
 -0.61522302  0.41694709 -0.67990295 -0.81085234 -0.86513167  0.61526184
 -0.86485819 -0.1056593   0.49903638  0.05018042 -1.70970915  0.24168909
  0.02939747 -1.83390313 -0.40614102]
[ 1.         -0.43255214  0.31459297 -0.02470063 -0.22810378 -0.78726849
 -0.99551012 -1.54925939 -0.40517594 -0.15143782  1.28698324 -0.07529536
  0.78422718  0.58670747  0.12296017  0.77419756 -1.08372956 -0.84738111
 -0.64074469  1.51645074  0.49974521]
[ 1.         -0.79338939  4.09164263 -1.57424089 -0.31282769  1.62356032
 -0.44013484  0.69392015  0.60906504  0.21581306 -0.0638294  -0.03395659
 -1.17694441 -0.15871498  0.18369755  0.54906832  0.37485467  0.01578175
 -1.37329255 -1.03830774  1.15886064]
[ 1.          0.55452698 -1.0994618  -0.95717329 -1.32600094  0.92141731
 -1.24996967 -0.62630369  0.89191479  0.69911789  1.00658465 -1.11756755
 -0.13166443 -1.16215445 -1.57598523 -1.0722589   1.53491334  0.96661497
  0.69668868  1.24426641 -2.64377349]
[ 1.         -0.57869383 -0.40442458  0.07565966  1.0181208  -0.26992221
 -0.14515429  2.74243932  0.56955887 -1.89779147  0.05003324 -3.34996526
  2.19521494 -1.97667141 -0.95963755 -1.16960614 -0.505072    1.3620139
 -2.07863747 -0.54051938  0.85176086]
[ 1.          0.88710685  0.09824434  0.74215706 -0.07919923 -0.1809979
  0.61813424  0.72661851  0.61434406 -1.10364523  2.20147026  0.91740454
 -0.54015573 -0.21595272  0.89557033 -0.71969855 -0.14621604 -0.88496122
  0.70750387 -0.7926821   0.77794205]
[ 1.          0.5988486  -0.17328429  1.07828951 -1.29809822 -0.31480485
  0.1366334   0.74412432 -1.20481568  0.08674127 -0.11827384  0.05593127
 -1.46237944 -0.45615643 -0.70379657  0.52997869 -0.92832471  1.35613484
  0.10407634  0.46267067 -0.7832709 ]
[ 1.         -0.75405328  0.70722487  1.12647958  0.98657391 -1.99682768
 -0.98173424 -2.63085457  0.70959634 -2.03494539  2.62969616  3.10706684
  0.21362902  1.64850177 -0.48012038 -2.76239575  1.04618058  3.05030033
  0.31593205 -1.68993846 -0.73495687]
[ 1.          1.04927824  0.14697588 -0.04595185 -0.75601364  0.90501497
 -0.28224954 -0.08237669 -0.05216141  1.10808833  1.82621216  1.73654871
  1.05417923 -1.14771213  1.41484521  0.46773611 -2.52119828  0.29599342
 -1.53532047 -0.10972274  1.65826828]
[ 1.          0.95417598 -0.28592333 -1.47669429  1.81039958 -0.43386376
  0.48645728 -0.14667747 -1.86818751  2.10969843 -0.37633345 -0.58215386
  0.46412875 -2.71045918 -1.12840505 -2.12754565  0.61626748 -0.83964466
  1.15039908 -0.31041651 -0.92777561]
[ 1.         -0.67510125  0.64149189  1.00754284  0.62938552 -0.23716776
  1.22396437 -1.83380822 -1.56298099  0.09601529  0.36312247 -1.8831835
  0.90686168  0.72133107  1.62714133  0.59304281  0.34286346 -0.54241426
  0.45686923  0.39838102  0.1310778 ]
[ 1.         -1.16479774 -0.09510925  0.77488566 -1.716375    0.82754261
 -0.98990054  1.5387216  -0.85482665 -1.45601707 -2.48455154  1.95973076
  0.70077462  0.73791013 -0.57399485  0.18869096  1.05910778 -1.46963386
  0.37637354 -0.35470755 -0.4199612 ]
[ 1.         -1.30164172 -0.62821419 -0.50933584 -0.08047495 -0.86741733
 -0.23218686  0.57602562 -0.9752047  -2.35543946  1.23683204  1.89901616
  0.00502582  0.49284656 -0.27387446  1.76119542  1.94448688  1.26528638
  0.8850701  -0.65084685 -2.01290565]
[ 1.          1.59461625  0.68458813  1.00335785 -0.63982616 -0.91529464
  0.94307353  0.63892578 -0.15184979 -0.15773421 -0.44342864  0.05307343
 -0.23145364  1.1907643   0.3027918   0.61670346  0.73845687 -0.44857197
 -1.6889379  -1.71698925 -2.32291287]
[ 1.          0.12210319  0.21742185 -0.16026169 -1.02235849 -1.32853018
  1.26779343  1.06600621  0.67259742 -0.76157788  1.25965185 -0.79575307
 -0.66994005 -0.2741523  -0.31213859  0.26171477  0.65266147  0.03257664
  0.10895303  1.27244721 -0.03959274]
[ 1.          0.92344309  0.43287398  0.21749521 -0.35426192 -1.41799927
 -0.12793902  0.54895278  1.0945693  -1.55685546  0.29687984  0.74230858
  0.47433284 -0.4906892   0.23601655 -1.51711668 -1.8174719  -1.06157428
  1.2111896   0.62437127  0.13499709]
[ 1.          1.05352167 -0.07002166  1.19344699 -1.82516492  0.48164741
  0.02454207 -0.41553212 -0.97644406  0.40665628 -0.96373713  0.20359351
 -1.45630735 -1.99992205 -2.07604447 -0.22348081 -0.07444878  0.94371373
  1.11659513  0.30152696  0.45754196]
[ 1.          0.63076835  0.0477787   0.07277092 -0.43047358  1.16403297
 -1.53722966 -0.29158591  0.62241357  1.47493528  1.54928404  0.35633647
 -0.26728327  0.71283882  2.29390224 -0.04980818 -0.79186328  0.26989271
 -1.87153308  0.70997488  0.37457917]
[  1.00000000e+00  -1.62516429e+00  -3.98511123e-01   9.74907763e-01
  -1.02771902e+00   1.14751138e+00  -1.07215886e+00   9.81241222e-01
  -1.46618432e+00  -5.46242656e-01  -9.94039451e-01   1.74079522e+00
   2.67426116e-01   1.37986916e+00  -1.76102953e+00   1.50362385e+00
   8.76811552e-01  -6.34777886e-01   2.17747964e+00  -4.89814784e-04
   7.05469746e-01]
[ 1.          0.64904745  0.16873238  0.21758608  0.56602116 -0.81487548
 -1.46212438  0.55810935  0.04609577  0.41903768 -0.20750334 -1.02770004
 -0.04729103 -1.07752255 -0.55922786 -1.33672324  1.59568579 -1.30026436
  0.55221837  0.09530518  0.25803535]
[ 1.         -1.26067614  0.17378    -1.69107235  2.1202009   0.60193225
  0.29842576 -2.07304786 -4.88873383 -1.0924716  -1.0589958   1.78375619
  2.4946467  -0.62649166 -1.96513386  0.07874212 -0.17252351  2.30916978
 -1.51975682  0.25048508 -0.35036194]
[ 1.         -0.50952567  0.04609933 -0.37940329 -0.12845707 -2.12419248
  0.26818611  0.95682447  0.76698283 -0.71205802  1.8202232   2.05508945
 -0.00830494 -0.89557822 -0.00983107 -0.09428593  1.54762434 -1.11919554
  1.20948561  1.20394974  1.02097338]
[ 1.         -1.22453819 -0.61825312 -0.48335549  0.35268789 -0.27296034
  1.61690454  0.8529146   1.57253176  1.56577235  0.14305414 -0.56558248
 -1.77564593  1.99834793 -2.07551743  0.58805316 -0.02678209 -0.14182452
 -0.44786079 -1.33926254  1.92380309]
[ 1.          0.83020056  0.07614061  1.28143243  1.74747951 -0.60535497
 -0.99670771  1.46770231  0.1089737   1.07535999  0.13258081  0.06925146
  1.09724185  1.25416256 -0.89032107  2.41719295 -1.36724514  0.95335494
  1.57707676 -0.44748849  0.66030012]
[ 1.         -0.76575744 -0.70334689 -0.88234076 -2.21841285 -0.61181562
 -0.06329766 -0.65631604  1.14504222 -0.05019266 -0.44733909 -1.33947504
  0.35598255 -1.89010476  1.35379895  1.99575893  1.1898467   2.0229853
  0.19265678 -0.24818745 -1.66823217]
[ 1.         -0.05803484  0.04335207  0.1050616   0.25590783 -0.14639064
  0.66307952 -2.97300314  1.79454209  0.4888491  -1.72325783 -0.59199073
  1.36743531 -0.54334409  1.09751775  1.87967857  0.51348681  0.75568437
  1.50173565 -0.26485179  0.36426441]
[ 1.          0.68997218  1.32643245 -0.70293433  0.77543752 -0.37682626
  0.17253999  0.31885293 -0.61211292  1.17392185 -0.52993947 -0.89528327
  0.62976718  0.17166373  0.31833104 -0.10173116 -0.70751455  0.60532637
  2.02851151  0.85128195 -1.68345225]
[ 1.         -0.42241268 -0.41912136  0.97406721  0.06300388  2.54828679
  0.84079734  0.99392858  0.49711845 -0.91598556  1.27651664  0.34767787
  0.91130847 -0.28688104  0.95702257 -1.48513654  0.40618503 -0.61409456
 -0.53692716 -1.42415898 -0.233865  ]
[ 1.         -0.29895235  0.21884839 -1.21520319 -0.04975832 -0.95408457
  1.7535209   1.31149638  1.18677255 -0.01699954  0.46802403 -0.38563766
 -1.84076476  0.3534733  -0.77073561  1.40556321  0.69624041  0.41541775
 -0.77044283  1.24714747  1.57143656]
[ 1.          0.0263094  -0.9213375  -1.18619304 -0.65559975  0.09163749
 -0.60800126  0.42029819 -0.05998176  0.79263229 -0.19634927 -0.42520459
  0.26605535  1.06033522  0.40192707 -1.24345818 -1.30023505  0.14417943
  1.64708747 -0.29268998 -1.35825978]
[ 1.         -0.42100129 -1.10541176 -1.21649185 -0.73881596  0.17286142
 -0.23217333  0.15808558  0.02258367 -0.13444085 -0.24979769 -0.53798769
 -0.73038379  1.22679181  0.46534927 -0.58369062 -0.0559252   1.23162282
  0.22527434  0.06570347 -0.0951419 ]
[ 1.         -1.73562675  0.32670669  1.24087365  1.45399489 -0.65843648
  1.17322546 -1.8323738   0.88844968 -0.13274592  0.07099317  0.65198276
  0.29198956  0.0940125  -0.45058241 -1.68400072 -1.04546377  0.86603063
 -0.62378456 -0.25316357 -0.03306617]
[ 1.         -2.34455909 -0.487207    3.08299578  2.40025886 -0.79080519
 -1.82430994  1.21031883  0.67073307  3.24961298 -1.54299069  2.05020728
 -1.78481855 -1.87731998  1.71657919 -1.10852448  1.53713163 -0.1473721
 -3.19956225  1.76737975 -1.71356133]
[ 1.         -0.70036205 -0.82757172 -2.57441646 -0.66739203 -1.14158265
  1.44595954  0.0376864   0.10021116  1.00552583  0.3169259   1.09386105
  0.97158522  0.06041237  1.43383411  1.06325392  0.2751821   0.36579233
  0.45461057  0.50197119  0.01439595]
[ 1.          1.71676044 -0.68152214 -1.20357388  1.78794108  0.99015431
 -1.06317722 -0.66684803  0.52710392 -1.72065024 -1.01481726  0.19942995
 -0.06833135 -0.15699707 -0.14421822  0.58434392 -0.18550677 -1.18598861
  0.13128776 -0.12882361  0.46786118]
[ 1.          1.50832896  0.98139905 -0.04622584  0.1767717   0.92429479
  0.00858757 -0.61298437  0.0915153  -0.61519245 -1.53639718 -0.13102137
  0.03167563 -0.19037558  0.37589036  0.41276172  1.10574622 -0.15250556
 -0.08359045 -0.46030981  1.93311691]
[ 1.         -0.51093458 -0.25027614  1.1373646   1.45639604  0.79465335
  2.38811234 -1.192864   -0.10575476  1.42939881 -0.30350856 -0.41822294
  0.08925039 -1.32260866 -0.20893415 -0.61769324 -0.27357346 -1.49280946
  0.31025743 -0.64408745 -1.49119061]
[ 1.         -0.81624983 -0.28031181  0.29671934 -0.4228146   1.48271184
  0.58270375  0.22122435 -1.47330235 -1.33762641  0.30414131  0.73938911
 -0.56250653 -0.90737615 -1.30799147  2.30971745 -0.08137231  0.35383925
 -0.09405319  0.5022166  -0.12261112]
[ 1.          0.93970872 -0.29423517 -0.08124228 -0.32510582  0.90364236
  1.31730205 -0.11374527  0.00869388  0.5156169  -1.26284288  0.37552287
  0.2939821   0.89671637  1.01052706 -1.43137237  1.22478276  0.41683812
 -0.75720145  2.95378396  1.15368023]
