Cluster centers 

[-2.36691603  0.93370576 -0.34454627 -0.30637836]
[-0.46486951 -1.07365406 -0.11581271 -0.10437031]
[ 0.43186452  0.7113847   0.90644359  0.44751713]
[ 0.70777675  0.86719879 -0.74801307 -1.63179936]
[-0.78976118 -0.26665539 -1.38692765 -0.2874941 ]
[ 0.10592961  1.50107503  0.11514148  0.93804274]
[-0.09497267  0.86957507  0.93328549 -1.2830047 ]
[ 1.2864665   1.06318776 -0.7746242   2.00230301]
[ 1.1718525  -1.96419401  1.18810773 -0.28818758]
[-0.22220825 -1.17296649  0.70415279  1.52823979]
[ 1.3934918  -0.45837251  0.40727254 -1.33357364]
[-1.26108996 -0.01235347 -0.98037265 -0.32273095]
[-1.68272409 -0.13791252  0.40150935  0.64298225]
[ 0.3330007  -0.58877704 -2.77625594 -0.04132171]
[-0.82897541 -0.98978557  0.57044188  0.25536351]
[-1.33227644 -0.25568815 -0.3445714  -0.17147981]
[ 2.34079804 -0.9016744  -0.72997937 -1.17639821]
[ 0.22098035  0.6237783   1.24505995 -0.15340866]
[-0.44976723  1.74465338  0.36441428  0.46889236]
[-0.031455    1.07724572  0.21196809 -1.58967388]
[ 1.22393559  0.39756266  0.26938827  1.40775581]
[-0.22844946 -1.44007312  0.71176692  0.15126234]
[ 0.39239558  0.21433932  1.44804648 -0.66281371]
[ 1.50908027  1.06836268 -1.10913193  2.26326829]
[-0.8014761   0.22733942 -2.22786509 -0.34853703]
[-0.08665491 -0.99445963 -1.10658616 -0.18377423]
[ 1.62658237 -2.05335238 -0.81967836 -0.24758569]
[ 1.87992436  1.25579563 -1.96580244  2.79033458]
[ 0.60840698  0.43026013  0.39393588 -1.50689894]
[ 1.90833686 -0.08467938 -1.08826946 -1.39655459]
[-2.30214758  0.63064357  0.13626995  0.4312104 ]
[ 0.23084328  1.97015138 -0.9409054   1.70223484]
[-0.29306082 -0.51202387 -1.81026219 -0.21311956]
[-1.37706367 -0.43724018  0.22483276  0.11118707]
[-0.58022533  1.48996089  0.23181578 -1.55092452]
[-0.56933792 -0.84647941 -0.52595646 -0.17149232]
[ 0.81177635  1.1474728  -0.23786601  1.49293037]
[ 0.71003414 -1.47454805  0.59660081  2.01693611]
[ 0.77875585 -1.7695187   1.47176269  0.75338381]
[ 1.38175997  0.15052531 -0.54448865 -1.51000515]
[ 0.9158253  -0.49929419  1.41361494 -0.91607424]
[-0.48587463 -0.65111311 -1.15808675 -0.22508071]
[ 1.18932179  0.04679697  0.73697291  1.09702471]
[-0.26936298 -0.91200289  0.24051097  2.02877559]
[-1.1730724  -0.67877046  0.62093214  0.62262627]
[ 2.14132444 -1.11708788 -0.17493389 -1.13480848]
[-1.78881799  0.12450886 -0.16310698 -0.11367689]
[-2.83474416  1.63950255 -0.08614047  0.35077967]
[ 2.19939687 -0.11243776 -0.57007241  2.41746486]
[-0.10857301  0.82624019  1.21248101 -0.87196774]
[-0.68406908  1.63567206  0.78755472 -0.16512397]
[ 0.89268922 -0.02258426  0.68194152 -1.37271107]
[ 0.87784317  1.10222826 -1.61844539 -1.58271497]
[-0.17674492  1.94581229 -0.35175091  1.17116558]
[ 0.60764245  0.09503921  1.06705696 -1.22744947]
[ 0.74650751  0.24010802  1.10151969  0.48156088]
[-0.33871476 -0.19910322 -2.33165399 -0.21808548]
[ 0.99479479  0.37563999  0.60966336  1.05231971]
[ 1.02839999  1.10541329 -0.47547716  1.72920959]
[ 1.71011244  0.46030535 -1.70923485 -1.43904419]
[-0.32045787  1.49003699  0.64628155  0.25162937]
[-1.86508907  0.62468719 -0.88935814 -0.44083654]
[ 1.11000091  1.28075755 -0.88009253  1.98182577]
[-0.81503856  1.53267702  0.88802584 -0.99395962]
[ 0.06874785 -1.38112378 -0.31496403 -0.15275493]
[ 0.03274456 -1.58327163  1.15819911  0.62296957]
[ 1.22879024 -0.74985501  1.09758115 -1.07886912]
[ 0.33339544  1.25034086  0.23814663  0.95123621]
[ 1.42438865 -2.03450447  0.71938543 -0.43453282]
[-0.72058415 -1.08125816  0.82149427  0.61218176]
[-0.11790855 -0.53757833 -2.07614932 -0.17643588]
[ 1.23853648  0.50441777 -0.95725172 -1.55607516]
[ 0.07354128  1.12344293  0.75847803  0.36170235]
[-0.24562476  1.1472691   1.05770086 -0.25399223]
[ 2.44715682  0.77415477 -2.05877215  3.05967325]
[-0.52194758  0.29268734 -2.816554   -0.2802815 ]
[ 0.43894101  0.92075177  0.60757719  0.71741186]
[ 0.30393889  0.59207652  0.68461857 -1.43623683]
[ 0.55981857 -1.86839371  0.79279244 -0.07777301]
[ 2.45140131 -1.40915178 -0.4866349  -0.9914427 ]
[-0.69624349 -1.03017588  0.30529016  0.04568099]
[ 1.42367994 -0.72767603  0.69974523 -1.20902226]
[-0.17132018 -1.37941509  0.23640257 -0.04748327]
[ 1.50491686 -0.24128295 -0.11831232 -1.42088862]
[-1.14570847 -0.36920489 -0.47998234 -0.19453012]
[-0.73961784 -0.67736816 -0.59881891 -0.19070537]
[-1.17311042 -0.62765498  0.25093207  0.09424846]
[-1.3208782   0.24123303 -1.3114298  -0.39665   ]
[ 0.85242957  0.87124529  0.13243119  1.28355865]
[ 0.48785965  1.31193245 -0.06682724  1.23908101]
[ 0.26418149 -1.04939172 -1.63469798 -0.13954652]
[ 1.62930719 -2.10895302 -0.26239868 -0.3524407 ]
[ 1.03417573  0.31946734 -0.21286488 -1.54852185]
[-0.548996   -0.56660759 -0.09338638  2.21475291]
[ 0.05774355  1.12915527 -0.11525358 -1.64503651]
[-1.0896322   0.2927006  -1.81585199 -0.4039954 ]
[-0.14538053  1.49585275  0.43444994  0.55391919]
[ 0.36409203 -1.41608697 -0.81764221 -0.16824988]
[ 0.06584982 -0.20110823 -3.03659315 -0.08814139]
[ 0.63033584  0.58259431  0.03122825 -1.58215721]

Populations

0.00433376608809
0.034540744137
0.0236845396512
0.0102052137874
0.00532493640802
0.00362826643
0.0137829698651
0.00593575462629
0.0111457419562
0.00244014901627
0.00563701728911
0.00617627053782
0.0111892135319
0.0258864084153
0.0267902035018
0.00309642177438
0.0149766093594
0.00276687070227
0.00420353500792
0.00814197867532
0.032645807704
0.0090247585088
0.00228619637443
0.0105901873556
0.0137087819983
0.00205226176758
0.0108593700565
0.006694024035
0.0134958725486
0.00784086615386
0.0176437750529
0.0108885505329
0.00898279358244
0.0227485452235
0.00571905651852
0.00619384616051
0.00988130457472
0.00237367120221
0.0133612161649
0.0106369277627
0.0021103450643
0.00901201246437
0.0213588390161
0.00241644348207
0.0164404351901
0.00525378013592
0.0335373347694
0.00456649100676
0.0197196680054
0.00356831597877
0.00250713372083
0.00722332539159
0.0261962284048
0.00223489883954
0.0121565959604
0.012640805839
0.00348593156701
0.0163095312821
0.0134468423358
0.00821023774855
0.00503138445071
0.0087184830104
0.0221394636907
0.0102833897404
0.0221753848615
0.00321575699538
0.0103372186353
0.00835272177849
0.00945813316346
0.00482772220357
0.00366511477204
0.0175798367482
0.00451165616807
0.00604320185645
0.00590759392018
0.0104404972467
0.0115680530653
0.00911333358939
0.00301681712759
0.0249417849639
0.0268291498948
0.0213366576958
0.0122479675412
0.00163627419885
0.013371071403
0.00551152905823
0.00370442702283
0.00515151242637
0.00787167488501
0.0107088772629
0.00954801583738
0.0072715979303
0.0042275268397
0.00534654977426

State labels

0
1
2
3
4
5
6
8
9
10
11
12
13
14
15
16
17
18
19
20
21
22
23
24
25
26
28
29
30
31
32
33
34
35
36
37
38
39
40
41
42
43
44
45
46
48
49
50
51
52
53
54
55
56
57
58
59
60
61
63
64
65
67
68
69
70
71
72
73
74
75
76
77
78
79
80
81
82
83
84
85
86
87
88
89
90
91
92
94
95
96
97
98
99

Eigen values

1.0
0.794407717248
0.754210723257
0.735074855332
0.722463370285
0.709468754248
0.692309932852
0.672099972089
0.638530017757
0.625263382714
0.613870372165
0.602456984068
0.586073710884
0.566331924822
0.554889641301
0.545066488215
0.508913481096
0.48719420213
0.486089327487
0.457288925746
0.450265573405

Left eigenvectors

[ 0.00433377  0.00145754  0.00352488  0.0026169  -0.00473779  0.00160413
  0.00484853 -0.00301954  0.00255017  0.00566582  0.01346854  0.00602066
  0.01362152 -0.00044645  0.00473065 -0.00128903 -0.00457421 -0.00288713
 -0.00770132 -0.00261723  0.00056494]
[ 0.03454074 -0.05841231 -0.01820998  0.01523894 -0.00172045 -0.00976823
 -0.00367035  0.01401174 -0.0060329   0.01710745 -0.00448798 -0.01963465
  0.00317252 -0.00131587  0.03365751 -0.00248862 -0.01340378 -0.034997
 -0.02081981  0.02682305 -0.02503188]
[ 0.02368454 -0.03244778  0.01419083 -0.05605182  0.00221975 -0.01271483
  0.00424998  0.00037084  0.00403683 -0.02742379  0.0123998  -0.01400781
  0.00718097 -0.01103498  0.01720726  0.00782876  0.01341995 -0.00040843
 -0.00327752 -0.02234467  0.01268164]
[  1.02052138e-02  -3.81369219e-05   1.93722018e-02  -1.01696592e-02
   6.01682648e-03   3.89051427e-03   3.01044139e-02   7.53087101e-03
  -1.92429520e-02  -2.45232501e-03   5.01718172e-03  -6.08323047e-03
  -5.83725115e-03  -6.93145872e-05  -8.56541820e-03   1.40862621e-02
   7.68082544e-03  -9.40918675e-03   3.58854655e-03   1.36119796e-02
  -1.64961805e-03]
[ 0.00532494  0.00864315  0.00776362  0.00038915 -0.01072741 -0.015183
 -0.00710855 -0.0002188   0.00307123  0.00951633 -0.00994791 -0.00322921
 -0.00420176 -0.00494902  0.00496757  0.02203706 -0.0007116  -0.00024599
  0.0016032  -0.00185137  0.00086017]
[  3.62826643e-03  -7.74141354e-05  -3.28522347e-03   2.49848699e-04
  -1.55083868e-03   7.72536590e-04   2.26440014e-03  -2.39240281e-03
   6.39206290e-03  -5.38889986e-03  -1.14948918e-04  -3.97951187e-03
  -7.51649468e-03   6.24544164e-03  -7.10421085e-03  -9.81847217e-04
  -8.21029299e-03  -2.29529020e-03   2.78640913e-03  -3.29971591e-03
   5.83879333e-03]
[ 0.01378297  0.0159377   0.01662717  0.00645088  0.0047546   0.00141633
 -0.00798666  0.02696947  0.00746577 -0.00916277 -0.00350373 -0.01320343
 -0.00298454 -0.00333702  0.0139929  -0.0149873   0.00710327  0.01237921
  0.00066223 -0.0114107  -0.00112334]
[ 0.00593575 -0.00712906  0.0008939   0.00617195  0.00138936  0.00236825
 -0.0021564  -0.01029458  0.00052904  0.01068788 -0.00204944 -0.00224143
 -0.00444465 -0.01911731 -0.00738632 -0.0088428   0.01597359  0.00467426
 -0.00970791  0.00016236  0.00489977]
[ 0.01114574  0.01247389  0.01810005  0.0070404  -0.02465052 -0.01351274
  0.00724739 -0.00178426  0.0100576   0.00904509 -0.01552824 -0.00770304
 -0.00051428 -0.00047354  0.01135451  0.00422111 -0.00034428  0.00471649
  0.00336369 -0.00561689  0.00275706]
[  2.44014902e-03  -2.06843396e-03   8.90825000e-04  -7.03641123e-03
   2.26616552e-04  -2.78774453e-03  -2.27892054e-05   2.46416776e-04
   3.92085621e-04  -2.66756974e-03  -2.62917902e-04  -3.64446269e-03
   1.94702774e-03  -3.52770662e-03   2.69756982e-03   6.81647925e-03
   4.48796486e-03  -3.82597709e-03  -1.35896476e-03  -1.26757300e-02
   1.00424803e-03]
[ 0.00563702  0.00425552  0.00438115 -0.00338219  0.0086976   0.00130214
  0.01557702 -0.00355687 -0.00688554  0.0124352   0.01654215  0.00577109
 -0.01199536  0.00033151  0.01509842  0.00372384  0.003925   -0.0052796
  0.01855577  0.00495594 -0.00131126]
[  6.17627054e-03   6.39372755e-03  -1.55195324e-05   2.59799109e-03
  -5.87663027e-03  -7.88472518e-03   9.03058003e-03   1.18194687e-03
   1.45153942e-02   5.16062242e-03   3.03302852e-03   9.64488461e-03
  -3.24040124e-03   2.28268828e-03   4.54968697e-03   5.04229323e-04
   1.14477714e-03  -2.47699940e-03  -5.10335904e-03   5.96211076e-04
   1.31015429e-02]
[ 0.01118921  0.00066441 -0.01858237 -0.01173802 -0.0130881   0.0152876
  0.00192934  0.0071089   0.00510086  0.00473258  0.00496477 -0.0062846
 -0.00415837 -0.01890911 -0.01778688  0.00763298 -0.02122279  0.02142239
  0.01323062  0.0017166   0.0018098 ]
[ 0.02588641 -0.03263561 -0.0041173   0.01198629 -0.01835113  0.00621473
  0.00741946 -0.00086127  0.00075383  0.02425849  0.0028249  -0.01076334
  0.00831058 -0.02535972  0.0030104  -0.01718106  0.01555905  0.0120666
 -0.02272042  0.00149438 -0.00341954]
[ 0.0267902   0.02197585 -0.00305203 -0.00666029  0.0039872   0.00935421
 -0.00801902  0.00753134 -0.00195342 -0.0442548   0.00288484  0.00089259
 -0.01970718  0.00500096  0.04617395 -0.00943261  0.02362886  0.0386121
 -0.02771619 -0.00369003 -0.01654123]
[ 0.00309642  0.00139451  0.00560022 -0.00340181  0.00447393  0.00135141
  0.01279613  0.00039455 -0.00760925  0.00458263  0.00835153  0.00090351
 -0.00693924  0.00013377  0.00467023  0.00589305  0.00441597 -0.00590407
  0.0111644   0.00756473 -0.00134417]
[ 0.01497661  0.00406161 -0.00967804  0.00770483  0.0031819  -0.0052038
  0.006958   -0.00869433  0.02330848 -0.01313223  0.00639493 -0.00406754
 -0.0200946   0.02062928 -0.02132001  0.00043917 -0.00575455 -0.00733633
 -0.0064858  -0.01276803  0.00443   ]
[ 0.00276687  0.00180651  0.00195116 -0.00176746  0.00170164  0.00148175
  0.00686606  0.00135019 -0.00264843 -0.00085658  0.00410797  0.00319912
 -0.00719604  0.00078461  0.00559396  0.00254367  0.00529334 -0.00203887
  0.00258912  0.00338958  0.0029062 ]
[  4.20353501e-03   2.59545922e-03  -2.36419934e-03   2.53447594e-03
   6.17802418e-03  -6.99044704e-03   1.20326873e-03   1.33425288e-03
   9.17964159e-04  -3.72150953e-05  -7.87346555e-03   3.55101195e-03
   3.13708573e-03  -2.36283910e-03   3.05770070e-03  -6.37819422e-03
  -1.06965863e-02   3.49551975e-03  -5.86664644e-04  -5.38081761e-04
  -2.91130062e-03]
[ 0.00814198  0.01040499  0.01816892  0.00735795  0.00406192  0.00714694
 -0.01997382  0.02496511  0.0065984  -0.00065521  0.0099185  -0.01593409
 -0.00348748 -0.00325386 -0.00270228 -0.00520925  0.00404297 -0.00470566
  0.00650441  0.00665891  0.00702781]
[ 0.03264581  0.02113073 -0.00812068  0.00991151  0.04625297 -0.02946144
  0.02033628  0.01869101 -0.0084226  -0.00034957 -0.02858579  0.00160498
  0.01417056 -0.00065402 -0.00259588 -0.02299894 -0.01885954  0.02022666
 -0.00339752 -0.03734242  0.00120174]
[  9.02475851e-03  -6.79453023e-03  -4.71058666e-03  -5.95407740e-03
   1.83739216e-03  -2.50932100e-03  -1.51424188e-03   3.31336450e-04
  -1.94889512e-03  -6.99895136e-03  -3.71175230e-04  -5.90213191e-03
   7.37209390e-03   6.27498201e-03  -4.34096867e-03   2.30731307e-03
   3.11732343e-05  -2.14908298e-03   1.90892778e-02  -7.46933122e-03
   2.33992200e-02]
[ 0.0022862   0.00101891 -0.00157022  0.00021763 -0.00176923  0.00144327
  0.00422376  0.00257755  0.00262818 -0.00229882  0.00016037  0.00725819
 -0.00765311  0.0011303   0.00184065  0.00098642  0.00415007 -0.00393399
 -0.00187753  0.00038713  0.00942182]
[  1.05901874e-02  -2.21867763e-03   7.60775997e-03   3.99774338e-04
   2.04687303e-02   8.24664374e-03  -5.81116495e-03  -1.89927263e-02
   7.40765074e-04   1.98976443e-02  -1.11026770e-02   8.85833626e-03
  -1.39736447e-02  -1.09724828e-02  -7.84512359e-04  -9.87575739e-03
  -1.74715742e-03  -2.20039705e-04   5.51660980e-03  -5.65528231e-03
  -6.19383151e-05]
[ 0.01370878  0.00142458  0.01733998  0.01004705 -0.02129438  0.01410558
  0.00561752 -0.0049675  -0.00775759  0.01019463  0.01359215  0.01620434
  0.03708644 -0.00376957  0.00527795 -0.00771862 -0.01262609 -0.01214085
 -0.02406777 -0.0182853   0.00458158]
[ 0.00205226 -0.00229389  0.0045126  -0.01104762 -0.00489352 -0.011884
 -0.00574785  0.0001548  -0.00633317 -0.00413817  0.00652562  0.00779211
 -0.0055463  -0.00326662 -0.00904133 -0.01240406 -0.00096604 -0.00446882
  0.00118298 -0.00143572 -0.00513741]
[ 0.01085937 -0.01015904 -0.0033616  -0.01234773 -0.00732121  0.00106077
  0.00861584 -0.00022255  0.01073673  0.00590935  0.02321492 -0.00779923
  0.00835024 -0.0229312   0.00125998  0.00415089 -0.0078437   0.03193989
  0.00239069 -0.00041658  0.00625023]
[ 0.00669402 -0.00845626 -0.00184091  0.00053249  0.00475626 -0.00339846
 -0.00250458 -0.00190694  0.00021861 -0.00564237 -0.00371846 -0.00744831
 -0.00373762 -0.0027488   0.00926914  0.00075722 -0.02397652 -0.01680222
 -0.00057392  0.00420817  0.00025578]
[ 0.01349587  0.00838964  0.00239813  0.00238098 -0.00453678  0.00217839
  0.00060984 -0.01029371  0.01079125 -0.00671194  0.01077287 -0.0108044
 -0.01157639  0.01591399  0.00366119 -0.00356846  0.00023423  0.01226923
 -0.0085623   0.00487894 -0.00409391]
[ 0.00784087 -0.01334349 -0.00628985  0.00414851 -0.00406647  0.0026232
  0.00080818  0.0104128   0.0008507   0.00677297 -0.00270579  0.00229602
 -0.00351471 -0.00342977  0.00379372  0.00046489 -0.00418752 -0.009429
 -0.00687251  0.00464729 -0.01625534]
[ 0.01764378 -0.00115456  0.0105253   0.01023699 -0.02643297  0.00197863
  0.01866268 -0.02237893  0.00813028 -0.00349958 -0.0132725  -0.03396836
 -0.01155009  0.01079997 -0.00855324 -0.01964641  0.00865454  0.00593249
  0.0113488  -0.00177147 -0.01146446]
[ 0.01088855 -0.00674897  0.00447329  0.01189917  0.01226466  0.00359248
 -0.00912692 -0.02613518  0.00094959  0.01449935 -0.00611952 -0.00024177
 -0.01379944 -0.02988409 -0.01709621 -0.01060224  0.02403514  0.00319823
 -0.00767462 -0.00040063  0.01002765]
[ 0.00898279  0.00736991 -0.00199245  0.00571038  0.00486167 -0.006055
 -0.00348068 -0.00816386  0.01124638 -0.00351887  0.02097309 -0.00150143
  0.002411    0.00599772 -0.00477688  0.01081139  0.00345653 -0.00276328
 -0.00656257  0.0137582  -0.00905818]
[ 0.02274855  0.03537157 -0.04698519 -0.03205246 -0.01243119  0.02715487
 -0.0176411  -0.00058221 -0.02073934  0.0109499  -0.00635196 -0.0133749
  0.0106798  -0.01032868 -0.01457931  0.01172459  0.00733022 -0.02191459
  0.00214024  0.01310993 -0.00505692]
[ 0.00571906  0.00597577 -0.01017501 -0.00576124  0.00316436 -0.00120262
  0.00010438  0.00109802 -0.00159498  0.00097681 -0.0018075  -0.00393913
  0.01359837  0.00115816 -0.00696222 -0.00427037  0.00274044 -0.00697285
  0.015048   -0.00492154  0.01266426]
[ 0.00619385  0.00099502  0.00392063 -0.00072558 -0.00665535 -0.00630265
 -0.01368135 -0.00094321 -0.01334403  0.00624964  0.00731804  0.00503636
  0.00041765  0.01569628 -0.00702306 -0.00022805 -0.00231429  0.00650474
 -0.00617033  0.00526316  0.00993921]
[ 0.0098813   0.00841237  0.00147851 -0.00360014  0.02036599  0.00451298
  0.00563906 -0.01072534 -0.01318023  0.02372979  0.00186267  0.00799362
 -0.0191296  -0.00196794  0.0184217  -0.01020191 -0.00668869  0.00168896
  0.01608576 -0.01978    -0.00160893]
[  2.37367120e-03  -3.19826460e-03  -2.47768322e-03   1.75063673e-03
  -2.44305522e-03   2.20489509e-03   2.36824556e-04   5.74096961e-03
   7.05278165e-04   3.00295083e-03  -2.92517557e-05   5.91418183e-03
  -3.02388538e-03   3.92109917e-03  -5.85733925e-03   3.75099391e-03
   1.96028682e-03   4.49262860e-03   3.20963913e-03  -8.85559413e-03
  -1.50052445e-02]
[  1.33612162e-02  -2.05803575e-02  -4.18745878e-03  -8.40530168e-03
   6.91996461e-04  -4.35080551e-03  -9.06605064e-05  -9.31745589e-05
   3.04422100e-03  -1.10903315e-02  -2.91899800e-03  -1.75673034e-02
  -5.91448899e-03  -2.28377246e-03   1.60165138e-02   6.11313369e-04
  -3.25604666e-02  -2.69908038e-02  -1.05932882e-03   4.97865687e-03
   3.56241520e-03]
[ 0.01063693  0.00410552  0.01775903  0.00599503 -0.02200126  0.00532038
  0.02091356 -0.01549772 -0.00857423 -0.00780265 -0.01166602 -0.01507802
  0.00170827  0.00876693 -0.00505021 -0.00733418  0.00546605 -0.00178018
  0.01457876 -0.0026348  -0.00983254]
[ 0.00211035 -0.0032869  -0.00198409  0.00223582 -0.00105574 -0.00023348
 -0.00110327  0.00351598 -0.00072832  0.00254809  0.00152477  0.00426387
 -0.00140123  0.00905296 -0.00574332  0.00502585  0.00336198  0.0061259
  0.00529826 -0.00946211 -0.0136327 ]
[ 0.00901201  0.00276703 -0.0013775   0.00970944  0.00805226 -0.00377637
 -0.00501363 -0.00932659  0.00669184 -0.01634325  0.01233689  0.00375858
 -0.00246016  0.00523307 -0.00637005  0.01459755 -0.00463984  0.00064331
 -0.00215069  0.00331979 -0.00729018]
[ 0.02135884 -0.01823681 -0.01536308  0.00666756 -0.0181922   0.02138364
  0.00709489  0.03433495  0.00913045  0.0129418  -0.00709351  0.02712959
 -0.01673142 -0.01186588 -0.01640671  0.00396355 -0.00215869  0.00088917
 -0.00355803 -0.01006606 -0.02648546]
[  2.41644348e-03   8.05262408e-04   4.32755793e-03  -6.34716420e-03
  -6.54872603e-03  -1.24208945e-02  -7.16047028e-03   9.97048115e-05
  -6.18818109e-03   1.46775765e-03   2.64671402e-03   7.86683467e-03
  -4.65129950e-03   5.22042751e-04  -7.24779565e-03  -6.18372723e-03
  -3.03173176e-03  -2.83874046e-05   7.58969975e-04   5.57081368e-03
  -1.96622211e-03]
[ 0.01644044  0.00722258 -0.0012076   0.0022871   0.00025079 -0.00896714
  0.01905708 -0.00953499  0.0225004   0.01471841  0.04724913  0.007778
  0.0153211   0.00279619  0.01378394  0.00428456 -0.0021765   0.00439
  0.00125879  0.01379459 -0.00381105]
[ 0.00525378  0.003888    0.00446466 -0.00133378  0.01308099 -0.00571949
  0.01867474  0.00924044 -0.01524501 -0.0018799  -0.00810192 -0.0046287
  0.00148495 -0.00054472 -0.016523    0.00647292 -0.00585233  0.00867491
 -0.02039377  0.00341468  0.00272004]
[ 0.03353733 -0.01569039 -0.00340858  0.02497362  0.03266328 -0.01323638
 -0.01712974 -0.01259604 -0.00622856 -0.00753359 -0.01553732 -0.00091148
 -0.0071113  -0.00986209  0.01136343  0.00260014 -0.04057764 -0.01432913
 -0.00013895  0.00679117 -0.00777106]
[ 0.00456649  0.00075799  0.00645148  0.00355932 -0.01104474  0.00181346
  0.00959577 -0.00917788 -0.00066457 -0.003157   -0.00671595 -0.01291079
 -0.00232433  0.00568308 -0.00395353 -0.00777618  0.00449302  0.00108845
  0.00902921 -0.00164554 -0.00780711]
[ 0.01971967  0.01677498  0.01226833  0.01016255  0.00101743 -0.00373309
 -0.03345343 -0.00254131 -0.00242905  0.00364497  0.01672576 -0.01248856
 -0.01132765  0.00578152 -0.00466674  0.01885541 -0.0023859   0.00308939
 -0.00897419  0.01846332  0.01116082]
[ 0.00356832  0.00246637  0.00672928  0.00334226 -0.0090978   0.00023223
  0.00265552 -0.00145295  0.00043543  0.00441382 -0.00031476  0.00213638
  0.00912576 -0.00109024  0.00426278 -0.00098263 -0.00372119 -0.0022833
 -0.00626543 -0.0075687   0.00234679]
[  2.50713372e-03   4.42408065e-03   4.92563653e-03   1.69189994e-04
  -8.18428967e-03  -9.75142778e-03  -7.38763096e-04   4.52117850e-06
   2.49840027e-03   5.51249433e-03  -7.47027531e-03   1.35489081e-03
  -1.98199523e-03  -1.95479295e-03   3.27734556e-03   4.39999677e-03
  -2.63087808e-03   3.40568692e-03   3.29192560e-03   6.27137772e-03
  -5.36165821e-04]
[ 0.00722333  0.00609467  0.003743   -0.00167231 -0.01032288  0.00678191
 -0.00762731 -0.00614554 -0.01494036  0.00799965  0.00698326  0.00324096
  0.00832583  0.01529298 -0.00023549 -0.00466941 -0.00972447  0.00120916
 -0.0188646  -0.00527537  0.00823761]
[ 0.02619623 -0.02721559 -0.01751265  0.01507647 -0.00059396 -0.00210455
 -0.00105999  0.02111198 -0.01374954  0.00775461 -0.01830519  0.00971326
  0.00286673  0.0072285   0.01167445 -0.00612781  0.00886048  0.01101304
  0.00359757  0.00826601  0.0070485 ]
[ 0.0022349  -0.00174267 -0.00175208  0.00228038  0.00028545 -0.0011012
  0.00030374  0.00050412  0.00232109  0.00043457  0.00327251  0.00178503
 -0.00168778  0.00708223 -0.00415797  0.00385865 -0.0001272   0.00148628
  0.00271325 -0.00628155 -0.01059211]
[ 0.0121566  -0.01747951 -0.00447958  0.00800117 -0.0011652  -0.00837509
 -0.01322054  0.00688263 -0.01808925  0.00818381  0.00218299  0.00457895
  0.00753896  0.03195362 -0.00544109  0.00941105  0.01653353  0.01802122
  0.01348772 -0.00110904  0.01526757]
[ 0.01264081  0.01738685 -0.00977706 -0.00080279  0.0023986  -0.02104852
  0.00680878  0.00540522  0.0106456   0.00358253 -0.01392429  0.01434425
  0.00927463 -0.00356017  0.00641647 -0.01145195 -0.00109213  0.0047088
  0.00044064  0.01708284 -0.00263728]
[ 0.00348593 -0.00560148  0.00550913 -0.01652413 -0.00397876 -0.01220367
 -0.00465712  0.00019609 -0.00565727 -0.00822899  0.00856237  0.00598703
 -0.00482155 -0.00543572 -0.00738313 -0.01299343  0.00124811 -0.00585119
  0.00090719 -0.00650296 -0.00457246]
[ 0.01630953 -0.0079247  -0.0036131   0.01177614  0.00448932 -0.00575926
 -0.00044698 -0.02004864  0.00912721  0.00289284 -0.00405164 -0.01710277
 -0.01006024 -0.00247557 -0.01393235 -0.01192088  0.01957557 -0.00870449
 -0.00843187  0.00379284 -0.00417356]
[ 0.01344684  0.01499099  0.0312692   0.01014528  0.00736111  0.01498608
 -0.0228533   0.04553967  0.01217461 -0.00259123  0.00923856 -0.02029743
 -0.00074252 -0.00727328 -0.00204906 -0.0153139   0.00644072 -0.00735442
  0.01208877  0.00045082  0.00378235]
[ 0.00821024 -0.00710224 -0.00266664  0.00638039  0.0028493  -0.00409831
  0.00108343 -0.00086854  0.00376501  0.00308509  0.01186431  0.00186868
  0.00432909  0.00525109  0.0030688   0.00735518 -0.00576369 -0.00423066
  0.00288633  0.00238048 -0.01405949]
[  5.03138445e-03   1.87625372e-03  -3.82107330e-03   3.04264268e-03
  -4.82456813e-03  -9.27835679e-04   8.76212994e-03   5.02170432e-03
   1.53088088e-02   6.09692944e-05   2.01586785e-03   1.53023997e-02
  -1.67698081e-02   5.42567577e-03  -4.49596236e-03   2.45176273e-03
   3.61553092e-03  -1.04496281e-02  -1.12949829e-02  -9.36142326e-03
   2.27607307e-02]
[ 0.00871848 -0.00324628  0.01660402 -0.01426481  0.01318057  0.01810739
 -0.00627301 -0.00888442  0.01530671  0.0123749  -0.01610985  0.01243167
  0.00287275  0.00923429 -0.00724988 -0.00131212 -0.00548479 -0.00024874
  0.00155025  0.00740134 -0.00509841]
[ 0.02213946  0.00409476 -0.02118994  0.00024035 -0.01875486  0.02003128
  0.00645794  0.01563131 -0.0050252  -0.02882926 -0.02179349  0.03113906
 -0.01203557 -0.00787763  0.01547157 -0.00703693  0.01276527  0.00205535
  0.00836823  0.02268278  0.00336996]
[ 0.01028339 -0.00025959  0.00630153  0.01450019  0.00878516  0.00111233
 -0.01454235 -0.01743176 -0.0052764  -0.00611804  0.00277606  0.00596474
 -0.0028828  -0.01782788 -0.01333984  0.01144482  0.00687499  0.00322588
  0.00358466  0.00209994  0.01121082]
[ 0.02217538  0.03218814 -0.01855012 -0.02085984 -0.00501679  0.02680344
 -0.02476719 -0.01124014 -0.02956528  0.01307307  0.005858   -0.00839295
 -0.01044321  0.01607565  0.01415113 -0.00052898 -0.00740121  0.00278361
 -0.02322313 -0.00466967  0.00031115]
[ 0.00321576  0.00243509  0.00360026 -0.00066515 -0.00573454  0.00433526
  0.00082508 -0.00553728 -0.00454256  0.00112469 -0.00093678 -0.00251285
  0.00130754  0.00934057 -0.00163342 -0.00372878 -0.00479291  0.00092529
 -0.00412306 -0.0018137   0.00094059]
[ 0.01033722 -0.01697892 -0.00662746  0.00328149 -0.00039179 -0.0053831
 -0.00525342  0.00641936 -0.01027357  0.00399076 -0.0028394  -0.00320591
  0.00744631  0.01671764  0.00261723  0.00219781  0.0139635   0.00632616
  0.01181167  0.00139585  0.02107817]
[ 0.00835272  0.01427562 -0.01844663 -0.01165398 -0.0022722   0.00501712
 -0.00609427 -0.00228134 -0.00344736  0.00401741 -0.00186071 -0.00966455
  0.00777766 -0.00495118 -0.00972747  0.01067309  0.01292958 -0.01977783
 -0.00340999 -0.00050016 -0.01047257]
[  9.45813316e-03   2.32226722e-03   1.02069801e-02   1.18599526e-02
  -1.56540640e-02   1.15399064e-02   7.11823640e-03  -1.27208053e-02
  -1.29545204e-02  -2.00517767e-02  -4.29184399e-03   1.77157522e-02
   1.90453309e-02  -9.37280898e-03   1.99580191e-03   7.45795188e-04
   5.75080865e-04  -6.83643790e-03   9.58829883e-03  -5.45629400e-03
  -3.02540881e-05]
[ 0.00482772 -0.00655961  0.01279926 -0.02031088  0.00963658  0.01047157
 -0.00392209 -0.00764969  0.01765021  0.00345609 -0.01490702  0.01038156
  0.00899348  0.01054816 -0.00151044  0.00529351  0.00227943  0.00457241
 -0.00103399  0.00915722 -0.00237396]
[ 0.00366511 -0.00163566 -0.00357483  0.00215022 -0.0045422   0.00267916
  0.0047953   0.00741351  0.00856341  0.00213504 -0.00020217  0.01211303
 -0.01138867  0.00070853 -0.00541093  0.00207357  0.00167478 -0.00617362
 -0.00763422 -0.00830951  0.00900215]
[ 0.01757984 -0.00447986 -0.01253782 -0.00584186 -0.01299384  0.00989073
  0.00712375 -0.00579734  0.01351502 -0.01707812 -0.00682115 -0.01726469
 -0.0194926   0.01129478 -0.01420829 -0.0051593  -0.0313819  -0.00278195
  0.01826545 -0.00097395  0.01896132]
[ 0.00451166  0.00774175  0.00597224 -0.00269481 -0.01137621 -0.02020726
 -0.00520375  0.00081425  0.00153667  0.00902684 -0.01043793  0.00656688
 -0.00418215 -0.00399327  0.0018015   0.00721337 -0.00493226  0.00418243
  0.00456663  0.01342334 -0.00215762]
[ 0.0060432   0.00898831 -0.00314848 -0.0056022   0.00671366  0.00741445
 -0.00312322 -0.00689748 -0.01262076  0.0135752   0.00226553  0.00156126
 -0.01165088  0.00330012  0.01295661 -0.00529441 -0.00579615  0.00181034
  0.00194019 -0.01343031 -0.00087938]
[ 0.00590759  0.00157569 -0.00040556  0.00452896 -0.00986431  0.00870126
  0.0042377  -0.00180925 -0.00680031 -0.01573877 -0.0072029   0.01582598
  0.00598083 -0.00665739  0.00513097 -0.00153333  0.00403117 -0.00327154
  0.00802906  0.00403767  0.00109053]
[ 0.0104405   0.0005077   0.00654647  0.01623795  0.00369196  0.00384512
 -0.00796296 -0.01662382 -0.00967739 -0.02432906  0.00204486  0.0158299
  0.00795419 -0.0142193  -0.00465564  0.01596374 -0.001685    0.0021929
  0.01007262 -0.00289703  0.00251606]
[ 0.01156805  0.01431179 -0.02080655 -0.0089276  -0.00809558  0.00762692
 -0.00130119  0.00613779 -0.00486768 -0.00473198 -0.01376224  0.01072374
  0.00259729 -0.00773731  0.00265451 -0.00242174  0.00758341 -0.00630056
  0.00456798  0.02320223 -0.00188833]
[ 0.00911333  0.01097922 -0.01097042 -0.00143201  0.01307342 -0.012244
  0.0080747   0.00308709  0.00498765  0.00313267 -0.00196568 -0.00081037
  0.02427316  0.00242586 -0.00765096 -0.01579613  0.00301666 -0.00438662
  0.01682509 -0.00935335  0.00989326]
[  3.01681713e-03   3.06795539e-03  -1.53986140e-03  -4.58692967e-03
   7.49654750e-06  -4.44876297e-03  -1.38042639e-03   5.86987230e-04
  -1.87108687e-04   1.41026856e-03  -4.51627775e-03  -4.97186044e-03
   2.61457569e-03  -5.05284815e-03   1.02271581e-03   1.33200643e-02
   5.52785175e-03  -7.77024621e-03  -1.78540474e-03  -1.76494146e-02
  -2.00408184e-03]
[ 0.02494178 -0.00821691  0.00469221  0.02406785  0.02287953 -0.00552471
 -0.01582096 -0.00906338 -0.0087548  -0.01749183  0.00540098  0.01298972
  0.01117067 -0.000483   -0.01477195  0.02409352 -0.015916   -0.00141298
  0.02218986 -0.00571455  0.00555496]
[ 0.02682915 -0.04741998 -0.01013853  0.00417027 -0.00316967 -0.01223291
 -0.00598624  0.00516469 -0.01026498  0.01298825 -0.00044323 -0.02141495
  0.00889548  0.01128752  0.01716933 -0.00303777  0.02484545 -0.00857377
 -0.00980797  0.01235     0.00762231]
[ 0.02133666  0.00089069  0.03782369  0.00414556  0.00679542  0.03191367
 -0.00413656  0.03431305  0.00668142  0.01015064  0.00364079  0.01151528
  0.01521645 -0.00552662 -0.02279178 -0.00082666 -0.00887528 -0.02650553
  0.00897207 -0.00094575 -0.01286592]
[  1.22479675e-02   3.04166070e-03   8.36627665e-04   1.17816247e-02
   9.65371042e-03  -6.33572491e-05  -9.12304607e-03  -1.09428088e-02
  -2.41789613e-03  -2.87791745e-02   4.90936593e-03   8.94577482e-03
  -3.26370694e-03  -4.58009783e-03   7.66695398e-03   1.37283419e-02
  -4.83481240e-03   9.53469716e-03  -3.44035974e-03   7.04559339e-04
  -9.78441342e-03]
[ 0.00163627  0.00286799  0.00153759 -0.00118753 -0.0028238  -0.00536753
 -0.00236584  0.00011835  0.00085491  0.00336227 -0.00460307 -0.00272391
 -0.00044344 -0.00350515  0.00208433  0.01273985  0.00197639 -0.00338881
 -0.0001306  -0.00873875 -0.00055532]
[ 0.01337107  0.01328075 -0.01472405  0.00158024  0.00806055 -0.01038678
  0.002038   -0.00963191  0.01711332 -0.00284991  0.00976761 -0.00818619
  0.00823089  0.00619512 -0.01377046 -0.00332961  0.02083375 -0.01463237
 -0.01044762  0.00873616 -0.01847904]
[ 0.00551153 -0.00301344 -0.00723608 -0.00819315 -0.00704748  0.00572328
  0.00382603  0.00254111  0.00621731  0.0042585   0.01153183 -0.00584903
  0.00182803 -0.01848315 -0.00738184  0.00539284 -0.01422954  0.02742282
  0.00799248  0.000702    0.00449359]
[  3.70442702e-03   2.96797045e-03  -1.77949105e-03   2.07609098e-03
   7.36289965e-03  -6.14957352e-03   2.68108928e-03   2.64665450e-03
  -4.96356049e-04  -5.94625061e-05  -7.46285153e-03   2.07316349e-03
   3.45803376e-03  -1.41455927e-03   1.41918583e-03  -6.78770159e-03
  -9.38796474e-03   5.29450283e-03  -8.91032403e-04  -6.28737445e-03
  -1.86938821e-03]
[ 0.00515151 -0.00787609 -0.00366394  0.00428837 -0.0003914  -0.00252896
 -0.00373139  0.00536811 -0.00765569  0.00380709 -0.00261872  0.00319267
  0.00293839  0.01193178  0.00048629  0.00198392  0.00797777  0.00938945
  0.00599157  0.00153715  0.00804937]
[ 0.00787167  0.00449071  0.00230496 -0.00674951 -0.00209166  0.01166851
 -0.00338706 -0.00918501  0.00230819  0.0022309  -0.00345365 -0.00351341
 -0.00547746  0.01596995 -0.00272306 -0.00434643 -0.01192113  0.00355064
 -0.00485373  0.00203054  0.00139984]
[ 0.01070888  0.01233543 -0.00706524  0.00030234  0.00901036 -0.00942211
  0.00328149  0.00256357  0.00592556 -0.00882226 -0.00428069  0.00169655
  0.00302009  0.00200091  0.00727918 -0.01037893  0.00957144  0.00969982
 -0.01152154  0.00098117 -0.01273614]
[  9.54801584e-03   1.21467361e-02  -1.05308560e-02  -4.53910165e-05
   8.69007906e-03  -1.46173203e-02   9.69436161e-03  -1.58765890e-03
   1.45472276e-02   4.96079193e-03   8.57028155e-03   2.51112488e-03
   2.25511172e-02   3.07595109e-03  -3.94148196e-03  -1.31199467e-02
   8.19761768e-03  -5.60837932e-03   8.67790579e-03   5.93391666e-03
  -1.53979659e-03]
[ 0.0072716  -0.00148971  0.00198729 -0.01186289  0.00124903 -0.00049699
 -0.00088698  0.00175247  0.00041347 -0.01663244  0.00348645 -0.00298225
 -0.00334225 -0.00136386  0.01672221 -0.00060985  0.01057985  0.01174136
 -0.00945944 -0.00794038 -0.00161503]
[ 0.00422753  0.00217337  0.00738371 -0.00336443  0.00961143 -0.00258166
  0.02005919  0.00819987 -0.01621185 -0.002065   -0.00437515 -0.00529076
 -0.00070993 -0.00045147 -0.01612819  0.01006844 -0.00233977  0.00437204
 -0.01734321  0.0088276   0.00201684]
[ 0.00534655 -0.00918445  0.0111499  -0.02356562  0.00737382  0.00563023
 -0.00224883 -0.00591563  0.01527572 -0.00229823 -0.01036483  0.0062972
  0.0095174   0.00747617  0.00224818  0.00680727  0.00548185  0.00483245
 -0.00191766  0.00472664  0.00057047]

Right eigenvectors

[ 1.          0.336321    0.81335184  0.60383896 -1.09322643  0.37014577
  1.11877993 -0.69674664  0.58844293  1.30736746  3.10781331  1.38924494
  3.14311486 -0.10301676  1.09157965 -0.29743851 -1.05548239 -0.66619459
 -1.77705037 -0.60391599  0.13035719]
[ 1.         -1.69111324 -0.52720291  0.44118735 -0.04980932 -0.28280306
 -0.10626144  0.40565841 -0.17466049  0.49528312 -0.12993287 -0.56844894
  0.09184872 -0.03809605  0.97442911 -0.07204884 -0.38805701 -1.01320923
 -0.60276093  0.77656273 -0.72470574]
[ 1.         -1.36999823  0.59916014 -2.36659962  0.09372156 -0.53684088
  0.1794411   0.01565737  0.17044156 -1.15787706  0.52353982 -0.59143248
  0.30319217 -0.46591496  0.72651878  0.33054307  0.56661216 -0.01724449
 -0.13838218 -0.9434287   0.53543945]
[ 1.         -0.003737    1.89826516 -0.99651603  0.58958358  0.3812281
  2.94990527  0.73794348 -1.88560009 -0.24030119  0.49162926 -0.59609045
 -0.57198715 -0.00679208 -0.83931786  1.38030054  0.75263739 -0.921998
  0.35163855  1.33382601 -0.16164463]
[ 1.          1.62314624  1.45797501  0.07308145 -2.01456152 -2.85130178
 -1.33495482 -0.04109044  0.57676416  1.78712501 -1.86817383 -0.60643251
 -0.78907184 -0.9294054   0.93288869  4.13846476 -0.13363561 -0.04619562
  0.30107416 -0.34767999  0.1615353 ]
[ 1.         -0.0213364  -0.90545265  0.06886173 -0.42743242  0.21292168
  0.62409974 -0.65937903  1.76174022 -1.48525473 -0.0316815  -1.09680806
 -2.07164904  1.72132939 -1.95801796 -0.27061056 -2.26286937 -0.63261346
  0.76797258 -0.90944697  1.60925154]
[ 1.          1.15633267  1.20635637  0.46803251  0.3449621   0.10275955
 -0.57945854  1.95672434  0.54166609 -0.6647892  -0.25420692 -0.9579527
 -0.2165382  -0.24211215  1.0152314  -1.08737814  0.51536539  0.89815291
  0.0480471  -0.82788393 -0.08150198]
[ 1.         -1.20103689  0.15059505  1.03979231  0.2340663   0.39898043
 -0.36328956 -1.73433352  0.0891282   1.80059297 -0.34527041 -0.37761481
 -0.74879322 -3.22070384 -1.24437733 -1.48975144  2.69108052  0.7874748
 -1.63549792  0.02735315  0.82546749]
[ 1.          1.11916188  1.62394334  0.63166737 -2.21165387 -1.21236771
  0.65023809 -0.16008453  0.90237164  0.81152913 -1.39319935 -0.69111994
 -0.04614174 -0.04248624  1.01873042  0.37871911 -0.03088879  0.42316506
  0.30179168 -0.50394941  0.24736415]
[ 1.         -0.84766707  0.36506992 -2.88359899  0.09286996 -1.14244848
 -0.00933927  0.10098431  0.16068102 -1.09319952 -0.10774666 -1.49354104
  0.79791346 -1.44569311  1.10549389  2.79346843  1.83921753 -1.56792764
 -0.55691876 -5.19465405  0.41155193]
[ 1.          0.75492372  0.77720993 -0.59999651  1.54294389  0.23099756
  2.76334445 -0.63098371 -1.22148603  2.20598873  2.93455714  1.02378506
 -2.12796197  0.05880864  2.67844152  0.66060495  0.69629109 -0.93659416
  3.29177128  0.87917726 -0.2326154 ]
[ 1.          1.03520847 -0.00251277  0.42064075 -0.95148524 -1.2766159
  1.46214127  0.19136903  2.35018756  0.83555641  0.49107767  1.56160333
 -0.52465338  0.36959007  0.73663984  0.08163977  0.18535087 -0.40105099
 -0.82628489  0.09653254  2.12127089]
[ 1.          0.05937914 -1.66073932 -1.04904784 -1.16970718  1.36627986
  0.17242877  0.63533498  0.45587278  0.42295951  0.44371032 -0.56166612
 -0.37164093 -1.68994062 -1.5896452   0.68217332 -1.89671869  1.91455698
  1.18244423  0.1534159   0.16174487]
[ 1.         -1.26072377 -0.15905241  0.46303403 -0.7089099   0.24007695
  0.28661587 -0.033271    0.02912055  0.93711292  0.10912678 -0.41579128
  0.32104047 -0.97965367  0.11629262 -0.66370952  0.60105109  0.46613636
 -0.87769695  0.05772833 -0.13209807]
[ 1.          0.82029409 -0.11392322 -0.24860904  0.14883045  0.34916545
 -0.29932642  0.28112287 -0.07291534 -1.65190223  0.10768281  0.03331794
 -0.73561134  0.1866714   1.72353855 -0.35209188  0.88199626  1.44127671
 -1.03456433 -0.1377379  -0.61743573]
[ 1.          0.45036132  1.80861118 -1.09862486  1.44487174  0.43644222
  4.13255322  0.12742066 -2.45743304  1.47997517  2.69715361  0.29179239
 -2.24105054  0.04320285  1.50826537  1.90318103  1.42615195 -1.90674104
  3.6055797   2.44305605 -0.43410544]
[ 1.          0.27119657 -0.64621009  0.51445764  0.21245811 -0.3474619
  0.46459147 -0.5805272   1.55632556 -0.8768493   0.42699438 -0.27159275
 -1.34173214  1.37743351 -1.42355389  0.02932366 -0.38423588 -0.48985275
 -0.43306229 -0.8525314   0.29579481]
[ 1.          0.65290883  0.70518779 -0.63879395  0.61500504  0.53553416
  2.48152664  0.48798379 -0.95719221 -0.30958569  1.48469847  1.15622229
 -2.6007851   0.28357435  2.02176512  0.91933135  1.91311336 -0.73688766
  0.9357566   1.22506041  1.05035461]
[ 1.          0.61744679 -0.56243122  0.60293918  1.46972112 -1.66299246
  0.28625163  0.3174121   0.21837909 -0.00885329 -1.87305816  0.84476802
  0.74629704 -0.56210763  0.72741174 -1.51734057 -2.54466449  0.8315667
 -0.13956459 -0.12800697 -0.69258389]
[ 1.          1.27794371  2.23151129  0.90370514  0.49888605  0.87778938
 -2.45319005  3.06622138  0.81041743 -0.08047258  1.21819275 -1.95702949
 -0.42833358 -0.39964001 -0.33189424 -0.63980111  0.49655859 -0.57795063
  0.79887353  0.8178485   0.8631577 ]
[ 1.          0.64727242 -0.24875113  0.30360759  1.41681196 -0.90245721
  0.62293698  0.57253947 -0.25799953 -0.01070792 -0.87563421  0.0491633
  0.43406987 -0.02003373 -0.07951637 -0.70449889 -0.57770164  0.61957898
 -0.10407211 -1.14386584  0.03681132]
[ 1.         -0.75287668 -0.52196263 -0.65974922  0.20359461 -0.27804855
 -0.16778752  0.03671416 -0.21594984 -0.77552783 -0.04112855 -0.65399333
  0.81687437  0.69530747 -0.48100663  0.2556648   0.00345419 -0.23813191
  2.11521204 -0.82764887  2.59278074]
[ 1.          0.44568064 -0.68682528  0.09519347 -0.77387384  0.63129851
  1.84750673  1.12743887  1.14958737 -1.00552115  0.0701451   3.17478674
 -3.34752946  0.49440154  0.80511639  0.43146907  1.81527266 -1.72075696
 -0.82124738  0.16933315  4.12117738]
[ 1.         -0.20950315  0.71837822  0.03774951  1.93280153  0.77870612
 -0.54873108 -1.79342684  0.06994825  1.87887557 -1.04839288  0.83646643
 -1.31948985 -1.03609902 -0.07407918 -0.9325385  -0.1649789  -0.0207777
  0.52091711 -0.53401154 -0.00584865]
[ 1.          0.10391764  1.2648813   0.7328914  -1.55333825  1.02894463
  0.40977529 -0.36235894 -0.56588459  0.74365663  0.99149209  1.18204053
  2.70530551 -0.27497496  0.38500533 -0.56304182 -0.92102221 -0.88562571
 -1.75564634 -1.3338381   0.33420795]
[ 1.         -1.11773695  2.19884037 -5.38314592 -2.38445273 -5.79068411
 -2.80073785  0.07543124 -3.08594411 -2.01639618  3.17971891  3.79684254
 -2.70253214 -1.591717   -4.40554251 -6.04409356 -0.47072106 -2.17750735
  0.57642921 -0.69957853 -2.50329203]
[ 1.         -0.9355087  -0.30955796 -1.13705735 -0.67418408  0.0976828
  0.79340122 -0.02049363  0.98870681  0.54417057  2.13777757 -0.71820274
  0.76894377 -2.11165082  0.11602698  0.38224078 -0.72229784  2.94122889
  0.22015035 -0.03836155  0.57556103]
[ 1.         -1.26325458 -0.27500731  0.07954781  0.71052349 -0.50768601
 -0.3741511  -0.28487272  0.03265706 -0.84289669 -0.5554902  -1.11268082
 -0.55835214 -0.41063561  1.38468839  0.11311883 -3.58178016 -2.51003326
 -0.08573681  0.62864555  0.03821081]
[ 1.          0.62164487  0.17769382  0.17642286 -0.33616042  0.16141125
  0.04518687 -0.76273051  0.79959595 -0.49733293  0.79823478 -0.8005704
 -0.85777231  1.17917436  0.27128245 -0.26441154  0.01735552  0.90910949
 -0.63443859  0.3615132  -0.30334551]
[ 1.         -1.7017876  -0.80218817  0.52908797 -0.51862491  0.33455445
  0.10307247  1.32801632  0.1084961   0.8638044  -0.3450879   0.29282753
 -0.44825588 -0.43742239  0.4838398   0.05929077 -0.53406326 -1.20254556
 -0.87649902  0.59270163 -2.07315668]
[ 1.         -0.06543703  0.59654477  0.58020429 -1.49814733  0.11214322
  1.05774877 -1.26837551  0.46080144 -0.1983462  -0.75224816 -1.92523207
 -0.65462699  0.61211245 -0.48477409 -1.11350362  0.49051494  0.33623674
  0.64321856 -0.10040198 -0.64977392]
[ 1.         -0.61982303  0.41082501  1.09281524  1.12638088  0.32993199
 -0.83821278 -2.40024459  0.08721028  1.33161447 -0.56201449 -0.02220388
 -1.26733509 -2.74454297 -1.57010891 -0.97370572  2.20737704  0.29372382
 -0.70483363 -0.03679396  0.92093555]
[ 1.          0.82044705 -0.22180783  0.63570184  0.54122002 -0.67406693
 -0.38748321 -0.90883333  1.25199085 -0.39173399  2.33480715 -0.16714531
  0.2684023   0.66768937 -0.53178111  1.20356684  0.38479438 -0.30761973
 -0.73057074  1.53161679 -1.00839253]
[ 1.          1.55489361 -2.06541514 -1.40898936 -0.54646076  1.19369702
 -0.77548276 -0.02559307 -0.91167765  0.48134507 -0.27922467 -0.58794523
  0.46947186 -0.45403704 -0.64088976  0.51539935  0.32222793 -0.96334045
  0.09408234  0.5762976  -0.22229625]
[ 1.          1.04488708 -1.77914063 -1.00737578  0.55330131 -0.21028228
  0.01825128  0.19199393 -0.2788885   0.17079969 -0.31604857 -0.68877225
  2.3777296   0.20250856 -1.21737127 -0.74669102  0.47917644 -1.21923093
  2.63120375 -0.86055132  2.21439595]
[ 1.          0.160646    0.63298834 -0.1171451  -1.07450995 -1.01756611
 -2.20886166 -0.15228246 -2.15440175  1.00900752  1.18150129  0.81312247
  0.06742947  2.53417398 -1.13387767 -0.03681853 -0.37364378  1.05019404
 -0.99620327  0.84974085  1.60469178]
[ 1.          0.85134192  0.14962729 -0.36433816  2.06106285  0.45671872
  0.5706802  -1.085417   -1.33385475  2.40148382  0.1885045   0.80896407
 -1.93593861 -0.19915746  1.86429873 -1.03244516 -0.67690384  0.17092439
  1.62789891 -2.00176023 -0.16282522]
[ 1.         -1.34739158 -1.04381905  0.73752284 -1.02923068  0.92889659
  0.09977142  2.41860355  0.29712547  1.26510817 -0.01232342  2.49157585
 -1.27392765  1.65191336 -2.46762873  1.58025     0.82584598  1.89269205
  1.35218354 -3.73075855 -6.32153456]
[ 1.         -1.54030571 -0.31340401 -0.62908208  0.05179143 -0.32562945
 -0.00678535 -0.00697351  0.22784011 -0.83003908 -0.21846799 -1.31479824
 -0.44266098 -0.17092549  1.19873173  0.04575282 -2.43693884 -2.02008586
 -0.07928386  0.37262004  0.26662357]
[ 1.          0.38596905  1.66956397  0.56360542 -2.06838514  0.50017979
  1.96612765 -1.45697342 -0.80608158 -0.73354374 -1.09674674 -1.41751661
  0.16059797  0.82419752 -0.47478103 -0.6895021   0.51387526 -0.16735836
  1.37058004 -0.24770322 -0.9243777 ]
[ 1.         -1.55751705 -0.94017331  1.05945633 -0.50027076 -0.11063557
 -0.52279276  1.66606788 -0.34512102  1.20742657  0.72252017  2.02045979
 -0.66398166  4.28980134 -2.72150535  2.38152879  1.59309499  2.90279605
  2.51061429 -4.4836788  -6.45993666]
[ 1.          0.30703836 -0.15285178  1.0773883   0.89350243 -0.41903787
 -0.55632742 -1.03490684  0.74254723 -1.81349642  1.3689389   0.41706278
 -0.27298647  0.58067728 -0.70684002  1.61978856 -0.514851    0.07138366
 -0.23864683  0.36837424 -0.80894023]
[ 1.         -0.85382956 -0.71928447  0.31216845 -0.85174082  1.00116093
  0.33217583  1.60752895  0.42747898  0.6059224  -0.33211111  1.27018074
 -0.78334889 -0.5555487  -0.76814617  0.18556952 -0.10106765  0.04162987
 -0.1665833  -0.47128316 -1.24002354]
[ 1.          0.33324281  1.79087902 -2.62665535 -2.71006795 -5.14015518
 -2.96322688  0.04126097 -2.56086316  0.60740409  1.09529316  3.25554259
 -1.92485342  0.21603764 -2.99936485 -2.55902001 -1.25462556 -0.0117476
  0.31408555  2.30537719 -0.8136843 ]
[ 1.          0.43931828 -0.0734531   0.13911459  0.01525427 -0.54543226
  1.15915894 -0.57997189  1.36860127  0.89525688  2.87395881  0.47310209
  0.93191578  0.17008     0.8384169   0.26061081 -0.13238724  0.26702426
  0.07656667  0.83906471 -0.23180964]
[ 1.          0.74003948  0.84979877 -0.25387086  2.4898249  -1.08864364
  3.55453339  1.75881747 -2.90172302 -0.35781825 -1.5421119  -0.88102264
  0.28264429 -0.103681   -3.14497385  1.23204956 -1.11392824  1.65117526
 -3.88173295  0.64994777  0.51772958]
[ 1.         -0.46784844 -0.10163533  0.7446513   0.97393796 -0.39467601
 -0.51076616 -0.37558264 -0.18572025 -0.22463307 -0.46328439 -0.02717803
 -0.21204138 -0.2940631   0.33882932  0.07752986 -1.20992439 -0.4272592
 -0.00414301  0.20249591 -0.23171367]
[ 1.          0.16598914  1.41278665  0.77944344 -2.41865031  0.39712225
  2.10134502 -2.00983147 -0.1455318  -0.69134029 -1.47070338 -2.82728957
 -0.50899629  1.24451816 -0.86576915 -1.70287756  0.98391035  0.23835657
  1.97727635 -0.3603504  -1.70965201]
[ 1.          0.85067241  0.62213679  0.51535102  0.05159471 -0.18930774
 -1.69644998 -0.12887176 -0.12317891  0.18483946  0.84817632 -0.63330496
 -0.57443423  0.29318535 -0.23665426  0.95617275 -0.12099077  0.15666532
 -0.45508823  0.93628966  0.56597404]
[ 1.          0.69118486  1.88584306  0.93664831 -2.54960595  0.06508047
  0.74419497 -0.40717979  0.12202612  1.23694659 -0.08820908  0.59870818
  2.55744137 -0.30553312  1.19461865 -0.27537537 -1.04284119 -0.63988096
 -1.75584928 -2.12108345  0.65767548]
[  1.00000000e+00   1.76459700e+00   1.96464851e+00   6.74834343e-02
  -3.26440094e+00  -3.88947255e+00  -2.94664417e-01   1.80332563e-03
   9.96516561e-01   2.19872370e+00  -2.97960785e+00   5.40414259e-01
  -7.90542288e-01  -7.79692336e-01   1.30720812e+00   1.75499086e+00
  -1.04935691e+00   1.35839860e+00   1.31302354e+00   2.50141333e+00
  -2.13856093e-01]
[ 1.          0.84374868  0.5181822  -0.23151465 -1.42910391  0.93889087
 -1.05592835 -0.85079068 -2.06834896  1.10747432  0.96676501  0.44868013
  1.15263129  2.11716583 -0.03260099 -0.6464343  -1.34625889  0.167396
 -2.61162227 -0.73032436  1.14041827]
[ 1.         -1.03891249 -0.66851808  0.57552061 -0.02267367 -0.08033779
 -0.0404634   0.80591664 -0.52486714  0.29602022 -0.69877199  0.37078839
  0.10943284  0.27593667  0.44565393 -0.23391968  0.33823504  0.4204054
  0.13733158  0.31554196  0.2690654 ]
[ 1.         -0.77975129 -0.7839617   1.02035177  0.12772581 -0.49272979
  0.1359098   0.22556666  1.03856527  0.194448    1.46427764  0.79870945
 -0.75519095  3.16892816 -1.86047469  1.72654266 -0.05691478  0.66503212
  1.21403508 -2.81066469 -4.73941256]
[ 1.         -1.43786228 -0.36848991  0.65817556 -0.09584917 -0.68893383
 -1.08751974  0.56616402 -1.48801941  0.67319879  0.17957278  0.37666345
  0.62015364  2.62850101 -0.44758305  0.77415179  1.36004597  1.48242304
  1.10949792 -0.0912293   1.2559085 ]
[ 1.          1.37545403 -0.77345242 -0.06350803  0.18975031 -1.66512513
  0.53863502  0.42760094  0.84216171  0.28340977 -1.10153498  1.13475763
  0.73370584 -0.28164084  0.50759981 -0.90595079 -0.08639743  0.37250751
  0.03485865  1.35140421 -0.20863223]
[ 1.         -1.60688139  1.58038853 -4.74023387 -1.14137775 -3.50083408
 -1.33597611  0.05625277 -1.62288639 -2.3606282   2.45626348  1.7174829
 -1.3831446  -1.55932942 -2.11797895 -3.72739019  0.35804232 -1.67851495
  0.26024445 -1.86548648 -1.3116897 ]
[ 1.         -0.48589356 -0.22153315  0.72204016  0.27525736 -0.35312237
 -0.02740606 -1.229259    0.55962431  0.17737122 -0.24842159 -1.04863662
 -0.61683177 -0.15178692 -0.85424568 -0.73091498  1.20025308 -0.53370542
 -0.51699057  0.23255346 -0.25589693]
[ 1.          1.11483382  2.32539378  0.75447311  0.54742285  1.11446856
 -1.69952909  3.38664424  0.9053883  -0.19270205  0.68704274 -1.5094568
 -0.05521888 -0.54089151 -0.15238256 -1.13884708  0.47897603 -0.54692547
  0.89900465  0.033526    0.28128172]
[ 1.         -0.86504706 -0.32479415  0.77712584  0.34704214 -0.49917013
  0.13196128 -0.10578696  0.45857536  0.37576156  1.44506317  0.22760359
  0.52727941  0.63957796  0.37377782  0.89585493 -0.70201273 -0.51529082
  0.35155293  0.28994071 -1.71243382]
[ 1.          0.37291003 -0.75944769  0.6047327  -0.95889475 -0.18440962
  1.74149482  0.99807605  3.0426633   0.0121178   0.40065868  3.04138948
 -3.3330405   1.07836637 -0.89358355  0.48729386  0.71859564 -2.07688921
 -2.24490556 -1.86060583  4.52375105]
[ 1.         -0.37234462  1.90446228 -1.63615778  1.51179651  2.07689652
 -0.71950696 -1.01903301  1.75566201  1.41938644 -1.84778093  1.425898
  0.32950117  1.05916211 -0.83155348 -0.15049822 -0.62909855 -0.02853042
  0.17781209  0.84892576 -0.58478151]
[ 1.          0.18495312 -0.95711171  0.01085639 -0.84712358  0.90477726
  0.29169365  0.70603847 -0.22697917 -1.30216601 -0.98437309  1.4064959
 -0.54362524 -0.35581825  0.69882311 -0.31784533  0.57658452  0.09283638
  0.37797794  1.02454058  0.15221507]
[ 1.         -0.02524348  0.61278685  1.41005922  0.85430561  0.10816731
 -1.41415888 -1.69513802 -0.51309946 -0.59494363  0.26995577  0.58003622
 -0.2803357  -1.73365835 -1.29722183  1.1129425   0.66855311  0.31369811
  0.34858755  0.20420655  1.09018732]
[ 1.          1.45152556 -0.83651868 -0.94067544 -0.22623249  1.20870253
 -1.11687748 -0.50687453 -1.33324761  0.58953049  0.26416693 -0.37848039
 -0.47093687  0.72493231  0.63814569 -0.02385455 -0.33375775  0.12552719
 -1.04724818 -0.21057892  0.01403145]
[ 1.          0.75723728  1.11956977 -0.20684124 -1.78326316  1.34812922
  0.25657388 -1.72191991 -1.4125941   0.34974274 -0.29131053 -0.78141776
  0.40660451  2.90462678 -0.50794132 -1.1595335  -1.49044446  0.28773705
 -1.28214364 -0.56400295  0.29249567]
[ 1.         -1.64250339 -0.64112581  0.31744422 -0.03790064 -0.52074904
 -0.50820421  0.62099481 -0.99384301  0.38605698 -0.27467695 -0.31013298
  0.72033995  1.6172283   0.25318504  0.21261153  1.35079807  0.61197896
  1.1426348   0.13503104  2.03905608]
[ 1.          1.70909781 -2.20845694 -1.39523154 -0.27203102  0.60065658
 -0.72961526 -0.27312515 -0.41272321  0.48097032 -0.22276634 -1.15705387
  0.93115327 -0.59276284 -1.16458745  1.27779798  1.54794772 -2.36783043
 -0.40824905 -0.05988029 -1.25379179]
[ 1.          0.24553125  1.07917493  1.25394223 -1.65509025  1.22010403
  0.7526048  -1.34495942 -1.36966991 -2.1200565  -0.45377284  1.87307071
  2.01364588 -0.99097875  0.21101436  0.07885226  0.06080279 -0.72281049
  1.0137623  -0.57688911 -0.00319874]
[ 1.         -1.35873758  2.65120147 -4.20713468  1.99609171  2.16904907
 -0.81241011 -1.58453326  3.65601204  0.71588439 -3.08779667  2.1504047
  1.86288333  2.18491516 -0.3128686   1.09648113  0.47215518  0.94711595
 -0.21417682  1.89679926 -0.4917341 ]
[ 1.         -0.44627707 -0.9753661   0.58667088 -1.2393075   0.73098894
  1.30836245  2.02272198  2.3364648   0.58252885 -0.05516067  3.30495369
 -3.10731594  0.19331802 -1.47633192  0.56575922  0.45695207 -1.68442679
 -2.08294093 -2.26718986  2.45617155]
[ 1.         -0.25482955 -0.71319325 -0.33230469 -0.73913335  0.56261798
  0.40522266 -0.32977201  0.7687797  -0.97146052 -0.38800992 -0.98207364
 -1.10880433  0.64248512 -0.80821514 -0.29347845 -1.78510746 -0.15824649
  1.03899981 -0.05540171  1.07858367]
[ 1.          1.71594482  1.32373486 -0.59729997 -2.5215154  -4.47890115
 -1.15340074  0.18047746  0.34059934  2.00078161 -2.31354639  1.45553547
 -0.92696477 -0.88510155  0.39929936  1.59883039 -1.09322652  0.92702782
  1.01218382  2.97525823 -0.4782325 ]
[ 1.          1.48734292 -0.52099487 -0.92702519  1.11094468  1.22690725
 -0.51681537 -1.14136141 -2.08842289  2.24635898  0.37488889  0.25834961
 -1.92793147  0.54608803  2.14399773 -0.87609337 -0.95911872  0.29956704
  0.32105398 -2.22238265 -0.14551529]
[ 1.          0.26672223 -0.06865094  0.76663378 -1.66976786  1.47289328
  0.71733055 -0.30625891 -1.15111308 -2.66415839 -1.21926043  2.67892218
  1.01239699 -1.12692048  0.86853848 -0.25955238  0.68237062 -0.55378488
  1.35910844  0.68347127  0.18459769]
[ 1.          0.04862793  0.62702678  1.55528534  0.35361922  0.3682893
 -0.76269903 -1.59224426 -0.9269087  -2.33025848  0.19585817  1.51620174
  0.76185958 -1.36193734 -0.44592138  1.52902116 -0.16139102  0.21003834
  0.96476453 -0.27748004  0.24099042]
[ 1.          1.23718221 -1.79862202 -0.77174635 -0.69982255  0.65930856
 -0.11248148  0.53058105 -0.42078623 -0.40905571 -1.18967605  0.92701339
  0.22452227 -0.6688519   0.22946925 -0.20934722  0.65554786 -0.54465194
  0.39487924  2.00571633 -0.16323626]
[ 1.          1.20474256 -1.20377639 -0.15713297  1.43453753 -1.34352566
  0.88603119  0.33874426  0.54729096  0.34374591 -0.21569294 -0.08892096
  2.6634773   0.2661875  -0.83953458 -1.73329889  0.33101646 -0.4813409
  1.84620621 -1.02633729  1.08558049]
[  1.00000000e+00   1.01695106e+00  -5.10425836e-01  -1.52045334e+00
   2.48491943e-03  -1.47465450e+00  -4.57577086e-01   1.94571698e-01
  -6.20218856e-02   4.67469024e-01  -1.49703398e+00  -1.64804833e+00
   8.66666948e-01  -1.67489375e+00   3.39004908e-01   4.41527072e+00
   1.83234565e+00  -2.57564376e+00  -5.91817356e-01  -5.85034288e+00
  -6.64303389e-01]
[ 1.         -0.32944341  0.18812638  0.96496096  0.91731719 -0.22150426
 -0.63431559 -0.36338121 -0.35100948 -0.70130635  0.21654333  0.52080164
  0.44786959 -0.01936506 -0.59225722  0.96599031 -0.63812613 -0.05665102
  0.88966616 -0.22911537  0.22271719]
[ 1.         -1.76747963 -0.37789235  0.15543814 -0.1181428  -0.45595585
 -0.22312437  0.19250294 -0.38260542  0.48410982 -0.0165205  -0.79819716
  0.33156024  0.42071852  0.63995048 -0.11322658  0.92606194 -0.31956934
 -0.36557154  0.46032019  0.28410571]
[ 1.          0.04174456  1.77270921  0.19429286  0.31848567  1.49572006
 -0.19387096  1.60817365  0.31314272  0.47573726  0.17063525  0.53969443
  0.71316019 -0.25901995 -1.06819817 -0.03874381 -0.41596378 -1.24225303
  0.42050025 -0.04432498 -0.60299586]
[ 1.          0.24834004  0.06830747  0.96192488  0.78818877 -0.00517288
 -0.74486204 -0.89343875 -0.19741203 -2.34971022  0.40083107  0.73038851
 -0.26646927 -0.37394758  0.62597765  1.12086694 -0.39474406  0.77847179
 -0.2808923   0.05752459 -0.79886017]
[ 1.          1.75275738  0.93968766 -0.72575188 -1.72575192 -3.280334
 -1.44586916  0.07232859  0.52247584  2.05483149 -2.81313965 -1.66470536
 -0.27100873 -2.14215054  1.27382563  7.78589095  1.20785934 -2.07105355
 -0.07981301 -5.34063823 -0.33938216]
[ 1.          0.99324465 -1.10118674  0.11818379  0.60283465 -0.77680984
  0.15241883 -0.72035418  1.27987683 -0.21314013  0.73050311 -0.61223107
  0.61557424  0.46332231 -1.0298696  -0.24901617  1.5581214  -1.09433034
 -0.78135968  0.65336253 -1.38201633]
[ 1.         -0.54675165 -1.31289871 -1.48654713 -1.27867932  1.03841937
  0.69418685  0.46105282  1.12805488  0.7726531   2.09231118 -1.06123586
  0.33167405 -3.35354298 -1.3393449   0.97846567 -2.58177637  4.97553746
  1.45013765  0.12736905  0.81530819]
[ 1.          0.80119555 -0.48036877  0.56043511  1.98759473 -1.66006065
  0.72375276  0.71445718 -0.13398997 -0.01605174 -2.01457647  0.55964485
  0.93348681 -0.38185643  0.38310536 -1.83232158 -2.53425555  1.42923664
 -0.24053177 -1.69725963 -0.50463626]
[ 1.         -1.5288895  -0.7112363   0.83244832 -0.07597795 -0.49091621
 -0.72432889  1.04204535 -1.48610498  0.73902287 -0.50834092  0.61975388
  0.57039304  2.31616966  0.09439831  0.38511411  1.54862611  1.82265968
  1.16306974  0.2983873   1.56252557]
[ 1.          0.57049001  0.29281743 -0.85744253 -0.26572037  1.48234149
 -0.43028483 -1.16684343  0.2932272   0.28340889 -0.4387434  -0.44633558
 -0.69584379  2.02878742 -0.34593133 -0.55216111 -1.51443406  0.45106525
 -0.61660675  0.25795555  0.17783239]
[ 1.          1.15188862 -0.65975553  0.02823262  0.84139193 -0.87984078
  0.3064267   0.23938766  0.55333198 -0.82382698 -0.39973258  0.15842502
  0.28201719  0.18684561  0.67973363 -0.96918982  0.89378559  0.90577402
 -1.07588648  0.09162238 -1.18930662]
[ 1.          1.27217385 -1.10293659 -0.00475397  0.91014502 -1.53092753
  1.01532735 -0.16628155  1.52358645  0.5195626   0.89759817  0.26299966
  2.36186424  0.32215605 -0.41280639 -1.3741019   0.85856767 -0.58738689
  0.90887007  0.62148165 -0.16126875]
[ 1.         -0.20486753  0.27329414 -1.63140006  0.1717687  -0.06834701
 -0.12197857  0.24100165  0.05686122 -2.28731591  0.47946097 -0.41012264
 -0.45963111 -0.18755972  2.29966126 -0.08386698  1.45495503  1.61468723
 -1.30087555 -1.09197127 -0.22210157]
[ 1.          0.5140991   1.74657971 -0.79583952  2.2735339  -0.61067801
  4.74490042  1.93963703 -3.83482981 -0.48846571 -1.03492049 -1.2515035
 -0.16792926 -0.10679276 -3.81504247  2.38163924 -0.55346073  1.03418371
 -4.10244867  2.088123    0.4770742 ]
[ 1.         -1.71782699  2.08543817 -4.40763133  1.37917281  1.05305824
 -0.42061398 -1.1064393   2.85711718 -0.42985357 -1.93860154  1.17780589
  1.78010074  1.3983174   0.42049152  1.27320789  1.025306    0.90384366
 -0.35867268  0.88405353  0.10669827]
