Cluster centers 

[ 1.34328383  0.70729322  0.41987356 -0.24782439]
[-1.34621946 -0.73404909 -1.20345178  1.00602522]
[ 0.86204972 -1.02789449  0.56483798  0.20476502]
[-0.76397131  0.66474233  1.03685727 -0.62436824]
[-0.26215569  1.32188532 -1.11962861  2.05879506]
[-0.62507075  1.52076558 -0.13635363 -1.14800251]
[ 0.52697767 -1.0508295  -0.80358516 -0.96318575]
[-1.37912347 -0.82104343  0.49941783  0.3253063 ]
[ 1.17008961  0.19860324  1.40569427  0.97085424]
[ 1.00819664  0.28584618 -1.7198668  -1.15207097]
[-0.5127569   0.75415055 -0.38976702  1.67341   ]
[-1.79528125 -1.73532415  0.18579993 -0.6027604 ]
[ 1.4074855   1.21990219  0.15142333  2.34262396]
[-0.14107667  1.1758926   1.5729673  -0.15114136]
[-1.14098483 -0.39583758  0.46030473  0.70258738]
[-0.36218785  0.52225717  1.35373285  1.01816756]
[-1.13870734  0.4373552  -0.09175305 -1.2885954 ]
[-0.74560771  0.74883504 -2.21519221  1.83113926]
[ 0.15873104  2.71496397 -0.1519096  -0.85731716]
[ 0.72864492 -1.19653743  0.25099795 -0.16947842]
[ 0.2083552  -1.49909021 -0.97787318 -1.11954932]
[-0.89781144  0.1461094  -0.43072276  1.32744559]
[ 1.27094049  0.80951014  1.19384186  0.15758968]
[-0.86231443  0.8501343   0.36306659 -1.0209443 ]
[ 0.68004755 -1.56111258 -0.31787947  0.93208211]
[ 0.94217645 -0.56346702  0.13418958 -0.38056622]
[-0.78619019  0.51732112 -1.37235769  1.65924554]
[-1.53066175 -1.18776891 -0.20468436  0.44612133]
[ 1.14956627 -0.04174035  0.56977315 -0.13641938]
[ 0.83432276 -0.32417796 -1.09614851 -1.01340421]
[-1.34692492 -0.44271761  0.78070772 -0.71053089]
[-0.53019928  2.3644828  -1.83934215 -1.54454583]
[ 0.92616322 -1.03625243  0.44147716  0.84539055]
[ 1.23707127  0.49430524 -0.82601036 -0.78259953]
[-0.97223313 -0.16772591  1.06012866  0.51192527]
[ 1.69705823  1.20288849 -1.26965472  2.64700246]
[-0.01468988  1.89871369 -1.82912782  2.37676244]
[-1.22764338  0.08771861  0.29093709 -1.11675889]
[-0.49559861  1.3713529   0.59728752 -0.82251437]
[ 1.63752222  2.13087549 -0.04096006 -0.36332168]
[-1.07256687 -0.14386162 -0.67375226  1.2122233 ]
[ 1.16625394 -0.40590842  0.41980385  1.41303352]
[ 1.08157269 -0.35395776  0.85470717  0.17792117]
[ 0.21094754 -1.71735915 -0.62596406 -0.89636146]
[ 0.08466876  3.38866259 -1.62464473 -1.19442253]
[ 1.04683862 -0.16959731 -0.2003468  -0.57650183]
[-0.84411314  1.41142241 -0.99185608 -1.49354388]
[ 0.79326755 -0.87379331 -0.03433966 -0.48064632]
[-0.02331934  0.97835507  0.79573584  1.63203989]
[-1.4993663  -1.02994879  0.60189535 -0.03410656]
[-0.49332408  0.76881745  1.50296791 -0.22552637]
[-1.17022847 -0.0058705   0.78295218 -0.79212527]
[-0.96020816 -3.22425801 -0.84063618 -0.59675396]
[-0.55822765  1.2137298  -2.64512781  2.05368346]
[-1.14616105 -0.33128342 -0.30024711  1.01668262]
[ -1.52518178e-03   2.13538141e+00   4.87907762e-01  -7.17849290e-01]
[ 0.30760696 -1.95512338 -1.54542429  1.09238779]
[ 1.05693408 -0.79982087 -0.52386985  1.54958743]
[ 1.2762957   0.72427735  0.84925964  1.88324138]
[ 0.88584808  0.87025333  1.9017616   1.10752387]
[ 1.32046475  0.05225443  0.12388554  1.8175467 ]
[-1.31585098 -0.58363981  0.9865707  -0.23909544]
[-0.62627197  0.44476398  0.21321476  1.37889701]
[-0.98559158  0.10601176 -1.24906447  1.43766833]
[-0.53100832  1.8744034  -0.52369262 -1.23178744]
[ 0.40703865 -0.87469517 -1.50142406 -1.29617244]
[ 0.3620487   1.00343772  1.9858491   0.73330757]
[-1.14282887 -0.37207358  1.08009184  0.14089707]
[ 1.20326042 -0.06916164  0.91188297  1.3324532 ]
[ 1.27044466  0.88595893 -1.898236   -1.08671502]
[-1.28041789 -0.57948191 -0.72188066  0.98070041]
[-0.99327952  0.09837799  1.19159    -0.41343125]
[-1.44551325 -0.32134311 -0.3877029  -1.4734449 ]
[ 0.35583372 -1.86640433 -0.1668018  -0.22576837]
[-0.66816812  0.90846428  0.91256312 -0.69726128]
[-0.50543329  1.19064437 -2.07510724  2.02917059]
[ 0.932782   -0.25796344 -0.74602506 -0.84714105]
[ 1.05934374  1.44394275  1.48648824  0.1333753 ]
[-0.27155492 -2.01351608 -1.12166394 -1.29203213]
[ 0.80298417 -0.61661746 -0.56056079 -0.79285985]
[ 1.14103122 -0.12947413  1.10774937  0.3996239 ]
[ 0.71022889 -0.30621113 -1.65824714 -1.24931236]
[-1.5512606  -0.89704375  0.51803937 -0.82735276]
[-1.42012237 -0.91319875 -0.59404975  0.75761383]
[-0.27696109  2.47888376 -0.93429786 -1.23070871]
[ 1.03432446 -0.68532421  0.77755729  0.76484191]
[ 0.6371322  -1.23254234 -0.04876278 -0.46677098]
[-0.71276321  0.25122221  1.51783872  0.1827662 ]
[ 0.96950597  0.65012683 -2.73844171 -1.41369308]
[-0.26828096  0.63759123  1.8096068   0.49490011]
[-0.900279    1.14370653 -0.53898135 -1.38034102]
[ 1.08966473  0.16657583 -0.93715996 -0.87252028]
[ 1.23083654  0.29738862  0.05216992 -0.43080252]
[-1.09459695 -0.08880443 -1.91086133  1.42579055]
[-1.06957731  0.39929198  0.41502393 -1.03107643]
[ 1.25346124  0.46050908 -0.47146898 -0.64951998]
[-0.59195381  0.3162571   1.06519598  0.98626758]
[-0.68839011  0.6384774  -0.39053282  0.09352039]
[ 1.02594511 -0.4875708   0.63530241 -0.00392017]
[-0.96396208 -0.07330825  0.20467427  1.03493864]

Populations

0.0153351004684
0.00739667390965
0.0192364259301
0.0133342774721
0.0118643133177
0.0111615864829
0.0233400850179
0.00724909897739
0.0140989640494
0.0119832207724
0.00967147560128
0.00765144721312
0.00923308118376
0.0097407653687
0.0118124156524
0.00470235086711
0.0126348509814
0.00893994110859
0.00739880661316
0.0163930750601
0.00277471985754
0.0147880558258
0.010188276112
0.00968130033386
0.0150447695386
0.03144495877
0.0059155439717
0.00959827163634
0.0165674238408
0.00719112247579
0.00706614851948
0.00255541229802
0.0123088837664
0.00771131880094
0.00858579609874
0.00210694661835
0.00178365642823
0.0205470690784
0.013710764778
0.00317070969856
0.00695109676494
0.00476600158288
0.00623099643121
0.0109178694204
0.0046659796464
0.0278820189356
0.00664891751303
0.0144568949418
0.00465018886884
0.0101234133465
0.0073505344287
0.0126455792129
0.0021949015168
0.00166890341864
0.00896578188706
0.00325205400167
0.00697821691649
0.00235403801646
0.00738060262292
0.00325811467877
0.00424497156027
0.0156114388682
0.00221870842625
0.0189224358566
0.0135483007304
0.0133966624874
0.00536052842729
0.0117237381418
0.0165777404077
0.00489483050375
0.00934965025153
0.0142960379686
0.0046479525398
0.00915891707261
0.0159123840046
0.00437094931051
0.00708327243336
0.0131313254656
0.00728207192621
0.0170066047028
0.0198457998714
0.0050115343029
0.0132843910097
0.00820984383282
0.00257950524603
0.00768665850723
0.0215217825229
0.0149535659282
0.00749257562626
0.00707186494331
0.0018740919821
0.0105876727993
0.0161324661686
0.00699865680761
0.00755447560084
0.0133792556676
0.00708913379103
0.0177818729493
0.0129451227101

State labels

0
1
2
3
4
5
6
7
8
9
10
11
12
13
14
15
16
17
18
19
20
21
22
23
24
25
26
27
28
29
30
31
32
33
34
35
36
37
38
39
40
41
42
43
44
45
46
47
48
49
50
51
52
53
54
55
56
57
58
59
60
61
62
63
64
65
66
67
68
69
70
71
72
73
74
75
76
77
78
79
80
81
82
83
84
85
86
87
88
89
90
91
92
93
94
95
96
98
99

Eigen values

1.0
0.681927609266
0.618472437843
0.580284572325
0.559324021228
0.536765195344
0.514586029625
0.513514113701
0.486731603637
0.46843570553
0.464011619447
0.435066279094
0.430697673822
0.416111478817
0.407067586473
0.397008605068
0.379621738383
0.369211094326
0.366949296229
0.337291607731
0.3335451917

Left eigenvectors

[ 0.0153351   0.0045273   0.00982445  0.01369466  0.01401054 -0.0049984
  0.00505175 -0.00715441  0.0038996   0.00107287  0.02337866 -0.00968051
  0.00708687 -0.01279165 -0.0121139   0.00268824  0.00464069 -0.02598548
 -0.00220406  0.00948514  0.0085878 ]
[ 0.00739667  0.00031849 -0.02720233 -0.01171662  0.00765608 -0.01590463
  0.01460851 -0.00269357 -0.01319069  0.00121418  0.00710581  0.00855114
  0.00161179 -0.00010208  0.00225466 -0.0128008  -0.00101672 -0.00369912
 -0.01705067 -0.00268703  0.00705672]
[ 0.01923643  0.00292569  0.00626004 -0.0095613   0.01787511  0.01790871
  0.00826197  0.00438085  0.01032815  0.01053813 -0.01391985 -0.01450689
  0.00894715 -0.00864233  0.00093916 -0.00751265 -0.01589733 -0.00244158
  0.01657363 -0.011861    0.00251474]
[ 0.01333428  0.0026182  -0.01366501  0.00636119  0.00221971 -0.016619
 -0.01134881  0.01323977  0.02094285  0.00042854  0.01392999 -0.02632064
 -0.01628411  0.01511573  0.00118466 -0.00503651 -0.01560777  0.00724971
 -0.00309472 -0.00476173 -0.00162088]
[ 0.01186431  0.00285984  0.00942313 -0.0172254  -0.02308212 -0.01002778
  0.00861921 -0.01391607  0.02172098 -0.00911319 -0.01065784  0.01794814
 -0.00199689 -0.01664284 -0.00654426 -0.01128894 -0.01440821 -0.0104988
  0.00261535  0.01007143  0.00847638]
[ 0.01116159  0.00473445  0.01032569  0.01271616 -0.00360635 -0.02194687
  0.00300612  0.01955635 -0.02182886 -0.00553919 -0.01964787 -0.01003585
  0.00385772  0.00972724 -0.00293933  0.0074358  -0.00161147 -0.01260959
 -0.00559214  0.00316231  0.02107052]
[ 0.02334009  0.00340137  0.00236169 -0.00097965  0.00461647  0.01338695
  0.00625613  0.01595689  0.01530742 -0.00670988 -0.02314673  0.01499717
  0.02565891 -0.00573718 -0.00533413 -0.00375729  0.02210139 -0.01855285
 -0.00408234 -0.02046833  0.00678791]
[ 0.0072491  -0.00055255  0.00897758 -0.00994462 -0.00248842  0.00812974
  0.00520093  0.00660052 -0.0041954   0.00446166  0.0061426  -0.0052443
 -0.00448013 -0.0011402   0.01033602 -0.00327076  0.0018136   0.00724769
 -0.01084169 -0.00077402  0.00159674]
[ 0.01409896  0.00265974 -0.0122276  -0.01544073  0.0029745   0.00994655
 -0.00622933 -0.00411358 -0.01587341  0.01212936 -0.00680066 -0.00574791
 -0.00585707 -0.0040216  -0.00976212  0.02063978 -0.02455553 -0.00304082
  0.00078802 -0.01380106 -0.02497077]
[  1.19832208e-02  -8.94073233e-04  -8.20130381e-05  -1.44895973e-02
   4.46862388e-03   1.39923754e-03   1.01449970e-02  -7.40828352e-03
  -4.98755952e-03  -2.14925970e-02   7.07393748e-03   1.19267354e-02
  -2.61925226e-03   1.95245464e-02   1.90396190e-03   2.57201866e-02
  -1.12033001e-03   5.54508386e-03   1.47312546e-02   3.98838945e-03
  -2.78709751e-02]
[ 0.00967148  0.00312511  0.00599513 -0.00870158 -0.01740254 -0.01346798
 -0.016017   -0.01291135  0.00165907  0.00335317 -0.00658387  0.00222647
 -0.00137168 -0.00630894  0.01690113 -0.01999731 -0.0005021  -0.00837507
  0.02234362  0.00214603 -0.00690982]
[ 0.00765145 -0.03427417 -0.00666925  0.00858799 -0.00249934 -0.00490574
 -0.00515977 -0.00079809  0.00794684 -0.00180149 -0.0033827   0.01273836
  0.01470368 -0.00254372  0.00394877 -0.00180164 -0.0063194   0.01285511
 -0.00084688 -0.00872144  0.00149605]
[ 0.00923308  0.00116218  0.00693909 -0.00389906  0.00520873  0.00612264
 -0.00260917  0.01359917 -0.00054902  0.0068748   0.01356938  0.00872804
 -0.00633127 -0.00425246  0.01008623  0.0058006   0.01879194 -0.01115546
 -0.00729419 -0.00723021  0.01439268]
[ 0.00974077  0.00153106 -0.00654028 -0.01350619  0.01399184  0.01749228
  0.00376953  0.00940131 -0.00479559  0.01810886 -0.00823578  0.00131681
  0.0107058  -0.0048324   0.00157781  0.00356652 -0.01281825 -0.00041466
  0.0151239  -0.00364149  0.0061211 ]
[ 0.01181242  0.00233206  0.00284263 -0.00279076  0.01370986  0.00247504
 -0.00446157  0.00709199  0.00540405 -0.00232781 -0.00534333  0.00984618
 -0.00532679 -0.00719014 -0.00667428  0.00808372  0.0357209   0.00541639
  0.01338708  0.00474754  0.00447385]
[  4.70235087e-03   1.85245824e-03  -4.97544007e-05   5.04636623e-03
   6.92388152e-03  -4.79232567e-03  -1.36276476e-04   2.97780948e-03
   9.37755888e-03  -1.82699011e-03   6.97722901e-03  -1.30110924e-02
   2.61455586e-03   8.41895548e-04  -1.07474779e-02  -8.68243087e-03
  -7.00168393e-04  -1.27209963e-02   1.85385430e-03   3.60890989e-03
  -4.59918472e-03]
[ 0.01263485  0.00287855 -0.00600974  0.01062657 -0.02786944  0.01160368
  0.01385168  0.00713357  0.00481199 -0.00832682  0.0094758  -0.00028997
  0.00571406  0.00273397 -0.01785736 -0.00320956  0.00646777  0.00440465
  0.0145068   0.00291921 -0.00444513]
[  8.93994111e-03   2.99737826e-03  -4.25735142e-03   4.15974383e-03
  -9.95857591e-03   1.20022417e-04  -4.46508368e-03   4.98768642e-05
  -6.78440149e-03  -1.20325452e-03   6.25223553e-03  -4.60443038e-03
   1.09048175e-04   8.17509292e-03  -1.24933824e-02  -6.87564656e-03
   2.73370274e-04   1.18827617e-03   1.15472945e-02  -8.71808456e-04
  -6.50769619e-04]
[ 0.00739881 -0.00164205  0.00673213 -0.01288719  0.00233671  0.00461854
  0.00218684 -0.00713808  0.00853324 -0.0151274  -0.00209531 -0.00551813
 -0.0119449   0.00428158  0.00892601 -0.00625829 -0.00852412 -0.00439626
 -0.00329884 -0.008939    0.01567822]
[ 0.01639308  0.00726563 -0.00535268  0.00041669 -0.01077707 -0.02136362
 -0.00059527  0.01975843  0.01847746  0.03220776  0.01072475 -0.0020503
 -0.01957028  0.01663246  0.00361412  0.0217356   0.01398681 -0.00049578
 -0.01340738 -0.01542706  0.00090821]
[  2.77471986e-03  -2.92919787e-02   2.24898644e-03   9.67741137e-04
  -1.35079457e-03  -1.23727558e-03   3.56079747e-03  -1.09446244e-03
  -3.60084232e-03   6.05007047e-03   3.50423177e-04  -5.01274097e-03
  -6.76361001e-03   1.65477433e-03  -3.25553365e-03   5.19731645e-05
   3.32642104e-03  -7.40693796e-03   3.56460218e-03   1.92362431e-03
  -1.49543130e-04]
[ 0.01478806 -0.0008441  -0.00776321 -0.00055844  0.01335162  0.02044706
 -0.01007762  0.0018287   0.0079833   0.01594905 -0.01317018 -0.00263263
  0.01465569  0.00472776  0.00298224  0.01082891 -0.02150475  0.01071809
  0.01453528  0.02918475  0.01036798]
[ 0.01018828  0.00242818  0.00284648  0.01613106  0.0107737  -0.00636081
  0.00013166 -0.02245739  0.00227054  0.00650388  0.02031193  0.00575946
  0.01215084 -0.00213701  0.00121587  0.01368316  0.00368079 -0.00966511
  0.00367724 -0.00023946  0.00691195]
[  9.68130033e-03   3.29033095e-03   3.57134474e-03   9.38671947e-03
   8.97558576e-04   2.46410567e-03  -2.11963824e-02  -1.60834647e-02
  -5.91879833e-03   5.20941742e-03   2.76932579e-02   4.36520195e-03
   5.08638308e-05  -1.27164575e-04  -4.67326551e-03   1.54844784e-03
  -3.27486909e-03  -1.08065406e-02  -7.93755742e-04   2.26876625e-04
   1.87444508e-02]
[ 0.01504477  0.0036164   0.01038903 -0.00826882 -0.00789292  0.01047908
 -0.01542323 -0.01980509 -0.01321967 -0.0015971   0.00719107 -0.00379994
 -0.01122283  0.00650766 -0.01877874 -0.02319899 -0.02404669 -0.00735208
  0.00088736 -0.02099341 -0.00265502]
[ 0.03144496  0.0078908   0.00658873 -0.01294156 -0.00966444  0.02477668
  0.01347341 -0.00334492 -0.00038714  0.02971071 -0.03349722 -0.00615087
  0.00861397 -0.00954247 -0.01302447 -0.01507829 -0.00595937 -0.00445788
 -0.00793362 -0.02774501 -0.01375042]
[ 0.00591554  0.00160329 -0.00158648  0.00514704 -0.0048478   0.00814305
 -0.01481908 -0.00331416 -0.0072711  -0.00284387  0.01242997  0.005754
 -0.00891751 -0.00059141 -0.00359505 -0.0037374  -0.0062708  -0.00695406
  0.00159652 -0.00985156  0.00517685]
[  9.59827164e-03  -1.04022494e-02  -6.25586476e-03   1.53047611e-02
   5.06201224e-03   7.41505578e-03  -1.69824753e-02   1.73755711e-02
   5.66724402e-03  -1.21317782e-02  -1.54862235e-02   2.90668259e-02
   2.98553012e-03  -6.23205808e-03   4.78131232e-03   7.93253208e-05
  -1.22445481e-02  -3.02000773e-03  -4.63704780e-03  -1.17385241e-03
   2.58923421e-03]
[ 0.01656742  0.00504608  0.02222638 -0.00334797 -0.01657425 -0.00494949
  0.01011389  0.01766181 -0.01695547  0.01576112  0.01596601  0.01404197
 -0.00140349  0.00838524  0.02245451  0.0095763  -0.0013062   0.01781859
 -0.0021714   0.01398739 -0.00458298]
[  7.19112248e-03   2.34894038e-03  -1.65758564e-02  -6.88243480e-03
   4.34688619e-03  -1.44190980e-02   1.61629532e-03   2.23985378e-03
  -6.61401077e-04   1.01452021e-02   7.37436336e-03  -4.47492539e-03
  -5.39528780e-03   5.01162169e-03   6.63686605e-05   6.34970410e-03
  -4.78638121e-03  -5.68716279e-03  -1.05275342e-02  -1.51209924e-02
  -6.31237109e-03]
[ 0.00706615  0.00164363 -0.00168675 -0.00734278  0.00791792 -0.00470125
  0.00212085  0.00180878  0.00591693  0.00015381  0.00276995  0.0006285
 -0.000761   -0.0008368  -0.00104533  0.01276924  0.01496796 -0.00018686
  0.00925216 -0.00404721 -0.00375869]
[ 0.00255541  0.0002086   0.00215839 -0.0009002   0.0028628   0.00446495
 -0.00245881 -0.00775264 -0.00029226 -0.00109937 -0.00689242  0.00446417
 -0.00685428  0.01206656 -0.00533982 -0.00386351  0.00936388  0.0046532
 -0.00867022 -0.00076939 -0.00552062]
[  1.23088838e-02  -8.72880165e-05   6.59815788e-03   6.46443631e-03
  -3.61397935e-03   1.25060809e-02  -2.20760099e-02   1.03614775e-02
  -9.36295343e-03  -9.23642568e-03   3.18135307e-02   2.57378076e-02
   2.52082833e-03  -4.95323977e-03   8.57803543e-03  -5.46856916e-04
  -4.32291710e-03  -1.16907286e-02  -1.25391770e-02  -1.04584604e-03
  -2.88989937e-03]
[  7.71131880e-03   1.00652554e-03   3.44714511e-03   6.83662381e-03
  -6.82306380e-03   1.99892780e-03   8.22680515e-03   7.30973427e-03
   1.35599004e-03  -9.83758031e-04   7.80054093e-03  -2.64549234e-03
   2.14310395e-02   1.83756151e-02  -1.51883976e-03  -1.81989100e-03
   3.01251066e-05   1.21302196e-02   2.32494330e-03  -8.75936192e-03
  -2.58487600e-03]
[ 0.0085858   0.00441203  0.00642153 -0.00704646 -0.03035837 -0.00396337
  0.0172197   0.00583774  0.0200137   0.01719665 -0.00022671  0.02400767
 -0.00967719 -0.00381969 -0.01665767  0.00234627 -0.00656884 -0.00185999
 -0.00184587  0.01529724  0.00296524]
[  2.10694662e-03   1.41166733e-06  -1.63419445e-03  -1.42901474e-03
   1.14238281e-03   2.64294099e-03  -2.04606287e-04  -3.31302538e-04
   4.00573772e-04   2.28387292e-03  -2.41864433e-03  -3.40371401e-03
   3.76475667e-03   8.00293043e-04   1.67657250e-03   5.84115358e-03
  -5.50610706e-03  -2.23000171e-03  -1.05198493e-03   7.97292420e-03
   3.13400416e-03]
[ 0.00178366  0.00065063 -0.00768189  0.00574837 -0.00645354  0.00628496
  0.00214973  0.00074823 -0.00110297 -0.00523509  0.0001488  -0.00398267
 -0.00719064 -0.00471768  0.00141888  0.00014084  0.00464119  0.00330152
  0.00624931  0.00295543  0.0039152 ]
[ 0.02054707 -0.00923719 -0.00282776 -0.01668651  0.01132786 -0.01340022
 -0.02246628  0.00160669  0.03366297 -0.0085986   0.00387289 -0.01449841
 -0.00705946 -0.00150977  0.02030185 -0.02138631 -0.01594339  0.0450107
  0.01537466 -0.00796304  0.0160162 ]
[ 0.01371076  0.00398456  0.01212843 -0.00037375 -0.00319051 -0.01102914
 -0.0170537  -0.00385512 -0.01963767 -0.00290847  0.01327756  0.00455882
 -0.00087006 -0.0201977  -0.01217383  0.00250834  0.01388239  0.01030669
  0.01222868  0.01148493  0.00580648]
[ 0.00317071  0.00224975  0.0014943  -0.00252033 -0.01311225 -0.00483875
  0.00701291  0.00557631  0.01185334  0.01344734  0.00179538  0.01133398
 -0.0085062   0.00133453 -0.00796259  0.0057539  -0.00064808 -0.00118041
 -0.00407071  0.00587531  0.00211209]
[ 0.0069511   0.00019892  0.00247392  0.00050168 -0.00247473  0.01042635
  0.00147466  0.00573273 -0.00041537 -0.0037623   0.00909675 -0.00030132
  0.01092834 -0.00401538  0.00243348 -0.00223333 -0.00037287 -0.00703915
 -0.01231707  0.00184607 -0.01108312]
[ 0.004766    0.00225888  0.00529973  0.00112304 -0.00729946 -0.00347085
  0.0002989   0.00383324 -0.00822357  0.00343487 -0.01031046 -0.0047849
  0.00609922  0.00301258  0.01734658 -0.01150018  0.00443715 -0.01187588
  0.0022505   0.00494964 -0.00573598]
[ 0.006231    0.00023947 -0.01372717  0.00802535 -0.01044252  0.00857379
  0.00154593 -0.00542835 -0.00134132 -0.00629526 -0.00507491 -0.00912188
  0.00034034 -0.0054812   0.00689708  0.00051631  0.00779789  0.00389414
 -0.01228986  0.00873709  0.0091474 ]
[ 0.01091787  0.00225023 -0.02251609  0.02017948 -0.01765909  0.01931661
 -0.00611931  0.00172822 -0.00057641 -0.00920082 -0.00587482 -0.00878724
 -0.02528072 -0.01443395  0.00526924  0.00909593 -0.00174934  0.0004676
  0.00960625 -0.00726044  0.00307143]
[ 0.00466598  0.00161324 -0.00924345  0.00223534 -0.00422321  0.00653362
 -0.00542208 -0.00633959 -0.00298917  0.00147407 -0.00710374 -0.00692276
 -0.00500634  0.00052647  0.00087195  0.01293089 -0.00648147 -0.00493586
 -0.00341141  0.00129265  0.003456  ]
[ 0.02788202 -0.00243095  0.01785029 -0.02689349 -0.01029204  0.0151148
 -0.00130266 -0.00632609 -0.01461963 -0.01531557  0.02414294 -0.01047516
 -0.00468325 -0.01780898 -0.02382144 -0.00807513 -0.02686851  0.00188293
 -0.00169029  0.00685145 -0.03163181]
[  6.64891751e-03   1.43127906e-03  -1.45282305e-03   1.14123287e-05
  -6.57862211e-04  -6.89900702e-03  -1.20974838e-02   8.11778490e-05
   8.59676742e-03   8.60748269e-03   1.07031406e-02  -6.72755674e-03
  -3.28941647e-03   9.34787279e-03   9.15320341e-03   8.95695138e-05
  -8.69201884e-04   8.42107070e-03   1.54342157e-03  -4.11198237e-03
   9.56474664e-03]
[ 0.01445689  0.00160642  0.00726577  0.00489127 -0.00696902  0.01883282
  0.01066722  0.01014197 -0.00234033 -0.00913331  0.0028773  -0.01007601
  0.00598789 -0.00151776  0.02274055 -0.01726918  0.01134818 -0.00707481
 -0.01916936  0.00137332 -0.01599126]
[ 0.00465019  0.00280421  0.00920109  0.00851085  0.0008228  -0.00867313
  0.00503058 -0.00181457 -0.01392615 -0.00035045 -0.00295066 -0.00037781
 -0.00226637 -0.00213391 -0.0039258   0.00219614 -0.00388228  0.00583333
  0.00608379 -0.00641452  0.01617119]
[ 0.01012341 -0.00905484 -0.01552511  0.00122004 -0.00621067 -0.00848478
  0.00324244 -0.0091948   0.00044154 -0.00157036 -0.00594116  0.00097702
  0.01891865 -0.01785863 -0.00088764 -0.00731289  0.00284788  0.01903894
 -0.03030043 -0.00449493 -0.00110953]
[ 0.00735053 -0.00198961 -0.00083848 -0.01098266 -0.00515909 -0.00970038
 -0.00150457 -0.0069594   0.00627283 -0.00785976 -0.00250365 -0.00014047
  0.00614828 -0.02296646 -0.00495261 -0.00659737 -0.00534636  0.01476181
 -0.01081664  0.00226138 -0.00158997]
[ 0.01264558  0.00313118 -0.01501524 -0.00490773  0.0111491  -0.01967011
 -0.00210712 -0.00682867  0.00435614  0.00277943  0.0046874  -0.00305081
  0.01045707 -0.00250466  0.00214758  0.01131489  0.01178766 -0.01415152
  0.00740178 -0.0105831  -0.00535739]
[ 0.0021949   0.00051567 -0.01247535 -0.00483228  0.00432792 -0.00536265
  0.0079783  -0.00033991 -0.00885759  0.00086889  0.00394521  0.00759697
 -0.0011288   0.00224709  0.00084771 -0.00961471 -0.0006499  -0.00179916
 -0.00213587  0.00215257  0.00282818]
[  1.66890342e-03   3.47691288e-04   8.61997348e-04  -3.24778353e-05
   1.24473552e-03  -2.43385229e-03  -3.17646114e-03   2.96138011e-03
  -1.92993891e-03  -2.33165429e-03   5.74463651e-04   6.04506222e-04
  -1.80235998e-03  -1.86194694e-03  -1.95537517e-03  -1.28312359e-04
   8.14318110e-04   1.20799240e-03  -5.96766523e-04   3.64769422e-03
   6.74495233e-04]
[ 0.00896578  0.00029418 -0.00474446 -0.00514875 -0.00543645 -0.01916673
 -0.01176262 -0.00297498 -0.01205734 -0.00172796 -0.00999003 -0.00672986
  0.00757137 -0.02208827 -0.00600485  0.01276427  0.00338621  0.01271653
 -0.0111751  -0.00435394 -0.0184009 ]
[  3.25205400e-03   2.46130662e-04  -1.84107823e-03   3.54399014e-03
   4.94502851e-03  -5.30310794e-03  -5.32096798e-03   7.08684269e-03
   7.76172772e-03  -2.42861834e-03   7.49637240e-04  -3.40593840e-03
  -7.24713393e-03   4.07396072e-03  -1.25006774e-04  -6.42123284e-03
  -7.82058939e-03   5.02056214e-03  -8.42344375e-05   6.80532203e-03
  -2.77039080e-03]
[ 0.00697822  0.00361095  0.00614544  0.02244289  0.01457346 -0.00431402
  0.01469008 -0.00667682  0.00351114  0.00323043 -0.00217495  0.00257414
 -0.0125648  -0.01180687  0.00861362 -0.00042762 -0.01053577 -0.00084473
 -0.00107333 -0.00060299 -0.00933557]
[ 0.00235404  0.00139626  0.00506614  0.00487643  0.00158078 -0.00179893
  0.00644032 -0.0025433  -0.00270748  0.00419728  0.00205245  0.00404805
 -0.00358113 -0.00247583  0.0076741   0.0032732  -0.00285957  0.00588563
  0.00099832 -0.00025607 -0.00164756]
[ 0.0073806   0.00308693  0.00055658  0.01805798  0.00117525  0.00650747
  0.01422266 -0.00468432  0.00268737  0.00081519 -0.00237985 -0.00393904
 -0.00820727 -0.01238596  0.01194876 -0.00132941 -0.0048009   0.00083362
 -0.00443399 -0.01139057 -0.0128393 ]
[ 0.00325811 -0.03475662 -0.00051598  0.00430411 -0.00233189 -0.00334666
  0.0014312  -0.00150846 -0.00024072  0.00609078 -0.00126864  0.00051077
 -0.00063014  0.00074189 -0.00208836 -0.0009729   0.00090411 -0.00282752
  0.00471552 -0.00286629  0.00078934]
[ 0.00424497  0.00026608  0.00560756 -0.00219952 -0.0038952   0.00162955
  0.0022408   0.00485736 -0.00729344 -0.0024365   0.00428016 -0.0031914
 -0.00058912  0.00042376  0.00372906 -0.00047232 -0.0026344   0.00418986
 -0.00470413  0.00446525 -0.00814875]
[ 0.01561144 -0.00324594  0.00524446 -0.01420026  0.00965393  0.02029411
  0.00447777  0.00308192 -0.00825289  0.02074253  0.00467602 -0.01536189
  0.01350187 -0.00862715 -0.00211124  0.01661624 -0.01861657 -0.0030562
 -0.00799591  0.03390041 -0.0056703 ]
[  2.21870843e-03  -1.84318514e-03  -2.91007170e-04   4.13241152e-03
   5.27445327e-04   3.67678531e-03  -7.67877159e-03   5.81125249e-03
  -2.67372659e-04  -4.81801369e-03   1.92878913e-03   1.31471393e-02
   1.33938998e-03  -2.82961377e-03   3.23555358e-03  -9.52843627e-05
  -4.86004753e-03  -3.72441995e-03  -4.47687013e-03  -6.86504551e-04
   1.82054406e-04]
[ 0.01892244  0.00113688  0.00783166 -0.01292624  0.00494938  0.01207473
 -0.00072359  0.01904428  0.00531677  0.0149193   0.00217032 -0.00730909
  0.00653663  0.01404964  0.01904594  0.0022343   0.00385234  0.03371152
 -0.00057445 -0.00460682  0.00847696]
[ 0.0135483   0.00348372 -0.00279204  0.00017895 -0.00949976 -0.01540371
 -0.01901055 -0.02011817 -0.00083731  0.0082791  -0.00593898 -0.00108703
  0.01403492  0.00989834  0.0210429  -0.00360542  0.01069957 -0.00600965
  0.01292666  0.00866241 -0.00402069]
[  1.33966625e-02   3.16072867e-03   3.13047731e-03   3.91582811e-05
   3.62331331e-03   3.85608547e-03  -4.38023082e-03   5.43922141e-03
   7.74145830e-03  -4.11164160e-03   8.55648693e-05  -2.64596173e-03
  -2.68660053e-04  -1.00400303e-02  -1.93648965e-02   6.82522154e-04
   1.81201931e-02  -9.10235690e-03   1.58654607e-02   5.33146045e-03
  -1.11635916e-02]
[  5.36052843e-03   3.09911088e-04   1.76965705e-03  -1.11689032e-02
  -5.97369849e-03  -3.36009817e-03   5.76050851e-03  -9.95703951e-03
   1.05918453e-02  -1.89220321e-02  -6.42899652e-03   2.05145669e-03
  -3.59749686e-03   4.00737932e-03   6.31479975e-03   7.08257269e-03
  -1.17406790e-02  -1.25351170e-02  -1.99640708e-03  -9.71021811e-05
   1.40251193e-02]
[ 0.01172374  0.00342115 -0.0390736  -0.01094143  0.01382285 -0.0043285
  0.02055243  0.00281618 -0.02541025  0.00245437  0.00811022  0.02226041
 -0.00838356  0.01078635 -0.00010067 -0.02050016 -0.00098787 -0.00094763
  0.02146899  0.01301844 -0.00186554]
[ 0.01657774  0.002042   -0.01093511  0.01956052 -0.01342522  0.00423405
  0.01721736  0.00569665  0.01478059 -0.00861604  0.01513145 -0.01311281
  0.02487158  0.0069126  -0.00073366 -0.00154582  0.00712616  0.00163717
 -0.01479421 -0.01106872 -0.01194551]
[  4.89483050e-03   2.44226417e-03   5.60714131e-03  -2.03070285e-03
  -1.12604810e-02  -8.35945404e-03  -6.20205993e-03  -2.79319107e-03
  -6.29762857e-03   6.69752464e-03  -6.45001934e-03  -8.13242060e-05
   5.73358142e-03   3.07959448e-03   2.49840148e-02  -1.37380915e-02
   4.98108041e-03  -9.55500013e-03   1.29658191e-02   9.66697636e-03
  -9.31189060e-03]
[ 0.00934965 -0.00151224  0.00109392 -0.01210343  0.00057436 -0.00373479
  0.00839248 -0.00996036  0.00334402 -0.02987865  0.000103    0.00449184
  0.0016762   0.01747955  0.00614216  0.02680604 -0.00453986 -0.00301597
  0.00546155  0.00357019 -0.00414593]
[ 0.01429604 -0.00216217  0.01134119 -0.00479065 -0.00296713 -0.01067327
 -0.00284788  0.01228279 -0.02370947 -0.01192153 -0.00264965 -0.01552942
 -0.00566139  0.00637591 -0.00826215  0.0106893  -0.00920538  0.01177034
 -0.00183514  0.00342188 -0.00016178]
[ 0.00464795 -0.00032716  0.00119785 -0.00619059  0.00626952 -0.0005418
 -0.00257589  0.00356462  0.0062802  -0.00158034  0.00134873 -0.00158509
 -0.00051005 -0.00412589  0.00280961 -0.00109368  0.01050743  0.01476898
  0.00561289  0.00124168  0.00875613]
[ 0.00915892  0.00361103  0.00582697  0.00736776 -0.01201222  0.00012218
  0.00996545  0.00981964 -0.00944586 -0.00253971 -0.00576434 -0.00401402
  0.01662296  0.01456312 -0.01675536 -0.00551582  0.00024462  0.00492462
  0.00881339 -0.01863287  0.01402616]
[ 0.01591238  0.00405253 -0.01926454 -0.00398748 -0.00925663 -0.00978463
  0.00392393 -0.00866755  0.00391603 -0.01320272 -0.01549895 -0.01508635
  0.00736374  0.01075059  0.01399758  0.02378615 -0.00557455 -0.02650101
 -0.01606004 -0.00406058  0.01770557]
[ 0.00437095  0.00131544 -0.01486042  0.00829118 -0.0110195   0.00892043
  0.00902866  0.00124722 -0.00264362 -0.00885698  0.00325564 -0.00513759
 -0.00448998 -0.00362565  0.00056562 -0.00415324  0.0104607   0.00641482
  0.00779098  0.00899177  0.00561251]
[ 0.00708327  0.00178823 -0.00059107  0.00033468  0.01253623 -0.0058573
 -0.00061858  0.00542988  0.00981737 -0.00463161  0.00017603 -0.00935351
  0.00432796 -0.0073749  -0.012559   -0.00541125  0.00603189 -0.01564946
  0.00829918  0.00432914 -0.00526922]
[ 0.01313133 -0.00877112 -0.00307806  0.01020023 -0.00606099  0.00154653
  0.00130532 -0.00831209  0.00734279 -0.01242692  0.0180178   0.013464
  0.03227232  0.01925637  0.00685914  0.01930727 -0.00335015  0.00796254
  0.01192188 -0.00015988 -0.01012005]
[  7.28207193e-03   2.12319660e-03   1.83041383e-03  -5.14409625e-05
   2.41596543e-03   1.10898255e-02  -1.11289434e-02  -1.80686818e-02
  -3.79634618e-03   7.46885545e-03  -1.30877269e-02   6.54132354e-03
  -8.75116129e-03   1.98606894e-02  -1.33925187e-02  -1.05256838e-02
   1.11289501e-02   6.11638434e-03  -1.89177311e-02  -9.06317434e-04
  -4.26417921e-03]
[ 0.0170066   0.00051209 -0.00385307 -0.00350189  0.0078773   0.00767816
 -0.02329404  0.00901544 -0.00970981 -0.00138155 -0.00617144  0.02267671
 -0.01392756  0.00766603  0.00268018 -0.00442275  0.00416011  0.00012555
 -0.00217488 -0.0161119  -0.00315293]
[ 0.0198458   0.00560298  0.00189191  0.01527159  0.0100656   0.0004668
 -0.00584883 -0.03007238  0.00464956  0.02411379 -0.00849435  0.00371387
  0.00965611  0.0067791  -0.01005372 -0.00139022  0.02025895  0.00717634
 -0.01843216  0.02007518  0.00678024]
[ 0.00501153  0.00106818  0.00098545 -0.00497384  0.0068987   0.00918469
  0.00199526  0.00810615  0.00177395  0.00741879 -0.00323953  0.0028582
  0.00600448 -0.00492338  0.00310607  0.00128658  0.00285177 -0.00739814
  0.00487735 -0.00990621  0.00959812]
[ 0.01328439  0.00423521  0.00384892  0.01360051  0.00525791  0.00119828
  0.00559091  0.0016246   0.01030272 -0.00218341  0.00257676 -0.01336383
  0.01198616  0.01496857 -0.01504108 -0.02517926 -0.00434368 -0.00629398
 -0.00297964  0.00123092 -0.01294587]
[ 0.00820984  0.00291564 -0.0057393   0.0112664   0.01175318 -0.00689975
  0.0014912   0.00630508  0.00892783  0.00646263 -0.00162883 -0.00142791
 -0.00986876  0.00938016 -0.00120238 -0.0091272  -0.01112926  0.00326876
 -0.00041345  0.01469424 -0.00711418]
[ 0.00257951  0.0005181  -0.00042627  0.0019296   0.00183661 -0.00211577
 -0.00604966  0.00563507  0.00338561 -0.00293892  0.0051638  -0.00097808
 -0.00460597  0.00060031 -0.00189164 -0.00299095 -0.00285181  0.00072706
 -0.00036085  0.00474786 -0.00307758]
[ 0.00768666  0.00129785 -0.0010407  -0.00886807  0.00743924  0.00897159
  0.00057405  0.0057447   0.00012793  0.00533834 -0.0088794   0.00508497
  0.00729182 -0.00790261 -0.00287459 -0.00293378  0.00253084 -0.00284852
  0.00374618 -0.01164646  0.00550672]
[ 0.02152178 -0.00362451  0.01678329 -0.00843398  0.01951306  0.0082246
  0.0104645  -0.01465259  0.00832159 -0.02942472 -0.01577857  0.01353129
 -0.02391231  0.02669977  0.00190137  0.00436034  0.02713315  0.01104244
  0.00086137 -0.0017173  -0.01826812]
[ 0.01495357  0.00047869  0.00421519  0.02180333  0.02045101 -0.01207375
 -0.007657    0.02804738  0.00396743 -0.01727117 -0.02782302  0.01409886
 -0.00816667  0.00221636 -0.00761428 -0.00556942 -0.00404079 -0.0098072
 -0.00627166  0.01592599 -0.00530943]
[ 0.00749258  0.00315912  0.01277018  0.00396942 -0.00558587 -0.00577827
  0.0060986  -0.0010214  -0.01766721 -0.00177635 -0.00177489 -0.001965
  0.00085396  0.00785903 -0.01228422 -0.00460241 -0.00867203  0.01032665
  0.00838467 -0.01472817  0.01889654]
[  7.07186494e-03   1.87874068e-03  -1.13865142e-02  -2.00009233e-03
   2.99537733e-03   9.91598810e-03   3.68585907e-05   1.49990907e-03
  -5.53825297e-03   5.47076791e-03  -7.31105205e-03   2.58645644e-03
  -6.95660833e-03  -3.93160598e-03  -3.26290662e-03   4.93599218e-03
  -2.11964675e-03   2.30397709e-03   1.39854342e-02   2.10143232e-03
  -4.38335141e-03]
[ 0.00187409  0.00045224  0.00058577 -0.00095185 -0.00139187 -0.00508487
 -0.00465123 -0.00111653 -0.00535013 -0.00081073 -0.00020169 -0.00084906
  0.00165562 -0.00881597 -0.00359671  0.0037274   0.00346611  0.00547021
 -0.00078478  0.00105915 -0.0044225 ]
[ 0.01058767  0.0031817  -0.00848505  0.00857626 -0.0013105   0.0125785
 -0.01791078 -0.02321958 -0.00230202  0.01428802 -0.00908081 -0.00469274
  0.0043213   0.01236648 -0.0030354   0.00576052  0.00331104  0.00307299
 -0.01100275  0.02603552  0.01731665]
[ 0.01613247  0.00470856  0.01566834  0.0032948   0.00557577 -0.00651536
  0.01325089 -0.02352129  0.0062462  -0.004214   -0.00774457  0.00483483
 -0.00073765  0.00026537 -0.00910099 -0.01299073  0.00560509  0.00037085
  0.0045646   0.00010532  0.00639956]
[ 0.00699866  0.00167068  0.00660075  0.00692304  0.00101377 -0.0163608
 -0.00363104  0.01785734 -0.01528599 -0.0079421  -0.0154394  -0.00163799
 -0.00102646  0.00081104 -0.00428234  0.00775314 -0.00259673 -0.00049329
 -0.00888191  0.01167288  0.00319573]
[ 0.00755448 -0.0058052   0.00991736 -0.01272706  0.00287815  0.00923994
  0.0066496   0.00526339 -0.00169474 -0.00520914  0.00962188 -0.0101748
 -0.0127734  -0.00414291  0.01450148 -0.00535319  0.01102409 -0.00590019
 -0.01664132  0.00018766  0.0130213 ]
[ 0.01337926  0.00658736  0.0176838   0.03260994  0.02122109 -0.0067997
  0.02822095 -0.02650059 -0.00203307  0.00980815 -0.00116833  0.00883951
 -0.01548104 -0.01696364  0.01742144  0.00707974 -0.01066959  0.01055669
  0.00545639 -0.01085995 -0.00261505]
[ 0.00708913 -0.02215947  0.00904479 -0.00787713  0.00176085  0.00486123
  0.00652188  0.00073199 -0.00912075  0.00018165  0.00414447 -0.01341951
 -0.01457187  0.00192949 -0.00202592  0.00260029  0.00470473 -0.00796708
 -0.00478171  0.01092722 -0.00229377]
[ 0.01778187 -0.00050631  0.00181425 -0.02386897  0.01815521 -0.00839672
  0.00518946 -0.00202104  0.00593069 -0.01431874  0.01195223 -0.00650312
  0.00407846 -0.02628413 -0.00661885 -0.00350565  0.01543754  0.00642246
 -0.00071036  0.00961109  0.01614093]
[ 0.01294512  0.00539239 -0.00903271 -0.00083784 -0.01817884 -0.01027732
 -0.01575204  0.00320465  0.00357048  0.01154998 -0.01136548 -0.0075301
 -0.01739193 -0.0070342   0.00298808  0.01269009  0.01498518 -0.01193221
  0.00747505 -0.02951177 -0.01780868]

Right eigenvectors

[ 1.          0.29522449  0.64065118  0.89302719  0.91362529 -0.32594521
  0.32942419 -0.46653792  0.2542924   0.06996178  1.52451947 -0.63126491
  0.46213405 -0.8341416  -0.78994608  0.17529981  0.30261856 -1.69450989
 -0.14372632  0.61852459  0.56000951]
[ 1.          0.04305918 -3.67764421 -1.58403845  1.03507083 -2.15024066
  1.97501029 -0.36415958 -1.78332658  0.164152    0.9606766   1.15607885
  0.21790708 -0.01380041  0.30482109 -1.73061576 -0.13745676 -0.50010646
 -2.30518027 -0.36327508  0.95403967]
[ 1.          0.15209129  0.32542656 -0.49704159  0.92923253  0.93097891
  0.42949597  0.22773715  0.53690571  0.54782168 -0.7236193  -0.75413634
  0.46511484 -0.44926926  0.04882203 -0.39054268 -0.82641813 -0.12692488
  0.86157521 -0.6165907   0.13072787]
[ 1.          0.19635117 -1.02480314  0.47705553  0.16646653 -1.24633657
 -0.85110046  0.99291232  1.57060218  0.03213841  1.04467558 -1.97390822
 -1.22122168  1.1335993   0.08884312 -0.37771127 -1.17050003  0.54369003
 -0.23208733 -0.35710432 -0.1215575 ]
[ 1.          0.24104571  0.79424146 -1.45186641 -1.94550816 -0.84520554
  0.72648169 -1.17293506  1.83078283 -0.76811747 -0.89831113  1.51278352
 -0.1683109  -1.40276451 -0.55159229 -0.95150403 -1.21441613 -0.88490604
  0.22043818  0.84888459  0.71444359]
[ 1.          0.4241737   0.92510946  1.13927864 -0.32310365 -1.96628627
  0.26932686  1.75211191 -1.95571303 -0.49627292 -1.76031164 -0.89914204
  0.34562477  0.87149291 -0.26334323  0.66619548 -0.14437654 -1.12973101
 -0.50101639  0.28332065  1.88777109]
[ 1.          0.14573073  0.10118613 -0.04197301  0.19779161  0.57356048
  0.26804235  0.68366899  0.65584234 -0.28748291 -0.99171557  0.64254973
  1.09934963 -0.24580813 -0.22853957 -0.16098019  0.94692831 -0.79489196
 -0.17490689 -0.87696026  0.29082612]
[ 1.         -0.0762227   1.2384407  -1.37184178 -0.34327245  1.12148343
  0.71745909  0.91053002 -0.57874731  0.61547728  0.84736087 -0.7234422
 -0.61802596 -0.15728914  1.42583454 -0.45119498  0.25018235  0.99980605
 -1.49559171 -0.10677527  0.220267  ]
[ 1.          0.18864813 -0.86726915 -1.09516748  0.21097277  0.70548121
 -0.44182899 -0.29176497 -1.12585639  0.86030153 -0.48235201 -0.40768344
 -0.41542586 -0.28524049 -0.69239981  1.463922   -1.74165486 -0.2156766
  0.05589207 -0.97887083 -1.77110699]
[ 1.         -0.07461043 -0.00684399 -1.20915717  0.37290675  0.1167664
  0.84660019 -0.6182214  -0.41621194 -1.79355763  0.59032022  0.99528629
 -0.21857665  1.62932376  0.15888566  2.14635006 -0.09349156  0.46273735
  1.22932348  0.33283118 -2.3258334 ]
[ 1.          0.32312605  0.6198775  -0.89971638 -1.79936785 -1.39254614
 -1.65610726 -1.3349923   0.17154232  0.34670736 -0.68075121  0.23020973
 -0.14182745 -0.65232418  1.74752308 -2.0676583  -0.05191533 -0.8659554
  2.3102594   0.22189319 -0.71445344]
[ 1.         -4.47943643 -0.87163237  1.12240111 -0.32664881 -0.641152
 -0.67435198 -0.10430602  1.03860569 -0.23544499 -0.44209931  1.66483045
  1.92168639 -0.33244942  0.5160813  -0.23546421 -0.8259093   1.68008818
 -0.11068255 -1.13984222  0.19552556]
[ 1.          0.12587084  0.75154677 -0.42229234  0.56413738  0.66312038
 -0.28258973  1.47287465 -0.05946196  0.74458364  1.46964792  0.94530103
 -0.68571613 -0.46056806  1.09240098  0.62824116  2.03528426 -1.2082058
 -0.79000613 -0.78307674  1.55881708]
[ 1.          0.15718085 -0.67143349 -1.38656382  1.43642131  1.79578126
  0.38698541  0.96515081 -0.49232127  1.85907937 -0.84549629  0.13518515
  1.09907134 -0.49610039  0.16198016  0.36614373 -1.31593826 -0.04256945
  1.55263997 -0.37384001  0.62840038]
[ 1.          0.19742488  0.24064744 -0.23625682  1.16063172  0.20952892
 -0.37770183  0.6003844   0.4574891  -0.19706458 -0.45234882  0.83354461
 -0.45094871 -0.60869312 -0.56502235  0.68434068  3.02401343  0.45853332
  1.13330603  0.40191124  0.37874093]
[ 1.          0.39394301 -0.01058075  1.07315817  1.4724298  -1.01913401
 -0.0289805   0.63325974  1.99422781 -0.38852697  1.48377465 -2.76693356
  0.55601037  0.17903716 -2.28555422 -1.84640218 -0.14889752 -2.70524184
  0.39423989  0.76746929 -0.97806073]
[ 1.          0.22782628 -0.47564769  0.84105256 -2.20575948  0.91838654
  1.09630709  0.56459432  0.38085026 -0.65903594  0.7499733  -0.02295013
  0.45224558  0.21638323 -1.41334163 -0.25402437  0.51189886  0.34861079
  1.14815785  0.23104427 -0.35181476]
[ 1.          0.33527942 -0.47621694  0.4652988  -1.113942    0.01342541
 -0.49945337  0.0055791  -0.7588866  -0.13459311  0.69935981 -0.51504035
  0.01219786  0.91444595 -1.39747928 -0.76909305  0.03057853  0.13291767
  1.29165219 -0.09751837 -0.0727935 ]
[ 1.         -0.22193431  0.90989362 -1.74179368  0.31582229  0.62422732
  0.29556669 -0.96476068  1.15332647 -2.0445734  -0.28319516 -0.74581324
 -1.61443545  0.57868474  1.20641242 -0.84585062 -1.15209357 -0.59418461
 -0.44586121 -1.20816771  2.11902011]
[ 1.          0.44321351 -0.326521    0.0254188  -0.65741602 -1.30321031
 -0.0363125   1.20529125  1.1271502   1.9647172   0.65422463 -0.12507081
 -1.1938139   1.01460277  0.22046635  1.32590132  0.85321457 -0.03024331
 -0.81786837 -0.94107181  0.05540181]
[  1.         -10.55673372   0.81052739   0.34877075  -0.48682197
  -0.44591009   1.28329981  -0.3944407   -1.29773185   2.18042569
   0.12629137  -1.80657552  -2.43758302   0.59637528  -1.17328373
   0.01873096   1.19883131  -2.66943632   1.28467102   0.69326793
  -0.05389486]
[ 1.         -0.05707981 -0.52496466 -0.03776306  0.90286515  1.3826743
 -0.68147053  0.12366079  0.53984754  1.07850869 -0.89059552 -0.178024
  0.99104882  0.31970116  0.20166577  0.7322738  -1.45419702  0.72478025
  0.98290677  1.97353537  0.70110519]
[ 1.          0.23833081  0.2793879   1.58329589  1.05746071 -0.624326
  0.01292242 -2.20423814  0.22285775  0.63836886  1.99365685  0.56530248
  1.19262935 -0.20975188  0.11934034  1.34303     0.36127664 -0.94864992
  0.36092888 -0.02350327  0.67842171]
[ 1.          0.33986457  0.36889102  0.96957218  0.09271054  0.25452218
 -2.18941482 -1.66129178 -0.61136398  0.53809067  2.86048949  0.45089005
  0.00525382 -0.01313507 -0.48271052  0.15994213 -0.33826748 -1.11622822
 -0.08198855  0.02343452  1.93615012]
[ 1.          0.24037592  0.69054093 -0.54961456 -0.5246286   0.69652671
 -1.02515575 -1.31641032 -0.87868867 -0.1061564   0.47797788 -0.25257529
 -0.74596201  0.43255291 -1.24819058 -1.54199723 -1.59834251 -0.48867988
  0.05898121 -1.39539577 -0.17647495]
[ 1.          0.25094003  0.20953228 -0.41156245 -0.30734464  0.78793814
  0.42847602 -0.10637368 -0.01231175  0.94484826 -1.06526525 -0.19560742
  0.27393809 -0.30346595 -0.41419885 -0.47951388 -0.18951749 -0.14176775
 -0.25230181 -0.88233569 -0.4372853 ]
[ 1.          0.27103061 -0.2681891   0.87008678 -0.81950193  1.37655154
 -2.50510784 -0.56024551 -1.22915194 -0.48074507  2.10123857  0.9726919
 -1.50747149 -0.09997533 -0.60772931 -0.63179381 -1.06005551 -1.17555689
  0.26988631 -1.66536785  0.87512612]
[ 1.         -1.08376277 -0.65176992  1.59453302  0.52738789  0.77254073
 -1.76932639  1.81028124  0.59044422 -1.26395446 -1.61343876  3.02833958
  0.31104872 -0.64928961  0.49814305  0.00826454 -1.27570344 -0.31464079
 -0.48311279 -0.12229831  0.26976046]
[ 1.          0.30457826  1.34157127 -0.20208154 -1.00041192 -0.29874819
  0.61046864  1.06605621 -1.02342253  0.95133178  0.96369891  0.84756506
 -0.08471361  0.5061284   1.35534091  0.57801956 -0.07884176  1.07551956
 -0.13106461  0.8442704  -0.27662605]
[ 1.          0.32664447 -2.30504437 -0.95707378  0.60447951 -2.0051248
  0.22476259  0.31147485 -0.09197466  1.41079535  1.02548154 -0.62228469
 -0.7502706   0.69691786  0.00922925  0.88299207 -0.66559584 -0.79085884
 -1.46396258 -2.10273048 -0.87780053]
[ 1.          0.23260562 -0.23870836 -1.03914901  1.12054239 -0.6653194
  0.30014182  0.25597887  0.83736333  0.02176697  0.39200245  0.08894461
 -0.10769617 -0.11842402 -0.14793442  1.80710078  2.11826262 -0.02644509
  1.3093635  -0.57276017 -0.53192882]
[ 1.          0.08163056  0.84463607 -0.35227094  1.12028891  1.74725385
 -0.96219664 -3.03381267 -0.11436904 -0.43021066 -2.69718491  1.7469475
 -2.68225887  4.72196113 -2.08961277 -1.51189374  3.66433295  1.82091763
 -3.39288683 -0.30108137 -2.16036371]
[ 1.         -0.00709146  0.53604843  0.52518461 -0.2936074   1.01602072
 -1.79350218  0.84178856 -0.76066633 -0.75038694  2.58459916  2.09099444
  0.20479748 -0.40241178  0.69689791 -0.04442782 -0.35120302 -0.94977976
 -1.01870952 -0.08496677 -0.2347816 ]
[ 1.          0.13052573  0.44702407  0.88656999 -0.88481153  0.25921997
  1.06684801  0.94792272  0.17584412 -0.12757325  1.01157028 -0.34306614
  2.77916658  2.38294066 -0.19696239 -0.23600256  0.00390661  1.57304087
  0.30149749 -1.13590971 -0.33520544]
[ 1.          0.5138749   0.74792448 -0.82071108 -3.53588312 -0.46161907
  2.00560269  0.67992975  2.33102446  2.00291842 -0.02640536  2.79620828
 -1.12711571 -0.44488491 -1.94014273  0.27327292 -0.76508198 -0.21663587
 -0.2149907   1.78169154  0.34536633]
[  1.00000000e+00   6.70006215e-04  -7.75622143e-01  -6.78239654e-01
   5.42198268e-01   1.25439390e+00  -9.71103327e-02  -1.57242967e-01
   1.90120513e-01   1.08397285e+00  -1.14793811e+00  -1.61547235e+00
   1.78683059e+00   3.79835462e-01   7.95735633e-01   2.77233107e+00
  -2.61331113e+00  -1.05840447e+00  -4.99293584e-01   3.78411305e+00
   1.48746253e+00]
[ 1.          0.36477087 -4.30682295  3.22280129 -3.61814919  3.52363893
  1.20523761  0.4194908  -0.61837364 -2.93503031  0.08342317 -2.23286768
 -4.0314068  -2.64494982  0.79548939  0.07896416  2.60206742  1.85098202
  3.503651    1.65695064  2.19504037]
[ 1.         -0.44956233 -0.13762348 -0.8121115   0.5513127  -0.65217162
 -1.09340565  0.07819534  1.63833419 -0.41848325  0.18848845 -0.70561949
 -0.34357527 -0.07347883  0.98806545 -1.04084492 -0.77594485  2.19061395
  0.74826548 -0.38755102  0.77948807]
[ 1.          0.29061577  0.88459151 -0.02725926 -0.23270081 -0.80441495
 -1.24381801 -0.28117486 -1.43228141 -0.2121306   0.96840425  0.33249926
 -0.06345785 -1.47312697 -0.88790338  0.18294649  1.0125176   0.75172278
  0.89190326  0.83765788  0.42349813]
[ 1.          0.70954209  0.47128324 -0.79487885 -4.13542953 -1.52607901
  2.21177953  1.758696    3.73838761  4.24111496  0.56623944  3.57458806
 -2.68274171  0.42089329 -2.51129558  1.81470454 -0.2043954  -0.37228591
 -1.28384711  1.85299591  0.66612512]
[ 1.          0.02861773  0.35590406  0.07217246 -0.35601961  1.49995802
  0.21214769  0.82472287 -0.05975588 -0.54125276  1.30867866 -0.04334784
  1.5721747  -0.57766066  0.35008533 -0.32129151 -0.05364165 -1.01266693
 -1.77196043  0.26558031 -1.59444175]
[ 1.          0.47395704  1.11198715  0.23563603 -1.53156869 -0.72825154
  0.06271552  0.80428857 -1.72546615  0.72070184 -2.16333555 -1.00396505
  1.27973507  0.63209814  3.63964975 -2.41296213  0.93100015 -2.49179063
  0.47219912  1.03853124 -1.20352029]
[ 1.          0.03843197 -2.20304527  1.28797203 -1.67589886  1.37598951
  0.24810276 -0.87118492 -0.21526576 -1.01031369 -0.81446269 -1.46395212
  0.05462021 -0.87966633  1.10689796  0.08286119  1.25146835  0.62496208
 -1.97237544  1.40219833  1.46804715]
[ 1.          0.20610491 -2.06231529  1.84829852 -1.61744821  1.76926564
 -0.56048551  0.15829268 -0.0527952  -0.84273012 -0.53809232 -0.80484904
 -2.31553569 -1.3220481   0.48262539  0.83312272 -0.16022763  0.04282841
  0.87986454 -0.66500529  0.28132171]
[ 1.          0.34574424 -1.98103132  0.47907243 -0.90510749  1.40026762
 -1.1620443  -1.35868429 -0.64063153  0.31591775 -1.52245317 -1.48366644
 -1.07294501  0.11283223  0.18687324  2.77131319 -1.38909081 -1.05783928
 -0.73112492  0.27703775  0.74068047]
[ 1.         -0.08718705  0.64020784 -0.96454611 -0.36912819  0.54209833
 -0.04672041 -0.22688798 -0.52433887 -0.54929901  0.86589636 -0.37569594
 -0.16796684 -0.63872627 -0.85436572 -0.28961794 -0.96364993  0.06753216
 -0.06062309  0.24573018 -1.13448776]
[  1.00000000e+00   2.15264975e-01  -2.18505200e-01   1.71641905e-03
  -9.89427542e-02  -1.03761357e+00  -1.81946667e+00   1.22091828e-02
   1.29295745e+00   1.29456903e+00   1.60975687e+00  -1.01182737e+00
  -4.94729625e-01   1.40592401e+00   1.37664566e+00   1.34712927e-02
  -1.30728330e-01   1.26653259e+00   2.32131256e-01  -6.18443883e-01
   1.43854193e+00]
[ 1.          0.1111176   0.50258161  0.33833472 -0.48205477  1.30268782
  0.73786371  0.70153177 -0.1618833  -0.63176162  0.19902601 -0.69696902
  0.41418947 -0.10498509  1.57298972 -1.19452869  0.78496661 -0.48937241
 -1.32596681  0.0949939  -1.10613368]
[ 1.          0.60303122  1.97864828  1.83021523  0.17693982 -1.86511454
  1.0818021  -0.39021473 -2.99474876 -0.07536262 -0.63452569 -0.08124576
 -0.48737238 -0.4588874  -0.84422463  0.47226861 -0.83486427  1.25442948
  1.30828788 -1.37941131  3.47753454]
[ 1.         -0.89444548 -1.53358446  0.12051667 -0.61349524 -0.83813413
  0.32029097 -0.9082711   0.04361553 -0.15512131 -0.58687275  0.09651132
  1.86880163 -1.76409191 -0.08768215 -0.72237416  0.28131602  1.88068359
 -2.99310362 -0.44401318 -0.10960024]
[ 1.         -0.27067609 -0.11407061 -1.4941312  -0.7018657  -1.31968339
 -0.20468903 -0.94678857  0.85338436 -1.0692773  -0.34060767 -0.01911052
  0.83644044 -3.12446146 -0.67377493 -0.8975362  -0.72734322  2.0082641
 -1.47154433  0.30764816 -0.21630705]
[ 1.          0.24761096 -1.18739078 -0.38809854  0.88165983 -1.5554933
 -0.16662892 -0.54000477  0.34447905  0.21979426  0.37067517 -0.24125492
  0.82693461 -0.19806569  0.16982891  0.89477018  0.93215691 -1.11908846
  0.58532532 -0.83690121 -0.42365736]
[ 1.          0.23494158 -5.68378569 -2.2015948   1.97180603 -2.44323104
  3.634923   -0.15486136 -4.03552881  0.39586817  1.79744476  3.46119097
 -0.51428395  1.02377585  0.38621995 -4.38047669 -0.29609527 -0.81970176
 -0.97310723  0.98071422  1.28852394]
[ 1.          0.20833518  0.51650523 -0.01946058  0.74584036 -1.45835419
 -1.90332233  1.77444667 -1.15641138 -1.39711757  0.34421624  0.36221762
 -1.07996662 -1.11567088 -1.17165268 -0.07688423  0.48793603  0.72382403
 -0.35758002  2.18568323  0.40415474]
[ 1.          0.0328113  -0.52917407 -0.57426622 -0.60635521 -2.13776406
 -1.31194534 -0.33181514 -1.34481764 -0.19272855 -1.11424023 -0.7506161
  0.84447443 -2.46361889 -0.66975162  1.42366506  0.37768108  1.41834022
 -1.24641704 -0.48561739 -2.05234699]
[ 1.          0.07568468 -0.56612781  1.08976977  1.52058622 -1.63069492
 -1.63618685  2.17918973  2.38671551 -0.74679521  0.23051193 -1.04731914
 -2.22847896  1.25273465 -0.03843933 -1.97451606 -2.40481535  1.54381266
 -0.02590192  2.0926227  -0.85188954]
[ 1.          0.51746027  0.88066115  3.21613473  2.08842153 -0.61821255
  2.10513384 -0.95680838  0.50315678  0.46293077 -0.31167735  0.36888251
 -1.80057484 -1.69196093  1.2343582  -0.06127906 -1.50980843 -0.12105228
 -0.15381126 -0.08641023 -1.33781614]
[ 1.          0.59313369  2.15210435  2.07151896  0.67151946 -0.76418713
  2.7358606  -1.08039849 -1.15014419  1.78301374  0.87188594  1.71961853
 -1.521273   -1.05173809  3.25997395  1.39046297 -1.21475223  2.50022908
  0.42408929 -0.10877797 -0.69988743]
[ 1.          0.4182485   0.07541059  2.4466816   0.15923549  0.88169944
  1.92703202 -0.63467934  0.36411294  0.11044968 -0.32244673 -0.53370227
 -1.11200482 -1.67817759  1.61894068 -0.18012274 -0.65047576  0.11294786
 -0.60076261 -1.54331185 -1.73960075]
[  1.         -10.66771051  -0.15836755   1.32104217  -0.715718
  -1.02717754   0.43927199  -0.46298533  -0.0738823    1.86941714
  -0.3893777    0.15676849  -0.19340723   0.22770537  -0.64097237
  -0.29860968   0.27749331  -0.86784016   1.44731513  -0.87973798
   0.24227015]
[ 1.          0.06268036  1.32098832 -0.5181474  -0.91760367  0.38387789
  0.52787131  1.14426291 -1.71813718 -0.5739725   1.00828864 -0.75180619
 -0.13877966  0.09982526  0.87846423 -0.11126634 -0.62059295  0.98701697
 -1.10816641  1.05189111 -1.91962446]
[ 1.         -0.2079206   0.33593721 -0.90960614  0.61838819  1.29995148
  0.28682649  0.1974141  -0.52864348  1.32867521  0.29952493 -0.98401502
  0.86487004 -0.55261735 -0.1352367   1.06436336 -1.1924954  -0.19576683
 -0.51218268  2.17151068 -0.36321454]
[ 1.         -0.8307469  -0.13116062  1.86253023  0.23772629  1.65717373
 -3.46091965  2.61920513 -0.12050825 -2.17153982  0.8693297   5.92558224
  0.60368004 -1.27534278  1.458305   -0.04294587 -2.190485   -1.67864326
 -2.01778209 -0.3094163   0.08205423]
[ 1.          0.06008103  0.41388223 -0.68311706  0.26156128  0.63811713
 -0.03823978  1.00643937  0.2809772   0.78844522  0.11469542 -0.38626567
  0.34544362  0.74248595  1.00652689  0.11807666  0.20358597  1.7815634
 -0.03035815 -0.243458    0.44798473]
[ 1.          0.25713345 -0.20608077  0.01320798 -0.70117748 -1.13694741
 -1.40316855 -1.48492196 -0.06180221  0.61108024 -0.43835615 -0.08023373
  1.03591701  0.73059673  1.55317658 -0.26611604  0.78973539 -0.44357229
  0.9541165   0.63937233 -0.29676714]
[ 1.          0.23593404  0.23367591  0.00292299  0.27046388  0.28783926
 -0.32696433  0.40601317  0.5778647  -0.30691537  0.00638703 -0.19750902
 -0.02005425 -0.74944265 -1.44550155  0.05094718  1.3525901  -0.67944959
  1.18428457  0.3979693  -0.8333114 ]
[ 1.          0.05781353  0.33012735 -2.08354519 -1.11438612 -0.62682219
  1.07461579 -1.8574735   1.97589575 -3.52988187 -1.19932141  0.38269673
 -0.67110862  0.7475717   1.17801814  1.32124524 -2.19020925 -2.33841069
 -0.37242729 -0.01811429  2.61636879]
[ 1.          0.29181355 -3.33286214 -0.9332712   1.17904758 -0.36920857
  1.75306118  0.24021147 -2.16741839  0.20935048  0.69177758  1.89874657
 -0.71509292  0.9200432  -0.00858704 -1.74860271 -0.08426237 -0.08083
  1.83124116  1.11043418 -0.15912484]
[ 1.          0.12317737 -0.65962583  1.17992656 -0.80983399  0.25540546
  1.03858325  0.34363277  0.89159233 -0.51973548  0.91275705 -0.79098872
  1.50029972  0.41698081 -0.04425551 -0.09324688  0.42986307  0.09875723
 -0.89241398 -0.66768559 -0.7205755 ]
[ 1.          0.49894765  1.14552308 -0.41486684 -2.30048436 -1.70781277
 -1.26706327 -0.57064102 -1.28658767  1.3682853  -1.31772067 -0.0166143
  1.17135443  0.62915242  5.10416342 -2.80665316  1.01762061 -1.95205945
  2.6488801   1.97493587 -1.90239286]
[ 1.         -0.16174327  0.11700167 -1.29453297  0.06143119 -0.39945778
  0.89762513 -1.06531863  0.35766304 -3.19569737  0.01101642  0.48042875
  0.17927963  1.86954034  0.65694051  2.86706307 -0.48556465 -0.32257577
  0.58414506  0.38185254 -0.4434319 ]
[ 1.         -0.15124228  0.7933097  -0.33510362 -0.20754939 -0.74658969
 -0.19920788  0.85917442 -1.65846422 -0.83390468 -0.18534137 -1.08627414
 -0.39601115  0.44599158 -0.57793293  0.74771076 -0.64391144  0.82332882
 -0.12836726  0.23935859 -0.01131662]
[ 1.         -0.07038811  0.25771539 -1.33189541  1.34887765 -0.11656764
 -0.55419851  0.76692279  1.35117622 -0.34000781  0.29017806 -0.34102951
 -0.10973676 -0.8876787   0.60448247 -0.23530365  2.26065706  3.17752317
  1.20760424  0.2671459   1.88386735]
[ 1.          0.39426415  0.63620765  0.80443554 -1.31153225  0.01333965
  1.08805987  1.07214025 -1.03132898 -0.27729343 -0.62936959 -0.43826337
  1.81494782  1.59004799 -1.82940422 -0.60223526  0.02670862  0.53768574
  0.96227448 -2.03439682  1.53142149]
[ 1.          0.25467769 -1.21066362 -0.25058963 -0.5817249  -0.61490667
  0.24659581 -0.54470496  0.24609946 -0.82971363 -0.9740178  -0.94808832
  0.46276781  0.6756114   0.8796658   1.49482005 -0.35032768 -1.66543288
 -1.0092791  -0.25518392  1.11269115]
[ 1.          0.30095068 -3.39981413  1.89688275 -2.52107786  2.04084439
  2.06560608  0.2853436  -0.60481528 -2.02632877  0.74483691 -1.17539476
 -1.02723161 -0.82948715  0.12940393 -0.95019114  2.39323241  1.46760242
  1.78244478  2.05716534  1.2840487 ]
[ 1.          0.25245876 -0.08344613  0.04724899  1.76983657 -0.82692074
 -0.08732992  0.76657806  1.38599351 -0.65388037  0.02485136 -1.32050682
  0.61101165 -1.04117104 -1.77305006 -0.76394764  0.8515686  -2.20935505
  1.17165968  0.61117865 -0.74389655]
[ 1.         -0.66795425 -0.23440622  0.77678569 -0.46156703  0.1177739
  0.0994049  -0.63299718  0.55918104 -0.94635714  1.37212346  1.02533467
  2.45765868  1.46644488  0.52234946  1.47032177 -0.25512638  0.60637779
  0.90789586 -0.01217549 -0.77068023]
[ 1.          0.2915649   0.25135893 -0.00706406  0.33176896  1.52289425
 -1.52826606 -2.48125561 -0.52132775  1.02564978 -1.79725318  0.8982778
 -1.20174057  2.72734046 -1.83910827 -1.44542431  1.52826698  0.83992364
 -2.59785007 -0.12445873 -0.58557225]
[ 1.          0.03011146 -0.22656339 -0.20591359  0.46319082  0.45148131
 -1.36970569  0.53011384 -0.57094339 -0.08123589 -0.3628847   1.33340609
 -0.81895034  0.45076783  0.15759619 -0.26006091  0.24461742  0.0073825
 -0.12788427 -0.94739094 -0.18539452]
[ 1.          0.28232584  0.09533047  0.76951225  0.50719029  0.02352144
 -0.29471368 -1.51530212  0.23428431  1.21505784 -0.42801755  0.18713618
  0.48655662  0.34158863 -0.50659174 -0.0700509   1.02081781  0.36160521
 -0.92876889  1.01155831  0.34164585]
[ 1.          0.21314352  0.19663714 -0.99247946  1.37656533  1.83271083
  0.39813405  1.61749767  0.35397438  1.48034307 -0.64641478  0.57032426
  1.19813132 -0.98240879  0.61978438  0.25672401  0.5690412  -1.4762221
  0.97322455 -1.97668173  1.91520527]
[ 1.          0.31881072  0.28973254  1.0237965   0.3957961   0.09020203
  0.42086343  0.12229396  0.77555084 -0.16435894  0.19396868 -1.00597975
  0.90227361  1.12677893 -1.13223718 -1.89540159 -0.32697598 -0.4737878
 -0.22429668  0.0926589  -0.97451769]
[ 1.          0.35513904 -0.6990758   1.3723044   1.43159575 -0.84042442
  0.18163575  0.76799038  1.08745432  0.78718026 -0.19839947 -0.17392657
 -1.20206455  1.14254993 -0.14645638 -1.11173899 -1.35559961  0.3981508
 -0.05036049  1.78983133 -0.86654292]
[ 1.          0.20085106 -0.16525302  0.74804927  0.71200153 -0.82022367
 -2.34527982  2.18455563  1.31250524 -1.13933609  2.00185737 -0.37917174
 -1.78560215  0.23272387 -0.7333326  -1.15950713 -1.10556325  0.28186027
 -0.13989091  1.84061003 -1.19309026]
[ 1.          0.16884472 -0.13539075 -1.15369635  0.96781186  1.16716448
  0.07468072  0.74735999  0.01664306  0.69449406 -1.15517029  0.66153135
  0.94863353 -1.02809424 -0.37397161 -0.38167234  0.32925164 -0.37057994
  0.48736069 -1.51515252  0.7163992 ]
[ 1.         -0.16841145  0.7798279  -0.3918811   0.90666545  0.38215242
  0.48622854 -0.68082589  0.38665884 -1.36720649 -0.73314423  0.62872548
 -1.11107481  1.24059276  0.08834628  0.20260113  1.2607295   0.51308203
  0.04002302 -0.07979359 -0.84882025]
[ 1.          0.03201144  0.28188545  1.45806868  1.367634   -0.80741598
 -0.51205154  1.87563123  0.26531669 -1.15498664 -1.86062786  0.9428424
 -0.54613512  0.14821592 -0.50919519 -0.37244755 -0.27022265 -0.65584323
 -0.41940927  1.0650293  -0.355061  ]
[ 1.          0.42163365  1.70437776  0.52978003 -0.74552116 -0.77119997
  0.81395265 -0.13632127 -2.35796189 -0.23708087 -0.23688612 -0.26226001
  0.11397465  1.04890902 -1.63951887 -0.61426233 -1.15741581  1.37825114
  1.11906354 -1.96570212  2.52203463]
[ 1.          0.26566411 -1.61011477 -0.28282389  0.42356258  1.40217442
  0.005212    0.21209527 -0.78313896  0.77359621 -1.03382235  0.36573895
 -0.98370209 -0.55595038 -0.46139267  0.69797602 -0.29972953  0.32579484
  1.97761614  0.29715391 -0.61982963]
[ 1.          0.24131357  0.31255962 -0.50790005 -0.74269073 -2.71324615
 -2.48185886 -0.59576978 -2.85478624 -0.43259656 -0.10761835 -0.45304896
  0.88342555 -4.70413105 -1.9191771   1.9889104   1.849485    2.91885983
 -0.41875182  0.56515633 -2.35981117]
[ 1.          0.3005094  -0.80140842  0.8100229  -0.12377596  1.18803257
 -1.69166339 -2.19307643 -0.21742413  1.34949625 -0.85767789 -0.44322669
  0.40814479  1.16800702 -0.2866918   0.54407835  0.31272596  0.29024198
 -1.03920385  2.45904082  1.63554811]
[ 1.          0.2918688   0.97123039  0.20423395  0.34562436 -0.40386624
  0.82138009 -1.45800967  0.38718225 -0.26121227 -0.48006087  0.29969548
 -0.04572427  0.01644936 -0.56414157 -0.80525398  0.34744181  0.02298796
  0.28294506  0.00652876  0.39668807]
[ 1.          0.23871389  0.94314595  0.98919567  0.14485137 -2.33770514
 -0.5188198   2.55153888 -2.18413164 -1.13480346 -2.20605138 -0.23404358
 -0.14666464  0.11588544 -0.61188091  1.10780466 -0.37103257 -0.07048355
 -1.26908852  1.6678737   0.45662013]
[ 1.         -0.76844467  1.3127789  -1.68470439  0.38098567  1.22310748
  0.88021934  0.69672515 -0.22433549 -0.6895442   1.2736657  -1.34685685
 -1.69083852 -0.54840509  1.91958748 -0.70861138  1.45927886 -0.78101961
 -2.20284295  0.02484053  1.72365383]
[ 1.          0.49235616  1.32173246  2.4373512   1.58611917 -0.5082274
  2.10930675 -1.98072257 -0.15195702  0.73308621 -0.08732388  0.66068747
 -1.15709288 -1.26790598  1.30212341  0.52915813 -0.79747282  0.78903444
  0.40782491 -0.81170088 -0.19545543]
[ 1.         -3.1258357   1.27586657 -1.11115502  0.24838667  0.6857302
  0.91998235  0.10325491 -1.2865823   0.02562309  0.58462309 -1.89296859
 -2.05552167  0.27217507 -0.28577845  0.36679987  0.66365353 -1.12384372
 -0.67451329  1.54140454 -0.32356146]
[ 1.         -0.02847362  0.1020283  -1.34232046  1.02099542 -0.4722065
  0.29184009 -0.11365714  0.33352466 -0.80524346  0.67215815 -0.36571648
  0.22936067 -1.47814179 -0.37222463 -0.19714736  0.86816183  0.36118029
 -0.03994835  0.54049915  0.90771846]
[ 1.          0.41655782 -0.69776933 -0.06472215 -1.40430067 -0.79391417
 -1.21683186  0.24755686  0.27581679  0.89222652 -0.87797366 -0.58169372
 -1.3435123  -0.54338639  0.23082654  0.98029858  1.15759303 -0.92175339
  0.57744116 -2.2797597  -1.37570612]
