Cluster centers 

[-1.58060044 -0.77301139  0.45987603 -0.28317915]
[ 1.15698684 -0.40799729 -0.01195123 -0.53187259]
[-0.79185914  3.23825815  0.55307251  0.71968666]
[-0.55817568 -0.12031939 -1.43583153 -0.36743338]
[ 0.24690593  0.02770419  1.05678656 -1.82755601]
[ 1.17949162 -0.65681632 -0.01370463  0.67315017]
[-2.04058737  0.2386467   2.75879603  1.30956492]
[-0.57281778  1.53906978 -0.73264923  0.02827408]
[ 1.61694946  1.28511365 -0.1255632   0.8672964 ]
[-0.88482544 -1.16785934 -0.62246523  0.32492104]
[ 0.1549419   0.34587018  2.28436541 -0.42659053]
[ 0.61108966 -0.87968319  0.63280093  1.53956045]
[ 0.90819906  2.87669293  0.12716084 -1.91888141]
[ 0.84146019 -0.29576058  0.30254112 -1.22584305]
[-1.63389468 -0.63808708  1.08636069  0.49764185]
[ 0.64319868 -0.20949617  0.624327   -1.35954867]
[-1.0989314  -1.06827051 -0.60869917 -0.32514487]
[ 0.60795771 -0.80627005 -0.72941392  1.83428377]
[-0.29279112  0.25133528 -1.16449712  0.68363206]
[ 0.44843965 -0.04898152  1.23239674 -1.08762511]
[-0.70747824  2.70624799  0.10772122  0.48236637]
[-0.76457008 -0.59264115 -1.39645475 -0.94005772]
[ 0.88599598 -0.39973236  0.57073006 -0.44343377]
[-1.14848124 -1.05711639  0.26400508  0.73088193]
[ 1.13703991 -0.2340946  -0.25516041 -1.210956  ]
[ 1.31730123  0.67812802 -0.34508457  1.84069782]
[-0.73221652 -0.94513249 -1.16430209 -0.08633904]
[-0.44018589  0.79287663 -1.04703681  0.2946624 ]
[-0.27451592  1.31252264 -0.60320255  1.11076825]
[-0.60898942  0.36101073 -1.4610396  -1.4425601 ]
[ 0.66078187 -0.48201786  1.16363869  0.71556499]
[-2.61205242  0.89063791  3.18501352  0.0632355 ]
[-1.45386138 -0.79062103 -0.11609575 -1.19440999]
[-0.22073555  0.59068896  2.2029475  -1.67128989]
[ 1.50505353  0.1782917  -0.48263197  1.14341559]
[-0.08767275 -1.17948783  0.27144581  1.88452776]
[-0.27826335 -0.678076   -1.23380784  0.82735387]
[ 0.42124959 -0.1573364   0.12979017 -2.35018812]
[ 1.58554508  1.95980019  0.21718632  0.83669875]
[-2.05852885 -0.11305974  1.84676013  0.18806934]
[-0.58472712  1.16639462 -1.010686   -0.42052852]
[ 0.97883397 -0.61547738  0.4562764   0.44939869]
[-2.26050644  0.8492736   3.67300856  1.6864729 ]
[ 1.17366229  1.73352114  0.21199293  2.21031805]
[ 0.40441476 -0.00722624  1.78726568 -0.10592874]
[-0.31700264  0.37406421  1.57432849 -2.32353159]
[-0.86320434 -1.19689458 -0.2243655   0.80959075]
[-0.54641782  1.89242954 -0.42171099  0.50033644]
[ 0.94591584 -0.90469307 -0.14105172  1.52136913]
[ 1.00245957 -0.09706113 -0.6584932   1.97283191]
[ 1.41354805 -0.35447748 -0.43764251  0.91228775]
[-1.45794909 -0.6692457   1.27236895  1.08803194]
[-0.56606187  0.56806151 -1.29240774 -0.57485822]
[-0.70829865  2.23825878 -0.3960633  -0.37649961]
[ 0.12158324  0.29460678  1.87585978 -1.21081169]
[ 0.6973217  -0.25165554  0.82407081 -0.84143806]
[-0.35099715  1.82822505 -0.29191376  1.17852301]
[ 1.49801067  0.66868773 -0.57082812 -0.95102428]
[-1.8153805  -0.26263945  1.90795025  0.96737381]
[-0.65260542  1.84399496 -0.63772802 -0.37222027]
[-0.61666344  0.01221437 -1.47768852 -0.88228987]
[ 1.61169175  0.67891521 -0.36808507  0.80063809]
[-1.27067762 -0.99394293 -0.32191494 -0.47646723]
[ 0.37197906  0.05171217  1.62645051 -0.71019414]
[ 1.2002542  -0.69454581 -0.29030553  1.21139084]
[ 1.16618116 -0.5786869   0.07414874  0.26465415]
[ 0.83824735 -0.08609523 -0.48376113 -2.21106395]
[ 0.17776146 -1.02184056  0.66736668  1.92860821]
[ 0.3602169  -1.15229565 -0.05619054  1.87243595]
[-1.86937693 -0.36851276  1.4915063   0.32673912]
[-1.57985307 -0.19137323  2.28319902  1.6850511 ]
[ 0.46537206 -0.10125419  0.8711679  -1.52583593]
[-1.35308571 -0.8928992   0.6452288   0.67081792]
[-0.93804281 -1.05808092 -0.90875014 -0.30151489]
[-0.39819962  0.30149454 -1.22298744  0.33889416]
[-0.63748178  2.02375037 -0.4369155   0.07515449]
[-2.39835157  0.55995223  2.93133332  0.57403564]
[-1.44564821 -0.89864879  0.21616133 -0.1641343 ]
[ 1.29627911 -0.10632236 -0.44087649 -1.05266538]
[-0.74303526 -0.39246494 -1.47561651 -1.8612298 ]
[ 1.53116551 -0.05610977 -0.48027499  0.51885249]
[ 1.2887592  -0.43961495 -0.16636523 -0.08830897]
[ 0.98150501 -0.53912017  0.46304339  0.11989122]
[-0.39694122 -1.06459052 -1.02066998  0.87493284]
[-0.78148703  3.03478427  0.33807875  0.46170033]
[-0.4712635  -0.55905083 -1.33664256  0.26705097]
[ 1.63971046  0.80872094 -0.38403291  0.21928216]
[-1.19733683 -0.9185519  -0.67960867 -1.14516207]
[ 0.57371108 -0.15668541  1.12187432 -0.79252535]
[-0.97362359  3.76255693  0.84336979  0.2337519 ]
[-0.46447261  0.09554523 -1.33352105  0.05225758]
[-1.19643799 -1.07153442 -0.16355827  0.09671261]
[-0.52380727  1.18894381 -0.90855207  0.06644203]
[-0.14458647 -0.39119732 -1.20448716  1.04355709]
[ 1.27170008 -0.30629281 -0.56125951  1.57840092]
[ 1.49887472 -0.06649134 -0.47510717 -0.13222726]
[ 0.71730588 -0.3242898   1.01832249 -0.20341826]
[-0.43409772  1.39403081 -0.68015373  0.62262981]
[ 0.65311855 -0.21449447  0.41763991 -1.61004197]
[ 1.53656815  1.20958931 -0.1137478   1.36464131]

Populations

0.0197863313033
0.0250363864981
0.0038769974603
0.0208095214618
0.00663769750349
0.018652955276
0.00341249823159
0.0112871465212
0.0140783984744
0.01068481126
0.0180259674312
0.0027215893872
0.0209036111073
0.0168868371124
0.0167166736178
0.0248427565777
0.0180779481654
0.0111893578743
0.0120671177019
0.00268815486016
0.0147393038521
0.0321313875314
0.0180594381708
0.0221641706303
0.00946205664807
0.0227176963548
0.0150894238472
0.00972266830406
0.00684811376743
0.0114122075033
0.00752646742915
0.00343765944937
0.00751350208423
0.00312899525006
0.0102029358005
0.00627423721617
0.00675055159443
0.00627347445401
0.0106702367929
0.00591664072532
0.00676469394286
0.00298639302305
0.0121935095982
0.00710587376103
0.0096163269795
0.0150858832428
0.00894336232249
0.00363166620152
0.0140227126947
0.00328727934457
0.00975497321348
0.00349634251121
0.00529248991871
0.020916310138
0.00933803052708
0.0187586177078
0.0127908213545
0.0109531165926
0.0105715823237
0.0150669772896
0.00970085584085
0.0208148621025
0.0107271760028
0.0133417567037
0.00671117320273
0.00416241362502
0.0028485854249
0.0213062940314
0.0112700393024
0.0127350481821
0.00838861493216
0.00984362496546
0.0013174152794
0.00770204181074
0.00630943588484
0.00642506963473
0.00898046314004
0.0059047465666
0.0202623867068
0.00474517128455
0.00884313515172
0.00515826921472
0.00522680976747
0.0153956268973
0.00443735136018
0.00920028627358
0.00126422439764
0.0218325240453
0.00517221300363
0.00460260260632
0.0110449337888
0.00532396095109

State labels

0
1
2
3
4
5
7
8
9
10
11
12
13
14
15
16
17
18
19
20
21
22
23
24
25
26
27
28
29
30
32
33
34
35
36
37
38
39
40
41
42
43
44
45
46
47
48
49
50
51
52
53
54
55
56
59
60
61
62
63
64
65
66
67
68
69
70
71
72
73
74
75
76
77
78
79
80
81
82
83
85
86
87
88
89
90
91
92
95
96
97
98

Eigen values

1.0
0.809074317139
0.748220472134
0.745142770531
0.719981649521
0.704090121452
0.695299612015
0.670975796209
0.654476637807
0.652788016657
0.609766374089
0.581074781295
0.553490880671
0.547245588466
0.520281394189
0.517901056177
0.508679211034
0.468560527952
0.448201545083
0.432694030314
0.421983150442

Left eigenvectors

[ 0.01978633  0.01751183 -0.00251342  0.00102726 -0.00988717  0.01099327
  0.03371278  0.00510298 -0.00574129 -0.01977415  0.01191331  0.00809979
 -0.01760325 -0.02440604 -0.00393978  0.01310262  0.0361528   0.00420637
 -0.03692158  0.02239826 -0.01014734]
[ 0.02503639  0.02839101 -0.00196961 -0.01499928  0.0064052   0.00504071
  0.02291881  0.03317908  0.01242593  0.02165246 -0.00357895  0.01053713
 -0.00579253 -0.02183177  0.04311145  0.00441584  0.00720103  0.00776566
  0.02179772 -0.02516537  0.01698294]
[ 0.003877    0.00095947 -0.00363712  0.00268582  0.0018434  -0.00081058
 -0.00412525 -0.00487593 -0.00029105 -0.00374865  0.00543728 -0.00131675
  0.00042259  0.00618958  0.01278389  0.00558435  0.00280324  0.00060292
 -0.00330629  0.00762324 -0.00476222]
[ 0.02080952  0.00368155  0.00516925  0.0204731   0.00207486 -0.00864565
 -0.01147008  0.0056885   0.03157328  0.02530714 -0.00853824 -0.02193835
 -0.03563448  0.01530502  0.0016374  -0.03144501  0.01048544  0.02847606
 -0.00429057  0.01649948 -0.00561559]
[ 0.0066377   0.01077345 -0.00260601 -0.00876933 -0.00383548  0.00088841
  0.01376967  0.00977981  0.0026352   0.00645574  0.00561495  0.00915332
 -0.0032367  -0.00691433  0.01518209  0.00043915  0.0095463   0.00324298
  0.00573407 -0.00538416  0.01135755]
[ 0.01865296  0.0061163  -0.02081226 -0.00305702 -0.03276528  0.00759824
  0.01573981 -0.00046415  0.01416546 -0.01176409  0.02031596  0.01360294
  0.01620549  0.02469433 -0.01745974 -0.01272749 -0.00483654  0.0030596
  0.01875009  0.01402618  0.01507791]
[ 0.0034125  -0.00767315 -0.00022678 -0.00154434  0.00870783  0.00293857
  0.00751536 -0.00605427 -0.00618086  0.00342123 -0.00628543  0.01272921
 -0.00400077  0.00898695 -0.0039247  -0.0020616   0.00299604  0.01019703
  0.00509463 -0.00350842  0.00168184]
[ 0.01128715  0.00593642  0.00329472 -0.00266248  0.00135318  0.01916962
  0.00146345  0.01447911 -0.00126042  0.00035267 -0.01821127 -0.01649344
  0.00661484 -0.0081279   0.01376082 -0.00288515 -0.01460614  0.00353637
  0.00152033 -0.00742769  0.03056254]
[  1.40783985e-02   2.08664316e-02  -6.99099882e-03  -1.89748558e-02
  -1.47762970e-02  -9.50557960e-05   2.73018482e-02   9.44890515e-03
   5.18576031e-04   5.88565615e-03   1.60071325e-02   1.63312472e-02
  -4.31120834e-03  -4.01692697e-03   9.69182266e-03  -1.40420530e-03
   1.61931751e-02   2.14425090e-03  -9.67118246e-04   3.74317181e-03
   1.07454746e-02]
[ 0.01068481 -0.01627176  0.02112197 -0.00589792 -0.00824082 -0.00132131
  0.00180228 -0.00917388  0.01668799  0.00982714  0.01270282 -0.01637606
 -0.00901383 -0.00261844  0.00412292 -0.00181393  0.0072896  -0.00972039
 -0.00210797 -0.00120867  0.00261946]
[ 0.01802597 -0.01075625 -0.01011233 -0.01845759  0.00180165 -0.01545459
 -0.00637344  0.00199439  0.00244433 -0.01400881 -0.00840029 -0.02175669
  0.00378693  0.00756414  0.00266301  0.03779863  0.01370938 -0.0018021
  0.01109157 -0.0085647  -0.02031655]
[  2.72158939e-03  -5.33099773e-04  -1.27256009e-03  -4.70853277e-03
   1.44028317e-03  -7.61496756e-03  -4.42846291e-05  -1.51943937e-03
   2.56210868e-03  -6.94813321e-03  -5.86901925e-03  -8.29059602e-03
   3.64011797e-03   1.00131846e-03  -5.21307293e-03   1.16246142e-02
   6.69043323e-03   5.42468000e-03   2.96670634e-03  -4.57299043e-03
  -1.70770063e-03]
[ 0.02090361 -0.01098272 -0.01453545  0.01134377  0.02900271 -0.00741599
  0.00127192  0.00807627 -0.00711726  0.01118537  0.02157464  0.00201975
  0.01571365 -0.00410993 -0.00684145 -0.03230705  0.00098462  0.00871716
 -0.00502565 -0.02116172 -0.01312599]
[ 0.01688684 -0.03072131 -0.02370584 -0.00749006  0.01575151 -0.00322173
  0.0006228  -0.00619779 -0.02124975  0.01215268  0.00572863 -0.00188013
  0.00011519 -0.01024499 -0.00176912 -0.01367272  0.01831784 -0.01135726
 -0.00077814 -0.02050857  0.00986234]
[ 0.01671667  0.0124241   0.00303237  0.00475501  0.00706833  0.00856771
 -0.01959908 -0.01595891 -0.00278763 -0.01620915  0.0112997   0.01083598
  0.00675107  0.00077716  0.01734139  0.00198625  0.0265481  -0.00218105
 -0.02111779  0.02160842 -0.00742773]
[ 0.02484276  0.01346389 -0.00138646 -0.01270852  0.00257927  0.02455447
 -0.02993603  0.01113842  0.01895756 -0.00453211 -0.03019015  0.03445156
  0.0026229  -0.01168944  0.00841817  0.00346275 -0.00649898 -0.01429164
  0.01419003 -0.01772264 -0.0378674 ]
[ 0.01807795 -0.03134064  0.02162192 -0.01216632  0.00100803  0.01011479
  0.01266309 -0.01417481 -0.00322798  0.00248107 -0.00177001  0.00228428
 -0.01154479  0.00121178  0.00207384  0.01087489  0.00714211 -0.02425394
  0.01988046  0.01737206  0.00913052]
[ 0.01118936 -0.01605338 -0.03365344 -0.00532106 -0.00077738 -0.00442383
 -0.00819572 -0.00252556 -0.00822538  0.00309334  0.01405304 -0.01077004
  0.01446847 -0.01103693  0.01477647 -0.00039904 -0.00476506  0.01227079
 -0.00313011  0.01455688 -0.00182262]
[ 0.01206712  0.00835979  0.00087174  0.02570347  0.00938131 -0.01169688
  0.00522476 -0.00327805  0.00853889  0.0129676  -0.00539088 -0.00806465
 -0.00258765 -0.01157228 -0.00536052 -0.00302594 -0.00312931 -0.01336074
  0.02238974  0.01395775 -0.01198226]
[  2.68815486e-03  -8.96232433e-04  -3.80730683e-03   3.02903045e-04
  -2.75279697e-03   5.35525393e-04  -6.99665008e-04  -1.25420622e-03
   1.54695316e-03  -1.14685668e-03   3.13332904e-03   6.13841087e-04
   1.14810225e-03   3.29544972e-03  -5.54497492e-05  -1.93873387e-03
   2.38510620e-04   1.14067991e-03   3.58134953e-03   8.82387952e-03
   1.58533771e-03]
[ 0.0147393  -0.01914748 -0.03451486 -0.01027026  0.00354352 -0.00640205
 -0.01438821 -0.00288771 -0.00215524  0.00534828  0.00339087 -0.00338454
 -0.00707696 -0.01709289 -0.01248554  0.01003185  0.0069526  -0.01678783
 -0.01641153 -0.02190356  0.00674399]
[ 0.03213139 -0.02676446  0.01328233 -0.01533235 -0.00338004  0.03818081
  0.0324723  -0.00083694 -0.00093259 -0.01312609 -0.03909724 -0.02123955
 -0.00495565  0.00435648  0.00266895  0.0029793  -0.0149107  -0.00328113
 -0.02261349  0.0372337  -0.03376759]
[ 0.01805944  0.03306122  0.00103482 -0.04228293 -0.00531354 -0.01717044
  0.01510504  0.00233075 -0.0115786   0.02741431  0.00559152  0.00446103
 -0.00255347  0.00543158  0.00455131 -0.00436193 -0.00932134 -0.00881056
 -0.00159552 -0.00888616 -0.01019728]
[ 0.02216417 -0.03171585  0.0175483  -0.00356366 -0.00607978 -0.01294059
 -0.00128637  0.00162129 -0.01374006  0.00250703  0.00114352 -0.00723766
 -0.0059375   0.00662332  0.01068527  0.01274738  0.01764966 -0.04244418
  0.00670219 -0.00261418  0.02222775]
[ 0.00946206 -0.0030625  -0.02045943 -0.00273887 -0.00796982  0.00093048
 -0.01996344  0.00406565  0.01916251  0.00751572 -0.0101206   0.01596431
 -0.03147316 -0.00595689 -0.01422762  0.01124704 -0.01483645 -0.00295069
 -0.00559527  0.00406971  0.00841497]
[ 0.0227177   0.00397526 -0.01385041  0.00405316 -0.0012951   0.00543299
 -0.00369603 -0.00651514  0.00884024 -0.00643174  0.00803459  0.00721439
  0.02630014 -0.00164491 -0.02611118 -0.03158452  0.01011445 -0.0227999
 -0.0177159  -0.01805295 -0.00951486]
[ 0.01508942  0.00742996 -0.008961    0.00194342 -0.00456756  0.00630327
 -0.00029156  0.00234022  0.0033077  -0.00824704 -0.00417806 -0.00526493
 -0.00462118  0.00472526  0.01172925  0.01641278 -0.01097055  0.0010304
  0.03210457 -0.01456852 -0.00826031]
[ 0.00972267 -0.00874944  0.01123083 -0.00051974 -0.00746391  0.00305586
  0.00321602 -0.00315962  0.01463838  0.00698596 -0.00137563 -0.01378703
 -0.00724498  0.0035826   0.00117029 -0.01151054  0.00182987  0.00137501
 -0.01231651  0.00771391 -0.01053018]
[ 0.00684811 -0.00673745  0.00089772  0.00255399  0.0164662   0.00140371
  0.01020706 -0.00641844 -0.00252204  0.00280855 -0.00548398  0.02033786
  0.00198793  0.01222571 -0.00233694  0.00239826 -0.01144532  0.02157889
 -0.00924516 -0.00646718 -0.00299912]
[ 0.01141221  0.01302965  0.00156881  0.00386026  0.0016524   0.01900038
 -0.02333904 -0.0120802  -0.00366834  0.00092212 -0.01018083  0.00176107
  0.0155042  -0.00430377 -0.00705181 -0.00830785  0.02434719  0.00576124
  0.00321473 -0.00592898  0.01108456]
[ 0.00752647  0.01992505  0.00303018 -0.0208011  -0.00261424 -0.0047525
 -0.00013735 -0.00826042 -0.02035188  0.02847586  0.00536038 -0.00524785
  0.00125604  0.01226047 -0.01215582  0.00642806 -0.01528354 -0.00850658
 -0.00860331  0.00779005 -0.00912539]
[ 0.00343766 -0.00401309  0.00886342 -0.00246345 -0.00036994  0.0017573
 -0.00240171 -0.00576554  0.00569959 -0.00045609  0.01045328  0.00771245
  0.00452509 -0.00899031 -0.00200424  0.00529898 -0.0101746   0.01016305
  0.00287475 -0.00545399 -0.00139135]
[  7.51350208e-03   7.32137565e-03  -1.55423358e-03   1.26245406e-02
   1.32529877e-02  -7.23780475e-03   1.29148281e-02  -4.04351048e-05
   1.10160673e-02   1.17213112e-02  -5.25454291e-03   3.66479445e-03
   8.65101619e-03  -9.16487496e-03   4.89557906e-03   9.47702448e-03
  -7.12179958e-03  -1.00206280e-02   9.69050308e-03   4.29645907e-03
   4.94046514e-03]
[ 0.003129    0.0016597  -0.00114979  0.004772    0.00153234 -0.00157341
  0.00058369 -0.00130274  0.00260783  0.00183754 -0.0002013  -0.0008959
  0.00273702 -0.00290235 -0.00483071 -0.00502025  0.00061131 -0.0070416
  0.00358656  0.0011801  -0.00519536]
[ 0.01020294 -0.02426318 -0.00174136 -0.00828747  0.01487329  0.00892518
  0.0159016  -0.01387341 -0.01767167  0.00834501 -0.01365894  0.016639
 -0.01303074  0.01235609 -0.00786002 -0.00771786  0.01901136  0.0023352
  0.02060793 -0.00112964  0.00653034]
[ 0.00627424  0.00356605 -0.00803173  0.00203144 -0.01149198  0.00585035
  0.00907922 -0.00174626  0.00389261 -0.01156819  0.01195323  0.00196503
  0.00231497  0.01388715 -0.01362179 -0.00760497 -0.00275996 -0.0034871
  0.00765936 -0.00211208  0.00406559]
[ 0.00675055  0.00318473 -0.00144673  0.01298577  0.01650234 -0.00554771
  0.01174401 -0.00878689  0.0076412   0.00448139 -0.00383255  0.00991243
  0.00637272  0.00956728  0.0074599   0.01660857 -0.01231048  0.00269786
 -0.01875209 -0.00502978  0.01279254]
[ 0.00627347  0.0157793   0.00372577 -0.01079732 -0.00123659  0.00102065
 -0.00647029 -0.01113374 -0.01959669  0.02265758  0.00366268 -0.00745031
  0.00233887  0.01003832 -0.01349282  0.00792186 -0.0103698  -0.00363624
 -0.00640514  0.00988367 -0.00281063]
[ 0.01067024  0.00688435  0.01055525 -0.01620387  0.01079268 -0.02749876
 -0.01013958 -0.01363308 -0.00317956 -0.03311813 -0.00649935  0.01686015
 -0.00694733 -0.01040325  0.01032521 -0.0326305  -0.02033439 -0.00981979
  0.00025967  0.0195396   0.01893044]
[ 0.00591664  0.00491965  0.0036978  -0.01567397  0.0045199  -0.02337687
 -0.00076857 -0.00684419  0.00383447 -0.01705098 -0.01063865 -0.00797096
  0.00071426 -0.00083143 -0.00491283 -0.00615821 -0.00013049  0.00938147
  0.0033072  -0.00377042  0.00649797]
[ 0.00676469  0.00546938  0.00259114  0.00723639 -0.00403193  0.00019464
  0.00773644  0.00292783 -0.01239198 -0.00867635  0.00481173  0.00151513
 -0.0136894  -0.01788261 -0.00794485  0.00732129  0.00892358  0.00525684
 -0.00997146  0.00974336 -0.00778864]
[ 0.00298639  0.00257259  0.00224526 -0.00226939  0.00290582 -0.00400904
 -0.00458552 -0.00492735 -0.00104343 -0.00904233  0.00034114  0.00559112
 -0.00050651 -0.00237627  0.00576569 -0.00795789 -0.00035392 -0.00320663
 -0.00436947  0.01067538  0.00426287]
[ 0.01219351 -0.00961177  0.01432584 -0.00236897  0.01046021  0.00110239
 -0.01026307  0.03614885 -0.00530202 -0.00547837  0.00796702 -0.00407094
  0.00904935  0.01822723 -0.00595528  0.01212401  0.00158119 -0.01843511
 -0.0068139   0.0105085   0.02012859]
[ 0.00710587 -0.00242514  0.00719143  0.01477771 -0.0166679  -0.01221362
 -0.00145772  0.00386657 -0.01811211  0.00078618 -0.0075762   0.00602592
 -0.0012747  -0.0079297  -0.00076051  0.00240684 -0.00088572  0.00381554
 -0.00120852 -0.00777144 -0.00432844]
[  9.61632698e-03   6.30049611e-03  -3.20517134e-03   9.32945268e-03
   4.71203957e-03  -8.61500155e-03   1.43151545e-02  -5.30345689e-03
   1.22054976e-02  -4.07182872e-03  -9.16768413e-03  -3.03074488e-03
   1.39725307e-02  -4.77047202e-03  -1.88556465e-02   1.03686176e-02
   9.42504380e-03  -6.55696364e-05  -1.40413008e-02   9.00483926e-03
   8.31038332e-03]
[ 0.01508588 -0.00065755  0.00855802  0.00069286  0.01456684 -0.00627692
 -0.00706809  0.03332228  0.00839274  0.00819857  0.01494798 -0.00473184
 -0.00368227  0.01315246 -0.00081784 -0.00943881  0.00995484  0.01751017
  0.00150293 -0.00235965 -0.00392785]
[ 0.00894336 -0.0019494  -0.00030642 -0.00055374 -0.00122786  0.01621022
  0.0086094   0.0064688  -0.00763162 -0.00783558 -0.01413614 -0.02164912
 -0.00064153 -0.01078566  0.00819866 -0.00287632 -0.02534303  0.00694741
 -0.0007318  -0.00151974  0.00293366]
[ 0.00363167  0.00027534 -0.00275098  0.00647518  0.00824982 -0.0044551
  0.00443652  0.00057675  0.00327337  0.00557898  0.00149477 -0.00027153
  0.00977551 -0.00768478 -0.00636379 -0.00477423 -0.00102354 -0.00726638
  0.00803748  0.00366287 -0.00572778]
[  1.40227127e-02   6.54940999e-03  -6.45989329e-03   3.79524442e-03
  -9.55925631e-03   1.41333708e-02   9.83082440e-03  -3.97254878e-03
   6.27654611e-03  -1.27728957e-02  -3.62111076e-03  -6.69352498e-03
   6.05841487e-03   1.12661838e-02  -1.58078164e-02  -5.56039136e-05
  -1.27080135e-03   2.18922179e-03   1.09885218e-02  -4.25548821e-04
   8.03755848e-03]
[  3.28727934e-03   1.86438855e-03  -8.24052226e-07  -5.68133267e-03
   2.78243975e-03  -1.25325820e-02   1.82576998e-03  -3.87265974e-03
   4.64095954e-03  -1.03195799e-02  -8.94346205e-03  -8.88396960e-03
   5.31957828e-03  -5.26292898e-04  -9.50467625e-03   7.89876084e-03
   6.77750542e-03   8.69785829e-03   9.16178819e-04  -3.76117228e-03
   3.82320333e-03]
[ 0.00975497 -0.0031403   0.01025135 -0.00538506 -0.0027192  -0.00915845
 -0.00122965  0.00329875  0.01490104  0.00701906  0.00391849 -0.01483465
 -0.00679218  0.00759504 -0.00046162 -0.0129825   0.00700363  0.01069011
 -0.00451267 -0.0058291  -0.00805847]
[ 0.00349634 -0.00385713  0.00141062 -0.00066338  0.00430314  0.00397198
  0.00603506 -0.00201124 -0.00087094 -0.00045609 -0.0060348   0.00465212
  0.00013488  0.00502943 -0.00056812  0.00131258 -0.00646727  0.00882652
 -0.00748136  0.00265078 -0.00670131]
[ 0.00529249 -0.00462942 -0.0025041   0.00649377 -0.01836774 -0.00904512
 -0.00221678  0.00203256 -0.00401636  0.00316183 -0.0059002   0.0089018
  0.00834403  0.00647856  0.00673796  0.00224617 -0.00244644  0.00420457
  0.00336141  0.00252266  0.0031027 ]
[ 0.02091631  0.02719971  0.01034232  0.01034592  0.0021864   0.02111576
 -0.03253657 -0.02724811 -0.02620895  0.01353451 -0.00149217 -0.01425386
  0.00530652 -0.0005882  -0.01095719  0.00865813  0.01227008  0.01586587
  0.00762953  0.00539229  0.02172634]
[ 0.00933803 -0.01739903  0.02359378 -0.0074346  -0.00733617  0.00482393
  0.00226392 -0.01706673  0.01563075  0.00776039  0.01965738 -0.00534284
 -0.00262801 -0.01307291  0.00171218  0.00879239 -0.00106661 -0.0052787
  0.00657328 -0.00278557  0.00770539]
[ 0.01875862 -0.01160692  0.01384125  0.00021694 -0.02645505  0.00290787
  0.00367382 -0.0037821   0.01789492  0.00419245  0.00122446 -0.00048731
  0.0186241   0.00463417 -0.00598323 -0.01868215 -0.00591758  0.00119199
 -0.02170944 -0.00868367 -0.01402416]
[ 0.01279082 -0.00310123  0.00837037 -0.00589939  0.01206122 -0.00033028
 -0.01594003  0.02177962  0.0032135  -0.00976365  0.00627243  0.00783755
  0.00763552  0.01279658  0.00297912  0.01910464  0.00908528 -0.00390498
  0.00187875  0.00575271 -0.02306098]
[ 0.01095312 -0.00345654  0.0093717   0.00794999  0.01267351 -0.00559081
 -0.00671696  0.02292762 -0.01419094 -0.00477079  0.01803739  0.00631196
 -0.00202737 -0.00273169 -0.01908855 -0.00139972 -0.00858767  0.01388805
  0.00484698  0.00154122  0.00060363]
[ 0.01057158  0.00781803  0.00359096 -0.02523542  0.00115789 -0.02581465
  0.00188719 -0.00275593  0.00470107 -0.00524842 -0.00707221 -0.01537668
 -0.00185207  0.00584502 -0.00233284 -0.00248974  0.00297434  0.01016517
  0.00408609 -0.0133544  -0.00763379]
[ 0.01506698  0.01070476 -0.0108706   0.01072043 -0.01305966  0.01498875
  0.0203729  -0.00499713 -0.00017407 -0.0293168   0.0187188  -0.00658014
 -0.00856874  0.01632136 -0.02245126 -0.00835478 -0.00338291 -0.01242169
 -0.00101734 -0.02403636 -0.00552117]
[  9.70085584e-03   1.72376185e-05   7.08882196e-03   6.87980329e-03
   3.66499112e-03  -1.15167321e-02  -3.87738765e-03  -6.02640024e-03
  -1.21855683e-02  -1.22109513e-02   3.55487495e-03   6.56845153e-04
  -1.50962848e-02  -2.55064491e-03   9.65964301e-03  -3.72629434e-03
  -6.55288908e-03  -1.43986620e-02   1.37729661e-03   1.75369690e-03
   9.15345826e-03]
[ 0.02081486  0.00893026  0.01435964  0.03171434 -0.00750009 -0.01044255
 -0.00188891  0.00670434 -0.0433973  -0.01413734  0.00561104 -0.00295743
 -0.02799009 -0.03443814 -0.02107869  0.00960328 -0.00949566  0.01065421
  0.01070966  0.0026469  -0.00956533]
[  1.07271760e-02  -4.05707344e-03   8.13533221e-03  -4.21495467e-03
   2.08984657e-03   1.51381422e-02  -6.49327788e-04   2.06360477e-02
   6.03330074e-04  -4.44383009e-03  -1.32824526e-02  -1.04522814e-02
   1.27545917e-02   5.32423594e-03   2.70368950e-03  -5.39297911e-05
  -1.21535646e-02  -1.64403623e-02  -1.54783773e-02   3.75534727e-03
   1.96580255e-02]
[ 0.01334176  0.01193576 -0.00107104  0.02021919  0.01019821  0.00034971
 -0.00751714 -0.01624523 -0.00222781  0.00079424  0.00589141 -0.01164103
 -0.01219088  0.01563346  0.02131767  0.00877963 -0.00484152 -0.00813342
  0.01370176 -0.01129271 -0.00341234]
[ 0.00671117 -0.00496025 -0.01480897 -0.00261431 -0.00364524 -0.0043165
 -0.00581723 -0.00244051 -0.00020698 -0.00386131  0.00650611 -0.00519795
  0.00683761  0.00524733  0.01407387  0.01338412 -0.00037604  0.00752741
  0.00549605  0.0168475  -0.00655296]
[ 0.00416241  0.00141944  0.00597933  0.00043659 -0.00092014  0.00451035
 -0.00627625 -0.0091174   0.00083698  0.00069122  0.00774589  0.00110669
  0.0045333  -0.00569829  0.00034753  0.00454504  0.00188171  0.00687776
 -0.0021171   0.00055659  0.00331637]
[ 0.00284859  0.00195657 -0.00102326  0.0056856   0.00613253 -0.00346201
  0.00665665 -0.00406849  0.00520025  0.00072533 -0.00347673  0.00319666
  0.00605742  0.00281892 -0.00163231  0.01005313 -0.00302617  0.00129866
 -0.01382189  0.00016137  0.00960749]
[ 0.02130629  0.01157994 -0.00348851  0.03194491  0.02212326 -0.00613651
 -0.00546631 -0.02478622  0.00077992 -0.00825028  0.01941191 -0.00912767
 -0.02268889  0.03552123  0.04199994  0.00443679 -0.00680449 -0.01402468
 -0.01406183 -0.02056851 -0.00396722]
[ 0.01127004 -0.00642339  0.01361967 -0.00569026  0.0115103  -0.00103192
 -0.00677436  0.00104118  0.00118036 -0.00940013  0.00722357  0.02445189
  0.00228003 -0.00480699 -0.0039323   0.00430365 -0.01836152  0.0123111
  0.00810751  0.00062768 -0.00845544]
[ 0.01273505 -0.02078689 -0.03046676 -0.00433515  0.00981311 -0.00138831
 -0.00230806 -0.00136321 -0.01683307  0.00712048  0.01328425 -0.01597214
  0.01687083 -0.01874928  0.01461205 -0.01738839 -0.00441899  0.01288636
 -0.00957692  0.00193374 -0.0044676 ]
[ 0.00838861 -0.01049826  0.02113783 -0.00467919 -0.00820455  0.00612338
 -0.00328203 -0.01781229  0.015843    0.00441259  0.0238954   0.0049819
  0.00973    -0.01891291 -0.0022312   0.00956002 -0.01177929  0.01363389
  0.00077506 -0.01086142  0.0025513 ]
[ 0.00984362  0.00437814 -0.00154444  0.00843555 -0.0057782   0.00875909
  0.00764289  0.0031728  -0.01155589 -0.01533775 -0.0007056  -0.01361523
 -0.01103475 -0.0077259  -0.00540473  0.00293363 -0.01978385  0.00296728
  0.01264061 -0.01400387 -0.00624327]
[  1.31741528e-03  -2.30827557e-03   1.06773474e-03  -8.76333127e-04
  -3.43922398e-04   8.94736525e-04   9.16348396e-04  -1.39880146e-03
  -1.68504939e-05   2.01275736e-05   4.04604593e-04   3.38668979e-04
  -9.47499099e-04   7.91047957e-04   2.13125500e-04   7.70760437e-04
   8.44115404e-04  -2.65148496e-03   3.38669850e-03   4.52116116e-03
   1.63646356e-03]
[ 0.00770204  0.00062464  0.00272269  0.01378568 -0.00508853 -0.01048976
  0.00047665  0.00086327  0.00761199  0.00973727 -0.00991251 -0.00439635
 -0.00327408  0.00212871 -0.0021775  -0.00773293  0.0060251   0.0059688
 -0.00252894  0.00756693 -0.00301882]
[ 0.00630944  0.0046487  -0.0026421   0.01409082  0.01212124 -0.00914643
  0.01108665 -0.00135994  0.01047969  0.00972443 -0.00409006 -0.00129148
  0.01476147 -0.01428917 -0.00999701  0.00198479 -0.00228799 -0.0157536
  0.01520967  0.01327633 -0.00447238]
[ 0.00642507  0.00800391 -0.00088589 -0.00232234 -0.00113221  0.0034748
  0.0121496   0.00751297  0.00096139 -0.00078217  0.00247037  0.00458921
 -0.00655661 -0.01238772  0.0092477   0.00524115  0.01348302  0.00357542
 -0.00739112  0.00114946  0.00114116]
[ 0.00898046 -0.0009094   0.0030285  -0.00242142 -0.00364092  0.00935462
 -0.00409521  0.00708897  0.00742377 -0.00224185 -0.00832559  0.00245772
  0.01375522  0.00097495 -0.00284772 -0.00885719 -0.00643045 -0.01461407
 -0.01406325 -0.00782516 -0.00383964]
[ 0.00590475 -0.00631429 -0.01785008 -0.00408579 -0.00197813 -0.00165547
 -0.0125726   0.0007248   0.00739515  0.00501816 -0.00337047  0.00633095
 -0.0186283  -0.00996849 -0.0129283   0.01033643 -0.00505643 -0.00971673
 -0.01160927 -0.00864789  0.00909004]
[ 0.02026239  0.01991293  0.00460374  0.00678173  0.00014363  0.02963532
 -0.02592916 -0.00865032 -0.00213236  0.00651578 -0.021958   -0.01393262
  0.00828461 -0.00142499 -0.0061356  -0.00791794  0.01253509  0.0198571
  0.01495858 -0.00507246  0.03312235]
[ 0.00474517  0.00175887 -0.00108586  0.00171428  0.00373741 -0.00116238
  0.00119961  0.00488521  0.00402045  0.00633522  0.0011418  -0.00124386
 -0.00333867 -0.00125429  0.00497044 -0.00834005  0.00260981  0.00689919
  0.00183491 -0.00476883 -0.00045311]
[ 0.00884314  0.01001478  0.00072743 -0.01387511  0.00131361 -0.00617797
 -0.00319601 -0.0018339   0.0001755  -0.0024741  -0.003732    0.01239255
  0.00164561 -0.00359221  0.00192125 -0.01560324 -0.00880998 -0.01323959
 -0.00076962 -0.00362857 -0.00728523]
[  5.15826921e-03  -1.00976392e-03   1.26283758e-03  -3.42004170e-03
  -1.89368051e-05   7.98700964e-03  -5.67174064e-04   1.58913501e-03
   2.83434400e-03  -2.35153025e-03  -1.02869543e-02   3.05106155e-03
  -2.49380801e-04  -1.52510065e-03   2.06779211e-03   1.15154556e-03
  -3.69850752e-03  -3.67987322e-03  -9.00413462e-04   2.86394994e-03
  -1.56852954e-02]
[ 0.00522681 -0.01031143  0.00087248 -0.00450813  0.00484067  0.0076716
  0.00963157 -0.00533453 -0.00694953  0.00157939 -0.01094639  0.00423654
 -0.0066942   0.00636852 -0.00340035 -0.00329719  0.00704381  0.0006846
  0.00748082  0.00642329 -0.00267171]
[  1.53956269e-02  -5.45613084e-03  -3.03675344e-02   8.79636680e-05
  -2.81536540e-02  -3.73511623e-03  -6.55681517e-03   8.04165128e-04
   8.54047996e-03  -2.80116894e-03   7.91719220e-03   1.21829062e-02
   8.26602003e-03   1.58468696e-02   5.61740427e-03   1.02342581e-02
  -1.53748804e-02   1.36647795e-02   2.42338335e-02   2.99698882e-02
   1.03016561e-02]
[ 0.00443735 -0.00044638 -0.00590406  0.00194607 -0.00238131 -0.00094745
 -0.00865058  0.00234126  0.01206405  0.00678707 -0.00546157  0.00275202
 -0.02040476  0.00025218 -0.00629272 -0.00101087 -0.00493075  0.0047481
 -0.00400894  0.0062114   0.0034523 ]
[ 0.00920029  0.00938358  0.00100092  0.00031994  0.00261363  0.01464185
 -0.02008516 -0.00688926  0.00140718 -0.00410817 -0.00886394  0.01137054
  0.01104912 -0.00499267  0.00280788 -0.00351951  0.02076752 -0.00084945
 -0.00058666 -0.00222207 -0.00612958]
[  1.26422440e-03   9.06572054e-05  -2.35630476e-04   1.32483161e-03
  -2.84658686e-04  -4.88840700e-04  -8.78963992e-04   1.90235707e-04
   2.50695764e-03   1.61398309e-03  -8.94333288e-05  -1.64353262e-03
  -2.77273261e-03   1.96305010e-03   1.34971675e-04  -3.23941583e-03
   1.01189764e-03   3.09865039e-03   4.29470032e-04   4.01137259e-03
  -2.08451124e-04]
[  2.18325240e-02  -2.10608477e-02   1.79680698e-02   3.43865638e-02
  -6.51918235e-02  -4.15252986e-02  -4.22021407e-03   8.88796691e-03
  -2.75371614e-02   1.75952457e-02  -3.37995776e-02   2.42916441e-02
   2.43818365e-02   8.91853506e-03   1.91850908e-02  -2.26587755e-03
   6.98909399e-03  -5.51338964e-05  -1.42575443e-02  -2.31304408e-02
  -1.29514492e-03]
[ 0.00517221  0.00400034 -0.00303127  0.00771317  0.00071688  0.00252676
  0.00398701 -0.00580919  0.00010179 -0.00915166  0.00911248 -0.00384976
 -0.00766685  0.01303819  0.00264455 -0.00167308 -0.00277221 -0.00816977
 -0.00424794 -0.01524916 -0.0033706 ]
[ 0.0046026   0.00093722  0.00175758 -0.00301028  0.00324332  0.00327289
 -0.00810786  0.00721335  0.00363548 -0.00325584 -0.00298181  0.0080362
  0.00284287  0.0019919   0.00254696  0.00702622  0.0018618  -0.0043756
  0.00377028 -0.00163871 -0.01808699]
[ 0.01104493 -0.0054415   0.01297491  0.00275499  0.01519857 -0.00419173
 -0.01031291  0.0401537  -0.00692039 -0.00226987  0.01971198 -0.00049135
  0.00251911  0.01456689 -0.01631126  0.00246401 -0.00015914  0.00579168
 -0.00051497  0.00776569  0.01371344]
[ 0.00532396 -0.00606732 -0.0050962  -0.00213491  0.00143109  0.00700581
  0.00440543  0.00143028 -0.00604571 -0.00174443 -0.00466235 -0.01302587
  0.00378128 -0.008287    0.00736386 -0.00566695 -0.01219824  0.00643284
 -0.00624635  0.0047654  -0.00469176]

Right eigenvectors

[ 1.          0.8850466  -0.12702827  0.05191744 -0.49969719  0.55559917
  1.70384185  0.25790406 -0.29016432 -0.99938427  0.60209809  0.40936292
 -0.8896671  -1.23347965 -0.19911645  0.66220554  1.82716026  0.21258987
 -1.86601457  1.13200651 -0.51284592]
[ 1.          1.13398978 -0.07866971 -0.59909914  0.25583561  0.20133518
  0.91541995  1.32523424  0.49631499  0.86483967 -0.14294979  0.42087245
 -0.23136453 -0.87200145  1.72195185  0.17637676  0.28762271  0.31017513
  0.87064143 -1.00515182  0.67833033]
[ 1.          0.24747761 -0.93812905  0.69275743  0.47547067 -0.20907484
 -1.06403227 -1.25765548 -0.075072   -0.9668941   1.40244505 -0.33963235
  0.10899854  1.59648685  3.2973686   1.44038114  0.72304374  0.15551176
 -0.85279556  1.96627537 -1.22832748]
[ 1.          0.17691639  0.24840786  0.98383349  0.0997071  -0.41546613
 -0.55119385  0.2733605   1.51725151  1.21613278 -0.41030454 -1.05424591
 -1.71241237  0.73548138  0.07868519 -1.51108764  0.50387705  1.3684147
 -0.20618296  0.7928813  -0.26985666]
[ 1.          1.62307105 -0.39260764 -1.32114108 -0.57783313  0.1338427
  2.07446446  1.47337398  0.39700521  0.97258748  0.84591758  1.37899008
 -0.48762399 -1.04167531  2.28725188  0.06616045  1.43819462  0.48856935
  0.86386458 -0.81114896  1.71106744]
[ 1.          0.32789962 -1.11576225 -0.16388948 -1.75657288  0.40734765
  0.84382406 -0.02488342  0.75942154 -0.63068232  1.08915487  0.72926445
  0.86878961  1.32388283 -0.93603062 -0.68233077 -0.259291    0.16402769
  1.00520739  0.75195505  0.80833903]
[ 1.         -2.24854377 -0.06645437 -0.45255298  2.55174743  0.86112093
  2.20230383 -1.77414454 -1.81124322  1.00255999 -1.84188493  3.73017274
 -1.17238684  2.63353904 -1.15009654 -0.60413097  0.8779596   2.98814159
  1.4929324  -1.02810894  0.49284652]
[ 1.          0.52594486  0.29189999 -0.23588608  0.11988659  1.69835869
  0.12965603  1.28279676 -0.11166818  0.03124551 -1.61345247 -1.46125838
  0.58605064 -0.72010266  1.21915837 -0.25561416 -1.2940504   0.31330979
  0.1346953  -0.65806587  2.70772945]
[ 1.          1.48215947 -0.49657629 -1.34779931 -1.04957229 -0.00675189
  1.9392723   0.67116336  0.03683487  0.4180629   1.13699954  1.16002166
 -0.30622861 -0.28532556  0.68841798 -0.09974183  1.15021429  0.15230787
 -0.06869519  0.26588051  0.76325973]
[ 1.         -1.52288662  1.97682161 -0.55199129 -0.77126468 -0.12366291
  0.16867673 -0.85859062  1.56184197  0.91973002  1.18886706 -1.53264893
 -0.84361178 -0.24506232  0.38586758 -0.16976738  0.6822394  -0.90973873
 -0.19728622 -0.11312011  0.24515781]
[ 1.         -0.5967085  -0.56098666 -1.02394439  0.09994734 -0.85735136
 -0.35356973  0.11063962  0.1356004  -0.77714581 -0.46601057 -1.20696402
  0.21008203  0.41962442  0.14773167  2.09689897  0.7605353  -0.09997231
  0.61531076 -0.47513122 -1.12707102]
[ 1.         -0.19587811 -0.46757975 -1.73006729  0.52920664 -2.79798547
 -0.01627161 -0.55829119  0.94140163 -2.55296895 -2.15646757 -3.04623323
  1.33749712  0.3679168  -1.91545167  4.27125936  2.45828164  1.99320295
  1.0900639  -1.68026465 -0.62746447]
[ 1.         -0.52539817 -0.69535575  0.54267024  1.38744965 -0.3547706
  0.06084673  0.38635743 -0.3404799   0.53509275  1.03210103  0.09662219
  0.75171948 -0.19661333 -0.32728551 -1.54552498  0.04710276  0.41701707
 -0.24041997 -1.01234748 -0.62792921]
[ 1.         -1.81924586 -1.40380558 -0.44354406  0.93276836 -0.19078357
  0.03688077 -0.36701909 -1.2583616   0.71965399  0.33923647 -0.11133706
  0.00682113 -0.60668511 -0.10476348 -0.80966707  1.08474043 -0.672551
 -0.04607966 -1.21447051  0.58402525]
[ 1.          0.74321597  0.1813982   0.28444728  0.42283123  0.51252461
 -1.17242711 -0.95467042 -0.16675767 -0.96963945  0.67595401  0.64821391
  0.40385226  0.04648996  1.03737085  0.11881864  1.58812077 -0.13047176
 -1.26327684  1.29262677 -0.44433051]
[ 1.          0.5419646  -0.05580951 -0.51155833  0.10382384  0.98839537
 -1.20502031  0.44835703  0.7631021  -0.18243194 -1.2152496   1.3867851
  0.10558017 -0.47053729  0.33885811  0.13938688 -0.26160475 -0.57528391
  0.57119402 -0.71339269 -1.52428344]
[ 1.         -1.73363909  1.19603814 -0.67299243  0.05576004  0.5595101
  0.70047163 -0.78409387 -0.17855893  0.13724275 -0.09790973  0.12635699
 -0.63861178  0.0670306   0.11471652  0.60155562  0.39507284 -1.34163117
  1.09970771  0.96095295  0.5050641 ]
[ 1.         -1.43470062 -3.0076292  -0.47554673 -0.06947517 -0.39536078
 -0.7324565  -0.2257107  -0.73510764  0.27645413  1.25592888 -0.96252569
  1.29305599 -0.98637729  1.32058291 -0.03566276 -0.42585624  1.09664856
 -0.27973973  1.30095786 -0.16288863]
[ 1.          0.69277465  0.07224056  2.13004182  0.77742745 -0.96931847
  0.43297457 -0.27165119  0.70761649  1.07462267 -0.44674168 -0.6683163
 -0.21443778 -0.95899319 -0.44422524 -0.25075944 -0.25932559 -1.10720212
  1.85543437  1.15667611 -0.99296795]
[ 1.         -0.3334006  -1.41632719  0.11268065 -1.02404702  0.19921672
 -0.26027705 -0.4665677   0.57547025 -0.42663341  1.16560585  0.22835034
  0.42709677  1.22591513 -0.02062744 -0.72121361  0.08872652  0.42433564
  1.33227054  3.28250416  0.5897494 ]
[ 1.         -1.29907599 -2.34168873 -0.69679398  0.24041265 -0.43435222
 -0.97618002 -0.19591877 -0.14622406  0.36285862  0.23005611 -0.22962672
 -0.48014226 -1.15968082 -0.84709125  0.68061893  0.47170454 -1.13898371
 -1.11345386 -1.48606482  0.45755169]
[ 1.         -0.83296917  0.41337551 -0.47717665 -0.10519438  1.18827154
  1.01060983 -0.02604738 -0.02902412 -0.40851317 -1.21679262 -0.66102192
 -0.15423077  0.13558341  0.08306374  0.09272252 -0.46405413 -0.10211612
 -0.70378205  1.15879542 -1.0509223 ]
[ 1.          1.83068926  0.05730067 -2.34132045 -0.29422492 -0.95077354
  0.83640677  0.12906006 -0.64113849  1.51800472  0.30961775  0.24701937
 -0.14139247  0.30076139  0.25201825 -0.24153193 -0.51614789 -0.48786478
 -0.08834814 -0.49205067 -0.56465078]
[ 1.         -1.43095133  0.79174192 -0.1607849  -0.27430656 -0.58385159
 -0.05803807  0.07314919 -0.61992204  0.11311183  0.05159312 -0.32654789
 -0.26788723  0.29882993  0.48209673  0.57513473  0.79631498 -1.91499053
  0.3023887  -0.11794635  1.00286847]
[ 1.         -0.32366108 -2.16225992 -0.28945874 -0.84229251  0.09833764
 -2.10984105  0.42967952  2.02519517  0.79430039 -1.06959882  1.68719241
 -3.32624989 -0.6295551  -1.50365012  1.18864612 -1.56799375 -0.3118446
 -0.59133773  0.43010813  0.88933855]
[ 1.          0.17498521 -0.60967483  0.17841427 -0.05700836  0.23915223
 -0.16269399 -0.28678721  0.3891346  -0.28311597  0.35367106  0.31756683
  1.15769377 -0.07240633 -1.14937642 -1.39030457  0.44522343 -1.0036183
 -0.77982837 -0.79466461 -0.41883039]
[ 1.          0.49239495 -0.59385939  0.12879339 -0.30269932  0.41772742
 -0.01932192  0.15509002  0.21920646 -0.54654448 -0.27688643 -0.34891515
 -0.30625279  0.31315044  0.77731566  1.08770067 -0.727036    0.06828616
  2.12762064 -0.96547886 -0.54742405]
[ 1.         -0.89990158  1.15511796 -0.05345658 -0.76768153  0.31430267
  0.33077583 -0.32497483  1.50559336  0.71852287 -0.14148724 -1.41802898
 -0.74516348  0.36847912  0.1203672  -1.18388669  0.18820675  0.14142358
 -1.26678255  0.79339434 -1.08305449]
[ 1.         -0.98383964  0.13108985  0.3729481   2.40448698  0.20497765
  1.49049252 -0.93725699 -0.36828213  0.41012084 -0.80080088  2.96984842
  0.29028867  1.78526655 -0.34125281  0.35020673 -1.67131018  3.15106997
 -1.35002948 -0.94437428 -0.43794786]
[ 1.          1.14172902  0.1374676   0.33825678  0.14479237  1.66491757
 -2.04509414 -1.05853358 -0.3214402   0.08080115 -0.89210005  0.15431499
  1.35856297 -0.3771201  -0.61791857 -0.72797951  2.13343388  0.50483133
  0.28169196 -0.51952978  0.97129004]
[ 1.          2.64733136  0.40260336 -2.7637263  -0.34734    -0.63143889
 -0.01824879 -1.09751644 -2.70404158  3.78343025  0.71220348 -0.69725272
  0.16688356  1.62898026 -1.61507635  0.85406049 -2.03063979 -1.13022248
 -1.14307354  1.03502026 -1.21244035]
[ 1.         -1.16738992  2.57832942 -0.71660717 -0.10761469  0.5111899
 -0.69864712 -1.67716898  1.65798513 -0.13267475  3.04081237  2.2435175
  1.31632866 -2.61524142 -0.5830238   1.54144853 -2.95974566  2.95638776
  0.83625274 -1.58654264 -0.40473776]
[ 1.          0.97442918 -0.20685874  1.68024717  1.76388953 -0.96330641
  1.71888261 -0.00538166  1.46616946  1.56003299 -0.6993467   0.48776116
  1.15139599 -1.21978737  0.65157087  1.26133252 -0.94786685 -1.33368274
  1.28974518  0.57183175  0.65754492]
[ 1.          0.53042441 -0.36746213  1.52509115  0.48972298 -0.50284809
  0.18654134 -0.41634495  0.83344145  0.5872624  -0.06433272 -0.28632133
  0.87472965 -0.92756464 -1.54385401 -1.60442904  0.19537088 -2.250434
  1.1462351   0.37715096 -1.6603923 ]
[ 1.         -2.37805834 -0.17067239 -0.81226333  1.45774659  0.87476571
  1.55853204 -1.35974705 -1.73201771  0.81790309 -1.3387264   1.6308048
 -1.27715561  1.21103305 -0.77036845 -0.75643525  1.86332224  0.22887488
  2.01980348 -0.11071685  0.64004534]
[ 1.          0.56836407 -1.28011248  0.3237749  -1.8316146   0.93243996
  1.44706315 -0.27832294  0.62041211 -1.8437606   1.90512834  0.31319094
  0.36896406  2.21336014 -2.17106653 -1.21209536 -0.43988823 -0.5557801
  1.22076316 -0.3366272   0.64798156]
[ 1.          0.47177294 -0.21431275  1.92366073  2.44459099 -0.8218153
  1.73971069 -1.30165538  1.13193748  0.66385599 -0.56773947  1.46838748
  0.94402978  1.41725945  1.10508022  2.46032774 -1.82362593  0.39965086
 -2.7778604  -0.74509187  1.89503654]
[ 1.          2.51524165  0.59389239 -1.72110743 -0.19711461  0.16269319
 -1.0313722  -1.77473262 -3.12373812  3.61164757  0.5838359  -1.18758945
  0.3728183   1.60012106 -2.15077276  1.26275422 -1.65295968 -0.57962176
 -1.02098734  1.57546941 -0.44801812]
[ 1.          0.64519153  0.9892232  -1.51860446  1.01147528 -2.57714634
 -0.9502677  -1.27767322 -0.29798398 -3.10378555 -0.60911003  1.58011011
 -0.65109462 -0.97497858  0.96766492 -3.05808585 -1.90571088 -0.92029726
  0.02433635  1.831225    1.7741351 ]
[ 1.          0.83149305  0.62498231 -2.64913262  0.76392985 -3.95103844
 -0.12989971 -1.15676998  0.64808215 -2.88186763 -1.79808912 -1.34720976
  0.12072108 -0.14052421 -0.83034081 -1.04082913 -0.02205446  1.58560758
  0.55896586 -0.63725731  1.09825293]
[ 1.          0.80851807  0.38303875  1.06972852 -0.59602586  0.02877342
  1.14365026  0.4328109  -1.83186043 -1.28259283  0.7113007   0.22397669
 -2.02365429 -2.64352133 -1.17445859  1.08227994  1.3191398   0.77710002
 -1.47404401  1.44032598 -1.15136598]
[ 1.          0.86143831  0.75182859 -0.75990854  0.97301931 -1.34243547
 -1.53546948 -1.64993216 -0.34939492 -3.0278418   0.11423263  1.87219721
 -0.1696076  -0.79570003  1.93065388 -2.66471495 -0.11851117 -1.07374571
 -1.46312603  3.5746732   1.42742949]
[ 1.         -0.78826952  1.17487459 -0.19428135  0.85785089  0.09040801
 -0.84168265  2.96459791 -0.4348234  -0.44928544  0.65338216 -0.33386132
  0.74214498  1.49483049 -0.48839781  0.99429993  0.12967498 -1.51187907
 -0.55881386  0.86181053  1.65076271]
[ 1.         -0.34128671  1.01204021  2.07964701 -2.34565088 -1.71880637
 -0.20514281  0.5441373  -2.54889273  0.11063785 -1.06618779  0.84801935
 -0.17938637 -1.11593639 -0.10702491  0.33871166 -0.12464567  0.53695561
 -0.17007319 -1.09366469 -0.60913506]
[ 1.          0.65518738 -0.33330515  0.970168    0.49000409 -0.89587236
  1.48863017 -0.55150547  1.26924735 -0.42342869 -0.95334572 -0.31516658
  1.45300079 -0.49608047 -1.96079506  1.07823056  0.9801085  -0.00681857
 -1.46015218  0.93641151  0.86419517]
[ 1.         -0.04358717  0.5672864   0.0459276   0.96559384 -0.41607917
 -0.4685233   2.20883876  0.55633081  0.54345995  0.99085853 -0.3136598
 -0.24408727  0.87183873 -0.05421236 -0.62567164  0.65987814  1.16069934
  0.09962497 -0.15641434 -0.26036576]
[ 1.         -0.21797201 -0.03426242 -0.06191651 -0.13729317  1.81254234
  0.96265824  0.72330749 -0.85332729 -0.87613387 -1.58062952 -2.42069142
 -0.07173246 -1.20599587  0.91673154 -0.32161522 -2.83372479  0.77682329
 -0.08182642 -0.16992993  0.328027  ]
[ 1.          0.07581543 -0.75749723  1.78297745  2.27163499 -1.22673682
  1.22161986  0.15881264  0.9013413   1.53620475  0.41159331 -0.07476809
  2.6917423  -2.11604753 -1.7523063  -1.31461177 -0.28183872 -2.0008392
  2.21316485  1.00859239 -1.57717573]
[ 1.          0.46705728 -0.46067358  0.2706498  -0.68169808  1.00789135
  0.70106438 -0.28329389  0.44759857 -0.91087196 -0.25823183 -0.47733453
  0.432043    0.80342399 -1.12730089 -0.00396528 -0.0906245   0.15611971
  0.78362311 -0.03034711  0.57318143]
[  1.00000000e+00   5.67152455e-01  -2.50679100e-04  -1.72827803e+00
   8.46426318e-01  -3.81244813e+00   5.55404572e-01  -1.17807443e+00
   1.41179348e+00  -3.13924642e+00  -2.72062734e+00  -2.70252956e+00
   1.61823129e+00  -1.60099840e-01  -2.89135034e+00   2.40282617e+00
   2.06173699e+00   2.64591395e+00   2.78704279e-01  -1.14415962e+00
   1.16302964e+00]
[ 1.         -0.32191812  1.05088405 -0.5520321  -0.27875009 -0.93884923
 -0.12605327  0.33816036  1.52753213  0.71953684  0.4016917  -1.52072706
 -0.6962788   0.77858134 -0.04732155 -1.33085916  0.7179548   1.09586236
 -0.46260241 -0.59755197 -0.8260886 ]
[ 1.         -1.10318977  0.40345542 -0.18973568  1.23075568  1.13603879
  1.72610756 -0.5752401  -0.24909968 -0.13044883 -1.7260336   1.3305687
  0.03857867  1.4384818  -0.1624888   0.37541522 -1.8497243   2.52450134
 -2.13976874  0.7581577  -1.91666282]
[ 1.         -0.87471574 -0.47314212  1.22697877 -3.47052912 -1.70904727
 -0.41885384  0.38404517 -0.75887972  0.59741753 -1.11482469  1.68196853
  1.57657839  1.2241036   1.27311669  0.4244069  -0.46224825  0.79444157
  0.63512896  0.47664885  0.58624626]
[ 1.          1.30040681  0.49446202  0.49463404  0.10453069  1.00953575
 -1.55555978 -1.30272075 -1.25303903  0.64707907 -0.07133985 -0.6814709
  0.25370239 -0.02812173 -0.52385846  0.41394153  0.58662728  0.75854071
  0.36476447  0.2578032   1.03872737]
[ 1.         -1.86324357  2.52663374 -0.79616407 -0.78562275  0.51658965
  0.24244113 -1.82765826  1.67388028  0.83105214  2.10508842 -0.5721591
 -0.28143036 -1.3999641   0.18335567  0.94156828 -0.11422208 -0.56529083
  0.70392586 -0.29830402  0.82516201]
[ 1.         -0.61875124  0.73786079  0.0115649  -1.41028793  0.15501492
  0.19584729 -0.20161944  0.95395707  0.22349437  0.0652744  -0.02597804
  0.99282927  0.24704212 -0.3189592  -0.99592335 -0.3154592   0.06354372
 -1.15730498 -0.46291611 -0.74761181]
[ 1.         -0.24245731  0.65440424 -0.46122062  0.94295932 -0.0258215
 -1.24620887  1.70275385  0.25123508 -0.76333275  0.49038519  0.61274763
  0.59695291  1.00045024  0.23291097  1.4936213   0.71029674 -0.30529568
  0.14688254  0.44975275 -1.80293192]
[ 1.         -0.31557587  0.85561947  0.72582001  1.15706851 -0.51043128
 -0.61324651  2.09325107 -1.29560709 -0.43556481  1.6467817   0.57627023
 -0.1850951  -0.24939852 -1.74275087 -0.1277916  -0.7840393   1.26795461
  0.44252042  0.14071069  0.05511001]
[ 1.          0.73953262  0.33968012 -2.3870997   0.10952858 -2.44189063
  0.17851497 -0.26069271  0.4446889  -0.49646539 -0.66898309 -1.45452986
 -0.17519337  0.55289968 -0.2206709  -0.23551251  0.28135229  0.96155611
  0.38651654 -1.26323561 -0.72210469]
[ 1.          0.71047859 -0.72148494  0.71151832 -0.86677371  0.99480793
  1.35215571 -0.33166109 -0.01155312 -1.94576537  1.24237271 -0.43672602
 -0.56870998  1.08325405 -1.49009705 -0.5545095  -0.22452466 -0.82443132
 -0.06752123 -1.59530074 -0.36644157]
[ 1.          0.00177692  0.73074191  0.7091955   0.3778008  -1.18718723
 -0.39969542 -0.62122356 -1.25613332 -1.2587499   0.36644962  0.06771002
 -1.55618072 -0.26292989  0.99575163 -0.38412016 -0.67549598 -1.48426719
  0.14197681  0.18077754  0.94357224]
[ 1.          0.42903273  0.68987437  1.52363931 -0.3603238  -0.501687
 -0.09074829  0.32209404 -2.08491891 -0.67919445  0.26956897 -0.14208263
 -1.3447166  -1.65449754 -1.01267506  0.46136659 -0.45619604  0.51185573
  0.51451966  0.12716404 -0.45954342]
[ 1.         -0.37820517  0.75838526 -0.39292305  0.19481796  1.41119547
 -0.0605311   1.92371671  0.05624314 -0.41425908 -1.23820589 -0.974374
  1.18899808  0.49633155  0.25204112 -0.0050274  -1.13296963 -1.53258997
 -1.44291259  0.3500779   1.83254433]
[ 1.          0.8946169  -0.08027695  1.51548169  0.76438274  0.02621202
 -0.56342941 -1.21762278 -0.1669801   0.05953032  0.44157689 -0.87252587
 -0.91373909  1.17176958  1.59781555  0.65805689 -0.36288443 -0.60962136
  1.02698289 -0.84641834 -0.25576392]
[ 1.         -0.73910315 -2.20661447 -0.38954581 -0.54316033 -0.64318101
 -0.86679773 -0.36364927 -0.03084087 -0.5753558   0.96944471 -0.77452227
  1.01884018  0.78187978  2.09708061  1.99430432 -0.05603212  1.12162423
  0.81894048  2.51036526 -0.97642555]
[ 1.          0.34101339  1.43650466  0.10488928 -0.22106017  1.08359037
 -1.50783999 -2.19041268  0.20108011  0.16606266  1.86091292  0.26587785
  1.08910344 -1.36898608  0.08349309  1.09192502  0.45207248  1.65234783
 -0.50862314  0.13371828  0.79674261]
[ 1.          0.6868584  -0.35921781  1.99593794  2.15283318 -1.21534202
  2.33682598 -1.42824959  1.82555414  0.25462944 -1.2205113   1.12219038
  2.12646612  0.98958694 -0.57302363  3.52916582 -1.06234114  0.45589575
 -4.85219525  0.05664911  3.37272473]
[ 1.          0.54349868 -0.1637314   1.49931796  1.03834402 -0.28801408
 -0.25655836 -1.1633284   0.03660497 -0.38722287  0.91108789 -0.42840234
 -1.06489165  1.66717086  1.97124569  0.2082386  -0.31936523 -0.65824135
 -0.65998485 -0.96537247 -0.18619932]
[ 1.         -0.56995247  1.20848489 -0.50490149  1.02131866 -0.09156292
 -0.60109489  0.09238457  0.10473451 -0.83408102  0.64095354  2.16963683
  0.2023089  -0.42652864 -0.34891639  0.38186624 -1.6292333   1.09237417
  0.71938637  0.05569439 -0.75025849]
[ 1.         -1.63225815 -2.39235538 -0.34041082  0.77055932 -0.10901483
 -0.18123706 -0.10704389 -1.32179119  0.55912447  1.04312504 -1.25418796
  1.32475565 -1.47225831  1.1473889  -1.36539671 -0.34699421  1.01188127
 -0.75201256  0.15184413 -0.35081154]
[ 1.         -1.25148907  2.5198241  -0.55780305 -0.9780578   0.72996279
 -0.39124789 -2.12338814  1.88863154  0.52602091  2.84855121  0.59388877
  1.15990498 -2.25459225 -0.26597905  1.13964204 -1.4041992   1.62528521
  0.09239438 -1.29478073  0.3041385 ]
[ 1.          0.44476942 -0.15689738  0.85695572 -0.58699938  0.88982375
  0.77643015  0.32232016 -1.17394622 -1.55814014 -0.0716807  -1.38315172
 -1.12100501 -0.78486294 -0.54905939  0.29802348 -2.00981385  0.30144142
  1.28414211 -1.42263393 -0.63424466]
[ 1.         -1.75212449  0.81047697 -0.66519126 -0.26105846  0.67916058
  0.69556533 -1.06177716 -0.01279057  0.01527808  0.30712001  0.25707078
 -0.71921065  0.60045452  0.16177549  0.58505503  0.64073601 -2.01264173
  2.57071446  3.43184205  1.24217745]
[ 1.          0.0811001   0.35350205  1.78987406 -0.66067307 -1.3619452
  0.06188571  0.11208351  0.98830806  1.26424509 -1.28699811 -0.57080307
 -0.42509285  0.27638231 -0.28271774 -1.00400997  0.78227322  0.77496344
 -0.32834722  0.98245795 -0.39195027]
[ 1.          0.73678527 -0.41875454  2.2332925   1.9211284  -1.44964384
  1.75715364 -0.21554001  1.66095472  1.54125244 -0.64824448 -0.20469019
  2.33958566 -2.26472959 -1.58445318  0.31457551 -0.36262984 -2.49683138
  2.41062359  2.10420301 -0.70884042]
[ 1.          1.24573164 -0.13788099 -0.3614496  -0.17621822  0.5408185
  1.89096779  1.16932103  0.14963066 -0.12173789  0.3844893   0.71426673
 -1.0204735  -1.9280293   1.43931547  0.81573438  2.09850124  0.55647891
 -1.15035574  0.17890185  0.17761112]
[ 1.         -0.10126446  0.33723237 -0.26963165 -0.40542707  1.0416629
 -0.45601335  0.78937736  0.82665807 -0.24963654 -0.92707789  0.2736737
  1.53168295  0.10856398 -0.31710186 -0.98627302 -0.71604846 -1.62731836
 -1.56598218 -0.87135408 -0.42755441]
[ 1.         -1.06935767 -3.02300579 -0.69195094 -0.33500659 -0.28036179
 -2.12923687  0.12274841  1.25240731  0.84985242 -0.57080747  1.07218024
 -3.15480173 -1.68821672 -2.18947515  1.75052873 -0.85633233 -1.64558016
 -1.96609103 -1.46456524  1.53944548]
[ 1.          0.98275342  0.22720609  0.33469558  0.0070887   1.46257778
 -1.27966942 -0.42691511 -0.10523744  0.32157018 -1.08368298 -0.68761021
  0.40886658 -0.07032703 -0.30280744 -0.39077051  0.61863847  0.97999811
  0.7382438  -0.25033888  1.63467176]
[ 1.          0.37066443 -0.22883489  0.36126727  0.78762484 -0.24496132
  0.25280739  1.02951095  0.84727226  1.33508777  0.24062441 -0.26213079
 -0.70359238 -0.26433069  1.04747336 -1.75758743  0.54999256  1.4539399
  0.3866906  -1.00498583 -0.09548781]
[ 1.          1.13249184  0.08225937 -1.56902574  0.14854612 -0.69861744
 -0.36141102 -0.20738149  0.01984601 -0.27977608 -0.42202239  1.40137505
  0.18608842 -0.4062142   0.21725909 -1.76444693 -0.99625024 -1.4971607
 -0.08703019 -0.41032624 -0.82382861]
[ 1.         -0.19575634  0.24481808 -0.66302117 -0.00367115  1.54838945
 -0.10995434  0.30807524  0.54947578 -0.45587583 -1.99426471  0.5914894
 -0.04834583 -0.29566131  0.40086937  0.22324262 -0.71700552 -0.71339301
 -0.17455728  0.55521529 -3.04080589]
[ 1.         -1.97279567  0.1669234  -0.86250145  0.92612408  1.46773959
  1.84272532 -1.02060979 -1.32959265  0.30217037 -2.0942769   0.81054089
 -1.28074269  1.21843378 -0.65055914 -0.63082273  1.34763081  0.13097765
  1.43124067  1.22891124 -0.51115572]
[ 1.         -0.35439485 -1.97247794  0.00571355 -1.82867864 -0.24260891
 -0.42588816  0.05223335  0.55473415 -0.18194575  0.51424942  0.79132251
  0.53690701  1.0293098   0.36487012  0.66475098 -0.99865244  0.88757539
  1.57407254  1.94664942  0.66912872]
[ 1.         -0.10059579 -1.33053654  0.43856649 -0.53665192 -0.21351711
 -1.94949103  0.52762496  2.71875012  1.5295327  -1.23081692  0.6201946
 -4.5984099   0.05683199 -1.41812635 -0.22780895 -1.11119327  1.07003131
 -0.90345269  1.3997989   0.77800814]
[ 1.          1.0199221   0.10879241  0.03477456  0.28408166  1.5914557
 -2.18310172 -0.74880887  0.1529499  -0.44652637 -0.9634415   1.23588982
  1.20095419 -0.54266471  0.30519493 -0.38254322  2.2572687  -0.09232868
 -0.06376568 -0.24152187 -0.66623824]
[ 1.          0.07170974 -0.18638343  1.04794023 -0.22516468 -0.38667241
 -0.69525948  0.15047622  1.98300052  1.27665871 -0.07074166 -1.30003235
 -2.19322821  1.5527703   0.10676244 -2.56237409  0.80040984  2.45102879
  0.33971029  3.17299096 -0.16488459]
[  1.00000000e+00  -9.64654736e-01   8.22995534e-01   1.57501550e+00
  -2.98599573e+00  -1.90199257e+00  -1.93299412e-01   4.07097544e-01
  -1.26129078e+00   8.05918990e-01  -1.54812964e+00   1.11263563e+00
   1.11676673e+00   4.08497663e-01   8.78739021e-01  -1.03784498e-01
   3.20123041e-01  -2.52531023e-03  -6.53041503e-01  -1.05944877e+00
  -5.93218135e-02]
[ 1.          0.77342847 -0.5860678   1.49127064  0.13860123  0.48852617
  0.77085108 -1.12315322  0.01967977 -1.76939022  1.76181396 -0.74431554
 -1.48231606  2.52081526  0.51129997 -0.32347534 -0.53598053 -1.57954964
 -0.82130116 -2.94828607 -0.65167394]
[ 1.          0.20362734  0.38186607 -0.65403814  0.70467018  0.71109646
 -1.76158185  1.56723208  0.78987401 -0.70739213 -0.64785352  1.74601253
  0.61766661  0.43277682  0.55337354  1.52657503  0.40451012 -0.95068024
  0.81916263 -0.35603943 -3.92973198]
[ 1.         -0.49266933  1.17473816  0.24943436  1.3760674  -0.37951628
 -0.93372296  3.63548613 -0.62656668 -0.20551243  1.7847079  -0.04448666
  0.22807788  1.31887487 -1.47680956  0.22309001 -0.01440848  0.52437421
 -0.04662536  0.70310007  1.2416045 ]
[ 1.         -1.13962545 -0.95721998 -0.4010001   0.2688012   1.31590254
  0.82747209  0.26864948 -1.13556681 -0.32765734 -0.87572912 -2.44665106
  0.71023718 -1.55654719  1.38315357 -1.06442315 -2.29119701  1.20828037
 -1.17325308  0.89508594 -0.88125448]
