Cluster centers 

[ 1.28989392  0.0195601   0.31193549 -1.16809607]
[-0.84697087 -1.10399346  0.51954906  0.94271449]
[-1.75023     2.36314812 -0.73455103 -0.50487721]
[ 0.8180629   0.17728373 -0.56635079  1.10737862]
[-1.14895595  0.92930365  1.29464616  2.11335155]
[ 1.06170516 -0.54862327 -0.85715757 -0.20461529]
[-1.18471141 -0.50215322 -0.73999001 -0.63334988]
[-0.10953329 -0.43117542  1.79205529 -0.23770548]
[-0.64355896  0.06294362  0.34573317 -1.34678461]
[-0.02543141 -0.11276172  1.05176025 -1.66252753]
[ 0.20982081 -0.3223287  -1.49769939  1.97840401]
[-0.76015092 -1.40906521 -0.05384495 -0.58420476]
[ 1.13762311  1.03474853  0.88715901  0.45467061]
[ 0.66254438  1.17098703 -1.28120571 -1.11383051]
[-1.70391266  0.53648909 -1.52096178 -0.1935545 ]
[-0.7397906  -0.37194834  1.19832462  0.98774396]
[ 1.27280403  0.37842732  1.44864525 -0.9002506 ]
[ 0.40117583  0.46122956 -0.94456419  1.98842502]
[-1.15807047 -1.19410341 -0.99624062 -0.35714064]
[-0.55327585 -1.28660568  0.79230459  0.01930978]
[ 1.14999689  0.0312799  -0.06820426  0.16806001]
[-1.30285814  1.12415616 -0.40441121 -0.89630149]
[-1.87941627  4.14462211 -0.34743345 -0.4420998 ]
[-0.23309005  2.33295866 -0.84057632  3.42828706]
[ 0.87674057 -0.45951544 -0.93054934  0.62892416]
[-0.69774605  1.66369822  2.26175702  1.53318911]
[-0.19532592  0.19224715  2.07341194  0.27956   ]
[-1.11966149  0.92508986 -3.84203796  0.73730166]
[ 1.19123151 -0.30243366 -0.43184293 -0.6241691 ]
[ 1.32106195  0.19240172  0.7255454  -0.60133231]
[-0.94693565 -2.08047376 -0.6923484   0.57583226]
[-0.42675677 -1.1270664   0.67573957 -0.87849941]
[-0.44571241 -0.77059146  1.31111095  0.1917258 ]
[-2.12013281  2.20019114 -1.59394867  0.08856253]
[-1.49815002  2.18252906  1.35980885  2.9268166 ]
[-1.95653844  1.25658915 -1.76981582  0.04242589]
[ 0.65407344  0.73639352 -0.47317234  1.63083763]
[ 0.29009689 -1.40966367 -2.33832458  0.65423293]
[-0.63168417  0.2093598   1.67098508  0.99063122]
[ 0.93852386 -0.64208823 -1.03114096  0.26775463]
[ 1.10835951  0.5671806   0.35218716 -1.74595049]
[-1.0106827  -0.0988694   0.9147477   1.63624195]
[-0.80928789 -1.78908007 -0.19615169 -0.09523605]
[ 0.9528705   0.98603537  0.24209371 -1.82861334]
[ 0.69912522  1.63495254 -0.7327374  -1.43505064]
[-1.42144588 -0.64039541 -1.46005936 -0.22624312]
[-1.46505362  3.06634007 -0.12509661 -0.88515805]
[ 1.13042787  0.36132915 -0.1352309  -1.44954966]
[ 0.03038992  1.27170777  2.62297079  0.47335106]
[-1.49703222  0.85809939 -0.84943107 -0.60228461]
[-0.83770073  0.54684062  0.13901212 -1.27657826]
[ 1.07222276 -0.3251013  -0.5486073   0.16560099]
[ 1.2723253  -0.02649975  0.19402512 -0.3982595 ]
[ 0.26158038  0.98004979 -0.86065831  2.37961265]
[-0.4766926  -0.2073331   1.62240297  0.55117687]
[-0.9723195  -0.62149835 -0.32588957 -0.83259782]
[-0.91809273 -1.51767125 -0.47465945 -0.4038154 ]
[-1.22096803  1.70453942 -0.12774629 -1.06247279]
[-0.8531622  -1.83444909 -0.18765866  0.38851481]
[  1.07179162e+00   3.13453426e-01   8.35491916e-05   5.33407068e-01]
[ 0.97744721  0.0663795  -0.38358107  0.68493619]
[-1.06310721  0.01221998 -0.32042536 -0.93251083]
[ 0.6721682  -0.51885883 -1.20612159  1.05611116]
[-1.78737229  2.0152707  -0.94108559 -0.40880397]
[ 1.181791   -0.09199884 -0.39688469 -1.04623307]
[ 0.9336768  -0.18845322 -1.24434038 -0.78031594]
[-0.99833422 -1.17143274  0.1225334   1.34676919]
[-1.97484183  2.63019511 -1.04123146 -0.21776647]
[ 0.58853432  1.38323638 -0.20619938  1.92029344]
[-0.61649041 -1.49972131  0.47678574 -0.11738616]
[ 0.84366102  1.36611006 -0.17121251 -1.69897358]
[ 0.37136894 -1.06556018 -1.79487484  1.26377251]
[ 1.03590503 -0.02574426 -0.87897589 -0.99668865]
[-0.68706737 -1.06599386  0.80997143  0.55559846]
[ 1.07569654  1.51455416  1.22382234  0.63651194]
[ 0.71189499  0.38641658 -0.5903922   1.40315505]
[-0.34782126 -0.41732061  1.62788712  0.21303667]
[-0.84496957  0.04271761  1.28852972  1.33160605]
[ 0.62220161  0.47711905  1.17823768 -1.98132057]
[-1.637046    1.66740338 -0.80128266 -0.56147476]
[-0.53149585  0.60693548  1.97754154  0.96457162]
[ 1.19784257  0.41686667  0.43680329  0.15417182]
[ 0.78208375 -0.89266705 -1.55880182  0.1412693 ]
[-0.65401474 -0.65737093  1.13906201  0.69403945]
[-1.03220442 -1.60706849 -0.44545142  1.36543045]
[-0.45708162 -1.25639815  0.88935551 -0.25661338]
[ 0.3682763   0.04057672  2.16664966 -0.61739387]
[-1.08595481 -0.46029024  0.48958469  1.74394661]
[-0.53347658 -0.39714705  0.45353957 -1.29074779]
[-0.85851787  0.56329457  1.55548852  1.49929893]
[ 1.01086363 -0.49713839 -0.80883768  0.18802412]
[-0.32699583 -1.06423758  1.15560096 -0.38756185]
[ 0.55925402 -0.11266384 -1.07426489  1.49236992]
[-0.78427016  1.16453389  1.94027156  1.53792744]
[-0.77751152 -1.32220229  0.46989515  0.64100028]
[-0.92445956 -0.71751353  0.65561671  1.27791218]
[ 0.7944266  -0.18459071 -0.83674262  0.99270688]
[-1.17533547 -1.76716195 -1.47247496  0.05109619]
[-1.4610865  -0.17695057 -1.26730007 -0.36224295]
[ 0.8386607   0.81896459 -0.102194    1.26483797]

Populations

0.0243948824186
0.00321750711019
0.00282894695891
0.0117892923688
0.00224874548954
0.017261753598
0.0120631873381
0.00710445310194
0.011249300019
0.0100364758611
0.00239584202467
0.00882597162658
0.0066780689046
0.0126342122646
0.00788806103897
0.015848622661
0.0203176106521
0.0159510178478
0.0152814790073
0.0195602020378
0.0211638833532
0.0129575050993
0.00268854216659
0.00173324131679
0.0197852880182
0.00682819743796
0.00481232276687
0.00262390360107
0.017250288682
0.0130679597355
0.00205539939786
0.0190728514558
0.00818527539082
0.00106552531074
0.00967188259373
0.0117746999167
0.00706663238819
0.00673974062389
0.0128590036012
0.00240216263806
0.00200697739901
0.0148714906646
0.00579337582773
0.00901418781969
0.0041260824764
0.0077365179464
0.00974395905165
0.00561961298423
0.015187710499
0.0116083343484
0.016335937657
0.0249876375585
0.00638354978357
0.0094547183402
0.0142188617656
0.0126719795239
0.00902994658527
0.00953924087448
0.0196582079855
0.0154537757391
0.0214499731425
0.00731544607716
0.00302395989125
0.0192665481587
0.00685837226801
0.00524796078002
0.00372646510198
0.00506784446961
0.0213659568796
0.0118195972225
0.00494314532587
0.00543009442183
0.0215642024212
0.00731472269632
0.0232355757577
0.00619174462349
0.00474709240272
0.0122948836346
0.0053469561319
0.00695356764212
0.0166250963927
0.0145125750215
0.00805463715258
0.00694811246715
0.00387512361009
0.0112634845802
0.00177397321203
0.0092117515012
0.0126283697385
0.00900758199002
0.00867649910387
0.0103582184437
0.00895018719053
0.00792764725083
0.0059486968408
0.00653678411201
0.00200978946502
0.000955180833597
0.0167501393901

State labels

0
1
2
3
4
5
6
7
8
9
10
11
12
13
14
15
16
17
18
19
20
21
22
23
24
25
26
27
28
29
30
31
32
34
35
36
37
38
39
40
41
42
43
44
45
46
47
48
49
50
51
52
53
54
55
56
57
58
59
60
61
62
63
64
65
66
67
68
69
70
71
72
73
74
75
76
77
78
79
80
81
82
83
84
85
86
87
88
89
90
91
92
93
94
95
96
97
98
99

Eigen values

1.0
0.668089842148
0.582637568553
0.572104984892
0.53985298266
0.536427725528
0.530363740177
0.493469335885
0.483213057388
0.47388069535
0.452149942487
0.443806271149
0.429559589451
0.41608493393
0.404611502544
0.386749539724
0.36907864565
0.360073988213
0.354844468
0.349669191915
0.33116188789

Left eigenvectors

[ 0.02439488  0.00098386  0.00924258  0.01959188 -0.00339653  0.05625568
 -0.00720919  0.00277935  0.04215955  0.00595877 -0.01221684  0.00019798
 -0.01543302 -0.01762614 -0.01898232 -0.00708452  0.01460054  0.02050323
  0.01374822 -0.00420952 -0.00718333]
[ 0.00321751  0.00171674  0.00877958  0.00232858  0.00618661 -0.00503191
 -0.00129822  0.00249229  0.0024513  -0.00915002  0.00356812 -0.00205845
 -0.00895473  0.00165169  0.00178609 -0.01384333 -0.00916226 -0.00233202
 -0.00639818 -0.00423827  0.00205165]
[ 0.00282895  0.00126619  0.00713665 -0.00566557  0.00422609 -0.00362445
  0.00119965 -0.01662576 -0.00242669 -0.01249752 -0.01154453 -0.02202822
  0.00635151 -0.01554848 -0.01096451 -0.00282611  0.00247418 -0.00133898
  0.00177395  0.01300264  0.00374843]
[ 0.01178929  0.001906    0.00306239  0.00249947 -0.00502741  0.02064273
  0.01501017  0.0046304   0.01476226 -0.01393658 -0.0059509   0.00933951
 -0.00274897 -0.00241871 -0.00608323  0.01348305  0.01109358 -0.00427632
  0.00428417 -0.00927167  0.00107289]
[  2.24874549e-03   8.34956565e-04   2.71925305e-03   2.70256418e-03
   3.01257794e-04   5.02981346e-03   7.37207724e-06  -3.80044596e-05
   2.91840505e-03  -2.74685777e-03  -3.99491752e-03  -4.17849190e-03
  -4.52978188e-03  -2.10998485e-03  -3.67365795e-03  -5.27160500e-03
   1.25461581e-03   8.44142755e-03   2.61829911e-03   1.48756575e-03
  -9.84527952e-04]
[ 0.01726175 -0.00312716 -0.01781941  0.00828847  0.00806951 -0.00468267
 -0.0174757   0.01846625  0.01150739  0.00494309 -0.0048219   0.00287795
  0.02204895 -0.00878921 -0.01926691 -0.00545159 -0.00512025 -0.02177622
  0.00539905 -0.00333687 -0.00821038]
[  1.20631873e-02   2.69529210e-03   7.01322797e-03  -5.29347870e-03
  -9.20788046e-03   1.50710478e-02  -3.25049268e-03   2.57192576e-03
  -2.10916096e-02   7.19037916e-03   6.02497122e-03   6.11630428e-03
  -1.53737737e-02   1.23207228e-02  -2.29188635e-02  -1.20386075e-02
   1.60973254e-02  -6.21709027e-03  -8.21502933e-07   1.85257471e-02
  -9.33349246e-03]
[  7.10445310e-03  -9.86720355e-04  -7.01845757e-03  -8.07045862e-03
   1.76268901e-02  -9.14753121e-03  -5.11666373e-03   4.46554065e-03
   5.88997875e-03  -2.12208461e-03  -9.34020089e-03   1.18012185e-02
  -1.79389343e-03  -4.49707905e-03   1.50210106e-02  -4.91409804e-06
   1.93352954e-02   1.26014369e-02  -8.83666585e-03   1.85233127e-02
  -7.63088477e-03]
[ 0.0112493   0.0031961   0.00691726 -0.0103     -0.00427788  0.01354186
 -0.00486394 -0.00639762 -0.00601424  0.00461741  0.01986078 -0.00447173
  0.00015616 -0.00366056  0.01807017  0.01326823 -0.00443699 -0.00134293
 -0.01068681  0.00708875 -0.00630084]
[ 0.01003648  0.00119015 -0.00367141  0.00865529 -0.00373508 -0.00507177
 -0.01520874  0.00694967  0.00738196  0.00388888  0.00920047  0.00162002
  0.00452319 -0.01427679 -0.01146028 -0.00214351  0.00477028 -0.02160596
 -0.00668901 -0.01230615 -0.00319428]
[  2.39584202e-03   1.77622179e-03  -6.82653078e-03   5.68080916e-03
  -7.06144845e-03  -5.41385365e-03  -2.44091901e-03  -2.61202291e-03
  -3.55663582e-03  -3.91662646e-03   1.58448191e-03  -1.47254132e-03
  -1.94766494e-03  -4.45464312e-03   7.29824147e-03  -4.91795449e-03
   4.51396368e-03  -2.03064992e-03   1.39623162e-02   5.51319915e-05
  -5.41177787e-03]
[ 0.00882597  0.00246215 -0.00066763 -0.00207834 -0.00099331 -0.00642627
 -0.00741901 -0.00108866 -0.00434926  0.00083835  0.00424513  0.00843563
 -0.01472434  0.00332491 -0.00751342 -0.00603395 -0.00029084 -0.00352829
  0.00148667  0.00259944  0.00304731]
[ 0.00667807  0.00400618 -0.00736671  0.00499871  0.00678556 -0.00265517
  0.01465451 -0.01543681  0.00618357  0.00154576  0.01177483  0.00776107
 -0.00140252  0.00858413 -0.00294909  0.01096388 -0.0034719   0.00961887
 -0.0017901  -0.0018554   0.00693134]
[ 0.01263421 -0.00547626 -0.01079945 -0.01813979  0.00406079  0.01087892
 -0.01672747  0.00452107  0.00324202  0.0009229  -0.00153312  0.00268466
  0.0226637   0.00022271 -0.01248495 -0.01999226  0.00087495  0.02678088
 -0.00479652 -0.0198732   0.00307376]
[ 0.00788806  0.0046309  -0.01534633  0.02163458 -0.01524321 -0.01273889
 -0.00843254 -0.01156686 -0.00912534 -0.00817604  0.0108625  -0.00086134
 -0.00079988 -0.01567572  0.00950348 -0.01061149  0.00352234 -0.0009142
  0.02184631 -0.00257055 -0.0067173 ]
[ 0.01584862 -0.02938081 -0.00887739  0.02446564 -0.00671055  0.01495284
 -0.00162988 -0.00527714  0.00046472 -0.0032051  -0.0285148  -0.00265004
  0.00819153  0.01687408 -0.0002152   0.00010106 -0.03473231 -0.01177441
 -0.00951608  0.01793445 -0.00415815]
[  2.03176107e-02   4.36495499e-03  -1.21274427e-02  -1.37600205e-02
  -3.25440272e-03  -4.13294572e-03  -4.54813712e-06   1.17950032e-02
   4.32753010e-03  -8.38598635e-04  -6.89347642e-03  -1.87335508e-02
   9.05754251e-04   2.30199751e-02   2.44488824e-02  -4.58138401e-03
  -3.78474065e-03   2.29883198e-03   6.32647276e-03   3.78092554e-03
   1.11796291e-02]
[ 0.01595102  0.00055285 -0.00841486 -0.00613262  0.01864658 -0.00894957
 -0.00627451  0.00801383 -0.00259672  0.0014361  -0.00025919  0.00098649
  0.01143812  0.01306204  0.00089469 -0.0164608   0.00329928  0.01661228
  0.00611863  0.00917923  0.00789844]
[ 0.01528148  0.00602993 -0.02058288 -0.00251767 -0.01859137 -0.01176827
  0.00060926  0.00734838 -0.00359068 -0.00744721 -0.01351032 -0.00691176
 -0.00949218  0.00853144  0.01930012 -0.0028846   0.01479952 -0.00783834
  0.0198346   0.00572319 -0.00969458]
[ 0.0195602  -0.01153933 -0.00463318 -0.03535548  0.00386324  0.01901221
 -0.00073081 -0.00133405 -0.0188458  -0.01961449  0.0204114  -0.00897515
  0.00219088  0.00018341  0.01207503  0.02834684  0.00363951 -0.01366801
  0.01653655 -0.01370103  0.01651514]
[ 0.02116388  0.00981603 -0.02562279 -0.00217079 -0.00893365 -0.01559977
  0.0185707   0.02367344 -0.00138181  0.00316201  0.00472167 -0.02699422
 -0.00098634  0.0100657  -0.01649335  0.01673249  0.01530643 -0.00943585
 -0.0180939  -0.0078309  -0.02761134]
[ 0.01295751  0.00260512 -0.0072504  -0.00276773  0.00188734  0.0111113
  0.01035976 -0.00245445 -0.0054017  -0.01975178  0.01156157 -0.00216636
 -0.00316168  0.02514278  0.008884    0.00224862  0.01369669 -0.01293562
  0.00816803 -0.01011433  0.02047213]
[ 0.00268854 -0.00029849 -0.00381284 -0.00354014  0.01139349 -0.00498732
 -0.00175087  0.00181654  0.00484839  0.00072008 -0.00300078  0.0058283
 -0.00382907 -0.00346332  0.00471721 -0.0006571   0.00766491  0.00197065
 -0.0038678   0.01304588 -0.00762327]
[  1.73324132e-03   1.69570149e-03   1.71657614e-03   2.34733962e-04
   5.85666519e-04  -3.21843638e-05   7.61971257e-03   3.33316315e-03
  -8.89627608e-03   7.75638581e-03  -4.79631901e-03  -2.63709083e-04
  -2.33356985e-03  -5.22693566e-03  -2.24742200e-03  -4.84314609e-03
  -1.61888399e-03  -1.94295246e-03  -9.71733097e-04  -7.42669209e-03
  -1.10359334e-03]
[ 0.01978529 -0.01678417 -0.01526827 -0.00771855  0.01260683 -0.00622945
  0.00113791  0.00962254 -0.00872671 -0.00880807 -0.0211275   0.0062319
  0.01335843  0.00190944 -0.01036467  0.00706587 -0.01809666 -0.00555624
 -0.00437278 -0.0161373  -0.01260689]
[ 0.0068282   0.00275081 -0.00535839  0.0140251  -0.00610817 -0.00656013
 -0.01175681 -0.00879261 -0.00189685 -0.00380688  0.00986649  0.00808024
 -0.00181687 -0.01140874 -0.00101159 -0.00452476  0.00144047 -0.00605466
  0.01096846 -0.01256303  0.00326624]
[ 0.00481232  0.00080697  0.00209443  0.00824201  0.00386332  0.00765378
  0.00456376 -0.00609555 -0.00525038 -0.00127688 -0.01142661  0.00732308
  0.00493719  0.00333863  0.0155724   0.00481815  0.00457357 -0.00486552
 -0.00981382  0.00071615 -0.00024913]
[ 0.0026239  -0.00144179 -0.00297321 -0.00301582  0.00169978  0.00163297
 -0.00687271  0.00334793  0.00019433  0.0011226  -0.00273712  0.00125351
  0.00991086  0.00184731 -0.00316249 -0.0073583   0.0020317   0.01038168
 -0.00196268 -0.00633675  0.00604973]
[  1.72502887e-02   1.11320199e-02  -2.00829691e-02   1.53454697e-02
  -2.39722437e-02  -1.46723462e-02   4.75191327e-03   1.72605227e-03
  -2.22634026e-03  -1.14173245e-03   1.54333161e-02   5.90148206e-05
   1.58422610e-02  -2.45949578e-02   5.05822313e-03   5.24892648e-03
   1.22484275e-02   3.54474455e-03  -2.27817015e-02   6.42022914e-03
  -2.01781359e-02]
[ 0.01306796 -0.01159724 -0.00691873 -0.02220972  0.00755483 -0.00738087
  0.00651196 -0.01200535  0.01168196 -0.02180202 -0.01444914  0.03291813
 -0.01119663 -0.01575932 -0.0056284  -0.00110506  0.00652166  0.01828968
 -0.00074444 -0.0208261  -0.01221664]
[ 0.0020554   0.00137002  0.00185665  0.00069751  0.00352803 -0.00402668
  0.00196349 -0.00807943  0.00333329  0.00612481  0.00082078 -0.0041611
  0.00335679  0.00608026 -0.0040136   0.00394267  0.00326134 -0.00144236
  0.00273109 -0.00224919  0.00123643]
[ 0.01907285 -0.00578322 -0.00901807  0.00175219  0.0071901  -0.00331637
 -0.02769263  0.01700099 -0.00337326  0.00624903 -0.01543022  0.00403512
  0.02779902  0.0106438  -0.00010786 -0.01154237  0.00942766  0.01440615
 -0.00296444 -0.0027253   0.02411828]
[  8.18527539e-03  -5.88674048e-04  -9.58539229e-03  -7.52229302e-03
   2.06752080e-04  -4.96305508e-03  -5.24744546e-03   8.34346879e-03
   9.55767442e-05   1.78812952e-04  -8.59556388e-03  -5.29049309e-03
   1.18613154e-02   1.27753915e-02   1.81429837e-03  -8.74091911e-03
   4.42518583e-03   7.65701708e-03   2.26009762e-03  -9.74986316e-03
  -6.59141242e-03]
[ 0.00106553  0.00045657  0.00189103 -0.00279526 -0.00252629  0.00078891
 -0.00118254 -0.00159943  0.00277216  0.00289703  0.00061363 -0.00102821
  0.00126907  0.00242056  0.00306579 -0.00282929 -0.00376053 -0.00029623
  0.00267672 -0.00133798 -0.0088464 ]
[ 0.00967188  0.00741445  0.03245242  0.00649513  0.00352619 -0.00679092
  0.00544077  0.01172357 -0.0060416  -0.01960031  0.00805831  0.00922082
  0.01585738  0.01257743 -0.00555235  0.00414091  0.00078686  0.00482195
  0.01360384  0.01249785 -0.01315887]
[ 0.0117747   0.002856   -0.00812884  0.01662926 -0.00228687 -0.00164182
  0.01081826 -0.00799159 -0.00315317  0.00209748 -0.00528019 -0.01474745
 -0.00412618  0.00209082  0.00837797 -0.00739648 -0.01369914  0.01810084
  0.00594514  0.00055118  0.00625249]
[ 0.00706663  0.00432744  0.00298961  0.00082064  0.00048689  0.00059864
 -0.00083462  0.00855648  0.00823932  0.00769688 -0.00340742 -0.01442051
 -0.01333745 -0.00968056  0.0098432   0.00923616 -0.00387864  0.0008698
  0.00173724 -0.00571285  0.00630968]
[ 0.00673974  0.00413617  0.01148761 -0.00266358 -0.00515323  0.00204866
 -0.00051674  0.00422341  0.00114227  0.00383645  0.01010915  0.00546039
  0.01046115 -0.00538729  0.00824132  0.01195601 -0.01394153  0.00806178
  0.00982705  0.01240773 -0.00026076]
[ 0.012859    0.00408966  0.01790829  0.01393162  0.01249763  0.00362351
  0.00521181 -0.00083529 -0.02511985  0.0064785  -0.01758149  0.01337077
  0.00995228 -0.00627669  0.0140238   0.00167896  0.00859136 -0.00023687
 -0.00870915 -0.00283675 -0.00428177]
[  2.40216264e-03  -9.26334516e-04   3.16635958e-03   1.52308298e-03
   4.62076491e-05   4.77653726e-04  -4.95599614e-03  -1.32443127e-03
   1.43035459e-04   5.36864796e-03   1.53370422e-03  -7.17693271e-04
   2.91072259e-03  -1.83966113e-03  -1.17114820e-03   1.66736488e-03
  -1.50237480e-04   2.16155256e-03  -1.79249988e-04  -6.05987935e-04
   2.51841218e-03]
[  2.00697740e-03   1.17281416e-03   9.27360812e-03   1.80952921e-03
   8.89971633e-04  -4.21212123e-03  -1.32517861e-03   4.12406458e-03
  -1.80729798e-03  -4.83805215e-03   1.72726828e-03   3.23821021e-03
   2.36090834e-03   3.69983496e-03  -1.63851057e-03   4.21655009e-03
  -8.67724326e-04   1.49169584e-03   2.62730582e-03   3.19267946e-05
  -2.54093748e-03]
[ 0.01487149 -0.00475948 -0.00507775 -0.00881275 -0.00538868  0.01734498
 -0.01294678 -0.01255908 -0.01471799 -0.00351379  0.01393191 -0.0075519
 -0.00042993 -0.00155464 -0.009379    0.00114986 -0.01612535 -0.01362848
 -0.00773434  0.01196919 -0.00268339]
[  5.79337583e-03   3.62708981e-03  -6.69076920e-04  -1.07585736e-03
   5.13469255e-03  -5.01456471e-05   1.40429073e-02  -4.19877624e-03
  -1.21565528e-02   1.12853224e-02  -8.58284509e-04   3.23110682e-03
  -3.13335324e-03  -3.50059716e-03  -1.23263052e-03  -1.92851641e-03
   3.11198782e-04  -7.02288635e-04  -1.93770648e-03  -6.50672262e-03
  -1.24247795e-03]
[ 0.00901419 -0.00328031 -0.00366506 -0.01951327  0.01035335  0.00399791
  0.00074166 -0.01798426 -0.00758148 -0.01722901  0.00011455 -0.00451631
  0.00383761 -0.02110867 -0.00666786  0.00714356 -0.00503922 -0.00747637
 -0.0028094   0.0024333  -0.00030354]
[ 0.00412608  0.00264468  0.00513914  0.00062454  0.00490155  0.00280346
  0.0110191   0.00318281 -0.02217145  0.01660657 -0.007993    0.00618497
 -0.00448977 -0.00806041 -0.00445668 -0.00984571  0.0022765  -0.00711157
  0.00064619 -0.00788906 -0.00526203]
[ 0.00773652  0.00117641 -0.00206874 -0.00140696  0.00940306  0.00068389
 -0.00686002  0.01374482  0.01202912  0.0079235  -0.00601511 -0.00417755
 -0.00955359 -0.01112034  0.00363669  0.0100369  -0.00420872 -0.00416564
  0.01845436  0.00516065  0.004738  ]
[ 0.00974396 -0.00766384 -0.00797548 -0.02311325  0.00629354  0.01245356
 -0.00666272 -0.00666775 -0.0131525  -0.01520842  0.0066409  -0.00502468
  0.01179224 -0.00856015 -0.00659741  0.01039349 -0.00927189 -0.0055333
  0.00119443 -0.01286284  0.00531569]
[  5.61961298e-03   1.09286981e-03   4.79961808e-03   8.38448970e-03
   1.51059631e-03   1.93341708e-02  -1.68908690e-03  -1.44990513e-03
   1.58079199e-02   3.37862326e-03  -4.44250510e-03   5.71572879e-05
  -7.13189411e-03  -7.48323347e-03  -1.49222720e-03  -1.64927348e-03
   8.06336414e-03   1.98334590e-03   3.36554296e-03  -3.01634871e-03
  -1.43639120e-03]
[ 0.01518771  0.00053803 -0.00655923  0.02023646 -0.01554718 -0.01334373
 -0.02005437 -0.01216543 -0.01331795 -0.00786464 -0.00128582  0.00182893
 -0.01543611 -0.00376561 -0.0156942   0.01235497 -0.01991749  0.00844595
 -0.01706403  0.01433206 -0.00824532]
[ 0.01160833  0.00614951  0.01330501  0.00616249  0.00416966 -0.0034849
  0.00469941 -0.00202151 -0.01005299 -0.01967625 -0.01408537 -0.02268172
 -0.0137068   0.00069603 -0.00582918 -0.02022465 -0.00378955  0.02373722
  0.00242843  0.00904247  0.00066984]
[ 0.01633594  0.00562166 -0.01540097  0.01136708  0.03094645 -0.01255165
  0.01699777 -0.03102202  0.00746037  0.03101388  0.02064738 -0.00611968
 -0.002533    0.03238488 -0.0245552   0.01421716  0.00276204  0.00879797
  0.01171085 -0.00165418  0.00659485]
[ 0.02498764  0.00069544  0.05130014  0.00913866  0.00296681 -0.03833571
 -0.03073232  0.02056638 -0.00630872 -0.00725014 -0.00097045  0.01217803
 -0.01468973  0.00632127 -0.00238385  0.02956125 -0.00978978  0.00112579
 -0.01107989 -0.03084765  0.01219254]
[ 0.00638355  0.00207362  0.00297557 -0.00211285 -0.01222549 -0.0069175
 -0.00810895 -0.0006718  -0.00362219  0.0011399  -0.00212223  0.00927879
 -0.01491319  0.00527266 -0.01561343 -0.00129565  0.00330647 -0.00840112
 -0.01036991  0.00745658  0.00882801]
[ 0.00945472  0.00110868 -0.00606812 -0.00739882  0.00662376 -0.01068605
 -0.00736122  0.015351    0.00322839 -0.00228491 -0.00940052 -0.00826968
 -0.01359636  0.00168576  0.01486269  0.01708503  0.0080003   0.00046539
  0.00907915  0.00758494  0.00175046]
[ 0.01421886  0.00519205 -0.00101981 -0.00401418 -0.00266242  0.00901257
 -0.00032047 -0.01052541 -0.00080071  0.00471563  0.01165905 -0.00944027
 -0.01797657  0.00688108  0.0131022  -0.00443208 -0.00510227  0.01482624
 -0.00556092 -0.00078287 -0.00748487]
[ 0.01267198  0.00709879  0.02780583 -0.0047579  -0.00218127 -0.01738234
 -0.0012609  -0.02516655  0.01463436  0.01089577 -0.01329923 -0.01892262
  0.02121439  0.00478393  0.00024725  0.00755298  0.01341421 -0.01458623
  0.00244431 -0.00889718 -0.00041779]
[ 0.00902995  0.00650081  0.00557716  0.00519192  0.01129308 -0.00415235
  0.01044709  0.00657878  0.0038998  -0.01593761  0.01848882  0.00193518
  0.01283248  0.00710601  0.01171939 -0.02269407 -0.00071483 -0.0128822
 -0.00740829  0.0041642   0.01688181]
[ 0.00953924  0.00226163 -0.00610621 -0.00275245 -0.01087516  0.00242762
 -0.00928334  0.00990297  0.00108381  0.00094577  0.00168873 -0.0079581
 -0.00918887  0.00438151 -0.01471705  0.00216271  0.01298781 -0.01412194
 -0.0183924  -0.00446534  0.01075142]
[ 0.01965821  0.01304638  0.00091559  0.00037062 -0.01209935 -0.01095004
  0.0405469   0.02142557 -0.00362364  0.0119854  -0.01389598 -0.02576378
 -0.0034167  -0.01376712 -0.00164849 -0.00087909 -0.02076078  0.01265486
 -0.00945716 -0.02299994  0.01245944]
[ 0.01545378  0.00551342 -0.00658624  0.0170778   0.00020239  0.00075518
 -0.00527321 -0.0003186  -0.00540738  0.00484044  0.00140073  0.00286887
  0.02185741 -0.01363693  0.01072339 -0.00529688  0.01508154  0.00988027
 -0.01023242  0.00221373  0.00189748]
[ 0.02144997  0.00460655 -0.00059988 -0.01111087  0.00061659  0.01784894
  0.01083277  0.0009711  -0.02550576 -0.00509774  0.00777268  0.00076152
 -0.0086188   0.01036975  0.00333566  0.00027286  0.01103356 -0.00984383
  0.01959659  0.0096345   0.00172756]
[ 0.00731545  0.00504232 -0.00090377  0.00390364 -0.00661881  0.00291167
  0.01418712  0.0162194   0.01096285 -0.0049508   0.0047271   0.00115927
  0.01340096 -0.00432824 -0.01727458  0.00281046  0.00200676  0.00149004
  0.00106771  0.00696535 -0.00945707]
[ 0.00302396  0.00146555  0.00591422 -0.0065987  -0.00551699 -0.00467201
 -0.00173143 -0.00601974  0.00531225  0.00313122 -0.00386119 -0.0025172
  0.00367161  0.00941124  0.00403186 -0.00434928  0.0013111  -0.00320996
  0.00342808 -0.01026285 -0.01706427]
[ 0.01926655  0.00594586  0.02609248  0.01834226 -0.00625268 -0.0033302
 -0.0273548  -0.00867989 -0.00230592  0.01529767 -0.00246187 -0.00104692
  0.00860458 -0.01322972  0.00964151  0.0277678   0.00033079  0.01505027
 -0.00815341 -0.00917984  0.0161527 ]
[ 0.00685837  0.00173817  0.00669625  0.00443921 -0.00757429 -0.0033813
 -0.01311894 -0.00206086 -0.00864339  0.00109844  0.00075475  0.00051981
 -0.00740236  0.00337481 -0.00231136  0.00849464 -0.00306331  0.01130146
 -0.01293122  0.00363109  0.00513377]
[ 0.00524796 -0.04198368  0.00765986  0.00368669 -0.00636483 -0.00827478
  0.01127192  0.00172106  0.00162236  0.00359608  0.00963015 -0.00422103
 -0.00405443 -0.00382412  0.00418786 -0.00237931  0.01032361  0.00293275
  0.0008375   0.00171546  0.00162004]
[ 0.00372647  0.00076368  0.0074938   0.00127136  0.00231816 -0.00276498
 -0.00145604 -0.00099678  0.00089717 -0.00752335  0.00361963  0.00254092
 -0.0065781   0.00491454 -0.00017691 -0.00670466 -0.00704243  0.00548792
 -0.00032388 -0.00736095 -0.0053054 ]
[  5.06784447e-03   3.01137119e-03   6.65326931e-03   2.02400184e-03
   1.35034414e-02  -3.52169594e-03   1.52513142e-03   3.92092968e-03
   1.02910079e-02  -8.55071045e-03   1.10454316e-02  -5.54305452e-04
  -7.46645736e-03  -1.35465730e-03   6.40417563e-03  -2.10565090e-02
  -9.25427879e-03  -1.69979371e-02  -1.02719440e-02   4.34131598e-05
   4.71037479e-03]
[ 0.02136596 -0.00036691 -0.01461294 -0.00889394  0.04524257 -0.01575642
 -0.00032571  0.00156936  0.01941539  0.01072186  0.00446214  0.00740094
 -0.01983303 -0.00962641 -0.01126241 -0.00378555 -0.00893497 -0.02277527
  0.00289412  0.01911605 -0.01752002]
[ 0.0118196   0.01019915 -0.00486465  0.0008337  -0.0197895  -0.00639667
  0.02787759  0.00600906  0.01359614 -0.00273593  0.00912042  0.01277723
  0.01565299 -0.01557281 -0.00673345  0.01118429 -0.00755349  0.01057744
 -0.00757952  0.00806926  0.00301449]
[ 0.00494315  0.00207265 -0.00719173  0.0049755   0.01133937 -0.00477831
  0.00925063 -0.01156075  0.00527867  0.00728048  0.00735733 -0.00028358
 -0.00494087  0.00837296 -0.00539608  0.00508853 -0.00644872  0.00758578
  0.00377747  0.00237766  0.00368603]
[  5.43009442e-03   1.15949363e-03   4.92942100e-04  -9.55365281e-03
  -5.81566376e-03   5.02634029e-03  -9.68197351e-04  -5.16926451e-04
  -5.76928516e-03   2.66220268e-03   8.69539926e-03  -5.10701013e-03
  -1.68457863e-03   6.47160969e-03   1.81965697e-03   3.54657606e-03
   4.37943440e-03  -3.49926266e-03  -5.29650789e-03   1.19105107e-06
  -1.24709743e-02]
[ 0.0215642  -0.01779751  0.00388568 -0.0049178   0.00746473  0.00834309
 -0.0165567  -0.00200924  0.00383004  0.02856936  0.01522892 -0.0045512
  0.01282175  0.00108481 -0.01933755 -0.01956641 -0.001368   -0.00289644
  0.0080057   0.00649169 -0.00313249]
[ 0.00731472  0.00694863 -0.00076862  0.00124229 -0.00564134 -0.00432549
  0.02169502  0.01525585  0.00751154 -0.00448825  0.00535479 -0.00537969
  0.0125528  -0.00347761 -0.0012624  -0.00559753 -0.00868233  0.00284615
 -0.00681446  0.00039172  0.01024671]
[ 0.02323558  0.00513806 -0.0038764  -0.02932721 -0.02479105  0.0148624
 -0.01041408 -0.00402071 -0.00479136  0.01744847  0.01997858 -0.00549932
 -0.00162423  0.00738067  0.01288144 -0.01392566 -0.00829475  0.02173854
 -0.03147536  0.0080031  -0.00343235]
[ 0.00619174  0.00435959  0.01272464  0.00214618 -0.00278305  0.00566568
  0.00924232  0.01133157 -0.00230523 -0.01208145  0.00594143  0.00789374
  0.00787426  0.0077222  -0.01517475  0.0039792   0.00909417 -0.00038983
  0.01196879  0.01365182 -0.01441219]
[ 0.00474709  0.00110193 -0.00091048  0.00132368 -0.00351009  0.01182542
  0.00148087  0.00335295  0.00722108 -0.00535926 -0.00028068 -0.00049212
 -0.00586605  0.0032623  -0.00684882  0.00365961  0.01254695 -0.00585047
 -0.00128508 -0.00723311  0.00814866]
[ 0.01229488  0.00347191 -0.0116944   0.01876413  0.00304464 -0.00143246
 -0.0076053  -0.0091675  -0.00433968 -0.00520278  0.01607185  0.00315085
  0.01448989  0.00099764  0.00331099 -0.01492503  0.00885274 -0.01146614
  0.01367818 -0.00606231  0.01813686]
[ 0.00534696 -0.00860889 -0.0069238   0.00818962 -0.00038085  0.00517087
 -0.00104825  0.00076258  0.00090979 -0.00448239 -0.01735412  0.0021833
  0.00789703  0.00953266 -0.00016802  0.00253539 -0.02013163 -0.01380705
 -0.00426731  0.00411714 -0.00564662]
[ 0.00695357  0.00396108  0.00221849 -0.01639369 -0.023725   -0.01360526
  0.00603113 -0.01064166  0.01284821  0.0048998  -0.01447908  0.02141283
 -0.00367305  0.00219548 -0.00293393 -0.00964978  0.00287033 -0.00861309
  0.00144287  0.01003264  0.01663348]
[ 0.0166251   0.00653399  0.016186    0.00290294  0.00936443  0.01637247
 -0.00458035  0.0008621   0.02977942  0.00602601  0.01001032 -0.00490988
 -0.01430135 -0.01918858  0.01242615 -0.00260024  0.00093519 -0.02473005
 -0.00938342 -0.00705665 -0.00633431]
[ 0.01451258  0.00071323  0.00368557  0.02461151  0.00487788  0.02515505
  0.00393939 -0.0125164   0.00095094  0.00425384 -0.01545262  0.00461832
 -0.00014761  0.0068077   0.00702572  0.00479761  0.01280723  0.00369846
  0.00372229  0.00047017  0.01023906]
[  8.05463715e-03   5.87265293e-05  -5.25591666e-03   7.27261592e-03
  -2.23796464e-03   8.90624503e-04   7.95870913e-04  -1.39104759e-02
   5.00676918e-03  -1.14987823e-02  -1.40747403e-03   1.76190885e-02
  -1.09437816e-02  -2.19969196e-03  -4.32686064e-03   4.32865892e-03
  -1.06959573e-02   8.41444858e-03   2.42326210e-03  -1.26986768e-02
  -4.27832909e-03]
[ 0.00694811 -0.04404174  0.00594813  0.0088344  -0.00728155 -0.00367461
  0.00910668  0.00018177  0.00269969  0.00837529  0.00625498 -0.00708577
 -0.00029199  0.00054934  0.00187488 -0.00764886  0.00270423 -0.00051561
 -0.00047463  0.01137311  0.00028093]
[ 0.00387512  0.0006301   0.00275497 -0.00336889  0.0005515  -0.0007589
  0.00164536 -0.00487274  0.00091614 -0.00840109 -0.00089081 -0.00028525
 -0.00719224  0.00656793  0.00251279 -0.00727986 -0.00019272  0.00813246
  0.00182927 -0.00987326 -0.00786356]
[ 0.01126348  0.00216755  0.00673598 -0.01327499 -0.01151599  0.01482068
 -0.0067152  -0.00168398  0.01149867  0.01585978  0.01112282 -0.00267057
  0.00201963 -0.0008985   0.01221158 -0.00937544 -0.02392113  0.00399446
  0.00874985  0.01079634 -0.01555224]
[ 0.00177397  0.00149991  0.00385511 -0.00420618 -0.00583473 -0.00549357
  0.00126776 -0.00632883  0.00549865  0.00293126 -0.00612306  0.00307746
  0.00241219  0.00147918 -0.00087238 -0.00176964  0.00355176 -0.00588452
  0.00100047  0.00182375  0.00625286]
[ 0.00921175  0.00063204  0.00600725 -0.00854362  0.00585144 -0.00145969
 -0.00622641  0.01271528 -0.00430925  0.00990615 -0.00106004  0.00780804
  0.00427441 -0.00665799  0.00794306  0.00829662 -0.01362215  0.00146733
  0.0279442   0.00790905  0.01816329]
[  1.26283697e-02  -2.00929220e-05  -1.04335616e-02   5.12440800e-03
   1.04800753e-02  -1.82820680e-02  -1.00858734e-02   4.89847034e-03
  -9.80546531e-04   2.17924908e-03  -2.43455422e-03  -2.32707087e-03
  -8.05773296e-03   6.36870274e-03  -1.61151133e-02   1.65217498e-02
  -1.02644171e-02  -1.09696167e-03  -5.19424456e-03   6.47846696e-03
  -1.13033065e-02]
[ 0.00900758 -0.00412431 -0.00804599  0.00969146 -0.00346908  0.01111703
  0.00603448 -0.00429599  0.00126671 -0.01356101 -0.02124394  0.00771142
  0.00173921  0.01778092  0.01503277  0.00835511 -0.01064344 -0.01521423
 -0.0021629  -0.00088259 -0.00107934]
[ 0.0086765   0.00244923  0.0019004   0.00241697 -0.00494761  0.00713585
 -0.00457862  0.00063207 -0.01492568 -0.00325957 -0.00363101 -0.00143079
 -0.00990993  0.01511552 -0.00469107 -0.0057729   0.01475556  0.00537864
  0.00203764  0.01164251  0.00723586]
[ 0.01035822  0.00131201 -0.0069708  -0.01220942 -0.00453874 -0.00188905
  0.01021444 -0.00747111 -0.00494127 -0.00504198 -0.00317123  0.01615327
 -0.00681703 -0.01070094 -0.00291528  0.00098093 -0.01070436  0.0044609
  0.00514613 -0.00436552 -0.00226535]
[ 0.00895019  0.00534755 -0.00589485 -0.00293327 -0.00516579 -0.00698657
  0.00294382  0.01620644  0.00155601 -0.00057036 -0.01007075 -0.02406159
 -0.01614274  0.00229813  0.00738178  0.00661794  0.00572812  0.00056808
 -0.00098081 -0.00253452  0.0052895 ]
[ 0.00792765 -0.03193868  0.00668226 -0.00594089 -0.00106311 -0.01003207
  0.00723053  0.00270693 -0.00132605 -0.00666936  0.00583731  0.00412737
 -0.00567308 -0.00641579  0.00311635  0.00832402  0.00929117  0.00448612
  0.00176028 -0.01507458  0.00145905]
[  5.94869684e-03   2.71263331e-03   1.75426400e-03  -1.04354401e-02
  -8.48191232e-03  -1.04128337e-03   5.62461352e-03   8.21021641e-04
   1.11770156e-03   6.84670657e-03  -3.73013280e-03   8.14760632e-03
  -2.26172221e-03  -4.29863561e-03   3.63451325e-03  -2.97554318e-03
  -1.35494285e-02   8.73645336e-05   1.42625301e-02   5.94677412e-03
   1.02461443e-02]
[ 0.00653678  0.00035866  0.00468846 -0.00162721  0.01106703  0.00195534
  0.00296664  0.00435837 -0.01483472  0.01500015 -0.00430765  0.0082779
 -0.00088743 -0.00738501 -0.0004935  -0.00542406 -0.00135832 -0.00904186
  0.01189958  0.00289135 -0.0011766 ]
[  2.00978947e-03   1.15147431e-03   2.01848908e-04  -6.21874518e-03
  -8.02099672e-03  -2.11489189e-03   6.13686904e-04  -3.26869983e-03
   3.10441478e-03   3.09376710e-03  -2.24336346e-03   5.89300803e-03
  -1.32160276e-03   1.53002308e-03   5.04533603e-04  -5.01469155e-03
   1.72086062e-07  -4.06495677e-04  -3.56887978e-03   4.90768376e-03
   6.25235873e-03]
[ 0.00095518  0.00076361  0.00346227 -0.00166873 -0.00131431 -0.00254909
 -0.00047348 -0.00384732  0.00269377  0.00185541 -0.002383   -0.00272261
  0.00336936  0.00303501  0.00111731 -0.00026329  0.00218092 -0.00297141
  0.00139389 -0.00445762 -0.00568404]
[ 0.01675014  0.00861561  0.00309636  0.00099593  0.01284467  0.00319682
  0.0113073  -0.01859825 -0.00490423  0.00232207  0.00783093  0.00806598
  0.01321263 -0.01209211  0.03378336  0.00311862  0.01629943 -0.00100085
 -0.0372839   0.00837055 -0.00530831]

Right eigenvectors

[ 1.          0.04033044  0.37887388  0.80311452 -0.13923138  2.30604419
 -0.29552067  0.1139317   1.72821279  0.24426322 -0.50079505  0.00811569
 -0.63263338 -0.72253447 -0.77812727 -0.29041009  0.59850816  0.84047273
  0.56356969 -0.1725574  -0.29446033]
[ 1.          0.53356213  2.72869007  0.72372058  1.92279483 -1.56391436
 -0.4034859   0.77460298  0.76186387 -2.8438227   1.10897141 -0.63976696
 -2.78312522  0.51334459  0.55511695 -4.30250242 -2.84762808 -0.72479046
 -1.98855302 -1.31725253  0.63765277]
[ 1.          0.44758189  2.52272339 -2.0027127   1.49387253 -1.28119965
  0.42406377 -5.87701462 -0.85780729 -4.41772923 -4.08085608 -7.78671957
  2.24518558 -5.49620888 -3.87582776 -0.99899871  0.87459533 -0.47331418
  0.62706953  4.59628227  1.32502729]
[ 1.          0.16167192  0.25976021  0.21201163 -0.42643827  1.75097262
  1.2732037   0.39276343  1.25217494 -1.18213839 -0.5047713   0.79220295
 -0.23317504 -0.2051616  -0.51599644  1.14366927  0.94098777 -0.36272916
  0.3633949  -0.7864488   0.0910056 ]
[  1.00000000e+00   3.71298828e-01   1.20923113e+00   1.20180972e+00
   1.33967048e-01   2.23671976e+00   3.27830663e-03  -1.69002939e-02
   1.29779251e+00  -1.22150674e+00  -1.77650941e+00  -1.85814354e+00
  -2.01435952e+00  -9.38294200e-01  -1.63364772e+00  -2.34424261e+00
   5.57918100e-01   3.75383857e+00   1.16433768e+00   6.61509167e-01
  -4.37812085e-01]
[ 1.         -0.18116138 -1.03230595  0.48016388  0.46747943 -0.27127413
 -1.0123945   1.06977812  0.66664084  0.28636074 -0.27933989  0.16672407
  1.27732951 -0.50917271 -1.11616177 -0.31581889 -0.29662391 -1.2615302
  0.31277537 -0.1933101  -0.47563975]
[  1.00000000e+00   2.23431173e-01   5.81374372e-01  -4.38812608e-01
  -7.63304109e-01   1.24934210e+00  -2.69455542e-01   2.13204495e-01
  -1.74842760e+00   5.96059645e-01   4.99451020e-01   5.07022241e-01
  -1.27443712e+00   1.02134888e+00  -1.89990115e+00  -9.97962409e-01
   1.33441726e+00  -5.15377080e-01  -6.80999897e-05   1.53572572e+00
  -7.73716946e-01]
[  1.00000000e+00  -1.38887588e-01  -9.87895545e-01  -1.13597183e+00
   2.48110443e+00  -1.28757711e+00  -7.20205152e-01   6.28555160e-01
   8.29054491e-01  -2.98697814e-01  -1.31469668e+00   1.66110161e+00
  -2.52502677e-01  -6.32994403e-01   2.11430920e+00  -6.91692657e-04
   2.72157408e+00   1.77373778e+00  -1.24382070e+00   2.60728200e+00
  -1.07409883e+00]
[ 1.          0.28411526  0.61490549 -0.91561228 -0.3802793   1.20379564
 -0.43237719 -0.56871239 -0.5346328   0.4104619   1.7655129  -0.39751184
  0.01388162 -0.32540369  1.60633726  1.17947152 -0.39442408 -0.1193787
 -0.94999794  0.63015024 -0.56010959]
[ 1.          0.11858292 -0.36580645  0.86238313 -0.37215032 -0.50533349
 -1.51534676  0.69244174  0.73551333  0.38747428  0.91670283  0.16141313
  0.45067527 -1.42249079 -1.14186297 -0.21357223  0.47529479 -2.15274325
 -0.66647035 -1.22614276 -0.31826751]
[ 1.          0.74137684 -2.84932425  2.37111174 -2.94737649 -2.25968724
 -1.01881467 -1.0902317  -1.48450348 -1.6347599   0.66134657 -0.61462371
 -0.81293546 -1.85932256  3.04621147 -2.05270399  1.88408235 -0.84757254
  5.82772824  0.02301153 -2.25882083]
[ 1.          0.27896648 -0.07564428 -0.23547964 -0.11254384 -0.72810913
 -0.84058819 -0.12334764 -0.49277971  0.09498656  0.48098107  0.95577393
 -1.66829675  0.37671902 -0.8512857  -0.68365808 -0.03295247 -0.39976166
  0.16844217  0.29452211  0.34526574]
[ 1.          0.59990056 -1.10312053  0.74852591  1.01609676 -0.39759523
  2.19442353 -2.31156857  0.92595139  0.2314681   1.76320811  1.16217267
 -0.21001812  1.28542045 -0.4416084   1.64177392 -0.51989517  1.44036655
 -0.26805713 -0.27783455  1.03792601]
[ 1.         -0.43344677 -0.85477787 -1.43576741  0.32141198  0.86106818
 -1.32398171  0.35784368  0.25660665  0.07304786 -0.12134682  0.21249168
  1.79383581  0.01762754 -0.98818614 -1.5823907   0.06925247  2.11971081
 -0.37964513 -1.57296716  0.24328842]
[ 1.          0.58707714 -1.94551416  2.74269881 -1.93244075 -1.61495838
 -1.06902549 -1.46637548 -1.15685489 -1.03650767  1.37708056 -0.1091948
 -0.10140448 -1.98727124  1.20479336 -1.34525988  0.44654044 -0.11589658
  2.76954155 -0.32587884 -0.85157809]
[ 1.         -1.85383968 -0.56013665  1.54370792 -0.42341543  0.94347866
 -0.10284039 -0.33297167  0.02932216 -0.20223211 -1.79919721 -0.16720921
  0.51686049  1.0647031  -0.01357867  0.00637649 -2.19150324 -0.74292926
 -0.60043555  1.13160959 -0.26236653]
[  1.00000000e+00   2.14836039e-01  -5.96893154e-01  -6.77245997e-01
  -1.60176449e-01  -2.03416917e-01  -2.23851967e-04   5.80531018e-01
   2.12994046e-01  -4.12744712e-02  -3.39285782e-01  -9.22035131e-01
   4.45797622e-02   1.13300602e+00   1.20333453e+00  -2.25488326e-01
  -1.86278826e-01   1.13144799e-01   3.11378777e-01   1.86091052e-01
   5.50243299e-01]
[ 1.          0.03465927 -0.52754379 -0.3844659   1.16898984 -0.56106564
 -0.39336101  0.50240262 -0.1627933   0.09003168 -0.01624936  0.06184477
  0.71707767  0.81888428  0.05608986 -1.03195913  0.20683835  1.04145569
  0.38358875  0.57546334  0.49516865]
[ 1.          0.39459105 -1.34691682 -0.16475309 -1.21659518 -0.77010038
  0.03986907  0.48086853 -0.23496972 -0.48733562 -0.88409776 -0.45229622
 -0.62115586  0.55828644  1.26297462 -0.18876454  0.9684614  -0.51293051
  1.29795056  0.37451784 -0.63440082]
[ 1.         -0.58993942 -0.23686786 -1.80752122  0.19750512  0.97198452
 -0.03736189 -0.06820251 -0.96347696 -1.00277548  1.04351696 -0.45884763
  0.11200719  0.0093767   0.61732636  1.44920991  0.18606704 -0.69876607
  0.84541793 -0.7004544   0.84432358]
[ 1.          0.4638103  -1.21068473 -0.10257056 -0.42211774 -0.73709387
  0.87747106  1.11857748 -0.06529089  0.14940588  0.22310018 -1.27548519
 -0.04660476  0.47560745 -0.77931577  0.79061507  0.7232334  -0.44584682
 -0.85494255 -0.37001242 -1.30464448]
[ 1.          0.20105136 -0.55955246 -0.2136004   0.14565613  0.85751812
  0.79951816 -0.18942308 -0.41687772 -1.52435079  0.89226839 -0.16718984
 -0.24400356  1.94040289  0.68562598  0.17353789  1.05704719 -0.99831107
  0.63037044 -0.78057705  1.57994378]
[ 1.         -0.11102431 -1.41818212 -1.3167499   4.23779657 -1.85502695
 -0.65123546  0.67566041  1.80335387  0.26783403 -1.11613667  2.16782779
 -1.42421659 -1.28817899  1.75455906 -0.2444093   2.85095362  0.73298028
 -1.43862399  4.85240023 -2.83546522]
[ 1.          0.97834126  0.99038496  0.13543063  0.33790247 -0.01856889
  4.3962214   1.92308083 -5.13273945  4.47507554 -2.76725403 -0.15214793
 -1.34636177 -3.0156999  -1.29665845 -2.79427108 -0.93402111 -1.12099362
 -0.56064501 -4.28485752 -0.63672227]
[ 1.         -0.84831561 -0.77169798 -0.3901155   0.63718218 -0.31485277
  0.0575131   0.48634824 -0.44107065 -0.44518259 -1.06783877  0.31497664
  0.67516998  0.09650819 -0.52385718  0.35712744 -0.91465245 -0.28082696
 -0.22101176 -0.81562117 -0.63718527]
[ 1.          0.40286035 -0.78474435  2.05399708 -0.89455097 -0.96074071
 -1.7218024  -1.28769164 -0.27779692 -0.55752335  1.44496331  1.18336346
 -0.26608375 -1.6708273  -0.14814867 -0.66265781  0.21095976 -0.88671383
  1.60634719 -1.8398748   0.47834651]
[ 1.          0.16768883  0.43522154  1.71268872  0.80279805  1.59045434
  0.9483497  -1.26665399 -1.09102795 -0.26533619 -2.37444755  1.52173476
  1.0259469   0.69376679  3.2359418   1.00121148  0.95038726 -1.01105467
 -2.03931033  0.14881659 -0.05176938]
[ 1.         -0.54948468 -1.13312502 -1.14936274  0.64780596  0.62234507
 -2.61927098  1.27593418  0.07406286  0.42783507 -1.04314988  0.47772812
  3.777143    0.70402933 -1.20526313 -2.80433263  0.77430574  3.95657904
 -0.748      -2.41500745  2.30562102]
[ 1.          0.64532369 -1.16421061  0.88957756 -1.38967203 -0.85055656
  0.27546862  0.10005933 -0.12906104 -0.06618628  0.89467002  0.00342109
  0.91837657 -1.42577079  0.29322542  0.3042805   0.71004189  0.205489
 -1.32065625  0.37218097 -1.16972743]
[ 1.         -0.88745605 -0.52944233 -1.69955498  0.57811832 -0.56480637
  0.49831534 -0.91868606  0.89393881 -1.66835697 -1.10569179  2.51899571
 -0.85680051 -1.20595088 -0.43070261 -0.08456271  0.49905757  1.39958154
 -0.05696698 -1.59367632 -0.93485408]
[ 1.          0.66654521  0.90330239  0.3393574   1.71646702 -1.95907291
  0.9552856  -3.93083027  1.62172183  2.97986276  0.399331   -2.02447244
  1.6331564   2.95819002 -1.9527092   1.91820272  1.58672024 -0.70174401
  1.32874029 -1.09428507  0.60155048]
[ 1.         -0.30321756 -0.47282215  0.0918682   0.37698084 -0.17387924
 -1.45193975  0.89137126 -0.17686204  0.32764014 -0.80901501  0.21156328
  1.45751779  0.55806049 -0.00565542 -0.6051728   0.49429737  0.75532224
 -0.15542738 -0.14288878  1.26453474]
[ 1.         -0.07191866 -1.17105312 -0.91900305  0.02525903 -0.60633941
 -0.64108356  1.01932658  0.01167667  0.02184569 -1.05012519 -0.64634271
  1.44910401  1.56077724  0.22165392 -1.06788333  0.5406276   0.93546237
  0.27611748 -1.19114662 -0.80527681]
[ 1.          0.42849274  1.77473563 -2.62336538 -2.37093043  0.7403998
 -1.10981586 -1.50107225  2.60168624  2.71887777  0.57589361 -0.96498021
  1.19102641  2.2717025   2.87726103 -2.65530344 -3.5292707  -0.27801501
  2.51211137 -1.25569711 -8.30238565]
[ 1.          0.76659792  3.35533638  0.67154779  0.36458118 -0.70212967
  0.56253473  1.21212866 -0.62465586 -2.02652441  0.83316894  0.95336341
  1.63953438  1.30041158 -0.57407152  0.42813901  0.08135514  0.49855341
  1.40653526  1.292184   -1.36052834]
[ 1.          0.24255423 -0.6903646   1.41228707 -0.19421889 -0.13943638
  0.91877177 -0.67870869 -0.26779171  0.17813424 -0.44843526 -1.25246909
 -0.35042779  0.17756918  0.71152266 -0.628167   -1.16343847  1.5372655
  0.50490776  0.0468108   0.53101084]
[ 1.          0.61237719  0.42306016  0.1161284   0.06889986  0.08471389
 -0.11810786  1.21082806  1.16594709  1.08918655 -0.48218392 -2.04064869
 -1.88738403 -1.3698973   1.39291173  1.30701035 -0.54886642  0.12308615
  0.24583705 -0.80842585  0.89288353]
[ 1.          0.61369915  1.70445874 -0.39520454 -0.76460416  0.30396683
 -0.07667114  0.62664351  0.16948267  0.56922785  1.49993138  0.81017804
  1.55215908 -0.79933163  1.22279466  1.77395643 -2.06855545  1.19615585
  1.45807477  1.84098085 -0.03868972]
[ 1.          0.31803853  1.39266512  1.08341385  0.97189718  0.28178768
  0.40530451 -0.06495792 -1.95348375  0.50381022 -1.36725121  1.03979859
  0.77395438 -0.48811672  1.09058254  0.13056725  0.66811984 -0.0184206
 -0.67728059 -0.22060424 -0.33297843]
[ 1.         -0.38562523  1.31812873  0.63404657  0.01923585  0.19884321
 -2.0631393  -0.55134954  0.05954445  2.23492276  0.6384681  -0.29876964
  1.21170921 -0.76583538 -0.4875391   0.6941099  -0.06254259  0.89983606
 -0.07462025 -0.25226765  1.0483937 ]
[ 1.          0.58436839  4.62068388  0.90161913  0.44343879 -2.09873875
 -0.66028577  2.05486349 -0.90050739 -2.41061616  0.86063166  1.61347617
  1.17635024  1.84348611 -0.81640708  2.10094548 -0.43235381  0.74325493
  1.30908591  0.0159079  -1.26605187]
[ 1.         -0.32004047 -0.3414419  -0.59259339 -0.36234998  1.16632393
 -0.87057729 -0.84450731 -0.98967787 -0.2362769   0.93682022 -0.50781058
 -0.02890991 -0.10453844 -0.63066984  0.07731965 -1.08431272 -0.91641627
 -0.52007808  0.80484128 -0.18043875]
[ 1.          0.62607535 -0.11548999 -0.18570474  0.88630407 -0.00865569
  2.42395931 -0.72475468 -2.0983539   1.94797002 -0.14814929  0.55772436
 -0.54085102 -0.60424134 -0.2127655  -0.33288301  0.05371631 -0.1212227
 -0.33446932 -1.12313145 -0.21446528]
[ 1.         -0.36390497 -0.40658795 -2.16472909  1.14856185  0.44351302
  0.08227733 -1.99510595 -0.8410608  -1.91132149  0.01270828 -0.50102281
  0.42572953 -2.34171631 -0.73970719  0.79247969 -0.55903167 -0.82940065
 -0.3116639   0.26994113 -0.03367397]
[ 1.          0.64096661  1.24552548  0.15136307  1.18794271  0.67944902
  2.67059591  0.77138903 -5.37348744  4.02477968 -1.93718862  1.49899338
 -1.088144   -1.95352636 -1.08012454 -2.38621378  0.55173424 -1.72356393
  0.15661031 -1.91199804 -1.27530782]
[ 1.          0.15205905 -0.26739887 -0.18185913  1.21541198  0.08839784
 -0.8867062   1.77661622  1.55484972  1.02416847 -0.77749601 -0.5399786
 -1.23486901 -1.4373828   0.47006837  1.29734135 -0.54400724 -0.53843871
  2.38535686  0.66705058  0.61242001]
[ 1.         -0.78652235 -0.81850497 -2.37205896  0.64589171  1.2780806
 -0.68377986 -0.68429566 -1.34981102 -1.56080491  0.68153978 -0.51567121
  1.21021045 -0.87850891 -0.67707691  1.06666014 -0.95155275 -0.56786928
  0.1225819  -1.32008381  0.54553736]
[ 1.          0.19447421  0.85408339  1.49200483  0.26880789  3.44048084
 -0.30056997 -0.258008    2.81299085  0.60121992 -0.79053577  0.01017104
 -1.2691077  -1.33162791 -0.26553914 -0.29348524  1.43486111  0.35293283
  0.5988923  -0.53675382 -0.25560323]
[ 1.          0.03542517 -0.43187759  1.33242339 -1.02366847 -0.87858718
 -1.32043424 -0.80100503 -0.87689022 -0.51782893 -0.08466209  0.12042176
 -1.01635537 -0.2479378  -1.03334874  0.81348457 -1.31142178  0.55610394
 -1.12354208  0.94366168 -0.54289451]
[ 1.          0.52974926  1.14616036  0.53086805  0.35919537 -0.30020664
  0.40483051 -0.17414324 -0.86601479 -1.69501039 -1.21338394 -1.95391658
 -1.18077272  0.05995967 -0.50215493 -1.74225223 -0.3264505   2.04484301
  0.20919749  0.77896376  0.05770368]
[ 1.          0.34412867 -0.94276616  0.69583298  1.8943785  -0.7683457
  1.04051404 -1.8990044   0.4566844   1.89850615  1.2639239  -0.3746143
 -0.15505679  1.98243155 -1.50314022  0.8702995   0.16907777  0.53856552
  0.71687649 -0.10126019  0.40370204]
[ 1.          0.02783154  2.05302069  0.36572711  0.11873096 -1.5341869
 -1.22990081  0.8230623  -0.2524737  -0.29014905 -0.03883723  0.48736216
 -0.58787972  0.25297608 -0.09540112  1.18303498 -0.39178488  0.04505372
 -0.44341486 -1.23451644  0.48794271]
[ 1.          0.32483752  0.46613032 -0.33098287 -1.91515559 -1.08364441
 -1.27028886 -0.10523957 -0.56742598  0.17856819 -0.33245322  1.45354648
 -2.33619131  0.82597549 -2.44588469 -0.20296691  0.51796755 -1.31605764
 -1.62447394  1.16809284  1.3829319 ]
[ 1.          0.11726209 -0.64180865 -0.78255371  0.70057708 -1.13023424
 -0.77857658  1.6236333   0.34145785 -0.24166922 -0.99426708 -0.87466119
 -1.4380499   0.17829821  1.5719868   1.80703696  0.84616992  0.04922285
  0.96027702  0.80223865  0.18514169]
[ 1.          0.36515245 -0.07172202 -0.28231358 -0.18724577  0.63384593
 -0.02253821 -0.74024245 -0.05631337  0.33164583  0.81997086 -0.66392562
 -1.26427655  0.48394049  0.92146624 -0.31170429 -0.35883787  1.0427161
 -0.39109491 -0.05505838 -0.52640463]
[ 1.          0.56019598  2.19427676 -0.3754662  -0.17213294 -1.37171501
 -0.09950298 -1.98600026  1.15486011  0.85983209 -1.04949932 -1.49326462
  1.67411775  0.37752024  0.0195119   0.59603806  1.05857277 -1.15106155
  0.19289071 -0.70211456 -0.03296948]
[ 1.          0.71991627  0.61762945  0.57496706  1.2506253  -0.45984237
  1.15693807  0.7285511   0.43187447 -1.76497326  2.0475006   0.21430671
  1.42110266  0.78693844  1.29783602 -2.51320141 -0.07916229 -1.42660909
 -0.82041359  0.46115442  1.86953649]
[ 1.          0.23708707 -0.64011463 -0.28853924 -1.14004463  0.25448727
 -0.97317371  1.03813009  0.11361618  0.09914494  0.17703023 -0.83424924
 -0.96327028  0.45931436 -1.54279039  0.22671709  1.36151389 -1.48040547
 -1.92807754 -0.46810267  1.12707239]
[ 1.          0.66366046  0.04657562  0.01885331 -0.6154861  -0.55702107
  2.06259372  1.08990445 -0.18433198  0.60968934 -0.70687929 -1.31058649
 -0.17380526 -0.7003242  -0.08385741 -0.04471894 -1.05608694  0.64374425
 -0.4810793  -1.16999144  0.63380345]
[ 1.          0.35676874 -0.42618959  1.10508888  0.0130967   0.0488669
 -0.34122473 -0.0206162  -0.34990662  0.31322041  0.0906398   0.18564175
  1.41437366 -0.88243382  0.6939007  -0.34275651  0.9759128   0.63934313
 -0.66213084  0.14324837  0.12278456]
[ 1.          0.21475805 -0.02796635 -0.51798993  0.02874561  0.83211943
  0.50502472  0.04527261 -1.18908141 -0.23765694  0.36236308  0.03550222
 -0.40180943  0.48343872  0.15550903  0.01272067  0.51438581 -0.45892035
  0.91359508  0.44916153  0.08053926]
[ 1.          0.68927005 -0.12354237  0.53361647 -0.90477222  0.39801668
  1.93933786  2.21714461  1.49858919 -0.67675947  0.64618076  0.1584687
  1.83187153 -0.59165818 -2.36138501  0.38418095  0.27431776  0.2036839
  0.14595275  0.95214319 -1.2927535 ]
[ 1.          0.48464619  1.95578504 -2.18213871 -1.82442681 -1.54499873
 -0.57256903 -1.99068176  1.75672095  1.03546973 -1.27686468 -0.83241688
  1.21417349  3.11222366  1.33330392 -1.43827456  0.43357141 -1.0615097
  1.13364078 -3.39384517 -5.64302293]
[ 1.          0.30861073  1.35428909  0.95202608 -0.32453566 -0.17284899
 -1.419808   -0.4505159  -0.11968522  0.79400152 -0.12777929 -0.05433883
  0.44660714 -0.68666813  0.50042747  1.44124404  0.01716906  0.78116075
 -0.42318991 -0.47646543  0.83838079]
[ 1.          0.25343834  0.97636167  0.64726909 -1.1043865  -0.49301714
 -1.91283634 -0.30048838 -1.26026889  0.16016082  0.11004775  0.07579152
 -1.07931777  0.49207151 -0.33701326  1.23857995 -0.44665292  1.64783368
 -1.88546497  0.52943844  0.74854065]
[ 1.         -7.99999951  1.45958703  0.70249876 -1.21282048 -1.57676138
  2.14786666  0.32794757  0.30914103  0.68523378  1.8350273  -0.8043185
 -0.77257316 -0.72868686  0.79799704 -0.45337773  1.96716553  0.55883594
  0.15958528  0.32688078  0.30869837]
[ 1.          0.20493393  2.010967    0.34117125  0.62207987 -0.74198521
 -0.39072823 -0.26748795  0.24075651 -2.0188965   0.97132999  0.68185668
 -1.76523726  1.31881972 -0.04747334 -1.7992019  -1.88984295  1.47268825
 -0.08691326 -1.97531791 -1.42370933]
[ 1.          0.59421145  1.31284007  0.39938121  2.6645335  -0.69491003
  0.30094282  0.77368785  2.03064793 -1.687248    2.17951275 -0.10937697
 -1.47330041 -0.26730444  1.26368827 -4.15492407 -1.8260779  -3.35407631
 -2.02688619  0.0085664   0.92946317]
[ 1.         -0.01717268 -0.68393566 -0.4162669   2.11750725 -0.73745433
 -0.01524438  0.07345149  0.90870701  0.50181991  0.20884321  0.34638944
 -0.92825366 -0.45054904 -0.52711924 -0.17717662 -0.41818719 -1.06596075
  0.13545455  0.89469681 -0.81999704]
[ 1.          0.86290161 -0.41157484  0.07053501 -1.67429521 -0.54119189
  2.35859071  0.50839775  1.15030474 -0.23147364  0.77163527  1.08102082
  1.32432498 -1.31754158 -0.5696852   0.94624983 -0.63906452  0.89490737
 -0.64126752  0.68270141  0.25504144]
[ 1.          0.41929735 -1.45488996  1.00654591  2.29395808 -0.96665462
  1.87140507 -2.33874443  1.06787713  1.47284427  1.48839078 -0.05736781
 -0.99953903  1.6938537  -1.09162982  1.02941043 -1.30457747  1.53460515
  0.76418302  0.48100223  0.7456849 ]
[  1.00000000e+00   2.13531025e-01   9.07796552e-02  -1.75938981e+00
  -1.07100601e+00   9.25645099e-01  -1.78302121e-01  -9.51965861e-02
  -1.06246498e+00   4.90268211e-01   1.60133482e+00  -9.40501165e-01
  -3.10230080e-01   1.19180427e+00   3.35105953e-01   6.53133405e-01
   8.06511649e-01  -6.44420224e-01  -9.75398857e-01   2.19342607e-04
  -2.29664041e+00]
[ 1.         -0.82532641  0.18019107 -0.2280538   0.34616301  0.3868953
 -0.76778617 -0.093175    0.17761097  1.3248513   0.70621316 -0.2110534
  0.59458484  0.05030609 -0.89674326 -0.90735613 -0.06343849 -0.13431715
  0.37124937  0.30103993 -0.14526346]
[ 1.          0.94995162 -0.1050784   0.1698336  -0.77123058 -0.59134068
  2.96593882  2.08563655  1.0269071  -0.61359131  0.73205657 -0.73545989
  1.71610016 -0.47542548 -0.17258384 -0.76524188 -1.18696579  0.38909928
 -0.93160823  0.05355164  1.40083407]
[ 1.          0.2211288  -0.1668305  -1.26216847 -1.06694377  0.63963983
 -0.44819546 -0.17304103 -0.20620795  0.75093749  0.85982723 -0.23667686
 -0.0699026   0.31764537  0.55438447 -0.59932504 -0.35698508  0.93557152
 -1.35461938  0.34443297 -0.14771978]
[ 1.          0.70409765  2.05509789  0.34662037 -0.44947769  0.91503701
  1.49268355  1.83010957 -0.37230649 -1.95121908  0.95957334  1.27488179
  1.27173497  1.24717723 -2.45080312  0.64266182  1.4687569  -0.06295886
  1.93302407  2.20484286 -2.32764578]
[ 1.          0.23212719 -0.19179658  0.27884004 -0.73941802  2.49108614
  0.31195313  0.70631663  1.52115803 -1.1289572  -0.05912599 -0.10366775
 -1.23571487  0.68722039 -1.44273896  0.77091575  2.64308061 -1.23243311
 -0.27070912 -1.52369304  1.71655774]
[ 1.          0.28238652 -0.95115997  1.52617422  0.2476348  -0.11650881
 -0.61857459 -0.74563537 -0.35296658 -0.4231663   1.30719786  0.25627339
  1.17853001  0.08114279  0.26929792 -1.21392162  0.72003473 -0.93259482
  1.1125103  -0.4930758   1.47515535]
[ 1.         -1.61005477 -1.29490511  1.53164084 -0.07122679  0.9670676
 -0.19604647  0.14261905  0.1701509  -0.83830651 -3.24560769  0.40832541
  1.47692114  1.78282067 -0.03142299  0.47417415 -3.76506412 -2.58222599
 -0.79808207  0.76999685 -1.05604315]
[ 1.          0.56964787  0.31904348 -2.3575945  -3.41191791 -1.95658763
  0.86734259 -1.53038783  1.84771495  0.70464605 -2.08225269  3.07940161
 -0.52822545  0.31573495 -0.42193162 -1.38774566  0.41278569 -1.23865829
  0.20750026  1.44280476  2.39207851]
[ 1.          0.3930195   0.97358861  0.17461186  0.56327047  0.98480465
 -0.2755079   0.05185551  1.79123284  0.36246443  0.60212127 -0.29532946
 -0.86022637 -1.15419377  0.74743348 -0.15640463  0.05625171 -1.48751293
 -0.56441278 -0.42445756 -0.38100866]
[ 1.          0.04914595  0.25395692  1.6958747   0.33611428  1.7333276
  0.2714467  -0.86245202  0.06552493  0.29311384 -1.06477479  0.31822903
 -0.0101713   0.46908958  0.48411259  0.33058314  0.88249213  0.25484513
  0.25648707  0.03239737  0.70553011]
[ 1.          0.00729102 -0.65253301  0.90291043 -0.27784798  0.11057289
  0.09880903 -1.72701459  0.62160083 -1.4275978  -0.17474084  2.18744658
 -1.35869331 -0.27309634 -0.53718877  0.53741203 -1.32792541  1.04467134
  0.30085304 -1.57656721 -0.53116348]
[ 1.         -6.33866267  0.85607878  1.2714821  -1.04799005 -0.52886477
  1.3106698   0.02616172  0.38854953  1.2054055   0.90024101 -1.0198129
 -0.04202381  0.07906363  0.26984087 -1.10085368  0.38920406 -0.07420817
 -0.06831104  1.63686366  0.04043283]
[ 1.          0.16260222  0.71093616 -0.86936266  0.1423178  -0.19583934
  0.42459594 -1.25744198  0.23641537 -2.16795445 -0.22987905 -0.07360987
 -1.85600305  1.69489639  0.64844132 -1.87861267 -0.0497321   2.09863288
  0.47205497 -2.54785769 -2.02924025]
[ 1.          0.19244052  0.59803655 -1.17858642 -1.02241824  1.31581697
 -0.59619162 -0.14950761  1.02088065  1.40807087  0.98751162 -0.23710014
  0.17930761 -0.07977067  1.08417396 -0.83237496 -2.12377708  0.35463785
  0.77683314  0.95852556 -1.38076643]
[ 1.          0.84550612  2.17314936 -2.37105184 -3.28907219 -3.09676173
  0.71464649 -3.5676012   3.09962261  1.65236761 -3.45160932  1.73478229
  1.35976791  0.83382145 -0.49176526 -0.9975594   2.00214844 -3.31714111
  0.56396958  1.02805958  3.52477542]
[ 1.          0.06861202  0.65212883 -0.92746956  0.63521488 -0.15845926
 -0.67591999  1.38033233 -0.46779905  1.07538186 -0.11507454  0.84761737
  0.46401743 -0.72277118  0.86227506  0.90065648 -1.47877995  0.15928922
  3.03353867  0.85858251  1.97175157]
[ 1.         -0.00159109 -0.8262002   0.4057854   0.82988347 -1.44769819
 -0.79866789  0.38789412 -0.07764633  0.17256773 -0.19278452 -0.18427326
 -0.63806597  0.5043171  -1.27610401  1.30830425 -0.81280619 -0.08686487
 -0.41131553  0.51300897 -0.8950725 ]
[ 1.         -0.45787099 -0.89324668  1.07592257 -0.38512853  1.23418564
  0.66993321 -0.47693041  0.14062762 -1.50551044 -2.35845122  0.85610269
  0.19308298  1.97399505  1.66890234  0.92756396 -1.18160856 -1.68904657
 -0.24012009 -0.09798274 -0.11982517]
[ 1.          0.28228354  0.21902861  0.27856514 -0.57023077  0.82243405
 -0.52770356  0.07284893 -1.72024216 -0.37567776 -0.41848808 -0.16490462
 -1.14215753  1.74212222 -0.54066426 -0.66534907  1.70063568  0.61990889
  0.23484572  1.34184386  0.83396117]
[ 1.          0.1266639  -0.67297273 -1.17871796 -0.43817741 -0.18237234
  0.98611912 -0.72127376 -0.4770382  -0.48676164 -0.30615567  1.55946432
 -0.65812801 -1.03308698 -0.28144565  0.09470053 -1.03341719  0.43066246
  0.49681633 -0.42145426 -0.21870038]
[ 1.          0.59747961 -0.65862841 -0.32773261 -0.57717119 -0.78060585
  0.32891147  1.81073778  0.17385237 -0.06372591 -1.12520025 -2.68838941
 -1.8036202   0.25676894  0.82476284  0.73941944  0.63999952  0.06347116
 -0.10958571 -0.28318043  0.59099373]
[ 1.         -4.02877175  0.8429053  -0.74938854 -0.13410204 -1.26545395
  0.9120653   0.34145476 -0.16726963 -0.84127831  0.73632362  0.52062985
 -0.71560719 -0.80929321  0.39309909  1.04999859  1.17199593  0.56588237
  0.22204272 -1.90151953  0.18404523]
[ 1.          0.45600463  0.29489887 -1.75423969 -1.42584377 -0.17504395
  0.94552028  0.13801706  0.18789015  1.15095907 -0.62705041  1.36964558
 -0.38020465 -0.72261803  0.61097638 -0.50020084 -2.27771373  0.01468633
  2.397589    0.99967678  1.7224183 ]
[ 1.          0.05486754  0.71724297 -0.24893168  1.69303911  0.29912905
  0.45383758  0.66674471 -2.26942132  2.29472932 -0.65898562  1.26635664
 -0.13575928 -1.12976252 -0.07549514 -0.82977535 -0.20779596 -1.3832281
  1.82040262  0.44231923 -0.17999706]
[  1.00000000e+00   5.72932803e-01   1.00432862e-01  -3.09422718e+00
  -3.99096366e+00  -1.05229524e+00   3.05348851e-01  -1.62638918e+00
   1.54464676e+00   1.53934885e+00  -1.11621814e+00   2.93215191e+00
  -6.57582690e-01   7.61285255e-01   2.51038038e-01  -2.49513277e+00
   8.56239250e-05  -2.02257840e-01  -1.77574808e+00   2.44188948e+00
   3.11095209e+00]
[ 1.          0.79944542  3.62472783 -1.74702927 -1.37598404 -2.66870352
 -0.4956942  -4.02784346  2.82016511  1.94246503 -2.49481502 -2.85036593
  3.52746104  3.17742005  1.16974127 -0.27564593  2.2832522  -3.11083475
  1.45929365 -4.66677741 -5.9507483 ]
[ 1.          0.51436041  0.18485589  0.05945782  0.7668395   0.19085322
  0.67505705 -1.11033393 -0.29278764  0.13863015  0.46751418  0.48154695
  0.7888069  -0.72191095  2.01690052  0.18618455  0.97309205 -0.05975192
 -2.22588584  0.49973013 -0.31691123]
