Cluster centers 

[-0.578217   -0.70938792  1.30690894  0.22861576]
[ 0.96176128  0.85626153 -0.71431259  0.15484251]
[-1.14412392  0.29842898  0.83916557 -1.14863364]
[-0.84463782 -1.16095256 -1.18486181  0.32599674]
[-1.12073249  1.43376935  0.62046239  0.52688562]
[ 1.23882564  0.03606365  0.93426496  0.21336322]
[-0.75138141 -0.28030006 -0.01445572  1.44045435]
[ 0.80783435 -2.30658973  0.93336062  0.06739574]
[-1.82547327  1.04962432 -0.31232565 -3.81380167]
[ 1.11363464  0.12760865 -0.35149765  0.00595064]
[ 0.96692037 -0.14414011  1.52723154 -1.38560805]
[-1.14811347 -2.03846378 -2.82960639 -2.03292755]
[-0.85604989  0.5314758   0.6374112   1.38218806]
[ 0.53403701  1.03848751 -2.20874962 -0.93036601]
[ 1.11525078 -1.1185748  -0.41237719 -0.57301704]
[-1.471638    0.67338947  0.36035861 -2.3927502 ]
[ 1.194018    0.55733125  0.84700456  0.31413734]
[-1.02214447 -0.11207535 -1.39142747  0.77247695]
[-0.84086477  0.22623685  0.92990722  0.83282647]
[-0.94438903  1.56154261  0.17763999  1.76046775]
[ 0.55773558 -1.20415544  1.6618373  -2.38098322]
[-1.73809233  1.55195494 -0.16001864 -2.86173495]
[-0.96316175  0.41127609  0.94456825  0.2565055 ]
[-0.91452234  0.84887022 -0.39567879  1.75921453]
[-1.49415051  0.97991387  0.31996381 -2.10301216]
[ 0.93090865  1.72896797  0.33207972  0.56768586]
[-0.60226419 -0.75801233  0.340749    1.28417322]
[ 0.89988509 -1.30088333  1.80318064 -0.8338871 ]
[-0.5806847  -1.88073921 -0.85684685  0.08045035]
[ 0.94412189  1.45817101 -0.2185086   0.67458291]
[ 0.92458019  0.31939904 -1.20474737 -0.5038943 ]
[-0.8777964  -0.4171807  -0.82526615  1.02052356]
[ 1.08050932 -1.57586944  1.29570929  0.01340221]
[ 1.20735807 -1.2184703   0.78552602  0.04058674]
[ 1.13587783  0.70146578  0.17958054  0.44798284]
[-0.55894008 -2.80436635 -1.85057152 -1.6248801 ]
[ 1.23227543 -0.23994143  0.39119653  0.18702933]
[-1.70348123  0.04197123 -0.20546396 -4.70394999]
[-0.66772899 -1.08364224 -0.38245426  0.9131812 ]
[-1.14758075  0.90515396  0.75559425 -0.17820266]
[-0.20771102 -1.42074639  1.62174929 -0.4177549 ]
[-1.30436829  1.0264489   0.58995275 -0.96340242]
[ 0.93118972 -2.2585054  -0.36056998 -0.8918256 ]
[-0.65066575  2.67023864  0.31916272 -0.67684428]
[ 1.14927299 -0.79280048 -0.25775644 -0.32804115]
[-0.94397756  0.02281221  1.0524221  -0.43321953]
[ 0.7444428   1.19052139  1.03866723 -1.92197762]
[ 1.20459224 -0.42591203  1.31664133 -0.08742178]
[-1.20818014  0.08067668  0.74722724 -1.95576123]
[-1.00001257  0.93871194  0.73994618  0.83151356]
[-1.07621028 -0.60497058 -1.81958434  0.11329992]
[ 0.89948492 -0.13511122 -1.49198982 -1.02126449]
[ 0.56216742  2.22885879 -0.84635208  0.90238593]
[-0.65387234 -0.42863681  0.55559331  1.3650246 ]
[-1.00627353 -1.37131724 -1.9617375  -0.53879022]
[ 0.9834496   0.94306421  1.22396681 -0.84514359]
[-0.59496774 -0.80902193  1.37678136 -0.48021189]
[-1.0918326   0.42663661  0.88287284 -0.56642478]
[-0.80763121 -0.39303581 -0.4629561   1.23535433]
[-0.99942373  1.30618131  0.57447199  1.20967877]
[ 0.94308782 -0.69006974 -1.40114229 -1.24416164]
[ 1.25322992 -0.56239278  0.90101362  0.15224771]
[-0.89575905  0.99995434  0.16062845  1.79362248]
[-1.14665667 -0.36133933  0.75474903 -2.6580089 ]
[-0.10685209 -2.41796537 -0.09320915  0.13970714]
[ 1.10948234  0.67322092  1.22488448 -0.26202734]
[-0.89697296 -0.75574491 -1.13063346  0.61837414]
[-1.01559806  0.69675433 -1.1859465   1.31226129]
[-0.78933394 -0.21091379  1.15428169  0.09749314]
[-0.67796342 -0.27050259  0.88961404  1.13785918]
[ 1.18542501  0.14549412  0.1374346   0.23801813]
[ 0.72457243 -2.55162359  0.50697075 -0.14553818]
[-0.2750896  -1.41913769  1.58694263 -1.46440739]
[-1.3785724   1.17218913  0.47734761 -1.22395367]
[ 1.12754802 -0.24780371 -0.39703322 -0.19326874]
[ 1.0590887   0.59894864 -0.40429424  0.19752483]
[-0.17556907 -1.49139185  1.32510377  0.58586147]
[-0.52384797 -0.7790423   1.00945571  0.957775  ]
[ 0.83721109  0.82363794 -1.28278066 -0.26072313]
[ 1.09329114  1.12527019  0.41980451  0.55527391]
[-1.35317798  0.53725536  0.55137768 -1.9377325 ]
[ 1.02763084 -1.99241562  0.71982636 -0.08935135]
[-0.28615452 -1.71092355  0.40490094  0.81218936]
[-0.76144962  0.06672279  0.53981414  1.46563229]
[-1.23177339 -1.02399051 -2.57937512 -0.96104137]
[ 1.18981405 -0.52840945 -0.00924213 -0.07515342]
[-1.5479862   1.78801722  0.12070346 -1.72436614]
[-0.8239295   0.29473786  0.17079767  1.61104412]
[-1.60406007  0.90546276  0.12642645 -2.80518079]
[ 1.24164734 -0.68395079  0.55760313  0.10219202]
[-0.78778412 -0.85303959 -0.71095361  0.85496971]
[-0.76324182 -1.5931087  -1.22814184 -0.00658462]
[ 1.06667722 -1.7312763  -0.25389902 -0.66233783]
[ 1.21604419  0.2976353   0.55239125  0.36129214]
[ 0.80980714  1.30445173 -1.00543803  0.22871621]
[ 1.01525742 -0.86955071 -1.00355815 -0.95354599]
[ 1.02500832  0.90503078 -0.35369309  0.36503208]
[-0.67837723 -0.82428002  1.31702413 -1.20363915]
[ 0.87510681 -0.72216001  1.66433654 -1.59107165]
[-1.25087887  1.68175228  0.50399411 -0.05327926]

Populations

0.00390542637163
0.0151953715064
0.0141610470674
0.016499071509
0.00843029245782
0.0136403036756
0.0170927820832
0.00316038093383
0.00357010110082
0.0174292383587
0.0121120142013
0.00132726656145
0.0100605506397
0.0213090670244
0.00544460545808
0.00304908205494
0.015131701967
0.00811520224422
0.0120313550083
0.00503055393244
0.00319331141265
0.00302678239442
0.0171319285534
0.0117589781751
0.00505045744945
0.00489733794573
0.00836891100533
0.00335962589667
0.0198578123886
0.0187105112931
0.0368980969118
0.0126067458511
0.0123156769455
0.0134762488974
0.018097406424
0.00319935256483
0.0136517093293
0.00176044620203
0.0202968525123
0.0111007801554
0.00166413209495
0.00840824757697
0.00175569792087
0.00334526060636
0.0102718008055
0.00822366282327
0.00489376215312
0.0179337469535
0.0108445265453
0.0108002715481
0.00984473745349
0.0134765203183
0.00652318922803
0.00886942952639
0.00999039692685
0.00344749115783
0.00493146617602
0.0199701659835
0.012787304665
0.00786335930864
0.00460790755411
0.020142407574
0.00432982663059
0.00825662331013
0.00139604436955
0.00338075488879
0.00816740333898
0.00964572552631
0.0142174030826
0.0114812443493
0.0136540236637
0.0032244513051
0.00343141131269
0.0114764174982
0.0220652279586
0.0139759371497
0.00329008591477
0.0145904893189
0.0235857029745
0.0152348855378
0.00497959298923
0.00517693075474
0.0118950732779
0.00985429405957
0.00701968126327
0.00878177609087
0.00341197606649
0.00658670608891
0.00161548269918
0.0153825498073
0.0125955141017
0.0138795770785
0.0032285067236
0.026014976575
0.00683339711854
0.0103514796449
0.0062001244944
0.00844875569913
0.00629007597213

State labels

0
1
2
3
4
5
6
7
8
9
10
11
12
13
14
15
16
17
18
19
20
21
22
23
24
25
26
27
28
29
30
31
32
33
34
35
36
37
38
39
40
41
42
43
44
45
46
47
48
49
50
51
52
53
54
55
56
57
58
59
60
61
62
63
64
65
66
67
68
69
70
71
72
73
74
75
76
77
78
79
80
81
82
83
84
85
86
87
88
89
90
91
93
94
95
96
97
98
99

Eigen values

1.0
0.54941107072
0.499245383045
0.494522106415
0.478129747431
0.467351662601
0.450604166052
0.432219654067
0.423680692647
0.400319930571
0.39574037175
0.384239977558
0.364513097535
0.358238963753
0.35061600523
0.325871942467
0.316806204527
0.304222016158
0.292365852653
0.278157467588
0.273961695248

Left eigenvectors

[ 0.00390543  0.00633431  0.00364658  0.00898278 -0.00156877  0.0034731
  0.00244233  0.00053487  0.0010735   0.00339063 -0.00365814 -0.00104515
 -0.00018561 -0.00358312 -0.0032137   0.0010066  -0.00792046  0.00626943
 -0.00715324 -0.00124441  0.0078902 ]
[ 0.01519537 -0.00236681 -0.01543517  0.02442307  0.01346489  0.00537725
 -0.00991869  0.00488794 -0.00325564  0.01399372  0.00670633  0.00903686
  0.00929717 -0.00656389 -0.01068285  0.00169566 -0.00052949  0.00540074
  0.0114702   0.00560861 -0.00402864]
[ 0.01416105  0.01174507 -0.0059939   0.01187232 -0.00843514  0.0099545
 -0.00828148 -0.00623259  0.01841732  0.020651    0.01187418 -0.00370922
 -0.0096237   0.00118698 -0.01017345 -0.00320146 -0.02001592  0.0005666
  0.0016448  -0.003566   -0.00116304]
[ 0.01649907  0.00592989 -0.01157328 -0.01843843  0.00827608 -0.01524802
  0.0019755   0.00232306 -0.00384724  0.03047283  0.00804474 -0.00010239
 -0.0065199   0.00586033 -0.00445992  0.00330217 -0.01371244 -0.0099101
  0.00121148  0.00838092 -0.01527871]
[ 0.00843029  0.01612421  0.00554051 -0.00868873  0.01068139  0.02255396
 -0.01958416  0.00863268 -0.00106509 -0.00411172 -0.01967607 -0.00766883
 -0.00470207  0.00873988  0.0104732   0.00098725  0.00708513  0.00538818
  0.00489515  0.01034745  0.00632565]
[ 0.0136403  -0.02046646 -0.01044051 -0.00275354  0.00135502  0.02500392
  0.00978856 -0.01073721  0.00852892 -0.0002005   0.00123791 -0.00756169
 -0.00549621  0.00255938 -0.0174688  -0.00585538  0.0063402  -0.00248752
 -0.00352708 -0.00157523  0.01386091]
[ 0.01709278 -0.00952181  0.00087346 -0.02211886 -0.04092197  0.03872471
  0.03077154 -0.00597155 -0.01737152  0.01264232  0.00184983  0.00563294
 -0.01242743  0.01914024 -0.00254034 -0.00058642 -0.00428539  0.00971062
  0.00944964 -0.00720977  0.00878363]
[ 0.00316038  0.00098248  0.00066106 -0.00139828  0.00460335 -0.00504156
  0.00632176  0.00250507  0.00251492 -0.00119986  0.00187123  0.00573142
  0.0058853   0.00145024  0.00300505  0.00266643 -0.00122534  0.00260035
 -0.00879074  0.0037084   0.00933948]
[ 0.0035701   0.00838412 -0.0022652   0.00796875 -0.00750139  0.00284483
  0.00393723 -0.01100408  0.00421796 -0.00210923 -0.00251896  0.00715466
  0.00164617 -0.00873898  0.00705702  0.00715172  0.00615361 -0.00461355
  0.00615138  0.00436871 -0.00825154]
[ 0.01742924 -0.00390653  0.00772975  0.00131682 -0.01099209 -0.0018972
 -0.00245663  0.01002569  0.02607958 -0.00804941  0.0102068  -0.00934637
  0.00757218 -0.02586756 -0.01597424 -0.0135215   0.00055009 -0.0168762
  0.00632192 -0.0024434  -0.01557699]
[ 0.01211201 -0.00521317  0.00901221  0.00058227 -0.00552038 -0.00331197
 -0.01016201  0.00513928  0.00682833 -0.0142609   0.00763592 -0.00059943
  0.00240363 -0.01122432 -0.01272528 -0.0102569   0.00309089 -0.00793079
 -0.00293853 -0.02373696 -0.01189617]
[ 0.00132727  0.00367551 -0.00182646 -0.00572768  0.0019099  -0.00304733
  0.00083484 -0.00309368 -0.00846509  0.00135246 -0.00105534 -0.00519066
  0.00161338 -0.00385671 -0.00369613 -0.00676044 -0.00224988 -0.00672278
  0.00534599  0.00063918  0.00128245]
[ 0.01006055 -0.00159459  0.00738276  0.00136282  0.00484093 -0.00735972
  0.00045208  0.00821814 -0.01528295 -0.01024982  0.00148178 -0.00049208
 -0.00584062 -0.00225916 -0.00616901  0.00526046 -0.01100591  0.01811608
 -0.00685341 -0.00093393 -0.02373248]
[ 0.02130907 -0.01330351  0.04821629  0.0010106   0.01283301 -0.00994826
  0.00164044 -0.02640064  0.02777462 -0.00684623  0.01698651 -0.0310396
 -0.02222774  0.01544225 -0.00730962 -0.00593168  0.00316999 -0.01058717
  0.00204779  0.00171028 -0.01649465]
[ 0.00544461 -0.00186697 -0.00288986 -0.00604064  0.00092651  0.00137259
 -0.00915732  0.00520967  0.00205866 -0.00911293  0.0037668   0.00436839
 -0.00330408 -0.0112381  -0.0028777   0.01181305  0.00372247 -0.00976096
 -0.00528872  0.00857894  0.01184285]
[  3.04908205e-03   3.35306907e-03   2.57092764e-03   5.20730990e-03
  -2.25948463e-04   1.17216317e-03   3.08774931e-03  -2.18652962e-03
   5.05371396e-04  -1.71883462e-03  -2.74668264e-03  -3.88731847e-04
   3.08683175e-03  -4.19650573e-03   2.18625947e-05  -9.32371269e-04
  -4.46852584e-03  -6.45676478e-04  -1.17255865e-02  -8.60123058e-04
   2.95601339e-03]
[ 0.0151317  -0.00515422 -0.00958269  0.01053111 -0.01258937 -0.01240274
 -0.01327819  0.01281737 -0.00190673 -0.01402128 -0.00626597  0.00029717
 -0.02043748 -0.00873328  0.01511056 -0.03150832  0.01573306  0.00023395
 -0.00188882 -0.01376535 -0.00447907]
[ 0.0081152   0.00674936  0.00201952  0.00572178 -0.00939399  0.00897918
  0.0107029  -0.01814174 -0.00384049 -0.00685654  0.01776189  0.01218579
 -0.00284637 -0.01420404  0.03430305  0.00555257 -0.00944232 -0.00594865
  0.00132715  0.00920714 -0.01164463]
[  1.20313550e-02   9.85532451e-03  -1.59789167e-02  -5.03704839e-03
  -8.01467066e-05  -1.20190163e-02  -9.98188794e-04   1.28513386e-02
   9.07726025e-03   1.15431071e-02   1.33651479e-02  -3.59671380e-04
  -1.34403979e-02   6.00460565e-03   8.67755998e-03  -1.79901532e-02
  -8.80512022e-03   4.30052863e-03  -1.28091107e-02   2.75963040e-03
   3.09556543e-03]
[ 0.00503055  0.00973063 -0.00184526 -0.0151845   0.00366017 -0.00408653
  0.00198223 -0.00899714 -0.0219447   0.0090918  -0.00212095 -0.00786129
  0.00673329 -0.01117383 -0.01135332 -0.01152193  0.00369715 -0.01549219
  0.00178729  0.00015099 -0.00247895]
[ 0.00319331 -0.00692883 -0.00821947  0.00407317  0.01391388  0.00903915
  0.01195739 -0.0036546   0.00131567 -0.00428591  0.00149705 -0.00140212
  0.00327205 -0.00288197  0.00016586 -0.00624066  0.00299706  0.00333702
  0.00203821 -0.00365546  0.00707363]
[ 0.00302678  0.00548379 -0.00736579 -0.00677343  0.00292125 -0.00504729
 -0.00092002 -0.00173345  0.0083678   0.00956806 -0.00291615 -0.00082594
 -0.00194738  0.00069217  0.00411337 -0.00056298 -0.00565168  0.00611811
 -0.00120214 -0.00266256 -0.004455  ]
[ 0.01713193  0.00106749  0.00807248  0.02991179 -0.02771035  0.00862328
  0.01127819  0.00174966  0.00866691  0.01240418 -0.01265235 -0.0176148
 -0.0048776  -0.03845761 -0.00134925 -0.01418673 -0.02453859 -0.00227139
 -0.01958605 -0.01379821  0.02381342]
[ 0.01175898  0.00529489 -0.00692697 -0.01352634  0.0113935   0.00652302
 -0.0203062  -0.00585967  0.02210983  0.03618059 -0.00941115  0.00709413
 -0.00137349 -0.00657871  0.00692342  0.01089655  0.0022015   0.02471129
  0.01278788 -0.00814423 -0.01159904]
[ 0.00505046  0.00414397  0.00743526  0.0043182   0.00198252 -0.00495807
  0.00102875 -0.00616311 -0.01040495  0.00682947  0.0053517   0.00053032
 -0.01405138 -0.0029831  -0.00739717  0.0142125   0.01226597  0.00357787
  0.00453815  0.00038461  0.00747455]
[  4.89733795e-03   4.23194547e-03  -1.95355730e-04  -1.66885353e-04
   2.44841949e-03  -6.02989375e-03  -6.03467411e-04  -6.44511798e-05
  -8.12247578e-03  -1.15850466e-02   1.08695105e-02   3.38648631e-03
   4.52531173e-03  -2.12976273e-03  -8.42208213e-03   3.18482694e-03
  -2.30560869e-03   1.39676668e-02   1.23179909e-02  -9.09766265e-04
  -6.64127232e-03]
[ 0.00836891 -0.0041912  -0.00336704 -0.00265302 -0.00642132 -0.00299196
  0.00059867 -0.00248753 -0.00793573  0.0037693   0.00578836  0.01045636
  0.00426331 -0.00063313  0.02380127 -0.00861597 -0.00276705 -0.00192648
 -0.00112877  0.0099233  -0.00144745]
[  3.35962590e-03  -5.86332362e-03  -2.99858734e-03  -8.37776436e-05
  -2.80195754e-03  -3.83799448e-04  -3.74493197e-04  -5.18778314e-07
  -5.09334890e-03   2.71859278e-03   2.88828838e-04   1.44704219e-04
   7.00962880e-03   3.99748311e-03   1.20670780e-02  -3.23514101e-04
   2.87784864e-03   1.47431756e-03   2.45522872e-03  -3.27734603e-03
  -2.05830834e-03]
[ 0.01985781 -0.01361933  0.0172977  -0.00393567  0.01163877 -0.0222883
  0.03254499  0.02570785  0.00050916  0.00527286 -0.03684667  0.02164854
 -0.00153143  0.00700218  0.00342394  0.01971394 -0.02069949 -0.02852592
  0.00805597  0.0126846  -0.01203894]
[ 0.01871051 -0.01907635 -0.00962428  0.01394708  0.00442259 -0.00848022
 -0.01750239  0.0040074  -0.00949674  0.01111085 -0.01547356  0.00551646
  0.02036456  0.01009916  0.02229793  0.00748767  0.01130138 -0.00506054
  0.00728282 -0.02387185 -0.016053  ]
[ 0.0368981  -0.00175264 -0.02844714 -0.01711291  0.02057501  0.00225266
 -0.03035076  0.02471569 -0.0002167  -0.00617827  0.01664805  0.00154203
 -0.03095828 -0.03125345  0.00723325  0.00473636 -0.01948975  0.00323745
 -0.01616236  0.04377148 -0.00223112]
[ 0.01260675  0.01424872 -0.01248596 -0.01633903  0.00820091 -0.01664103
  0.00225176 -0.00337067 -0.01423479 -0.0115738  -0.00268927 -0.01822689
 -0.00510985  0.00097539  0.0029869  -0.0133928  -0.02196429 -0.0010457
  0.02466852  0.00293034  0.01238563]
[ 0.01231568 -0.01100655  0.00759779 -0.0135992  -0.00439983  0.00333066
 -0.0047227  -0.00710414  0.01328362 -0.01681107 -0.00487995  0.01104031
  0.01234217 -0.0104072  -0.0161747   0.01033847 -0.01109149 -0.00325512
  0.0024124  -0.00732423  0.01029706]
[ 0.01347625 -0.01260618  0.00694801 -0.02484036 -0.00473582  0.00500061
 -0.00280604 -0.02113768 -0.00602399  0.0217246  -0.00358162  0.01676222
  0.02483354 -0.00694674 -0.00986641 -0.01976954  0.01364175  0.01667972
 -0.00854785  0.00681511  0.00719611]
[ 0.01809741 -0.00255438 -0.00601898  0.00082858 -0.00225444 -0.0085533
 -0.01604167  0.01784708 -0.00251659 -0.01676828 -0.00130067 -0.00446358
 -0.02336041 -0.00638498  0.01607967 -0.02021452  0.00704122  0.00647224
  0.01035056 -0.02032569  0.00500129]
[ 0.00319935  0.0019515  -0.00179006 -0.00217072 -0.00226075 -0.00304232
  0.00645087  0.01072127  0.00467723  0.0050062   0.00771151 -0.00023052
  0.00399168  0.00851392  0.00059017 -0.00118059  0.01031541 -0.00451628
 -0.00480993  0.00195298 -0.00178974]
[  1.36517093e-02  -1.24875812e-02  -1.19937346e-02  -5.01144540e-03
   9.47281496e-03   6.96081344e-03  -5.30026223e-03  -1.02251113e-03
   2.74097540e-03  -2.15389566e-03   2.55559798e-03  -3.98402236e-03
  -2.46435454e-02   6.75969471e-05  -6.62065258e-03   6.62115411e-03
  -7.11936813e-04   7.64612036e-03  -7.70370021e-03   1.13418145e-02
  -8.98983958e-03]
[ 0.00176045  0.00062663 -0.00240542 -0.00284436  0.00279257  0.00113799
 -0.00493874  0.00040504  0.00380234  0.00623009 -0.00071138  0.00144764
 -0.00234897 -0.0034724   0.00194717  0.00279924 -0.00099397  0.00619771
  0.00184777  0.00170153 -0.00329383]
[ 0.02029685  0.0173083   0.00241391  0.00869745  0.01640987 -0.00960048
  0.02269559  0.01635772 -0.01079335  0.01432531  0.00388245  0.00112616
  0.0061721   0.00445072 -0.00239409  0.02381453  0.0041159   0.02833627
 -0.02340121 -0.01856245  0.01154977]
[ 0.01110078  0.01207645  0.01047614  0.00757949  0.00074089  0.00025034
  0.00578377  0.01430589  0.0031383   0.00479914  0.00409068 -0.00299801
  0.00226272  0.00097766 -0.0031494  -0.00200476 -0.00076288 -0.01398432
  0.02264302 -0.00148623  0.01062173]
[  1.66413209e-03  -4.09522945e-03   1.11434009e-03   1.98544390e-03
  -2.90592128e-03  -1.35417166e-03   2.28657146e-03   2.15668699e-03
   1.63981413e-03  -2.57166913e-05   2.76971785e-05  -1.61264823e-02
   7.77946774e-03  -3.99040000e-03   2.96166858e-03   1.65545662e-03
   2.99897650e-03   6.79980083e-03   5.10915938e-03   9.60998531e-03
  -3.31860011e-03]
[ 0.00840825  0.00934394 -0.00535763  0.00053708  0.01248376 -0.00120105
  0.01492383 -0.0069368   0.00675449 -0.01472399  0.0109353   0.00435528
  0.00759218  0.00066069  0.01245574 -0.00086506 -0.0073776   0.00941436
 -0.0110011  -0.00023112  0.02164683]
[  1.75569792e-03   3.51677324e-04   5.13778612e-04  -1.18485211e-03
  -6.61005422e-03   6.41931341e-03   6.11339751e-03  -5.09955985e-03
  -3.13047144e-03  -9.44229257e-05   4.91398068e-03   4.07838414e-03
  -2.63123021e-03  -1.26891758e-03   9.78106616e-03   1.67476289e-03
  -3.81947874e-03  -3.28453464e-04   2.19688227e-03   2.05655739e-03
  -2.70608087e-03]
[ 0.00334526 -0.00148847  0.00135561  0.00214394 -0.00129141  0.00266114
 -0.00284711  0.00202263 -0.00536026  0.00011627 -0.00170762 -0.00626717
  0.00469853 -0.00865301  0.00315166  0.00222352  0.00087156 -0.00057057
 -0.01308319 -0.00815618  0.0053453 ]
[ 0.0102718  -0.01171159 -0.01266133  0.01372616  0.00168998  0.00229933
 -0.01696226 -0.00217327 -0.00792062  0.00357305  0.003177   -0.00097835
  0.00895733  0.00774113 -0.00393638  0.00726089 -0.00051839 -0.01249404
 -0.00119575  0.00930129  0.01064693]
[ 0.00822366  0.00019717  0.00686664  0.00027723  0.00927634 -0.00802446
 -0.00142991 -0.01102752  0.00267042 -0.00483082  0.00825425 -0.00374017
  0.00278078  0.00985943  0.00223136  0.00531358 -0.01481353 -0.00492279
  0.01263681 -0.00957407  0.02019307]
[ 0.00489376 -0.00630183  0.00085303  0.00603009  0.01804276  0.00153766
  0.01389789  0.003004   -0.00096764  0.00198278 -0.0095851   0.0050889
  0.00129055  0.00245974  0.00512751  0.00266224 -0.00012264 -0.01041754
  0.0013347  -0.00607029 -0.01208357]
[ 0.01793375 -0.01413308 -0.00399319 -0.01545291 -0.01886374  0.01258054
  0.01754595  0.00282126 -0.00040616  0.00832384  0.00671949 -0.0018974
 -0.00065191  0.01747791  0.0018876   0.00443842  0.01437999 -0.0045964
 -0.0004229  -0.01258154  0.0009623 ]
[ 0.01084453  0.01961779 -0.01868413  0.01758728 -0.01390473 -0.00501832
  0.0008408  -0.02459892  0.00400513 -0.01351608 -0.01702088  0.00391762
 -0.00013705  0.0084056  -0.00992303  0.00541571  0.02507729 -0.00685907
 -0.00573223  0.01004751 -0.01061483]
[ 0.01080027  0.00115829  0.02636471  0.00453133  0.01657306  0.00498223
 -0.00041569 -0.0186046   0.00095996 -0.00705355  0.00327376 -0.009151
 -0.00459716  0.01491426  0.01877342 -0.00380402 -0.00548106 -0.01405438
 -0.01388385  0.00083922 -0.01195375]
[  9.84473745e-03  -2.90728625e-03   3.05343343e-02   1.89966605e-03
   1.15262289e-02  -1.20795641e-02   2.67582905e-03  -2.26365742e-02
   1.27187090e-02   6.39647228e-03   7.55262558e-03  -5.33354029e-03
  -1.68869078e-02   1.54244131e-02  -6.18008738e-05  -1.31707168e-02
   1.40230919e-02  -1.21342923e-03  -5.37385770e-03   9.01726323e-03
   1.81148627e-03]
[ 0.01347652 -0.00368936 -0.01903512  0.0004707  -0.01762348  0.00526887
  0.00210613 -0.01095885 -0.000513   -0.01255005 -0.00340724 -0.00342136
 -0.01613422  0.02275603 -0.01257513  0.00745129  0.01791506 -0.00417053
 -0.01448227  0.00288852 -0.00243178]
[  6.52318923e-03   1.60853295e-02   1.48299016e-02   2.58487510e-05
   9.99452358e-03   2.15276978e-02  -1.17204587e-02   5.03357620e-03
  -5.71766102e-03  -5.28613339e-03  -1.46095241e-02  -5.92152598e-03
   3.75115091e-03   1.03476035e-02   9.71332554e-03  -7.15647959e-04
   5.39378747e-03   1.33570218e-03  -3.02117859e-03   5.18928534e-03
  -1.74805142e-03]
[ 0.00886943  0.01645922  0.00954149 -0.00411543 -0.00271187  0.02349843
 -0.0016586   0.01296105  0.00256033 -0.00118761  0.00074412  0.00048566
  0.00928458  0.00764897 -0.00123    -0.00496423  0.00282299 -0.00874996
  0.01345069 -0.00414603 -0.00141587]
[ 0.0099904   0.01245631 -0.00299932 -0.00139731 -0.01196269  0.00959665
  0.00215128 -0.00861515  0.02365406  0.00190239 -0.00322776  0.00492335
  0.01064268 -0.01780398 -0.00065945  0.0056569  -0.0019257  -0.00714054
  0.01322458 -0.01046937 -0.00832094]
[ 0.00344749 -0.00490992  0.00148928 -0.00775703 -0.00758562  0.00430235
  0.00390325 -0.00335733 -0.00166282  0.0027398  -0.00300593  0.002242
  0.0016378   0.00190181 -0.00354908 -0.00156864  0.00191421  0.00618506
 -0.00216209 -0.00614643  0.00203171]
[ 0.00493147 -0.0060548   0.00645332  0.00454643 -0.00766628 -0.00338102
  0.00711546  0.00616938  0.00975225  0.0010702  -0.00020522 -0.0305242
  0.00987265 -0.00960438  0.00103275  0.00260834  0.00602729  0.00588275
  0.0060678   0.01623381 -0.00732486]
[ 0.01997017  0.02388034 -0.00444362 -0.00751991 -0.00479489  0.00385924
  0.0028962   0.00700229  0.00083461 -0.02150878  0.03112988  0.01909409
  0.02377735 -0.00819103 -0.0074028  -0.00082343  0.01767508 -0.01527988
  0.01023258  0.00767032 -0.00251893]
[ 0.0127873   0.00452121  0.00706358  0.02166728 -0.00320018 -0.00223452
 -0.00091213  0.00419565  0.00395788  0.01354397  0.00226581 -0.00120914
 -0.00205531  0.00232768 -0.00542483 -0.01338769 -0.01357122 -0.0086896
  0.01060469 -0.00327795  0.02965345]
[ 0.00786336  0.00583647 -0.00429897  0.0054558  -0.00103414 -0.00821735
 -0.00016455 -0.01090569  0.00096028 -0.01206372  0.0060315  -0.00218168
 -0.01233894  0.00802035 -0.00072917 -0.00603698  0.00833074  0.01060135
  0.00498809 -0.0074926   0.00654176]
[ 0.00460791  0.00100653 -0.00545998 -0.00718851  0.00024924 -0.00609323
  0.00550185  0.00159854  0.00277643 -0.00657168 -0.01120963 -0.00498756
 -0.00285854  0.00173874  0.00075481  0.00304721 -0.01052796  0.00124788
  0.00089052 -0.00022006  0.00033717]
[ 0.02014241 -0.01343508 -0.00490088 -0.0084685  -0.0001766   0.00108434
 -0.02752772  0.01459209 -0.00223931 -0.01211975 -0.00425003 -0.00149214
 -0.01980779 -0.01489704  0.00270029  0.03284049  0.02552372 -0.02518936
 -0.01615134  0.0050808   0.03077033]
[ 0.00432983  0.01328124 -0.00651943 -0.00693062  0.00379466 -0.00298142
  0.00086586 -0.00677462 -0.00549468 -0.00250512 -0.01258742 -0.00839943
  0.00253053  0.00041258 -0.00149868 -0.00276967  0.00338755 -0.0022119
  0.0012302   0.00143632  0.00272163]
[ 0.00825662  0.00803384  0.00358983  0.00975287  0.00412987 -0.01068572
  0.003178   -0.00281193 -0.0133218  -0.00657458  0.01213867  0.00317368
  0.00065676  0.00601312 -0.01139805  0.01446583  0.00746007  0.02473363
  0.01531274 -0.01272594  0.00969071]
[  1.39604437e-03   5.49087877e-03  -5.72316853e-03   9.17300596e-07
  -1.49695351e-03  -3.44246940e-03   2.11084087e-03  -6.68272670e-03
   4.42161384e-03  -4.21339385e-03  -7.14682997e-03  -1.24045502e-03
   1.39553286e-03   1.68705662e-03  -1.50489440e-04   1.26936167e-03
   3.13599845e-03  -2.83369678e-04  -2.88318241e-03  -1.96947774e-04
  -2.26603503e-03]
[ 0.00338075  0.00014039 -0.00496826  0.01065366 -0.00352727  0.00207245
 -0.00462272 -0.00294864  0.00146059  0.00836543  0.00063282 -0.00204391
  0.00217134  0.00259315 -0.00699421 -0.00073343 -0.01157089 -0.00507858
 -0.0037128  -0.00087873 -0.00151237]
[ 0.0081674   0.00168746  0.00164811  0.00200037 -0.00109731 -0.01037561
  0.01277095  0.01911493  0.00336387  0.01289572  0.00069327 -0.00745758
  0.00807152  0.00588933  0.00550766  0.01288683  0.01592412 -0.00825809
  0.00084256  0.01020281  0.00106707]
[ 0.00964573 -0.00272629  0.0096271   0.01690953 -0.00774396 -0.01211494
  0.00313491  0.00835047 -0.00649081  0.00428426 -0.02412593  0.02142244
 -0.00611379 -0.00318722  0.00361268 -0.02623201 -0.00069922  0.00646212
  0.00639607  0.01156523  0.0037388 ]
[ 0.0142174   0.0153215   0.0169585  -0.00355854  0.01317485  0.01416896
 -0.00834253  0.0047448  -0.02710776  0.00258978  0.0008435  -0.00719749
  0.02611897 -0.0140469   0.00311493 -0.00125153  0.0071023  -0.00171421
 -0.04469403 -0.02938969 -0.02073082]
[ 0.01148124  0.00932441 -0.0055777  -0.0012027  -0.00683826 -0.00036557
  0.0019709   0.02328569  0.01090865  0.00423155  0.01803333  0.00412045
  0.00367037  0.01435662 -0.00890461 -0.01813637  0.00645625 -0.00738343
 -0.00025947 -0.0029729  -0.01451819]
[ 0.01365402 -0.00768228  0.00129297 -0.0006667   0.00040481 -0.00506076
 -0.0062385  -0.00917381 -0.00133736 -0.00991639  0.01673893  0.00432706
  0.00024786 -0.00640715  0.00298748  0.00566247 -0.00322282  0.00963413
  0.0133794  -0.01303084 -0.01523185]
[ 0.00322445 -0.00221652  0.00541283 -0.00598464  0.00216384 -0.00134945
 -0.00338002 -0.00820948  0.00604928  0.0101315  -0.00143046  0.00291971
  0.00026444 -0.00027745 -0.0004482  -0.00351207  0.00653757  0.00792326
 -0.00096137 -0.00244957 -0.00173023]
[ 0.00343141 -0.00796702 -0.00934065  0.00220111  0.01451443  0.01079814
  0.00735167 -0.00084241  0.00254377 -0.00128626  0.00031192 -0.00020357
 -0.00809409 -0.00575812 -0.0062885  -0.0049175   0.00381949 -0.00116649
  0.00093594  0.00281439 -0.00336898]
[ 0.01147642  0.01494858  0.01722612 -0.00118631  0.00822609  0.01848706
 -0.00606919  0.0031539  -0.00019948 -0.01763257 -0.0051692  -0.00070449
  0.0038321   0.01435648 -0.00363869 -0.00458959 -0.01882475  0.01005726
  0.00155689  0.01041525 -0.00044603]
[ 0.02206523 -0.01589936  0.01154123 -0.01707081 -0.00940563 -0.01257049
 -0.00360365 -0.00317744  0.0110467  -0.00777766 -0.00707164  0.00020914
 -0.00099049 -0.01044391 -0.00089869  0.00818176  0.00035391 -0.00654973
 -0.00648961 -0.03245567 -0.00642182]
[ 0.01397594 -0.01723976 -0.01131433  0.0142062   0.00229595  0.00028618
 -0.01782955 -0.01527055 -0.00823506  0.00721313  0.00577853 -0.00897927
  0.0166077   0.02530528  0.00669003  0.00234283 -0.0207853  -0.01118645
 -0.00137211  0.009084    0.00924365]
[  3.29008591e-03  -4.41000107e-03   8.35703750e-03  -1.25156652e-03
   2.23872338e-04  -4.78281599e-03  -1.06222862e-03  -7.07442615e-03
   7.82241295e-04   4.98333064e-03  -4.41186341e-03   9.35081501e-03
   3.07534473e-03  -7.98780256e-05  -1.29572696e-03  -1.41740136e-02
   6.31993051e-03   4.98096165e-03  -2.09184311e-03   1.16964524e-02
   6.39233892e-03]
[ 0.01459049  0.01890731  0.00685346  0.03678374 -0.00502499 -0.00390282
  0.00625964 -0.00131725 -0.00999086  0.01218245 -0.0209411   0.01133386
 -0.00343976 -0.00739097 -0.00500494  0.01279841  0.02097516  0.00838502
  0.01236168  0.00984398  0.01095863]
[ 0.0235857  -0.03478333 -0.01481413  0.00618271 -0.00292576 -0.0018569
 -0.00458804 -0.00288437 -0.0264994  -0.00534599  0.00127835 -0.0303659
  0.033249    0.00510046  0.02437599  0.00287572 -0.00170789  0.03048799
  0.01341693 -0.0013849   0.008991  ]
[ 0.01523489 -0.00916282 -0.00779874 -0.00349788 -0.00342881 -0.00399252
 -0.00964913 -0.00374428 -0.01835503 -0.01092648  0.00811183 -0.00218676
 -0.02289477 -0.00700408  0.02138673 -0.00267806  0.00272704 -0.00648922
 -0.0085439   0.01483681 -0.00544448]
[ 0.00497959  0.00351376 -0.0016334  -0.00421006  0.00305199  0.01282625
 -0.00999352  0.00348896  0.00641756  0.00551718 -0.00342236 -0.00204534
 -0.00511464 -0.00011103  0.00010748  0.00356889  0.00257579  0.00118849
  0.00415295  0.00313441  0.00527539]
[  5.17693075e-03  -7.96747669e-03   6.82574960e-03  -6.32297395e-03
  -1.27308844e-04  -4.93298250e-03   3.72310505e-03   3.28383624e-03
   3.19712785e-03  -6.31426659e-03  -1.22966255e-02   1.26141491e-02
   4.47015787e-03  -2.48659376e-03  -6.70766477e-03   7.99991850e-03
  -1.25964096e-02  -3.98538968e-03   5.07470832e-05   7.63087650e-03
  -2.53105251e-03]
[ 0.01189507  0.00756625  0.0035208  -0.00947957 -0.01010891  0.02016477
  0.00480887  0.01668195 -0.00113736 -0.00521651  0.00147769  0.00485394
 -0.00155275  0.01602327 -0.00178636 -0.00742646 -0.00012749 -0.0046417
  0.01503656  0.00174038  0.0056941 ]
[ 0.00985429  0.01074523  0.00377234  0.00633772  0.00444578  0.00490052
 -0.00183548 -0.0022261  -0.0054196   0.01019311  0.01595627  0.00260776
 -0.00548058 -0.00707025  0.00073592  0.01115864 -0.01067856  0.00402656
  0.00107352 -0.00119982 -0.00759125]
[ 0.00701968  0.00140114  0.00405202  0.00749539 -0.0024047  -0.00530095
 -0.00482998  0.00506538 -0.00508823 -0.00654199  0.00105096  0.00565047
  0.00235226  0.01180543 -0.01306842 -0.00615989 -0.00701588  0.00720024
  0.00103831 -0.009003   -0.01564116]
[ 0.00878178 -0.00482395 -0.0156738   0.01732227 -0.00550834 -0.0027168
 -0.01487545 -0.01154903 -0.00624944  0.00769304 -0.00172314 -0.00197098
  0.00999025  0.02782403 -0.01140596  0.00484745 -0.0121833  -0.01613346
 -0.00788455  0.00292673 -0.01160412]
[ 0.00341198 -0.00289532 -0.00091819  0.00561233 -0.00260855 -0.00542769
 -0.00457197  0.00560803 -0.00295171 -0.00150445 -0.00822077  0.00503245
 -0.00461352 -0.00150415  0.00850939 -0.01391113  0.00535931  0.00197365
  0.00432912 -0.00673184 -0.00187097]
[ 0.00658671  0.00190649  0.00325781 -0.00871314 -0.00310694 -0.00370401
  0.00610813 -0.0066675  -0.020303    0.01283073  0.00221903 -0.00346176
 -0.01652263 -0.00857067 -0.0091897   0.00801768  0.00476841 -0.00744835
  0.00057177  0.00015212 -0.00231935]
[  1.61548270e-03   5.03261573e-04  -1.47276251e-03   5.32858772e-04
  -1.81540317e-03   6.77408120e-04   9.07899276e-05   1.16663164e-03
   1.91451310e-03   2.75050229e-03   1.66036724e-03  -1.15511617e-03
  -2.62031236e-03  -1.39370085e-03   2.06799497e-04  -2.12243682e-03
  -3.35246329e-03   9.94349249e-05  -2.80826450e-03  -3.60333114e-04
   1.82009474e-03]
[ 0.01538255 -0.02065882  0.01006387 -0.01139014  0.00285562 -0.0102819
 -0.0134586  -0.01236755  0.0047029  -0.00347904 -0.00126308  0.02017494
  0.02434679 -0.00900243 -0.00251111 -0.00299264  0.00240563  0.000589
 -0.00362545  0.02018323  0.01478587]
[ 0.01259551  0.00388115 -0.00318309  0.00278509  0.00083725 -0.00019302
 -0.00790734  0.00057869  0.00057742 -0.01441873  0.01211398  0.0161845
  0.02092453 -0.0076899  -0.021295   -0.00538467  0.00286585  0.00679141
 -0.00142749  0.02168665 -0.00837896]
[ 0.01387958  0.01500607 -0.00776025 -0.00824753  0.00682526 -0.01814032
  0.01444696  0.01800558  0.01536443  0.00259856  0.02330251  0.00628698
  0.00846774  0.01137142  0.00533411 -0.00651547  0.01231569  0.00241994
 -0.0255142   0.00736403  0.00834391]
[ 0.00322851 -0.00880851 -0.00998268  0.00771492  0.02238003  0.01160023
  0.01460464 -0.00086303  0.00146137 -0.0008482  -0.00200076  0.00236158
 -0.00122493 -0.0057236  -0.00337324 -0.00684903  0.00514998 -0.00293493
  0.00530612 -0.0034305  -0.00456043]
[ 0.02601498 -0.02428318 -0.00588356 -0.0135152  -0.024862    0.00418513
  0.01396499  0.01007516  0.00517748 -0.02000771 -0.02446468 -0.01567415
 -0.00863073  0.01596304 -0.01403777  0.0140699  -0.00134182  0.01764972
 -0.01056396 -0.0155908  -0.00353733]
[ 0.0068334   0.00150976  0.0079251   0.004414    0.00104764 -0.00559555
  0.00753091  0.00218324 -0.00870434  0.00663339 -0.00402605 -0.00271878
 -0.01315724 -0.00934428 -0.00653368  0.01011498 -0.00383669  0.00142316
 -0.00560236  0.00265989 -0.00485326]
[ 0.01035148 -0.00815375  0.00833924 -0.00718655  0.00797262 -0.01115283
 -0.01333398 -0.00196122  0.0120359  -0.00042585 -0.00274498  0.00828294
  0.00411909 -0.00131051  0.01092982  0.01798279  0.00551334 -0.01629304
  0.02199347 -0.02331729  0.01198657]
[ 0.00620012 -0.00170374  0.00035099 -0.00655974 -0.00486623 -0.00290238
  0.01249301  0.00604851 -0.0049617   0.00566354 -0.00185976  0.00072467
  0.00077755  0.00645508  0.00774565  0.00537082 -0.0010092  -0.00309436
  0.00357666 -0.0013737   0.00332978]
[ 0.00844876 -0.00584032  0.00371274 -0.00430539 -0.00474854  0.00351599
  0.00313382  0.00709124 -0.00400388 -0.01158863 -0.01127071  0.01028062
 -0.0058003   0.00264463 -0.01204023  0.00070067 -0.01596255  0.01565994
 -0.00356472  0.01692513 -0.01108262]
[ 0.00629008  0.01604889 -0.01513386 -0.01131597  0.00214641 -0.01206298
  0.00850013 -0.01162273  0.01522946 -0.00733342 -0.01592899 -0.00705232
  0.00492364  0.00033454  0.00588553  0.00044611 -0.00669744  0.00359547
 -0.0043231  -0.00698795  0.00093121]

Right eigenvectors

[ 1.          1.62192592  0.93372032  2.30007645 -0.40169027  0.88930025
  0.62536905  0.13695516  0.27487351  0.86818537 -0.9366824  -0.26761423
 -0.04752542 -0.91747341 -0.82288196  0.25774382 -2.0280641   1.60531144
 -1.83161591 -0.3186351   2.02031707]
[ 1.         -0.15575869 -1.01578101  1.60727032  0.88611791  0.35387452
 -0.652744    0.32167298 -0.21425209  0.92091983  0.44134033  0.59471137
  0.61184252 -0.43196667 -0.70303345  0.11159083 -0.03484558  0.35542018
  0.75484825  0.36909975 -0.26512281]
[ 1.          0.82939258 -0.42326687  0.83837869 -0.59565809  0.70294909
 -0.58480687 -0.44012226  1.30056215  1.45829617  0.83851022 -0.26193137
 -0.67958981  0.08382008 -0.71841064 -0.22607489 -1.41344948  0.0400114
  0.11614937 -0.25181733 -0.08212942]
[ 1.          0.3594076  -0.70145067 -1.11754356  0.5016089  -0.92417419
  0.11973414  0.14079957 -0.23317916  1.84694192  0.48758749 -0.00620578
 -0.39516792  0.35519162 -0.2703135   0.20014268 -0.83110383 -0.60064599
  0.07342699  0.50796299 -0.92603483]
[ 1.          1.91265117  0.65721467 -1.03065628  1.26702517  2.67534743
 -2.32307012  1.02400671 -0.12634114 -0.48773209 -2.33397193 -0.90967525
 -0.55775843  1.03672275  1.24232923  0.11710751  0.84043658  0.63914557
  0.58066166  1.2274131   0.75034781]
[ 1.         -1.50044023 -0.76541658 -0.20186826  0.09933945  1.83309099
  0.71762027 -0.78716797  0.62527351 -0.01469889  0.09075399 -0.55436411
 -0.40293909  0.18763399 -1.28067549 -0.42927065  0.46481343 -0.18236579
 -0.25857767 -0.11548332  1.01617307]
[ 1.         -0.55706616  0.0511012  -1.29404676 -2.39410803  2.26555893
  1.8002653  -0.34936112 -1.01630709  0.73962894  0.10822305  0.32955089
 -0.72705738  1.11978506 -0.14862073 -0.03430819 -0.25071346  0.56811225
  0.55284359 -0.42180192  0.51387962]
[ 1.          0.31087332  0.20917061 -0.44243882  1.45657949 -1.59523804
  2.00031679  0.79264912  0.79576501 -0.37965725  0.59208882  1.81352043
  1.86221305  0.45888079  0.95084913  0.84370475 -0.3877203   0.82279635
 -2.7815446   1.17340442  2.95517407]
[ 1.          2.34842529 -0.63449293  2.23208057 -2.10116997  0.79684893
  1.10283406 -3.08228676  1.18146809 -0.59080426 -0.70557161  2.00405097
  0.46110038 -2.44782425  1.97670103  2.00322601  1.72365079 -1.29227394
  1.72302818  1.22369281 -2.31129   ]
[ 1.         -0.22413675  0.44349333  0.07555241 -0.63066945 -0.10885165
 -0.14094867  0.57522265  1.49631228 -0.46183351  0.58561377 -0.53624665
  0.43445287 -1.48414743 -0.91651983 -0.77579404  0.03156106 -0.96826962
  0.36271936 -0.14018991 -0.89372779]
[ 1.         -0.43041333  0.74407192  0.04807411 -0.4557769  -0.27344531
 -0.83900212  0.4243128   0.5637648  -1.17741785  0.6304417  -0.04949015
  0.19844982 -0.9267095  -1.05063264 -0.84683695  0.25519248 -0.65478697
 -0.24261269 -1.95978642 -0.9821794 ]
[ 1.          2.76923243 -1.37610479 -4.31539218  1.43897011 -2.29594489
  0.62899097 -2.33086906 -6.37783819  1.01898451 -0.79512119 -3.91079117
  1.21556766 -2.90575102 -2.78477003 -5.09350723 -1.69512457 -5.06512813
  4.02782275  0.48157815  0.9662302 ]
[ 1.         -0.1584997   0.73383302  0.13546196  0.48117976 -0.73154289
  0.044936    0.81686802 -1.51909666 -1.01881335  0.14728579 -0.04891217
 -0.5805465  -0.22455652 -0.61318845  0.52288028 -1.09396696  1.80070489
 -0.68121635 -0.09283053 -2.35896419]
[ 1.         -0.62431217  2.26271228  0.04742582  0.60223223 -0.46685562
  0.07698305 -1.23893935  1.30341813 -0.32128248  0.79714954 -1.45663828
 -1.04311185  0.72467985 -0.34302874 -0.27836431  0.14876242 -0.49683851
  0.09609943  0.08026068 -0.77406742]
[ 1.         -0.34290341 -0.53077533 -1.10947321  0.17016949  0.25210002
 -1.68190712  0.95684907  0.37810915 -1.67375372  0.6918414   0.80233345
 -0.60685367 -2.0640805  -0.5285419   2.16967942  0.68369894 -1.79277647
 -0.97136959  1.57567748  2.17515229]
[ 1.          1.09969788  0.84318086  1.70782872 -0.07410377  0.38443149
  1.0126816  -0.71711078  0.16574542 -0.56372199 -0.9008228  -0.12749144
  1.01238068 -1.37631774  0.00717022 -0.30578753 -1.46553151 -0.21176094
 -3.84561199 -0.28209246  0.9694765 ]
[ 1.         -0.34062419 -0.63328552  0.69596312 -0.83198619 -0.81965251
 -0.87750807  0.84705388 -0.12600923 -0.92661619 -0.41409581  0.01963923
 -1.3506398  -0.57715131  0.99860286 -2.08227198  1.03974147  0.0154612
 -0.12482529 -0.90970299 -0.29600601]
[ 1.          0.8316932   0.24885647  0.70506952 -1.15757898  1.10646406
  1.31887084 -2.23552481 -0.47324632 -0.8449005   2.18871867  1.50160087
 -0.35074502 -1.75030068  4.22701137  0.68421877 -1.16353473 -0.73302489
  0.16353863  1.13455428 -1.43491577]
[ 1.          0.81913671 -1.32810616 -0.41866011 -0.00666149 -0.99897445
 -0.08296562  1.06815389  0.75446699  0.95941871  1.11085974 -0.0298945
 -1.11711423  0.49907975  0.72124544 -1.49527241 -0.73184776  0.35744342
 -1.06464407  0.22936988  0.2572915 ]
[ 1.          1.93430665 -0.36681148 -3.01845479  0.72758704 -0.81234282
  0.39403892 -1.78849853 -4.36228267  1.80731528 -0.42161363 -1.56270892
  1.3384789  -2.22119187 -2.25687289 -2.29038966  0.73493982 -3.07961919
  0.35528636  0.03001462 -0.49277841]
[ 1.         -2.16979353 -2.57396583  1.2755305   4.35719474  2.83065156
  3.74450959 -1.14445483  0.41200704 -1.34215235  0.46880867 -0.43908135
  1.0246578  -0.90250106  0.05193992 -1.95429118  0.93854363  1.04500362
  0.63827387 -1.1447238   2.21513975]
[ 1.          1.811756   -2.43353947 -2.23783086  0.96513469 -1.66754263
 -0.30395817 -0.57270417  2.76458711  3.16113358 -0.96344987 -0.27287558
 -0.64338414  0.22868179  1.35899176 -0.18599796 -1.86722288  2.02132358
 -0.39716811 -0.87966826 -1.47185998]
[ 1.          0.06230989  0.47119479  1.74596737 -1.61746798  0.5033456
  0.65831416  0.10212843  0.5058923   0.72403851 -0.73852468 -1.02818545
 -0.28470806 -2.24479155 -0.07875672 -0.82808724 -1.43233094 -0.1325823
 -1.14324814 -0.80540922  1.39000239]
[ 1.          0.45028507 -0.58907951 -1.15029862  0.9689195   0.55472681
 -1.72686743 -0.49831422  1.88025138  3.07684784 -0.80033716  0.60329506
 -0.11680371 -0.55946295  0.58877706  0.92665809  0.18721905  2.10148262
  1.08749923 -0.69259648 -0.98639903]
[ 1.          0.82051475  1.47219499  0.85501104  0.39254221 -0.98170642
  0.20369405 -1.2203072  -2.06019892  1.35224838  1.05964709  0.10500448
 -2.78219874 -0.59065874 -1.46465305  2.81410211  2.42868489  0.70842559
  0.89856188  0.07615384  1.47997551]
[ 1.          0.8641318  -0.03989019 -0.03407675  0.49994906 -1.23125947
 -0.12322356 -0.01316045 -1.65854917 -2.36558038  2.21947324  0.69149533
  0.92403501 -0.43488172 -1.71972656  0.65031798 -0.47078815  2.85209372
  2.51524217 -0.18576751 -1.35609843]
[ 1.         -0.50080601 -0.40232736 -0.317009   -0.76728297 -0.3575092
  0.0715346  -0.29723425 -0.94823894  0.45039323  0.6916509   1.24942915
  0.50942173 -0.07565295  2.84401012 -1.02952158 -0.33063482 -0.23019427
 -0.13487673  1.1857334  -0.17295588]
[  1.00000000e+00  -1.74523111e+00  -8.92536084e-01  -2.49365989e-02
  -8.34008795e-01  -1.14238746e-01  -1.11468719e-01  -1.54415500e-04
  -1.51604645e+00   8.09195090e-01   8.59705357e-02   4.30715273e-02
   2.08643135e+00   1.18985959e+00   3.59179218e+00  -9.62946800e-02
   8.56597946e-01   4.38833847e-01   7.30804201e-01  -9.75509218e-01
  -6.12659982e-01]
[ 1.         -0.68584231  0.87107789 -0.19819234  0.58610555 -1.12239473
  1.63890105  1.29459647  0.02564036  0.26553085 -1.85552532  1.09017752
 -0.07711973  0.3526161   0.17242286  0.99275466 -1.0423853  -1.43650875
  0.40568268  0.63877141 -0.60625729]
[ 1.         -1.01955263 -0.51437837  0.74541419  0.23636922 -0.45323268
 -0.93543105  0.21417881 -0.50756172  0.59382934 -0.82699835  0.29483229
  1.08840228  0.53975884  1.19173298  0.4001852   0.60401236 -0.27046493
  0.38923691 -1.27585212 -0.8579668 ]
[ 1.         -0.04749959 -0.77096505 -0.46378852  0.5576171   0.06105072
 -0.82255626  0.66983645 -0.00587289 -0.16744151  0.45118998  0.04179164
 -0.839021   -0.84702066  0.19603307  0.12836317 -0.52820468  0.08774042
 -0.43802697  1.18628004 -0.06046717]
[ 1.          1.13024577 -0.99041871 -1.29605417  0.65051776 -1.32000977
  0.17861571 -0.26737006 -1.1291404  -0.91806372 -0.21332016 -1.44580468
 -0.40532637  0.07737038  0.23692893 -1.06235148 -1.74226477 -0.08294739
  1.95677105  0.23244183  0.98246088]
[ 1.         -0.8937027   0.61692037 -1.10421876 -0.35725448  0.27044077
 -0.38347056 -0.57683749  1.07859453 -1.36501376 -0.39623865  0.89644347
  1.00215093 -0.84503663 -1.31334234  0.83945616 -0.90059935 -0.26430665
  0.19588008 -0.59470755  0.83609387]
[ 1.         -0.93543694  0.51557482 -1.84326968 -0.35142008  0.37106836
 -0.20822095 -1.56851385 -0.44700774  1.61206558 -0.26577276  1.24383393
  1.84276329 -0.51548055 -0.73213351 -1.46699109  1.01228106  1.23771222
 -0.63428976  0.50571264  0.53398477]
[ 1.         -0.14114621 -0.33258774  0.0457843  -0.12457247 -0.47262592
 -0.88640694  0.98616795 -0.13905814 -0.92655691 -0.0718704  -0.24664204
 -1.2908152  -0.35281202  0.88850692 -1.11698411  0.38907317  0.35763375
  0.57193613 -1.12312751  0.27635387]
[ 1.          0.60996745 -0.55950844 -0.67848684 -0.70662854 -0.95091648
  2.01630423  3.35107402  1.46193095  1.56475354  2.41033396 -0.0720513
  1.24765375  2.66113873  0.18446587 -0.36900995  3.22421928 -1.41162342
 -1.50340877  0.61042987 -0.55940698]
[ 1.         -0.91472657 -0.87855186 -0.36709289  0.69389222  0.50988585
 -0.38824898 -0.07489986  0.20077892 -0.1577748   0.18719985 -0.29183323
 -1.80516189  0.00495154 -0.48496876  0.4850055  -0.05215001  0.5600852
 -0.56430298  0.83079812 -0.65851384]
[ 1.          0.3559488  -1.36636756 -1.61570635  1.58628643  0.64642192
 -2.80538837  0.23007656  2.15987457  3.53892683 -0.40408945  0.82231548
 -1.33430503 -1.97245422  1.10606723  1.59007318 -0.56461187  3.52053628
  1.04960173  0.96653519 -1.8710196 ]
[ 1.          0.85275785  0.11893031  0.42851213  0.80849343 -0.47300329
  1.1181828   0.80592411 -0.53177448  0.70578969  0.19128357  0.05548451
  0.30409135  0.21928106 -0.11795365  1.17331131  0.20278526  1.39609168
 -1.15294796 -0.91454828  0.56904253]
[ 1.          1.08789237  0.94373031  0.6827892   0.0667426   0.022552
  0.52102407  1.2887287   0.28270987  0.43232455  0.36850419 -0.27007204
  0.20383389  0.0880715  -0.28371007 -0.18059615 -0.06872288 -1.2597599
  2.03976822 -0.13388509  0.95684549]
[ 1.         -2.46088003  0.66962238  1.19308071 -1.7462083  -0.81374048
  1.37403243  1.29598305  0.985387   -0.01545352  0.01664362 -9.69062632
  4.6747898  -2.39788657  1.77970762  0.99478679  1.80212647  4.0860944
  3.07016456  5.77477313 -1.99419272]
[ 1.          1.11128318 -0.63718698  0.0638758   1.48470372 -0.14284191
  1.7749034  -0.82499995  0.80331694 -1.75113651  1.30054403  0.517977
  0.90294389  0.07857591  1.48137176 -0.10288216 -0.87742367  1.11965764
 -1.30836975 -0.02748744  2.57447633]
[ 1.          0.20030628  0.29263497 -0.67486103 -3.76491544  3.65627443
  3.48203266 -2.90457703 -1.78303534 -0.05378085  2.79887594  2.32294183
 -1.49868049 -0.72274255  5.5710416   0.9539015  -2.17547603 -0.18707857
  1.25128716  1.17136175 -1.54131348]
[ 1.         -0.44494818  0.40523327  0.64088953 -0.38604266  0.79549653
 -0.85108715  0.60462441 -1.60234573  0.0347572  -0.51046034 -1.87344772
  1.40453469 -2.58664791  0.94212764  0.66467712  0.26053537 -0.17056155
 -3.91096353 -2.43813061  1.59787217]
[ 1.         -1.14016887 -1.23263038  1.33629579  0.16452643  0.223849
 -1.65134229 -0.21157617 -0.77110363  0.34785031  0.30929323 -0.09524663
  0.87203137  0.75362925 -0.38322214  0.70687559 -0.05046766 -1.21634389
 -0.11641133  0.90551691  1.03652069]
[ 1.          0.02397586  0.83498559  0.03371166  1.12800528 -0.97577661
 -0.17387797 -1.34094985  0.32472343 -0.58742967  1.00371977 -0.45480556
  0.33814335  1.19890941  0.27133413  0.64613325 -1.80132987 -0.59861326
  1.5366399  -1.16421008  2.45548356]
[ 1.         -1.28772665  0.17431054  1.23219912  3.68688945  0.3142073
  2.83991904  0.61384178 -0.19773017  0.40516475 -1.95863707  1.03987529
  0.2637127   0.50262814  1.04776413  0.5440078  -0.02506055 -2.12873823
  0.27273512 -1.24041287 -2.4691779 ]
[ 1.         -0.78807153 -0.22266362 -0.86166644 -1.05185716  0.70150089
  0.97837606  0.1573158  -0.02264762  0.46414394  0.37468409 -0.10580065
 -0.03635096  0.97458204  0.10525393  0.24748976  0.80183981 -0.2562991
 -0.02358145 -0.70155645  0.05365852]
[ 1.          1.80900409 -1.72290853  1.62176514 -1.28218835 -0.46275153
  0.07753258 -2.26832569  0.36932294 -1.24635044 -1.56953645  0.36125299
 -0.01263787  0.77510076 -0.91502654  0.49939532  2.31243794 -0.63249133
 -0.52858266  0.92650483 -0.97881878]
[ 1.          0.10724661  2.44111589  0.41955678  1.53450435  0.46130638
 -0.03848844 -1.72260514  0.08888323 -0.65309023  0.30311809 -0.84729388
 -0.42565266  1.38091486  1.73823552 -0.35221504 -0.50749287 -1.30129869
 -1.28550924  0.07770324 -1.10680075]
[ 1.         -0.29531374  3.1015895   0.19296259  1.17080105 -1.22700724
  0.27180299 -2.29935783  1.29192973  0.64973518  0.76717389 -0.54176562
 -1.71532333  1.56676734 -0.00627755 -1.33784338  1.42442518 -0.12325664
 -0.54586095  0.91594756  0.18400554]
[ 1.         -0.27376191 -1.41246553  0.03492717 -1.30771757  0.39096666
  0.15628139 -0.81318128 -0.03806591 -0.93125293 -0.25282766 -0.25387562
 -1.19720972  1.68856902 -0.93311385  0.55290906  1.32935328 -0.30946675
 -1.07462972  0.21433692 -0.18044581]
[ 1.          2.4658689   2.27341276  0.00396259  1.53215294  3.30017988
 -1.7967375   0.77164344 -0.87651313 -0.81036027 -2.23962906 -0.90776548
  0.57504861  1.58627982  1.4890455  -0.10970829  0.82686356  0.20476214
 -0.4631444   0.79551354 -0.26797497]
[ 1.          1.85572472  1.07577261 -0.46400203 -0.30575421  2.64937345
 -0.18700221  1.46131734  0.28866859 -0.1338988   0.08389728  0.05475708
  1.04680722  0.86239762 -0.13867837 -0.5597017   0.31828328 -0.98652979
  1.5165225  -0.46745154 -0.159635  ]
[ 1.          1.24682819 -0.30021998 -0.1398655  -1.19741885  0.96058743
  0.21533461 -0.86234283  2.36768005  0.19042217 -0.32308622  0.49280814
  1.06529128 -1.78210908 -0.06600796  0.56623335 -0.19275552 -0.71474018
  1.323729   -1.04794313 -0.83289416]
[ 1.         -1.42420213  0.4319886  -2.25005124 -2.2003308   1.24796497
  1.13220102 -0.97384668 -0.48232668  0.79472412 -0.87191729  0.65032714
  0.47507097  0.55165177 -1.0294662  -0.45501048  0.55524622  1.79407443
 -0.62714994 -1.78286946  0.58932863]
[ 1.         -1.2277898   1.30860028  0.92192226 -1.5545632  -0.68560213
  1.44286909  1.25102368  1.97755556  0.21701372 -0.04161532 -6.18967998
  2.00197058 -1.94757054  0.20942136  0.52891858  1.22221028  1.19290011
  1.23042601  3.2918823  -1.48533022]
[ 1.          1.19580055 -0.22251282 -0.37655718 -0.24010249  0.19325006
  0.14502611  0.35063735  0.04179263 -1.07704562  1.55881908  0.95613054
  1.19064353 -0.41016346 -0.37069319 -0.04123325  0.88507402 -0.76513554
  0.51239354  0.38408907 -0.12613482]
[ 1.          0.35357021  0.55239038  1.69443652 -0.25026258 -0.17474483
 -0.07133121  0.32811031  0.30951653  1.05917296  0.17719244 -0.09455809
 -0.16073037  0.18203089 -0.42423562 -1.04695167 -1.06130411 -0.67954875
  0.82931371 -0.25634418  2.31897546]
[ 1.          0.74223627 -0.54670938  0.69382527 -0.13151415 -1.04501826
 -0.02092652 -1.38689911  0.1221206  -1.5341685   0.76703801 -0.27744915
 -1.56916887  1.01996459 -0.09273072 -0.7677349   1.05943724  1.34819651
  0.6343453  -0.9528493   0.83192917]
[ 1.          0.21843629 -1.18491433 -1.56003679  0.05408948 -1.32234227
  1.19400195  0.34691165  0.60253534 -1.42617425 -2.43269334 -1.08239237
 -0.620356    0.37733897  0.16380687  0.66130083 -2.28475898  0.27081263
  0.19326005 -0.04775805  0.07317167]
[ 1.         -0.66700487 -0.24331168 -0.42043127 -0.00876737  0.05383347
 -1.36665471  0.72444637 -0.11117406 -0.60170305 -0.21099912 -0.07407947
 -0.98338755 -0.73958585  0.13405995  1.6304155   1.26716311 -1.25056332
 -0.80185735  0.25224405  1.52763921]
[ 1.          3.06738298 -1.50570249 -1.60066972  0.87640064 -0.68857675
  0.19997608 -1.56463897 -1.26903111 -0.57857298 -2.90714273 -1.93989947
  0.58444063  0.09528831 -0.34612897 -0.63967247  0.78237622 -0.51085073
  0.28412158  0.33172658  0.62857735]
[ 1.          0.97301804  0.43478148  1.18121806  0.50018818 -1.29420006
  0.38490349 -0.34056688 -1.61346798 -0.79627958  1.47017389  0.3843796
  0.07954324  0.7282785  -1.38047343  1.7520271   0.90352562  2.99561071
  1.85460065 -1.54130029  1.17368975]
[  1.00000000e+00   3.93316924e+00  -4.09956063e+00   6.57071234e-04
  -1.07228219e+00  -2.46587392e+00   1.51201560e+00  -4.78690137e+00
   3.16724449e+00  -3.01809451e+00  -5.11934300e+00  -8.88549854e-01
   9.99633598e-01   1.20845487e+00  -1.07797032e-01   9.09255967e-01
   2.24634583e+00  -2.02980424e-01  -2.06525127e+00  -1.41075583e-01
  -1.62318267e+00]
[ 1.          0.04152566 -1.46957079  3.15126671 -1.04333807  0.6130135
 -1.36736198 -0.87218426  0.43203136  2.474426    0.18718208 -0.60457255
  0.64226409  0.76703362 -2.06883132 -0.21694323 -3.42257458 -1.50220376
 -1.09821603 -0.25991999 -0.44734723]
[ 1.          0.20660946  0.20179157  0.2449209  -0.13435261 -1.27036819
  1.5636491   2.34039235  0.41186527  1.57892474  0.0848821  -0.91309056
  0.98826058  0.7210778   0.6743463   1.57783702  1.94971606 -1.01110314
  0.10316169  1.24921042  0.13064959]
[ 1.         -0.28264228  0.99806936  1.75305961 -0.80283856 -1.25599045
  0.32500459  0.86571723 -0.67292047  0.44416144 -2.50120429  2.22092545
 -0.63383447 -0.33042805  0.37453653 -2.71954716 -0.07249036  0.669946
  0.66309853  1.19900004  0.38761249]
[ 1.          1.07765819  1.19279845 -0.25029434  0.92667053  0.99659289
 -0.58678292  0.33373193 -1.90666026  0.18215582  0.05932839 -0.50624508
  1.83711267 -0.98800777  0.21909251 -0.0880279   0.49954992 -0.1205712
 -3.14361428 -2.06716298 -1.45813013]
[ 1.          0.81214292 -0.4858101  -0.10475382 -0.59560306 -0.03184063
  0.17166251  2.02815     0.95012798  0.36856208  1.57067702  0.35888565
  0.319684    1.2504412  -0.77557889 -1.57965231  0.56233037 -0.64308603
 -0.02259964 -0.25893502 -1.26451378]
[ 1.         -0.56263836  0.09469547 -0.04882786  0.02964772 -0.37064255
 -0.45689849 -0.67187589 -0.09794608 -0.72626109  1.22593401  0.31690697
  0.01815286 -0.46924969  0.21879817  0.41471039 -0.23603426  0.70558878
  0.97988669 -0.95435928 -1.11555724]
[ 1.         -0.68741088  1.67868289 -1.85601719  0.67107142 -0.418505
 -1.04824712 -2.54600823  1.87606594  3.14208623 -0.44362869  0.90548956
  0.08200984 -0.08604614 -0.13900115 -1.08919777  2.02749758  2.4572443
 -0.29814866 -0.75968485 -0.53659786]
[ 1.         -2.32179144 -2.7221016   0.64145909  4.22987231  3.14685048
  2.14246181 -0.24549947  0.74131936 -0.37484865  0.09090016 -0.05932518
 -2.35882232 -1.67806268 -1.83262641 -1.43308279  1.11309595 -0.33994324
  0.27275669  0.82018566 -0.98180592]
[ 1.          1.30254734  1.50100123 -0.10336975  0.7167822   1.61087407
 -0.5288398   0.2748155  -0.01738163 -1.53641761 -0.4504197  -0.06138549
  0.33391047  1.25095526 -0.31705812 -0.39991496 -1.64029873  0.87634138
  0.13565976  0.90753523 -0.03886526]
[ 1.         -0.72056171  0.52305049 -0.77365198 -0.42626474 -0.5696968
 -0.16331807 -0.14400213  0.50063818 -0.3524849  -0.32048782  0.00947847
 -0.04488905 -0.47331963 -0.04072862  0.37079894  0.01603915 -0.2968351
 -0.29411009 -1.47089675 -0.29103789]
[ 1.         -1.23353164 -0.80955779  1.01647572  0.16427856  0.02047698
 -1.27573206 -1.09263142 -0.58923106  0.51611071  0.41346275 -0.64248051
  1.1883068   1.81063218  0.47868173  0.16763295 -1.48722058 -0.80040815
 -0.09817673  0.64997414  0.66139738]
[ 1.         -1.34039086  2.54006665 -0.38040542  0.06804453 -1.4537055
 -0.32285741 -2.15022535  0.2377571   1.51465061 -1.3409569   2.84211879
  0.93473083 -0.0242784  -0.3938277  -4.30809832  1.92090136  1.51393057
 -0.63580197  3.55505986  1.94290942]
[ 1.          1.29586569  0.46972073  2.52107643 -0.3444015  -0.26749052
  0.42902166 -0.0902816  -0.68475149  0.83495797 -1.435257    0.77679775
 -0.23575354 -0.50656071 -0.34302732  0.87717487  1.43759134  0.574691
  0.84724232  0.67468457  0.75108011]
[ 1.         -1.47476331 -0.62809767  0.26213822 -0.12404809 -0.07872985
 -0.19452641 -0.12229315 -1.12353671 -0.22666236  0.05420013 -1.28747048
  1.40970997  0.21625239  1.03350691  0.12192646 -0.07241192  1.29264722
  0.56885841 -0.05871789  0.38120531]
[ 1.         -0.60143706 -0.51189988 -0.22959695 -0.2250632  -0.26206442
 -0.63335726 -0.24577033 -1.20480284 -0.71720127  0.53245078 -0.14353651
 -1.50278586 -0.45973944  1.40380017 -0.17578497  0.17899961 -0.42594506
 -0.56081176  0.97387083 -0.35736948]
[ 1.          0.70563207 -0.32801831 -0.84546363  0.6128994   2.57576188
 -2.00689513  0.70065189  1.28877243  1.10795805 -0.68727798 -0.41074467
 -1.02711937 -0.02229677  0.02158492  0.71670277  0.51726964  0.23867116
  0.83399453  0.62945017  1.05940174]
[ 1.         -1.53903482  1.31849351 -1.22137503 -0.02459157 -0.95287782
  0.71917227  0.63432107  0.61757207 -1.21969308 -2.37527331  2.43660766
  0.86347647 -0.48032201 -1.2956837   1.54530143 -2.43318101 -0.76983639
  0.00980254  1.47401556 -0.48890986]
[ 1.          0.63608227  0.29598817 -0.79693248 -0.84983969  1.69521998
  0.40427397  1.40242548 -0.09561638 -0.43854417  0.12422715  0.4080633
 -0.13053734  1.34705136 -0.15017616 -0.62433088 -0.01071769 -0.39022008
  1.26410024  0.14631086  0.47869389]
[ 1.          1.09041087  0.38281133  0.64314271  0.45115152  0.49729835
 -0.18626167 -0.22590109 -0.54997395  1.03438242  1.6192202   0.26463187
 -0.55616159 -0.71747897  0.07468038  1.13236343 -1.08364585  0.40860936
  0.1089398  -0.12175601 -0.77034954]
[ 1.          0.1996011   0.57723655  1.06776729 -0.34256554 -0.75515571
 -0.68806325  0.7215975  -0.72485167 -0.93194989  0.14971632  0.80494736
  0.33509526  1.68176118 -1.8616831  -0.87751726 -0.99945915  1.02572164
  0.14791475 -1.28253617 -2.22818678]
[ 1.         -0.5493135  -1.78480969  1.97252419 -0.62724715 -0.30936815
 -1.69389944 -1.31511297 -0.71163712  0.87602284 -0.19621773 -0.22444028
  1.13761157  3.16838318 -1.29882204  0.55198996 -1.38733899 -1.83715252
 -0.89783127  0.33327296 -1.32138646]
[ 1.         -0.84857543 -0.26910888  1.64489127 -0.76452625 -1.59077563
 -1.33997804  1.6436305  -0.86510193 -0.44093345 -2.40938664  1.4749363
 -1.35215454 -0.44084423  2.49397743 -4.07714708  1.5707361   0.57844878
  1.26880037 -1.97300238 -0.54835287]
[ 1.          0.28944523  0.49460328 -1.32283767 -0.47169815 -0.56234651
  0.92734258 -1.01226617 -3.08242034  1.94797355  0.33689591 -0.52556823
 -2.50848193 -1.30120758 -1.39518954  1.21725117  0.72394391 -1.13081547
  0.08680592  0.02309434 -0.35212639]
[ 1.          0.31152396 -0.91165477  0.32984493 -1.12375278  0.41932242
  0.05619988  0.72215669  1.18510282  1.70258852  1.02778398 -0.7150285
 -1.62199964 -0.86271481  0.12801096 -1.31380969 -2.07520842  0.06155122
 -1.73834391 -0.22304981  1.1266569 ]
[ 1.         -1.34300392  0.65423946 -0.74045829  0.18564018 -0.66841308
 -0.87492653 -0.80399869  0.30572926 -0.2261677  -0.08211117  1.31154725
  1.58275364 -0.58523663 -0.16324421 -0.19454797  0.15638695  0.03829022
 -0.23568577  1.31208605  0.96121076]
[ 1.          0.30813764 -0.25271646  0.22111726  0.0664721  -0.01532439
 -0.62779035  0.04594377  0.04584342 -1.14475091  0.96176926  1.28494165
  1.66126855 -0.61052723 -1.69068119 -0.42750734  0.22752916  0.53919285
 -0.11333309  1.72177585 -0.66523383]
[ 1.          1.08116218 -0.559113   -0.59422051  0.49174867 -1.30697957
  1.040879    1.29727157  1.10698147  0.18722174  1.67890641  0.4529666
  0.61008633  0.81929174  0.38431373 -0.46942866  0.8873249   0.17435262
 -1.83825473  0.53056588  0.60116482]
[ 1.         -2.72835476 -3.09204153  2.38962398  6.93200675  3.59306209
  4.52365019 -0.2673141   0.45264711 -0.26272279 -0.61971613  0.73147747
 -0.37941106 -1.77283345 -1.04483052 -2.12142293  1.59515797 -0.90906872
  1.64352278 -1.06256593 -1.4125518 ]
[ 1.         -0.93343063 -0.22616033 -0.51951612 -0.9556802   0.16087388
  0.53680575  0.38728295  0.19901902 -0.76908415 -0.94040755 -0.60250468
 -0.33176022  0.61360951 -0.53960348  0.54083843 -0.05157862  0.6784444
 -0.4060723  -0.59930102 -0.135973  ]
[ 1.          0.22093772  1.15975933  0.64594533  0.15331171 -0.81885278
  1.10207344  0.31949529 -1.27379324  0.97073064 -0.5891728  -0.39786709
 -1.92543235 -1.36744224 -0.956139    1.48022707 -0.56146224  0.20826553
 -0.81984971  0.38924869 -0.71022582]
[ 1.         -0.78768893  0.80560828 -0.69425359  0.7701918  -1.07741361
 -1.28812332 -0.18946325  1.16272291 -0.04113919 -0.26517754  0.80016938
  0.39792244 -0.1266014   1.05587069  1.73721902  0.53261419 -1.57398205
  2.12466911 -2.25255655  1.1579574 ]
[ 1.         -0.27479186  0.05661086 -1.0580013  -0.78485925 -0.46811701
  2.01496101  0.97554651 -0.8002578   0.91345505 -0.29995487  0.11687913
  0.12540958  1.04112177  1.24927296  0.86624415 -0.16277169 -0.49908012
  0.57686923 -0.22155983  0.53704971]
[ 1.         -0.69126447  0.43944278 -0.50958812 -0.5620405   0.41615522
  0.37092127  0.839324   -0.47390184 -1.37163802 -1.33400844  1.21682055
 -0.68652769  0.31302046 -1.42508861  0.08293123 -1.88933724  1.85352038
 -0.42192278  2.00326895 -1.31174566]
[ 1.          2.55146223 -2.40598978 -1.79901937  0.34123753 -1.91778044
  1.35135597 -1.84778926  2.42118873 -1.16587085 -2.53240044 -1.12118249
  0.78276323  0.053186    0.93568543  0.07092323 -1.06476279  0.57161061
 -0.68728905 -1.11094875  0.14804354]
