Cluster centers 

[ 1.1527602   0.00968305 -0.32512234  0.57384062]
[-0.96663426  1.23371405  0.09179138  0.48341355]
[-0.99937508 -1.7740512   0.30321844 -0.15598898]
[-1.04214661  0.35048892 -1.97180948 -0.46660404]
[-0.74145175 -0.20750994  1.52613472 -1.02498968]
[ 1.09713332 -0.52513038 -1.75396678 -1.29161328]
[-1.00155745  0.95105057 -0.2963574   0.93120154]
[ 0.97555982  0.69423474  1.04141848 -0.15693273]
[-0.96091533 -0.27636274  0.30025654  1.49973549]
[ 1.07862156 -0.62063862 -0.44381285  1.99410762]
[-0.78585194  1.37415971 -0.59306698 -1.82492275]
[-0.96627338 -0.89598544  0.87112012 -0.36327748]
[ 1.12523078  0.12587218 -0.53018343 -0.14902831]
[-1.02097397 -2.79280938  0.12370417 -2.0837957 ]
[ 0.95847695 -0.49983004  1.69012003 -0.62848367]
[ 1.11233582 -0.43350834 -1.35594781  0.15631135]
[ 0.11484695  1.72901389  0.97230337 -1.51081282]
[-1.00786717  1.07811193 -0.57511663  0.27706542]
[ -9.30920456e-01  -1.86618925e+00   6.86670987e-04   6.98655377e-01]
[ 1.16768829 -0.23455195  0.75008491  0.89590006]
[-1.03730066  0.52570515 -1.91639652 -1.98891724]
[-0.95486652 -3.10713744 -0.41780247 -0.61478542]
[-0.95673218  0.46818674  0.82274565  0.75075523]
[ 0.53102284 -1.35897105  1.82835864 -2.60815015]
[-0.94298451  1.28021175 -0.58463885 -0.74379131]
[-0.92938839 -1.03883693  0.99036252 -0.91190009]
[ 1.01470607 -0.66189203 -1.37552192  1.43137466]
[-0.89452516  1.46739836  0.17970436 -0.14780104]
[-0.99416663  0.71226796 -0.72604666  1.17822603]
[ 1.10212343  0.02067956 -0.90874173 -0.74540361]
[-0.36975202 -0.96895903 -1.04288927  3.19006827]
[ 0.42983493  0.26646982  2.15455671 -1.34418396]
[ 0.60939139  1.0170984  -0.19391385 -2.41852295]
[-0.94876926  0.18445527 -0.11173874  1.85454087]
[-0.72035853  1.36759847  1.23778704 -0.12650896]
[ 1.1538689  -1.57397293  0.97218588  0.09199025]
[-1.0276634  -0.0151222  -2.58310083 -3.61764752]
[-1.00285453  1.11432768 -0.45738682  0.34219028]
[ 1.1237518  -0.27214526 -1.22745631 -0.33770679]
[-1.02717343  0.60863765 -1.43860015  0.23376557]
[-1.00490166 -1.9043461   0.28854408 -0.36687916]
[ 0.99422738  0.41080759 -0.55125687 -1.39465639]
[-0.81855494  0.32259336  1.39593977 -0.28620619]
[-1.01124831 -2.33904926  0.12759546 -0.78590708]
[ 1.15721931 -0.34219628 -0.05785793  1.46595508]
[-0.90898527  1.17659577  0.71765577  0.46621209]
[-0.95201241 -0.17179031  0.96907767  0.23207806]
[ 0.72980208  1.15251533  1.2919291  -0.68557907]
[ 1.06318517  0.53090338  0.15938737 -0.26497254]
[ 1.16758594 -0.07235614  0.06505955  1.00370891]
[ 1.08884775  0.12793382  1.13791822  0.33927178]
[ 1.06252998 -1.00822361 -2.33185773 -0.82513348]
[-0.96096768 -0.81624214  0.30852294  1.17644184]
[ 0.64067718  1.16889585  0.21330653 -1.82142836]
[-0.98170296 -0.22023139  0.65518112  0.84573317]
[-1.02527726  0.81054992 -1.43529442 -1.11021583]
[ 0.7966776  -0.54680491  1.89441334 -1.25271295]
[ -9.69811451e-01   1.27803237e+00  -2.83052820e-01  -1.09409175e-03]
[-0.99040015 -1.120905    0.51377664  0.29116669]
[ 0.57225874 -0.46580448  2.05286237 -1.73395898]
[ 0.9182743  -1.3707414  -0.29681784  2.57377014]
[ 1.13680647 -0.243955   -0.80778265  0.69593605]
[ 0.04274523  1.42530694 -0.11544335 -2.85470796]
[-1.0223955  -2.70503323  0.01233478 -1.32307807]
[-0.98160977  0.51254474  0.44348008  1.21878118]
[-1.01822461  0.8332221  -0.89955461  0.59632673]
[-1.07962437  0.0466633  -2.49719401 -1.56622276]
[ 1.08257119  0.44380374  0.75577539  0.22782022]
[ 0.19951453  1.24162099  1.93750803 -1.0053851 ]
[-0.90593015  0.3291498  -0.92881535  1.85967151]
[ 0.82771947  1.04494643  0.55170619 -0.99449368]
[ 1.14595822  0.19145213  0.41274547  0.6143665 ]
[-0.98447312  0.37561986 -1.59586481  0.75923921]
[ 0.86691846  0.45783739  1.67362914 -0.38858341]
[ 1.01396255  0.5994937  -0.01115542 -0.7097254 ]
[ 1.13308245 -0.33065005 -0.49291837  1.36082873]
[ 1.00075141 -1.20460901  1.5432339  -0.99820989]
[-1.02675003  0.91393382 -1.117222   -0.33055068]
[ 1.13838464 -0.09009474 -0.79094188  0.10806702]
[-0.9987981  -1.59995914  0.52740852 -0.55333246]
[-1.00653196  1.01894095 -1.05474953 -0.76536541]
[-0.66339865  1.69375029  0.17684573 -1.26733411]
[ 1.04213423 -0.70189786 -1.64885983  0.75366865]
[-0.93253601 -2.35083216 -0.15431419  0.28106911]
[ 1.10151292 -0.16826282 -1.22835433 -0.95774524]
[ 1.12044575  0.33296516  0.12544401  0.19244223]
[-0.99515688  1.12399526 -0.30107668  0.49528895]
[ 1.01633328 -0.14648216  1.54544337 -0.15525012]
[-1.0685432   0.33068762 -2.11880721 -1.28621738]
[-0.98005619 -0.58392007  0.74309556  0.36634971]
[ 1.12785114  0.2001975  -0.29448585  0.04016231]
[-0.98703359  0.68423747 -0.02030019  1.39572792]
[ 1.15672508  0.0765477   0.54756801  0.7671187 ]
[-0.80920455 -1.97051518 -0.26876716  1.41806163]
[-0.9422035  -1.45489561  0.12056283  0.9567278 ]
[-0.93876274 -3.94788368 -0.85401109 -1.33469738]
[ 1.1758005  -0.44700113  0.35936204  1.4005848 ]
[-0.93577431 -1.58132148  0.84576143 -1.51230133]
[-1.00828428 -2.10854482  0.39060574 -1.2010916 ]
[-0.86695659  0.89391605 -1.39867944 -2.59654253]

Populations

0.0146611570934
0.0122834830814
0.00922312521302
0.00489816059483
0.00886818742934
0.0103476287669
0.0118831004325
0.0231535713591
0.0133033767016
0.00862676378005
0.00933932808053
0.0147920674181
0.0152935309506
0.00697669494392
0.0066218282376
0.0212400235917
0.0121844442375
0.00822948937376
0.00684317258664
0.0190243263343
0.00760126245527
0.00391364413486
0.0174017813374
0.00442936297011
0.012775702568
0.0109803940696
0.00367997763432
0.0153220856239
0.0106039384824
0.0130496697788
0.00120927673927
0.00425661104663
0.00144598763064
0.00978566187476
0.0070330254127
0.00721503995646
0.000729604517996
0.00338233205349
0.0153467867416
0.0110959684803
0.00474584153956
0.00644070061817
0.00845582167695
0.00554411343721
0.00809138803943
0.0151254454371
0.0134269897348
0.0151532067106
0.0176755236982
0.015247457649
0.0144586971494
0.0151712875361
0.0161886667845
0.00556829472813
0.0112630720056
0.014803955077
0.00503446264069
0.00765426176058
0.0142063058211
0.00360204259031
0.00353976707872
0.0224141489232
0.00123016997653
0.00474747448303
0.0163006718397
0.0116233791794
0.00257289468896
0.0240306842075
0.0073178295126
0.00677430629971
0.0116046132497
0.0115064537446
0.00553485576172
0.0117713697474
0.011469708818
0.00730369737528
0.00768977595416
0.0160017285024
0.015740534918
0.00766484182505
0.00782299905785
0.00434258304787
0.0138049696645
0.00704182090748
0.00953753182577
0.0144246056002
0.00847524761998
0.0072143060683
0.00606147375763
0.0125877440295
0.0160042528258
0.0142353818757
0.0107507587471
0.00344512956363
0.00953227712883
0.000731728515203
0.00645452381805
0.00642244577356
0.0130043390402
0.00435786669733

State labels

0
1
2
3
4
5
6
7
8
9
10
11
12
13
14
15
16
17
18
19
20
21
22
23
24
25
26
27
28
29
30
31
32
33
34
35
36
37
38
39
40
41
42
43
44
45
46
47
48
49
50
51
52
53
54
55
56
57
58
59
60
61
62
63
64
65
66
67
68
69
70
71
72
73
74
75
76
77
78
79
80
81
82
83
84
85
86
87
88
89
90
91
92
93
94
95
96
97
98
99

Eigen values

1.0
0.623601295061
0.360106241025
0.326719390685
0.322758044531
0.321006581405
0.30445004866
0.29916484352
0.294358105501
0.28264961421
0.27740444694
0.27027023215
0.254061840072
0.249206478496
0.244707750761
0.22894946072
0.221352989237
0.217143126839
0.211016698103
0.205367101111
0.19793846248

Left eigenvectors

[ 0.01466116  0.01483747 -0.00557965 -0.01031868 -0.01145963  0.00075445
  0.01251689 -0.01610786 -0.00149778 -0.00355232  0.01170163 -0.01201076
  0.00405125  0.00476657  0.001231   -0.02172202 -0.01719871  0.01554173
  0.00305988  0.00134272  0.00717953]
[ 0.01228348 -0.01472801  0.00426884 -0.00833737 -0.01490135 -0.00271409
  0.00759647 -0.01526651  0.0168611  -0.00746337 -0.00511785 -0.00748031
 -0.00739358  0.01455988  0.01331549  0.00720431  0.01626727 -0.00868564
  0.01193716 -0.01898163 -0.01003949]
[ 0.00922313 -0.00603443 -0.00107391  0.0022576  -0.00418059 -0.00933475
 -0.00330823  0.00765541 -0.00882656 -0.00928228  0.00273202 -0.00189532
 -0.01296988  0.01300296 -0.00485098 -0.00271399  0.00803142  0.0093695
 -0.01194083 -0.011975   -0.00352689]
[ 0.00489816 -0.00166378 -0.00510871  0.00126457  0.00089343 -0.00106165
  0.00507399  0.00709918 -0.0020994  -0.00354577  0.00250824  0.00630468
 -0.00393738  0.01055303  0.0042242  -0.00358393  0.00201473  0.00123031
 -0.00802187  0.00061214  0.00754576]
[ 0.00886819 -0.01446744  0.02430562 -0.0128294  -0.00943911  0.01743659
 -0.01188225  0.00939005  0.02737161  0.00745025 -0.00141675  0.00360757
 -0.00226667 -0.01560716 -0.00645535 -0.01373689  0.00606632  0.00434373
 -0.01265643  0.02573942  0.02460082]
[ 0.01034763  0.0126524  -0.00578955 -0.01501227  0.00605006 -0.00094969
  0.00438815 -0.0013676   0.0076769   0.01322795  0.00917801  0.00066455
 -0.00287283 -0.01077787 -0.00621264 -0.02611113  0.01224721  0.00388713
  0.0045586   0.00884443 -0.02453146]
[  1.18831004e-02  -6.80602762e-03   5.15581495e-03  -7.88811484e-03
  -1.80023892e-02   2.19767754e-03   1.10830374e-02  -1.16802206e-02
   5.76340533e-05  -8.83067453e-03   7.15281544e-03   1.43805409e-02
   1.24715125e-02  -9.58421505e-03  -2.05479655e-02   2.06180811e-02
   6.91442588e-03  -3.74806485e-03   7.34449494e-03   8.01545926e-03
  -9.44476282e-03]
[ 0.02315357  0.02549859 -0.01124008 -0.00866193  0.00728639 -0.00039724
 -0.01389017  0.01015865  0.02718356 -0.00847722  0.0029706   0.00111198
  0.03001981  0.01333702 -0.00092587 -0.00610318 -0.00221914 -0.00972806
 -0.04365201 -0.00802991 -0.00495111]
[ 0.01330338 -0.01706349  0.01540433 -0.01270305  0.02298345  0.02217855
 -0.01856791 -0.00029277 -0.01005915  0.0175583  -0.0002317  -0.00036584
  0.00435988  0.00603124  0.00138982 -0.00189011  0.00220724 -0.00352995
  0.01421062 -0.02264318 -0.01312267]
[ 0.00862676  0.01193904  0.00304684 -0.01516051  0.0184373  -0.00606542
  0.0010434   0.01366403 -0.00161944 -0.0176289  -0.00582703 -0.00633438
  0.00114044  0.01922871  0.00936833  0.01501702  0.00386953  0.01415413
 -0.00109086  0.01599347  0.0055982 ]
[ 0.00933933 -0.01058231 -0.00956326  0.00319126 -0.01061074  0.00332946
 -0.02184083  0.00167293 -0.01208255 -0.00057081  0.00149413 -0.00158869
  0.01579375 -0.0001979   0.00400327  0.00642273 -0.00235301  0.02925786
  0.00241956 -0.00447807 -0.00648972]
[ 0.01479207 -0.01274058  0.00805275  0.01562803  0.01780924  0.0008556
  0.0183146   0.01084362 -0.00513863  0.010949   -0.0015739  -0.0032122
  0.01868135 -0.00710624  0.00090904 -0.00994019  0.00415176 -0.00576571
  0.01289802  0.00092778  0.01838306]
[ 0.01529353  0.01463507 -0.01636904 -0.00987257  0.00947042  0.00844924
  0.00085106 -0.01458987  0.02162496 -0.0033189   0.01023955 -0.01338973
  0.01178097  0.01862867 -0.00056876  0.00056158 -0.01767911  0.00485018
  0.00812507 -0.00236392  0.01480888]
[ 0.00697669 -0.00810697 -0.00123364  0.00155759 -0.01040507  0.00470881
 -0.00025382  0.01197942 -0.0022333   0.00456718  0.0106394  -0.00502733
 -0.00855932  0.00361499  0.00678424  0.01020396 -0.00773211 -0.00165913
 -0.00305265  0.00805246  0.00226713]
[ 0.00662183  0.00727059  0.0185996   0.00590406  0.00283896 -0.01619798
 -0.00515356 -0.00048189 -0.00735113  0.00236415  0.00059325  0.00980756
  0.00757384  0.00452814  0.01601965  0.00252466  0.00098096 -0.00336552
  0.00278745  0.00788688  0.00753039]
[ 0.02124002  0.02464854 -0.01227845  0.00154107  0.00560342  0.01027244
  0.00504255  0.00549169  0.00517066 -0.00522786  0.00388484 -0.00194635
  0.00643685  0.0015666  -0.014601   -0.00108856  0.00971195 -0.01176813
  0.00797068  0.00413315 -0.00465962]
[ 0.01218444  0.00839366  0.0012974  -0.01782392  0.00054824 -0.00166023
 -0.00604792  0.00952828  0.00185165 -0.01269031 -0.00624786 -0.00874185
  0.00416527  0.00453549 -0.0023498  -0.00080652 -0.00151881 -0.0196722
 -0.01259216  0.01112037  0.0015242 ]
[ 0.00822949 -0.00973531  0.00034505 -0.00777116 -0.01900564 -0.01586551
  0.0006192  -0.00639184  0.00145832  0.00075213  0.0060986   0.00442585
  0.00160276 -0.01120977 -0.01543077  0.02304253  0.00485107  0.01037537
  0.00210846  0.00580187 -0.00636873]
[ 0.00684317 -0.00423369 -0.0244246  -0.00212819  0.00116117 -0.01502621
 -0.01715177 -0.00988633  0.00731215 -0.00600757 -0.01037727  0.0007769
 -0.00316691 -0.01482892  0.00295619  0.00396815  0.01043206 -0.0165732
  0.00465683  0.00749785  0.01713096]
[ 0.01902433  0.01734514  0.0235527   0.01182073  0.00123943  0.0040794
 -0.00803374 -0.02765919 -0.01817463  0.00631393  0.00126598  0.01966094
 -0.00978117  0.00429054  0.01529855  0.00077494 -0.00494707 -0.01828554
 -0.01137971  0.01919251 -0.00605864]
[ 0.00760126 -0.00825288  0.01154714  0.00375132 -0.00185817  0.00893714
  0.0030135   0.00385843 -0.00448682 -0.00058249 -0.00203733  0.00469088
 -0.01805333 -0.00139829  0.00889459  0.00248168  0.00394664 -0.00713684
  0.00044686 -0.01625287 -0.0050838 ]
[ 0.00391364 -0.00372393  0.00235812 -0.00167134  0.00440245  0.00147831
  0.00407219  0.00989359  0.00845876  0.00517002 -0.01212767 -0.00052175
  0.00061331 -0.00965014  0.00532485  0.00201958 -0.00872269 -0.00601553
 -0.00828513 -0.00259223  0.00477768]
[ 0.01740178 -0.01444659  0.00106966 -0.00175633 -0.00460677  0.00290414
  0.01726308  0.01798796  0.00874507 -0.01548575 -0.02147312 -0.02374006
  0.0106416  -0.01499971  0.01523621  0.01437406 -0.00308105 -0.01467075
 -0.00886888 -0.02104895 -0.00355886]
[ 0.00442936  0.00079379  0.00730588  0.01486383  0.00176612  0.00350608
 -0.00088171 -0.00465427  0.00068397 -0.00104004 -0.00634416 -0.00305162
 -0.01024187 -0.00446293 -0.00090532 -0.00211857  0.0094711   0.00416324
  0.0037465   0.00627782 -0.00502095]
[ 0.0127757  -0.01236863 -0.00476118 -0.0071664   0.00308957 -0.00579273
 -0.0011131   0.00536465 -0.00212513  0.00088948  0.00657071  0.00376714
 -0.00994058 -0.0113968   0.00536268 -0.02748021 -0.00274607  0.00053881
  0.00016459 -0.01276585 -0.00587383]
[ 0.01098039 -0.01052621 -0.00905689  0.00518812 -0.01089552 -0.01236562
  0.00969713  0.01225696 -0.00658171  0.01103507  0.01367174 -0.00635072
 -0.01427892  0.01126241 -0.00289115  0.00313623  0.00242645  0.00785261
 -0.0109311   0.00999558 -0.00314842]
[ 0.00367998  0.00573915  0.00154102  0.00956713 -0.00107735  0.00165837
 -0.00467967  0.00198089  0.01148113 -0.00752975  0.0134049   0.00116068
  0.00052454 -0.00617024 -0.00502369  0.00385881 -0.00394837 -0.00348328
  0.00213194 -0.00813218 -0.00158486]
[ 0.01532209 -0.01504396 -0.0020406  -0.00022288  0.00459031  0.00672494
 -0.00400328  0.00918224 -0.01605679  0.01239934  0.00664207 -0.01660857
  0.00340468 -0.00102523 -0.00278881  0.01918634 -0.00752116 -0.01964611
 -0.00132994  0.0126977  -0.00150507]
[ 0.01060394 -0.00578441 -0.00227562 -0.00209122 -0.00867781  0.0011054
 -0.00691109  0.00341836  0.00382323  0.00296674 -0.01331188 -0.01379236
 -0.00821663  0.0069841  -0.00496189  0.00121005  0.01228048 -0.00313467
  0.00028553  0.01300789 -0.01321075]
[ 0.01304967  0.00983159 -0.0171497   0.00643443 -0.02806016  0.01090298
 -0.01174207  0.00520267 -0.01577377  0.01614493 -0.01492741 -0.01527602
 -0.00055094  0.00610438 -0.00013803 -0.00020916 -0.00704834 -0.01578967
 -0.00374325  0.00369441 -0.00893012]
[  1.20927674e-03  -1.49098969e-03  -4.36377108e-03   3.05036295e-06
   1.38789230e-03  -4.69162869e-03  -3.08373904e-03  -3.80157465e-03
   4.23988038e-03   2.32713986e-03  -4.53655029e-03  -2.62247295e-03
  -2.13014893e-03  -3.45254258e-03   1.41522625e-03   7.59082146e-06
   6.18957960e-03  -3.01610282e-03  -1.02413173e-03   3.14768337e-03
   1.37111414e-03]
[  4.25661105e-03   1.02124743e-03   1.06919072e-02  -1.20344533e-02
   7.34940399e-05  -5.70187347e-03  -6.66687209e-03   6.75465311e-03
   5.19157736e-03   1.96535041e-03  -1.73925907e-05   3.33213360e-03
   3.15208640e-03   5.61028318e-04  -6.71735516e-03  -6.69885335e-03
   3.91332629e-03  -7.09865753e-03   4.89242295e-04   2.17536845e-03
  -4.54786646e-03]
[ 0.00144599  0.0008651  -0.00055175 -0.00362896  0.00025314 -0.00025057
  0.00462697 -0.00457929 -0.00188513 -0.00403488  0.00045463 -0.00187878
 -0.00122916 -0.00440898  0.00395932 -0.00713991 -0.00775566  0.00533769
 -0.0013742   0.00361785 -0.00407267]
[ 0.00978566 -0.01193284 -0.01041313  0.01123961  0.00333507 -0.000643
  0.00324003  0.01289763 -0.0098455  -0.00499504  0.0111121   0.0088975
  0.00652502  0.01305342  0.00909146 -0.01239089 -0.00706585 -0.00705484
  0.00303281  0.00738646  0.00606544]
[  7.03302541e-03  -9.01631280e-03  -6.61659133e-03   8.68709804e-04
   3.46775633e-03   2.65621318e-03  -8.78880200e-03  -5.75877719e-03
  -4.67741514e-03  -4.82861626e-03   3.17115771e-03  -1.03879696e-02
   1.42261969e-03   3.03050410e-05   9.58381055e-03  -9.55018312e-04
   1.56401622e-02   4.48427476e-03   2.67045098e-03  -2.93660820e-03
  -6.19556020e-03]
[  7.21503996e-03   6.07016664e-03   5.94519171e-03  -1.41877762e-02
   3.71823921e-05  -5.39648246e-03   8.81169461e-03  -7.57210588e-03
  -1.21259909e-02  -1.10327772e-02  -2.14562004e-03  -3.57952464e-03
  -1.01808771e-02  -2.30059417e-02   1.13806280e-02  -2.28431360e-02
  -7.18964460e-03   1.24492156e-02  -2.53469958e-03   3.55973001e-03
  -1.11001261e-03]
[ 0.0007296   0.0014194   0.00057317  0.00317524  0.000476   -0.00023397
 -0.00181398  0.00033745  0.00272688 -0.00055319 -0.00020978  0.00188237
  0.00361032  0.00127366  0.0007715  -0.00044564 -0.00192991  0.00031027
 -0.00331646  0.0018542  -0.00296681]
[ 0.00338233 -0.00204728  0.00522324  0.00022749 -0.00206064 -0.0083879
  0.00214341 -0.002371   -0.00252316 -0.0012755  -0.00358011  0.00153978
  0.00196505 -0.00881781  0.00137158  0.00253747 -0.0028848   0.00023158
  0.00087227  0.00521444  0.00143128]
[  1.53467867e-02   1.40840142e-02  -1.06348853e-05  -3.23477793e-03
   7.59411131e-03   4.77863923e-03   5.84569856e-03   9.53178704e-03
  -1.39152079e-02  -1.16970887e-02  -8.53559667e-03  -9.27178398e-03
  -1.50431650e-02  -1.11557519e-02  -6.70867795e-03  -2.01079593e-03
   8.90076719e-03   8.72411058e-03  -1.18688799e-02  -1.49339495e-02
   7.61766569e-03]
[  1.10959685e-02  -1.72132698e-02   1.12707010e-02  -1.06625560e-02
  -1.19156692e-02   1.52749436e-02  -8.38325010e-03   6.78343170e-05
   3.73115448e-03  -9.19261398e-03   2.59434958e-03   7.83205883e-03
   6.08254903e-04  -6.75037787e-03  -3.36009362e-03  -7.80887594e-03
  -5.88458969e-03   7.22529872e-03  -2.78074356e-03   1.11896873e-02
   1.94022959e-04]
[ 0.00474584 -0.00293544 -0.00981355 -0.00066243  0.0068531  -0.00530081
 -0.00549432 -0.01334925  0.00866194 -0.00041724 -0.00433645  0.00036901
 -0.00391011 -0.00161299 -0.00015094  0.01062841  0.00024163  0.00780371
 -0.00772279 -0.00624423 -0.00164514]
[ 0.0064407   0.00404191  0.00044218 -0.00238334 -0.01675777 -0.00081014
 -0.00011052 -0.01382232 -0.00666454  0.01138319 -0.00670154 -0.00764676
  0.00221859  0.00956851  0.00322035  0.00136954 -0.00124202 -0.00568623
  0.00343148  0.00089041  0.00571252]
[ 0.00845582 -0.00601855 -0.01458679  0.00093141  0.00413395  0.00073946
 -0.0030881   0.00157258 -0.00195031 -0.0070668   0.0106492  -0.00842739
  0.0099918  -0.01342689  0.01058894  0.01924379 -0.0009088  -0.01787211
 -0.00041069  0.00933757  0.00107885]
[  5.54411344e-03  -5.95758658e-03   1.14860076e-02   4.00487343e-03
  -7.31928570e-03   7.12120988e-03  -4.21539254e-03   9.52385025e-06
   6.10367892e-03  -6.21579219e-03  -7.52371641e-03   1.41580275e-03
   2.52991504e-04  -3.80206742e-03  -5.72120990e-03  -1.62248758e-04
   7.57168891e-03   4.82986614e-03   1.45307816e-03   8.35205536e-03
  -4.66782232e-03]
[ 0.00809139  0.00969781  0.01999802 -0.0091045  -0.00318621 -0.02607761
 -0.00528656 -0.00320672 -0.01323189  0.00574519  0.00494877  0.00507095
  0.0152759   0.0007969   0.00740599  0.00106132  0.00475228 -0.00464773
 -0.00309257 -0.00619385  0.00473121]
[ 0.01512545 -0.01724231 -0.00614565  0.00481181  0.00032453 -0.00570445
  0.02588053 -0.00991886  0.00183463 -0.02226156  0.00493835 -0.01016581
  0.01429555 -0.00626196  0.00068454 -0.01466746 -0.02602759 -0.00388215
 -0.00196521  0.01116641 -0.02885918]
[  1.34269897e-02  -1.41938716e-02  -5.01169879e-03  -2.57880268e-03
   1.16411317e-02  -2.21786966e-05   5.44334820e-03  -2.51440227e-03
   1.10870728e-02  -7.72393373e-03  -7.97455015e-03   1.43148312e-02
   3.43720650e-03   1.17121819e-02   1.45350193e-02  -7.42500594e-03
  -1.82297423e-02  -3.42083702e-03  -1.14604766e-02  -1.63209755e-02
  -1.25274824e-03]
[ 0.01515321  0.01471855 -0.01588204 -0.00774496 -0.00980147  0.01172803
  0.00333349 -0.0200529  -0.00247632  0.00391974 -0.01431529  0.00155935
  0.00075627  0.00938367  0.01487864  0.0070088  -0.00399783  0.01345186
  0.01172558  0.00143741  0.01583486]
[ 0.01767552  0.01205811 -0.01154497 -0.0144135   0.01764622  0.01557841
  0.00219489 -0.01707175  0.00392687  0.00177516 -0.00809904  0.0104075
 -0.00998517  0.00680608  0.01597643  0.02186318 -0.01574031  0.01016849
 -0.00927896  0.01324465 -0.01329274]
[ 0.01524746  0.01568811  0.00516471  0.00939598 -0.01003389 -0.00739368
  0.00197729 -0.01307986  0.00044114 -0.01099876  0.00152815 -0.01100667
 -0.01707174 -0.01586264  0.00083091 -0.01013229 -0.00637632  0.01275875
  0.03974369 -0.00553024  0.02984616]
[ 0.0144587   0.01999777 -0.00839528 -0.00734049 -0.02987415  0.00144406
 -0.00607259  0.00686221 -0.00752667  0.01928645 -0.00101046 -0.02760042
 -0.00493738  0.00638399 -0.00774447 -0.01240513 -0.01306061 -0.01946218
 -0.00262213 -0.01161909  0.00360527]
[ 0.01517129  0.01353939 -0.00064868  0.00984907  0.0172837   0.00154413
 -0.00765522 -0.02177304  0.01037432  0.00474902  0.00108497  0.00422395
 -0.0171291  -0.00080218 -0.009609    0.01398495 -0.01013993  0.0111795
 -0.0023852  -0.00235749 -0.01075641]
[ 0.01618867 -0.01362599  0.00948214  0.00436804 -0.02315428  0.00719458
 -0.01683899  0.01699842 -0.00682264  0.00120519 -0.00390417 -0.01672019
  0.01642503 -0.01787698  0.01148396  0.01331629 -0.00377728  0.02296366
  0.00889728 -0.01185032 -0.00599685]
[  5.56829473e-03  -5.52357632e-04   1.56947781e-03   1.23927093e-03
  -2.35343074e-05   5.25741494e-03   1.22347827e-02   1.33561412e-02
  -1.19526548e-03  -5.66586073e-03  -1.59024227e-02  -9.08349423e-03
  -1.33411383e-03  -1.65039064e-02   1.16165249e-02   1.50370691e-03
   6.42738317e-04   1.41523789e-03  -4.72766889e-03  -5.06514705e-03
  -3.31395761e-03]
[ 0.01126307 -0.00524478 -0.00840939  0.00258377 -0.00036174 -0.01067766
  0.01165594  0.00271808 -0.01028831  0.0014395   0.0218472   0.00979672
  0.01214269 -0.00804545  0.01520457 -0.00334926  0.0031337  -0.01363054
  0.01144892  0.01003574 -0.01232546]
[ 0.01480396 -0.01086354 -0.01361823  0.01566402  0.01462442 -0.01024762
  0.00494676  0.00194911 -0.01119528 -0.00215723  0.02090227 -0.00596552
  0.00469596 -0.01579481 -0.00653111 -0.00751357  0.00804008 -0.00720674
  0.00354113  0.01337622  0.01720106]
[ 0.00503446  0.00599643 -0.00723001 -0.00139658 -0.01511373  0.00224769
 -0.00202169  0.00242834 -0.0032401   0.01313013 -0.00347147 -0.0096162
  0.00090628  0.00598288 -0.00135826 -0.00727082 -0.00041287 -0.00361941
 -0.00829453  0.00052227 -0.00652349]
[ 0.00765426 -0.00827601 -0.00786243  0.00702172 -0.00451659 -0.00561488
  0.00339094  0.00996453 -0.00345134  0.00762093  0.00791629  0.00992155
  0.00400144  0.00128627  0.00354221  0.00159415 -0.01504195  0.01435058
  0.00634907  0.00141783 -0.00150294]
[ 0.01420631 -0.01384761 -0.01342804 -0.00065409  0.00184893  0.00210821
 -0.02418971 -0.00422382 -0.00857324 -0.01870166 -0.00988059  0.0162926
  0.00538621  0.00869443 -0.01587164 -0.00710022  0.00172629  0.02624908
 -0.01838343 -0.01726279 -0.00023886]
[  3.60204259e-03   3.66148058e-03  -6.74276160e-03  -2.19723198e-03
  -2.23501211e-04   5.16285595e-03   8.81439619e-03   4.24791508e-03
   5.82081246e-03   1.03064891e-02  -4.21932395e-03   1.02510813e-02
   7.23437644e-03   9.61644595e-04   9.88219225e-05   2.96188477e-03
   6.52194944e-03   8.02607617e-03   9.60029172e-03  -5.18453927e-03
   5.37502907e-03]
[ 0.00353977  0.0013669   0.00340703  0.01552595 -0.00061056  0.00063614
  0.00203551 -0.00413588 -0.00207189 -0.00260163 -0.00942168 -0.00263893
 -0.00232421  0.00415506 -0.00610489 -0.00373946  0.00075504 -0.00394819
 -0.00132842  0.01030462 -0.01240134]
[ 0.02241415  0.02802341 -0.00356908 -0.00137797  0.01328079  0.01095297
 -0.00253443  0.00855666  0.01777803  0.01015823 -0.00427452 -0.00397922
 -0.01883349  0.00277427 -0.00083466  0.0067893  -0.00577583  0.01159331
  0.04126928  0.01039302 -0.00981928]
[  1.23016998e-03   3.28218032e-04  -2.15007315e-03  -2.39620292e-03
   2.49489837e-03  -3.35429669e-03   8.58334277e-04  -4.34674525e-04
   4.03820484e-03   3.16084365e-03  -3.99900791e-05   7.18606621e-04
   5.03492283e-04  -3.17468796e-03   4.42637148e-04  -7.39866710e-03
   8.07602133e-04  -1.06672317e-03  -4.51956223e-03  -2.13873683e-03
  -5.17568168e-03]
[ 0.00474747 -0.00514535 -0.00602025  0.00017214  0.00841297 -0.01763975
  0.00683027 -0.00722537  0.01188471  0.01111355 -0.01018904  0.00122193
  0.00078906 -0.00683098  0.00371355 -0.00134458 -0.00232009 -0.00456689
 -0.00944392 -0.00571597 -0.00019327]
[ 0.01630067 -0.01466432 -0.00267172  0.00756479  0.01118441  0.00266519
 -0.01332985 -0.02014667  0.00941807  0.01426131  0.00678136 -0.01936455
 -0.00917415 -0.00141644  0.00825113 -0.00747873  0.03091411  0.02183714
  0.0015986   0.0095366  -0.00629419]
[ 0.01162338 -0.01436532  0.00368592  0.01611067 -0.00252757 -0.0056344
  0.00955937  0.01031429 -0.00289297  0.0081939   0.01789019  0.00909278
 -0.02310157  0.02258847  0.01288848 -0.00761347  0.00877977 -0.00076365
 -0.0173101   0.0065773   0.02539092]
[  2.57289469e-03  -3.21841742e-03  -9.68114399e-04  -5.07406959e-05
   1.37270858e-03  -7.35521246e-04   7.62788902e-03   1.63755689e-03
   5.28901747e-03   6.19275356e-03  -5.09307975e-03   3.31124003e-03
   5.28472069e-03   1.12242354e-03   3.59068959e-03   2.62805818e-03
   1.46951376e-03   1.04343378e-03   7.85182064e-03  -1.17074339e-02
   1.80668144e-04]
[ 0.02403068  0.02508216  0.01329142  0.03375704 -0.0039933  -0.00025404
 -0.01501025  0.02034265  0.01742916 -0.01023683  0.02446027  0.00166088
 -0.01006754 -0.0253071  -0.01988267 -0.0024222   0.00693279 -0.00761526
 -0.01448494 -0.03746114  0.01717596]
[ 0.00731783  0.00720888 -0.01362265  0.00210819 -0.00795178  0.01233005
  0.01408949  0.00810151 -0.00321496  0.00772546 -0.00729799  0.01630798
  0.01365757  0.00029828  0.00415222  0.00041032  0.01424434  0.00165637
 -0.00830732  0.00623955 -0.00517758]
[ 0.00677431 -0.00591826 -0.00517774  0.00210567  0.00223206 -0.01646772
  0.00881122 -0.00081126  0.00818388  0.01370394  0.00298074  0.00451536
 -0.01335389  0.00291095 -0.01147489  0.00876551 -0.00961446  0.01273182
 -0.00937203  0.00283753 -0.00015254]
[ 0.01160461  0.01049929  0.00952636  0.00576782 -0.00694852 -0.01269766
 -0.01507397  0.00916215 -0.00273768  0.00836019 -0.00783745 -0.00128724
  0.01132306 -0.00042942  0.0038255  -0.00388641  0.0033918   0.02113083
 -0.00032346 -0.01675478  0.0079766 ]
[ 0.01150645  0.00917239  0.02002679 -0.01415588  0.00695986 -0.01614922
 -0.00946412  0.00351275  0.00096304  0.00369499 -0.00196178  0.00433639
  0.02033145  0.01771451  0.01565785 -0.00103242  0.00888607 -0.0085182
  0.00991009  0.00293024 -0.00781587]
[  5.53485576e-03  -5.31278158e-03  -3.25207599e-03  -5.50305672e-03
   1.46708075e-03  -5.78383118e-04   2.66492725e-03   5.88200162e-03
   1.10297243e-02   1.38770280e-02  -1.57690406e-03   1.06537092e-02
  -9.70588255e-03  -6.18457675e-04  -3.17418727e-03   9.71960610e-03
  -1.35642425e-02   5.72575714e-03  -6.92817063e-05   9.13358035e-03
   1.23949840e-02]
[ 0.01177137  0.01558704  0.01229959  0.03770332  0.0012631  -0.0022132
 -0.01074329 -0.00187784  0.01208772 -0.00075034 -0.00336771  0.01578742
  0.01433911  0.00347513  0.0065334  -0.00020149 -0.0126085   0.00706973
 -0.00047955  0.01628488 -0.01637425]
[ 0.01146971  0.00872616 -0.00385207 -0.01284986  0.01653509  0.00658627
 -0.00361094  0.01162303 -0.00396694  0.0040331  -0.00660531  0.00369208
 -0.01608056  0.00593642 -0.01763051  0.00792027 -0.00609261 -0.01107016
  0.01837706  0.01350638 -0.01034111]
[ 0.0073037   0.00702336  0.00790577 -0.00312342  0.00359936  0.0093568
  0.00096273 -0.0217356  -0.02566519  0.00098902  0.00053253  0.01613307
 -0.01229346 -0.0115907   0.0039898   0.00976113  0.00092917 -0.00964919
 -0.0231723  -0.01174238  0.00460372]
[  7.68977595e-03   2.23095278e-03   6.13322753e-03  -1.48522369e-02
  -5.03667511e-03  -3.10926307e-02   2.31987265e-05   5.57035151e-03
  -4.67226576e-03   1.30950340e-02   1.47200530e-02   1.13075601e-03
  -9.02352472e-03  -6.57845810e-03  -1.67613898e-02   6.53217131e-03
   2.78101200e-03   4.20089337e-03  -4.49293685e-04  -4.83450317e-03
  -1.31103673e-02]
[ 0.01600173 -0.01804898  0.01813348 -0.01426549  0.00281564  0.02033789
 -0.00922947 -0.00978151 -0.00043644  0.00073637 -0.00304279  0.00939086
  0.00587869 -0.0016142  -0.00941302  0.00407757 -0.01469186 -0.00994373
 -0.00898569  0.01576784  0.00560145]
[ 0.01574053  0.01199112 -0.00416483 -0.00294306  0.00640686  0.00521675
  0.00334595  0.01835948 -0.00864434  0.00898874  0.00123672  0.01103953
 -0.01772928 -0.00746023 -0.00917959  0.00419344  0.00596333 -0.00340734
  0.00655582 -0.00775899 -0.00019415]
[ 0.00766484 -0.00764518  0.00477305 -0.01375031  0.01331645  0.0067888
 -0.01106434  0.01099796 -0.00601569  0.01120063 -0.00292714  0.00960267
 -0.01002085 -0.00045119 -0.00424953 -0.00353667 -0.01024651 -0.00799945
  0.01106756 -0.01017528 -0.01181486]
[ 0.007823   -0.00600718  0.00419483 -0.00032586  0.0244295   0.00875414
  0.00032793 -0.00733168 -0.01455771  0.00567159  0.00166692 -0.00715791
  0.00689126 -0.00058088 -0.01355774  0.00417683 -0.00099675  0.00183234
  0.00256387 -0.00741879  0.00244274]
[ 0.00434258 -0.00475926 -0.00012999  0.01059202  0.00745046 -0.00256386
  0.00280838 -0.00178342 -0.00818507 -0.0032854  -0.00567641 -0.01097022
 -0.00069295  0.00987831 -0.01771119 -0.00624571  0.0085841  -0.00127632
 -0.00591999  0.00294079  0.00014444]
[ 0.01380497  0.0126114  -0.00524989  0.00044255  0.007088    0.00871295
  0.01110492  0.01749151 -0.00976946 -0.014756   -0.00174851 -0.01156826
 -0.00613132 -0.00619594  0.00432497  0.00815641  0.01705276  0.01281387
 -0.00242346  0.00685316  0.00933891]
[ 0.00704182 -0.00827606 -0.01578983  0.00150961 -0.00328586 -0.00524827
 -0.02021327  0.00933209 -0.01038142 -0.0136063  -0.01149014  0.02176958
 -0.00250918  0.00819501 -0.00509495 -0.01792342 -0.00891923 -0.00104606
  0.01089861 -0.00308167 -0.00208398]
[ 0.00953753  0.00806262 -0.00407277 -0.00302562 -0.00746642  0.01363993
  0.0111633  -0.01205202 -0.0122879  -0.00367014 -0.00265821  0.02185266
  0.0010589  -0.0006844  -0.00967554  0.00213597  0.01526272 -0.00044129
 -0.01124791 -0.00529995  0.01298646]
[ 0.01442461  0.01251397  0.00976213  0.02787077 -0.00250973 -0.0051518
  0.0006788   0.00641153  0.00168721  0.00377796 -0.03133955  0.00727337
 -0.00808006 -0.00636634  0.00495763  0.0052827  -0.00895329  0.0031601
  0.00115896  0.00361467 -0.00285403]
[ 0.00847525 -0.01103136 -0.00677421 -0.00040833  0.00610563  0.00447681
 -0.00665654 -0.00970671 -0.01242149 -0.00329473  0.0131065  -0.00065715
  0.01240735 -0.01154508  0.00680834  0.01558874  0.00431804 -0.00168922
  0.00041009  0.0015524  -0.00571524]
[ 0.00721431  0.00865107  0.00634103 -0.0162696   0.01034359 -0.01284745
  0.00348766  0.01471016 -0.0044938  -0.0225097  -0.00193831 -0.00904618
 -0.00256344  0.00979165  0.00325174  0.00961768  0.00891138  0.009463
 -0.00081263  0.00716093  0.00358565]
[ 0.00606147 -0.00645433  0.00212111  0.0076036   0.02105019 -0.00249693
  0.00787167 -0.00525694 -0.00638739  0.00892169 -0.00596549 -0.014953
  0.01220496  0.00415998 -0.02249649 -0.00541666 -0.00380755 -0.00174662
 -0.00063493 -0.00092404  0.00903598]
[ 0.01258774 -0.00994498  0.00701706 -0.00479706 -0.00140036  0.01175958
  0.00076894 -0.01092573  0.00259504 -0.00129087  0.0098946  -0.01060074
  0.01781245  0.00417409 -0.01485153 -0.01207305 -0.01401299  0.00733918
  0.00552325  0.00342721  0.02410443]
[ 0.01600425  0.01848245 -0.0040258   0.01545525  0.00280041  0.00791396
 -0.01075931  0.0058151   0.02486603 -0.01831604  0.04056469 -0.00495411
 -0.0019478  -0.00642841 -0.00285473  0.00823312 -0.00877197 -0.01393425
 -0.00376812 -0.01686621 -0.00766548]
[  1.42353819e-02  -1.41824844e-02  -6.43671092e-04   4.29228592e-05
  -6.32422496e-03   1.04643912e-03   1.33038498e-02  -9.18716428e-03
   3.42514242e-03   5.51129241e-03   5.61105315e-03  -4.91068498e-04
  -1.54839015e-02   1.92442247e-02   1.49700190e-02   1.39709335e-04
  -8.53853389e-03  -3.27566061e-03   2.14804424e-03  -4.07737346e-03
   5.70786293e-04]
[ 0.01075076  0.0090068   0.00560939 -0.01022293 -0.0126693   0.00136845
  0.00419574 -0.01740338 -0.00154513 -0.00255687  0.00302509 -0.00506179
  0.0068375   0.00698238 -0.01062788  0.00050168 -0.00913061 -0.01180936
 -0.00101296 -0.00952937  0.01891154]
[  3.44512956e-03   2.92475679e-04   5.43017488e-03   7.83795482e-03
   1.76630049e-03  -8.19760663e-03  -1.35544770e-03  -3.41796653e-03
  -1.48461772e-03   1.03334856e-02  -7.67191922e-03  -4.67776471e-03
   1.08037338e-02  -8.19483380e-04   1.00644340e-03  -1.67240430e-03
  -3.58574888e-05   4.28700829e-03   2.22978000e-04  -2.68406015e-03
   4.54172293e-03]
[ 0.00953228 -0.01035754  0.01081078 -0.00132739 -0.01258292 -0.00871965
  0.01815097 -0.00615457  0.00978752 -0.02642017 -0.01057064  0.00842185
  0.00049902  0.01459667 -0.01886519 -0.00103889  0.00541549 -0.0095235
  0.01418972 -0.00762961 -0.00292289]
[  7.31728515e-04  -1.06343442e-03  -5.85927444e-03  -8.84957009e-05
  -3.60745509e-04  -3.29673581e-03  -6.47614635e-03  -3.26775606e-05
  -6.10096156e-04  -3.68312009e-03  -4.15712279e-03   4.47357148e-03
  -1.17443347e-03  -1.30909813e-03  -4.93721567e-04  -3.30796294e-03
   2.71713866e-04  -4.20263444e-03   3.91363881e-03   1.08085964e-03
   3.90690083e-03]
[  6.45452382e-03   7.55620629e-03  -1.01794537e-02  -3.12012751e-03
  -3.08124643e-03   1.04499928e-02   1.78437115e-02   3.30733388e-03
   3.07062738e-05   6.02419205e-03   4.02518991e-03   1.78994734e-02
   1.57622705e-02  -7.04565247e-03  -7.14527420e-03  -7.70249898e-03
   2.45975439e-02   2.95141517e-03  -4.32828168e-04   2.90298437e-03
  -2.69077052e-03]
[ 0.00642245 -0.00583295  0.00467804 -0.00064931  0.0024263   0.00789919
 -0.00571122 -0.01074437  0.01583033  0.00367387  0.01493711 -0.00525123
 -0.00623814  0.0131777   0.02108787 -0.01030482  0.0207243  -0.00248762
  0.00181876 -0.00315073 -0.00062181]
[ 0.01300434 -0.01351566  0.01058298  0.00354452 -0.0109412  -0.00491996
  0.02131896 -0.00673978  0.01279367 -0.01442198 -0.01123945  0.00604114
 -0.00418056  0.01614786 -0.00784472  0.00537337 -0.00058505 -0.0092702
  0.00602275 -0.0095866  -0.00600091]
[ 0.00435787  0.0016499   0.00196606  0.00507411  0.00126099 -0.00036307
  0.00545431  0.00090587 -0.00488035  0.00141156  0.00214022  0.0041729
 -0.00805885 -0.0043693   0.00493828 -0.00152632 -0.00109014 -0.007853
  0.01767787  0.00149619  0.00149291]

Right eigenvectors

[ 1.          1.01202587 -0.38057354 -0.70381043 -0.78163218  0.05145938
  0.85374499 -1.09867568 -0.10215944 -0.24229435  0.7981383  -0.8192234
  0.27632522  0.32511521  0.08396365 -1.4816033  -1.17307979  1.0600619
  0.20870629  0.09158358  0.48969763]
[ 1.         -1.19900932  0.34752713 -0.67874648 -1.21312083 -0.22095429
  0.61842979 -1.24284902  1.37266477 -0.60759418 -0.41664495 -0.60897322
 -0.60191238  1.18532158  1.08401563  0.58650344  1.32432063 -0.70709928
  0.97180609 -1.54529706 -0.81731586]
[ 1.         -0.65427168 -0.11643617  0.24477557 -0.45327214 -1.0121031
 -0.35868903  0.83002318 -0.95700314 -1.00641418  0.29621443 -0.20549676
 -1.40623462  1.40982138 -0.52595885 -0.29425959  0.87079137  1.01587021
 -1.294662   -1.29836649 -0.3823961 ]
[ 1.         -0.33967434 -1.04298591  0.25817251  0.18240066 -0.21674393
  1.03589754  1.44935588 -0.42860943 -0.72389926  0.51207848  1.28715159
 -0.80384955  2.15448797  0.86240459 -0.73168917  0.41132287  0.25117723
 -1.63773066  0.12497309  1.54052985]
[ 1.         -1.63138679  2.74076526 -1.44667637 -1.06437887  1.9661958
 -1.33987401  1.05884709  3.08649479  0.84010945 -0.15975663  0.40679862
 -0.25559509 -1.75990363 -0.72792244 -1.54900781  0.68405427  0.48981064
 -1.42717242  2.90244409  2.77405266]
[ 1.          1.2227345  -0.5595047  -1.45079356  0.58468064 -0.09177856
  0.42407309 -0.13216537  0.74189902  1.278356    0.88696781  0.06422281
 -0.27763219 -1.0415785  -0.6003931  -2.52339224  1.18357611  0.37565411
  0.44054525  0.85473031 -2.37073295]
[ 1.         -0.57274847  0.43387792 -0.66380949 -1.51495726  0.18494143
  0.9326722  -0.98292703  0.00485009 -0.74312883  0.60193175  1.21016742
  1.04951671 -0.80654162 -1.72917545  1.73507589  0.58187052 -0.31541136
  0.61806218  0.67452592 -0.79480628]
[ 1.          1.10128103 -0.48545759 -0.37410763  0.31469815 -0.01715679
 -0.59991471  0.43875108  1.17405455 -0.36613009  0.12829997  0.04802612
  1.29655193  0.5760243  -0.0399882  -0.26359554 -0.09584423 -0.42015381
 -1.88532514 -0.34681101 -0.21383777]
[ 1.         -1.28264337  1.15792627 -0.9548743   1.72764056  1.66713703
 -1.39572937 -0.02200724 -0.75613537  1.31983804 -0.01741656 -0.02749962
  0.32772722  0.45336145  0.10447086 -0.14207747  0.1659155  -0.26534241
  1.0681968  -1.70206264 -0.98641614]
[ 1.          1.38395321  0.3531846  -1.75738064  2.13722094 -0.70309318
  0.12094897  1.5839119  -0.1877225  -2.04351197 -0.67546    -0.73427103
  0.13219843  2.22895974  1.08596149  1.74074802  0.44854958  1.64072277
 -0.12645025  1.85393677  0.6489334 ]
[ 1.         -1.13309121 -1.02397749  0.34170076 -1.13613553  0.35649865
 -2.33858637  0.17912749 -1.29372822 -0.06111944  0.1599828  -0.17010774
  1.6911015  -0.02119012  0.42864605  0.68770808 -0.25194638  3.13275817
  0.25907183 -0.47948497 -0.69488058]
[ 1.         -0.86131169  0.54439678  1.05651417  1.20397208  0.0578416
  1.2381368   0.73307001 -0.34739097  0.74019409 -0.10640167 -0.21715701
  1.26293011 -0.48040863  0.06145488 -0.67199465  0.28067457 -0.38978367
  0.87195525  0.06272128  1.2427647 ]
[ 1.          0.9569451  -1.07032469 -0.64553876  0.61924328  0.55247143
  0.05564816 -0.95398944  1.41399425 -0.21701355  0.66953447 -0.87551573
  0.77032352  1.21807539 -0.03718963  0.03672031 -1.15598628  0.31713948
  0.53127464 -0.15456993  0.96830988]
[ 1.         -1.16200655 -0.17682231  0.22325667 -1.49140386  0.67493392
 -0.03638137  1.71706282 -0.32010878  0.65463421  1.52499209 -0.72058908
 -1.22684474  0.51815221  0.97241447  1.4625784  -1.10827687 -0.23781017
 -0.43755002  1.15419353  0.32495799]
[ 1.          1.09797348  2.80883131  0.89160559  0.42872791 -2.44614911
 -0.77826803 -0.07277266 -1.11013612  0.35702435  0.08958937  1.48109482
  1.14376889  0.68382094  2.41921866  0.38126335  0.14813962 -0.50824594
  0.42094815  1.1910428   1.13720647]
[ 1.          1.16047617 -0.57808084  0.07255508  0.26381414  0.48363616
  0.23740786  0.25855402  0.2434397  -0.24613258  0.18290166 -0.09163596
  0.30305304  0.07375695 -0.68742867 -0.05125043  0.45724738 -0.55405436
  0.37526717  0.19459274 -0.2193793 ]
[ 1.          0.68888367  0.10647976 -1.46284213  0.04499481 -0.13625791
 -0.4963644   0.78200353  0.15196867 -1.04151722 -0.51277372 -0.71746028
  0.34185159  0.37223607 -0.19285224 -0.06619234 -0.12465165 -1.61453367
 -1.03346202  0.91266914  0.12509373]
[ 1.         -1.18297848  0.0419289  -0.94430688 -2.30945565 -1.92788553
  0.07524143 -0.77669932  0.17720653  0.09139429  0.74106649  0.53780318
  0.19475863 -1.36214638 -1.87505818  2.79999551  0.58947424  1.26075472
  0.25620777  0.70500947 -0.77389133]
[ 1.         -0.61867331 -3.56919312 -0.31099474  0.16968349 -2.19579571
 -2.50640607 -1.44469996  1.06853258 -0.87789271 -1.5164418   0.11352854
 -0.46278375 -2.16696493  0.43199148  0.57986993  1.52444796 -2.42185846
  0.6805068   1.09566896  2.50336521]
[ 1.          0.9117347   1.23803094  0.62134837  0.06514962  0.2144305
 -0.42228775 -1.4538854  -0.95533617  0.33188727  0.06654557  1.03346317
 -0.51414005  0.22552927  0.80415729  0.04073433 -0.26003935 -0.96116628
 -0.59816636  1.00884064 -0.3184682 ]
[ 1.         -1.08572499  1.51910779  0.49351283 -0.24445498  1.17574434
  0.39644739  0.50760359 -0.59027294 -0.07663034 -0.26802458  0.61711863
 -2.37504352 -0.18395463  1.17014655  0.32648288  0.51920895 -0.938902
  0.05878732 -2.13818088 -0.6688095 ]
[ 1.         -0.95152506  0.60253848 -0.42705575  1.12489834  0.37773306
  1.04051127  2.52797434  2.16135255  1.32102366 -3.09881832 -0.1333169
  0.15671071 -2.46576815  1.36058497  0.51603688 -2.22878986 -1.53706722
 -2.11698581 -0.66235786  1.2207745 ]
[ 1.         -0.83017887  0.0614687  -0.10092798 -0.26472973  0.16688779
  0.99202939  1.03368494  0.50253853 -0.88989481 -1.23396093 -1.36423131
  0.61152381 -0.86196427  0.87555483  0.8260111  -0.17705367 -0.84305999
 -0.50965337 -1.20958596 -0.20451149]
[ 1.          0.17921071  1.64941939  3.35575001  0.39873087  0.79155354
 -0.19905949 -1.05077535  0.15441716 -0.23480636 -1.43229606 -0.68895132
 -2.31226814 -1.00757851 -0.20438992 -0.47830162  2.1382526   0.93991804
  0.84583333  1.41731892 -1.13356063]
[ 1.         -0.96813705 -0.37267437 -0.56093958  0.24183173 -0.45341779
 -0.08712655  0.41991045 -0.16634135  0.06962247  0.51431301  0.29486745
 -0.77808502 -0.89206854  0.41975626 -2.15097444 -0.21494511  0.04217426
  0.01288336 -0.99922884 -0.45976585]
[ 1.         -0.95863665 -0.82482381  0.47248968 -0.99227069 -1.12615479
  0.88313112  1.11625843 -0.59940556  1.00497964  1.24510472 -0.57836893
 -1.30040164  1.025684   -0.26330081  0.28562107  0.22098038  0.71514841
 -0.99551098  0.91031182 -0.28673124]
[ 1.          1.55956144  0.41875738  2.59977928 -0.29275997  0.45064612
 -1.27165701  0.53828963  3.11989161 -2.04613914  3.64265817  0.31540496
  0.14253923 -1.67670596 -1.36514185  1.04859535 -1.07293217 -0.94655021
  0.57933473 -2.20984387 -0.43067051]
[ 1.         -0.98184809 -0.13318012 -0.01454604  0.2995875   0.43890481
 -0.26127504  0.59928106 -1.04795095  0.80924646  0.43349635 -1.08396254
  0.22220714 -0.06691172 -0.18201246  1.25220169 -0.49087044 -1.28220837
 -0.08679867  0.82871859 -0.09822879]
[ 1.         -0.54549673 -0.21460117 -0.19721209 -0.81835722  0.1042446
 -0.65174767  0.32236658  0.36054783  0.27977716 -1.2553712  -1.3006832
 -0.77486628  0.6586329  -0.46792937  0.11411283  1.15810535 -0.29561395
  0.02692717  1.22670336 -1.24583404]
[ 1.          0.75339769 -1.31418632  0.49307234 -2.15025853  0.83549871
 -0.89979812  0.39868189 -1.20874823  1.23719096 -1.1438915  -1.17060553
 -0.04221902  0.46778037 -0.01057721 -0.01602775 -0.54011623 -1.2099671
 -0.28684628  0.28310339 -0.68431796]
[  1.00000000e+00  -1.23295987e+00  -3.60857935e+00   2.52246888e-03
   1.14770445e+00  -3.87969812e+00  -2.55006893e+00  -3.14367632e+00
   3.50612911e+00   1.92440637e+00  -3.75145749e+00  -2.16862928e+00
  -1.76150658e+00  -2.85504754e+00   1.17030800e+00   6.27715825e-03
   5.11841450e+00  -2.49413779e+00  -8.46896076e-01   2.60294709e+00
   1.13382991e+00]
[ 1.          0.23992031  2.51183561 -2.82723819  0.01726586 -1.33953359
 -1.56623944  1.58686172  1.2196504   0.46171717 -0.00408602  0.78281374
  0.74051549  0.13180164 -1.57809936 -1.57375275  0.91935257 -1.66767822
  0.11493704  0.51105643 -1.06842425]
[ 1.          0.5982778  -0.38157089 -2.50967741  0.17506615 -0.17328856
  3.19986982 -3.16689427 -1.30369471 -2.79039597  0.31440957 -1.29930554
 -0.8500519  -3.04911131  2.73814375 -4.9377411  -5.36356944  3.6913786
 -0.95035218  2.50198915 -2.81653222]
[ 1.         -1.21942129 -1.06412109  1.14857989  0.34081139 -0.06570864
  0.33109929  1.31801254 -1.00611454 -0.51044452  1.13554891  0.90923887
  0.66679418  1.3339337   0.92905885 -1.26622891 -0.72206142 -0.72093638
  0.30992339  0.75482519  0.61982949]
[ 1.         -1.28199634 -0.94078877  0.12351865  0.49306751  0.37767718
 -1.24964741 -0.81881933 -0.66506444 -0.68656318  0.45089524 -1.47702716
  0.20227706  0.00430896  1.36268675 -0.13579054  2.2238171   0.63760252
  0.3797016  -0.41754551 -0.8809239 ]
[ 1.          0.84132128  0.82399983 -1.96641686  0.00515346 -0.74794907
  1.22129533 -1.04948911 -1.68065472 -1.52913598 -0.29738159 -0.49611986
 -1.41106316 -3.18860905  1.57734788 -3.16604428 -0.99648022  1.72545346
 -0.35130777  0.49337634 -0.15384705]
[ 1.          1.94543992  0.78559166  4.35200119  0.65240237 -0.32068499
 -2.48625508  0.46250798  3.73748072 -0.75820567 -0.28752321  2.5799838
  4.94832152  1.74568721  1.05741694 -0.61080126 -2.64515132  0.42526416
 -4.54555835  2.54137615 -4.06632978]
[ 1.         -0.6052878   1.54427155  0.06725769 -0.60923504 -2.47991666
  0.63370732 -0.70099531 -0.74598247 -0.37710601 -1.0584741   0.4552415
  0.58097558 -2.60702176  0.40551277  0.75021353 -0.85290252  0.06846755
  0.2578907   1.5416712   0.42316484]
[  1.00000000e+00   9.17717463e-01  -6.92971463e-04  -2.10778842e-01
   4.94833964e-01   3.11377184e-01   3.80907004e-01   6.21093340e-01
  -9.06718009e-01  -7.62184875e-01  -5.56181357e-01  -6.04151484e-01
  -9.80215937e-01  -7.26911247e-01  -4.37138931e-01  -1.31023905e-01
   5.79975948e-01   5.68464965e-01  -7.73378825e-01  -9.73099432e-01
   4.96368772e-01]
[ 1.         -1.55130847  1.01574738 -0.96093964 -1.07387374  1.37662103
 -0.75552216  0.00611342  0.33626217 -0.82846432  0.23381011  0.70584725
  0.05481765 -0.60836311 -0.30282112 -0.70375794 -0.53033583  0.65116432
 -0.25060846  1.0084462   0.0174859 ]
[ 1.         -0.61852923 -2.06782119 -0.13958114  1.44402192 -1.11693815
 -1.1577132  -2.81283101  1.8251635  -0.08791784 -0.91373781  0.07775353
 -0.82390289 -0.33987446 -0.03180522  2.23952037  0.05091405  1.64432648
 -1.62727433 -1.31572677 -0.34664856]
[ 1.          0.62755691  0.06865417 -0.37004314 -2.60185512 -0.12578467
 -0.01715931 -2.14608932 -1.03475421  1.7673831  -1.04049919 -1.18725666
  0.34446465  1.48563216  0.5000006   0.21263764 -0.19283869 -0.88285969
  0.53277977  0.13824802  0.88694063]
[ 1.         -0.71176365 -1.72505872  0.11014982  0.48888777  0.08744997
 -0.36520396  0.18597615 -0.23064665 -0.83573161  1.25939249 -0.99663796
  1.18164724 -1.58788671  1.25226658  2.27580311 -0.10747663 -2.11358686
 -0.04856914  1.10427698  0.12758692]
[  1.00000000e+00  -1.07457877e+00   2.07174831e+00   7.22364988e-01
  -1.32019047e+00   1.28446323e+00  -7.60336632e-01   1.71783106e-03
   1.10092966e+00  -1.12115170e+00  -1.35706394e+00   2.55370452e-01
   4.56324545e-02  -6.85784565e-01  -1.03194315e+00  -2.92650502e-02
   1.36571681e+00   8.71170151e-01   2.62093872e-01   1.50647267e+00
  -8.41942066e-01]
[ 1.          1.19853434  2.47151959 -1.1252092  -0.39377831 -3.22288463
 -0.65335586 -0.39631269 -1.63530551  0.71003813  0.61160957  0.62670959
  1.88792026  0.09848771  0.91529306  0.131166    0.58732621 -0.57440413
 -0.38220474 -0.76548653  0.58472109]
[ 1.         -1.13995362 -0.40631209  0.31812683  0.02145602 -0.37714285
  1.71105896 -0.65577281  0.12129451 -1.47179533  0.32649295 -0.67209983
  0.9451326  -0.41400152  0.04525783 -0.96972085 -1.72078171 -0.25666331
 -0.12992744  0.73825313 -1.90798857]
[ 1.         -1.05711495 -0.37325558 -0.19206112  0.8669949  -0.0016518
  0.40540347 -0.18726478  0.82573034 -0.57525431 -0.59391943  1.06612364
  0.25599234  0.8722865   1.08252256 -0.55299111 -1.35769392 -0.25477319
 -0.85354028 -1.21553497 -0.09330075]
[ 1.          0.97131579 -1.04809731 -0.51110998 -0.64682496  0.77396325
  0.21998556 -1.32334342 -0.16341901  0.25867405 -0.94470395  0.10290531
  0.04990844  0.61925334  0.98188048  0.46252943 -0.26382731  0.88772386
  0.77380161  0.09485836  1.04498404]
[ 1.          0.68219264 -0.65316138 -0.81544955  0.99834239  0.88135481
  0.12417669 -0.96584125  0.22216439  0.10043041 -0.45820623  0.58880845
 -0.56491498  0.38505686  0.90387314  1.23691829 -0.89051472  0.57528635
 -0.52496091  0.74932169 -0.75204211]
[ 1.          1.0288998   0.3387258   0.61623232 -0.6580697  -0.48491264
  0.12968024 -0.85783871  0.02893175 -0.72135032  0.1002232  -0.72186945
 -1.1196453  -1.04034668  0.05449477 -0.66452318 -0.41818876  0.83677886
  2.60657787 -0.3626991   1.95745172]
[ 1.          1.38309645 -0.58063887 -0.50768682 -2.06617184  0.09987498
 -0.41999558  0.47460767 -0.52056368  1.33389961 -0.06988625 -1.90891494
 -0.34148146  0.4415332  -0.53562701 -0.85797018 -0.90330479 -1.34605334
 -0.18135294 -0.80360571  0.24934959]
[ 1.          0.89243525 -0.04275706  0.64919165  1.13923728  0.10178
 -0.50458632 -1.43514751  0.68381276  0.31302651  0.07151494  0.27841765
 -1.12904743 -0.05287484 -0.63336752  0.92180348 -0.66836319  0.73688558
 -0.15721801 -0.15539148 -0.70899783]
[ 1.         -0.84169932  0.58572678  0.26982104 -1.43027743  0.44442109
 -1.04017144  1.05001998 -0.42144521  0.07444632 -0.24116703 -1.03283303
  1.01460072 -1.10428999  0.70938287  0.82256883 -0.23332842  1.41850222
  0.54959907 -0.7320136  -0.37043533]
[ 1.         -0.09919691  0.28185969  0.22255843 -0.00422648  0.94416966
  2.19722254  2.39860529 -0.21465557 -1.0175217  -2.85588738 -1.63128833
 -0.23959109 -2.96390676  2.08619074  0.27004801  0.11542821  0.25416002
 -0.84903352 -0.90964062 -0.59514767]
[ 1.         -0.46566197 -0.74663334  0.22940185 -0.03211772 -0.94802341
  1.0348814   0.24132694 -0.91345473  0.12780737  1.93971965  0.8698091
  1.07809764 -0.71432068  1.34994905 -0.29736648  0.27822807 -1.21019733
  1.01650095  0.89103003 -1.09432489]
[ 1.         -0.73382688 -0.91990464  1.05809673  0.98787219 -0.69222175
  0.33415151  0.13166172 -0.75623578 -0.14572017  1.41193852 -0.4029678
  0.31720978 -1.06693186 -0.44117312 -0.5075379   0.54310326 -0.48681167
  0.23920157  0.90355732  1.16192299]
[ 1.          1.19107713 -1.43610432 -0.27740459 -3.0020542   0.44646123
 -0.40157024  0.48234345 -0.64358504  2.60805034 -0.68954198 -1.91007501
  0.18001546  1.18838511 -0.26979187 -1.44421004 -0.0820078  -0.71892753
 -1.64755093  0.10373971 -1.2957663 ]
[ 1.         -1.08122941 -1.02719609  0.91736093 -0.59007492 -0.73356206
  0.44301285  1.30182744 -0.45090374  0.99564487  1.03423281  1.29621301
  0.52277267  0.16804638  0.46277635  0.20827012 -1.96517302  1.87484838
  0.82948138  0.18523361 -0.19635283]
[ 1.         -0.9747512  -0.94521675 -0.04604193  0.13014834  0.14839944
 -1.70274484 -0.2973199  -0.60348099 -1.31643353 -0.69550764  1.14685664
  0.37914205  0.61201169 -1.11722478 -0.49979331  0.12151599  1.8477064
 -1.29403341 -1.21514976 -0.01681376]
[ 1.          1.01650119 -1.87192723 -0.60999611 -0.06204846  1.43331341
  2.44705496  1.17930729  1.61597547  2.86129019 -1.17136981  2.84590785
  2.00840947  0.26697202  0.02743497  0.82227922  1.8106253   2.22820135
  2.66523548 -1.43933314  1.49221697]
[ 1.          0.38615409  0.9625004   4.38614997 -0.17248467  0.17971338
  0.57504021 -1.16840522 -0.58531737 -0.73497104 -2.661667   -0.74551024
 -0.65659958  1.17382432 -1.72465971 -1.05641319  0.2133029  -1.11538191
 -0.37528566  2.91109989 -3.50343435]
[ 1.          1.25025536 -0.15923321 -0.06147753  0.59251795  0.48866335
 -0.11307258  0.38175269  0.79316108  0.453206   -0.19070651 -0.17753173
 -0.84025     0.123773   -0.03723821  0.30290236 -0.25768684  0.51723159
  1.84121537  0.46368142 -0.43808421]
[ 1.          0.26680706 -1.74778542 -1.94786328  2.0280924  -2.72669367
  0.69773632 -0.35334509  3.28263973  2.56943651 -0.03250777  0.5841523
  0.40928676 -2.58069049  0.35981788 -6.01434537  0.65649638 -0.86713477
 -3.67393313 -1.73857018 -4.20728987]
[ 1.         -1.08380879 -1.26809616  0.03625951  1.77209276 -3.71560628
  1.43871715 -1.52193933  2.50337614  2.34093881 -2.14620294  0.2573863
  0.16620661 -1.43886654  0.78221616 -0.28322072 -0.48870028 -0.96196203
 -1.98925145 -1.20400168 -0.0407098 ]
[ 1.         -0.89961468 -0.16390259  0.46407812  0.68613155  0.16350162
 -0.81774852 -1.23594093  0.57777181  0.87489063  0.41601704 -1.18795997
 -0.56280803 -0.08689454  0.50618352 -0.45879867  1.89649283  1.33964663
  0.0980696   0.58504332 -0.38613044]
[ 1.         -1.23589911  0.31711237  1.38605735 -0.21745596 -0.48474695
  0.82242601  0.88737415 -0.24889242  0.70494964  1.53915557  0.78228327
 -1.98750921  1.94336525  1.10884071 -0.65501314  0.75535443 -0.06569908
 -1.48924875  0.56586832  2.18446989]
[ 1.         -1.25089357 -0.3762744  -0.01972125  0.53352692 -0.28587305
  2.96471094  0.63646479  2.05566808  2.40692073 -1.97951349  1.28697068
  2.05399806  0.43624931  1.39558358  1.02144024  0.57115193  0.40554858
  3.05174583 -4.55029657  0.0702198 ]
[ 1.          1.04375537  0.5531022   1.4047473  -0.16617488 -0.01057168
 -0.62462853  0.8465282   0.72528764 -0.42598989  1.01787666  0.06911511
 -0.41894539 -1.05311588 -0.82738656 -0.10079608  0.28849739 -0.31689746
 -0.60276837 -1.55888783  0.71475135]
[ 1.          0.98511211 -1.86156962  0.28808966 -1.08663095  1.68493333
  1.92536414  1.10709234 -0.43933301  1.05570375 -0.99728848  2.22852718
  1.86634231  0.04076112  0.56741117  0.05607147  1.94652544  0.22634746
 -1.13521681  0.85265004 -0.70752993]
[ 1.         -0.87363344 -0.76432086  0.31083236  0.32948982 -2.43090845
  1.30068218 -0.11975596  1.20807714  2.0229292   0.44000625  0.66654229
 -1.97125572  0.42970451 -1.69388467  1.2939348  -1.41925372  1.87942788
 -1.3834664   0.4188672  -0.02251775]
[ 1.          0.90475106  0.82091122  0.4970278  -0.59877223 -1.09419058
 -1.29896378  0.78952617 -0.23591265  0.72041983 -0.67537337 -0.11092507
  0.97573798 -0.03700435  0.3296536  -0.33490201  0.29228069  1.82089896
 -0.02787361 -1.4438032   0.68736464]
[ 1.          0.79715146  1.74048327 -1.2302553   0.60486591 -1.40349268
 -0.82250548  0.30528544  0.08369595  0.3211232  -0.1704943   0.37686598
  1.76696021  1.53952855  1.36078867 -0.08972557  0.77226814 -0.74029738
  0.86126341  0.25466074 -0.6792597 ]
[ 1.         -0.95987715 -0.58756292 -0.99425477  0.26506215 -0.10449832
  0.48148089  1.06271995  1.99277538  2.5072068  -0.28490427  1.92483953
 -1.75359268 -0.11173872 -0.57349051  1.75607216 -2.45069485  1.03449076
 -0.01251735  1.65019302  2.2394412 ]
[ 1.          1.32414797  1.04487349  3.20296801  0.10730231 -0.18801521
 -0.912663   -0.15952576  1.02687425 -0.06374306 -0.28609359  1.34117088
  1.21813418  0.29521896  0.55502498 -0.0171168  -1.07111603  0.60058668
 -0.04073883  1.38343105 -1.39102293]
[ 1.          0.76080008 -0.33584706 -1.12033013  1.441631    0.57423139
 -0.31482378  1.01336723 -0.34586191  0.35163012 -0.57589137  0.32189811
 -1.4020023   0.51757358 -1.53713635  0.69053761 -0.53119176 -0.96516482
  1.60222521  1.17756922 -0.90160215]
[ 1.          0.96161756  1.08243457 -0.42764865  0.49281278  1.28110522
  0.13181359 -2.97597173 -3.51399943  0.13541343  0.0729126   2.20889116
 -1.68318321 -1.58696381  0.54627104  1.336464    0.12721925 -1.32113817
 -3.17268117 -1.60773059  0.6303273 ]
[  1.00000000e+00   2.90119347e-01   7.97582084e-01  -1.93142648e+00
  -6.54983337e-01  -4.04337277e+00   3.01682736e-03   7.24384110e-01
  -6.07594525e-01   1.70291490e+00   1.91423692e+00   1.47046678e-01
  -1.17344442e+00  -8.55481114e-01  -2.17969807e+00   8.49461850e-01
   3.61650588e-01   5.46295938e-01  -5.84274090e-02  -6.28692331e-01
  -1.70490888e+00]
[ 1.         -1.12793968  1.1332202  -0.89149655  0.1759583   1.27098077
 -0.57677949 -0.6112786  -0.02727483  0.0460183  -0.19015399  0.58686539
  0.36737865 -0.10087636 -0.58825016  0.25482046 -0.91814218 -0.62141588
 -0.56154499  0.98538377  0.35005284]
[ 1.          0.76179864 -0.26459259 -0.18697349  0.40702948  0.3314212
  0.2125692   1.16638199 -0.54917691  0.57105696  0.07856928  0.70134399
 -1.12634554 -0.47395015 -0.58318179  0.26641056  0.37885161 -0.21646944
  0.41649302 -0.49293042 -0.01233442]
[ 1.         -0.99743416  0.6227206  -1.79394557  1.73734138  0.88570633
 -1.44351802  1.43485751 -0.78484146  1.46129923 -0.38189219  1.2528207
 -1.30737871 -0.0588653  -0.55441801 -0.46141398 -1.33681909 -1.04365513
  1.44393912 -1.32752582 -1.54143548]
[ 1.         -0.76788714  0.53621769 -0.04165425  3.12277935  1.11902637
  0.04191853 -0.93719551 -1.86088573  0.7249894   0.21307978 -0.9149829
  0.88089726 -0.07425294 -1.73306206  0.53391717 -0.1274123   0.23422501
  0.32773464 -0.94833038  0.31225151]
[ 1.         -1.09595178 -0.02993312  2.43910683  1.71567488 -0.59039897
  0.64670813 -0.41068074 -1.88483939 -0.75655416 -1.30715097 -2.52619762
 -0.159572    2.27475421 -4.07849149 -1.43824689  1.97672611 -0.29390909
 -1.36324209  0.67719798  0.03326192]
[ 1.          0.91354047 -0.38029018  0.03205741  0.51343864  0.63114571
  0.80441478  1.26704451 -0.70767671 -1.06889041 -0.1266583  -0.83797782
 -0.44413875 -0.44881974  0.31329045  0.59083151  1.23526273  0.92820728
 -0.17554985  0.49642711  0.67648868]
[ 1.         -1.17527324 -2.24229384  0.21437723 -0.46662147 -0.74530047
 -2.87046111  1.3252382  -1.47425269 -1.93221343 -1.63169977  3.09147003
 -0.35632553  1.1637622  -0.72352794 -2.54528264 -1.26660867 -0.14854964
  1.54769759 -0.43762347 -0.29594396]
[ 1.          0.84535754 -0.42702597 -0.31723302 -0.7828459   1.43013157
  1.17046045 -1.26364155 -1.28837363 -0.38480986 -0.27871029  2.29122767
  0.11102401 -0.07175863 -1.01447049  0.22395425  1.60028007 -0.04626864
 -1.17933102 -0.55569404  1.36161687]
[ 1.          0.86754329  0.67676895  1.93216841 -0.17398973 -0.35715339
  0.0470588   0.44448555  0.11696725  0.26191114 -2.17264515  0.50423374
 -0.56015791 -0.44135276  0.34369273  0.3662287  -0.62069536  0.21907708
  0.08034624  0.25059039 -0.19785845]
[ 1.         -1.30159748 -0.79929394 -0.04817927  0.72040733  0.52822154
 -0.78540952 -1.14530047 -1.46562012 -0.38874782  1.54644437 -0.077538
  1.4639511  -1.36221163  0.80332007  1.83932578  0.50948862 -0.19931271
  0.0483871   0.18316869 -0.67434525]
[ 1.          1.19915464  0.87895176 -2.25518543  1.43376044 -1.78083025
  0.4834371   2.03902666 -0.6229015  -3.1201475  -0.26867552 -1.25392289
 -0.35532778  1.35725523  0.45073499  1.33314025  1.23523748  1.31169888
 -0.11264178  0.99260106  0.49701994]
[ 1.         -1.0648115   0.34993347  1.25441448  3.47278337 -0.41193416
  1.2986403  -0.86727072 -1.05376927  1.47186835 -0.98416473 -2.46689169
  2.01353033  0.68629868 -3.71138955 -0.89362078 -0.62815638 -0.28815053
 -0.10474884 -0.15244479  1.49072391]
[ 1.         -0.79005293  0.55745159 -0.38108958 -0.1112476   0.93420885
  0.06108649 -0.86796559  0.20615615 -0.10254988  0.78605029 -0.842148
  1.41506314  0.3315994  -1.1798406  -0.95911153 -1.1132246   0.58304135
  0.43877988  0.27226602  1.91491255]
[ 1.          1.15484643 -0.2515454   0.96569638  0.17497913  0.49449116
 -0.67227805  0.36334688  1.55371405 -1.144448    2.53461943 -0.30954958
 -0.12170532 -0.40166866 -0.1783733   0.51443307 -0.54810267 -0.87065938
 -0.23544484 -1.05385798 -0.47896501]
[ 1.         -0.99628409 -0.04521629  0.00301522 -0.444261    0.07350973
  0.9345622  -0.64537533  0.2406077   0.38715452  0.39416246 -0.03449633
 -1.08770538  1.35185869  1.05160642  0.00981423 -0.59981067 -0.23010697
  0.15089474 -0.2864253   0.04009631]
[ 1.          0.83778231  0.52176653 -0.95090339 -1.17845615  0.12728881
  0.39027363 -1.61880483 -0.14372277 -0.23783193  0.28138342 -0.47083128
  0.63600191  0.64947762 -0.98857012  0.04666446 -0.84929881 -1.09846729
 -0.09422221 -0.88639082  1.75908891]
[ 1.          0.08489541  1.57618887  2.27508274  0.51269494 -2.37947702
 -0.39343882 -0.99211553 -0.43093233  2.99944759 -2.22688845 -1.35779065
  3.13594412 -0.23786722  0.29213514 -0.48544017 -0.01040817  1.2443678
  0.06472267 -0.77908831  1.3183025 ]
[ 1.         -1.08657572  1.13412402 -0.13925166 -1.32003335 -0.91475036
  1.90415856 -0.6456555   1.02677668 -2.77165396 -1.10893135  0.88350826
  0.05235007  1.53128906 -1.97908496 -0.10898661  0.56812162 -0.99907887
  1.48859756 -0.8003978  -0.30663128]
[ 1.         -1.45331827 -8.00744309 -0.12094062 -0.49300458 -4.50540841
 -8.85047693 -0.04465804 -0.83377392 -5.03345163 -5.68123656  6.11370391
 -1.60501258 -1.78904894 -0.67473326 -4.52075171  0.37133153 -5.74343401
  5.34848475  1.47713204  5.33927646]
[ 1.          1.17068377 -1.57710375 -0.48340166 -0.47737781  1.6190184
  2.76452796  0.51240556  0.00475733  0.93332866  0.62362306  2.77316715
  2.44205009 -1.09158362 -1.10701802 -1.19334891  3.81089986  0.45726304
 -0.06705811  0.44975965 -0.41688134]
[ 1.         -0.90821339  0.72838914 -0.10109957  0.37778402  1.22993563
 -0.88925922 -1.67294079  2.46484392  0.57203545  2.32576635 -0.81763746
 -0.97130332  2.05182034  3.28346373 -1.60450025  3.22685527 -0.38733292
  0.28318852 -0.490581   -0.09681895]
[ 1.         -1.03931958  0.81380407  0.27256417 -0.84134977 -0.3783323
  1.63937289 -0.5182719   0.98379975 -1.10901254 -0.86428471  0.46454836
 -0.3214743   1.24172859 -0.60323903  0.41319855 -0.04498883 -0.71285465
  0.46313393 -0.73718441 -0.46145411]
[ 1.          0.37860162  0.45115304  1.16435686  0.28935902 -0.0833146
  1.25160113  0.2078711  -1.11989416  0.32391158  0.49111738  0.95755467
 -1.84926511 -1.00262276  1.1331867  -0.35024576 -0.25015357 -1.80202768
  4.05654157  0.34332998  0.34257911]
