Cluster centers 

[ 0.33603201  1.77539476 -0.39648911 -0.01525885]
[-0.87236264 -0.80999519  0.0607983   0.81171398]
[ 1.2376382  -0.59161144  1.7576082  -1.69386483]
[-1.01005692 -0.66518764 -0.90035237 -1.14031344]
[ 1.324178   -0.65201231  0.21731234  0.7306706 ]
[ 1.03034471  0.26233179 -0.93182197  0.89201419]
[-1.21079692  0.57957861 -0.01261094 -0.1697795 ]
[-0.81793292  0.33113253  1.45999332  1.05782572]
[-0.4962783  -1.84671692 -1.25211725 -0.064809  ]
[ 1.12714614 -0.13447061  1.19892529  0.07948043]
[ 0.35232282  1.00425002  2.70140948 -0.69161635]
[ 0.83969175  0.70286535 -1.27324558 -0.61654839]
[-1.11725807 -0.4130204  -0.9208366  -2.23994501]
[ 0.3951085   1.80473768 -0.65949837 -1.1926513 ]
[-1.04627444 -0.35240364 -0.35166161  0.06946403]
[-0.49606592  2.1710019   0.41313369  0.50138805]
[ 1.40294814 -2.50334957  0.49374575 -1.55869274]
[ 0.68818628  1.05392106 -0.48451142  0.90548385]
[ 1.46098338 -2.52151487 -0.5259721   0.03985139]
[-0.84791533 -0.33670317  1.5716938   0.5604353 ]
[ 1.32146604 -0.79849165  1.16548401 -0.74898043]
[-0.16853992  2.81460029 -0.0124809  -2.72554832]
[ 1.18379754 -0.48942775  2.10793535 -2.40605127]
[ 1.25478378 -0.71847935 -1.52251122  0.6521474 ]
[-0.74765073 -1.32800855 -0.61643287  0.39305792]
[-1.19619926  1.0450385   0.21470607 -0.01759936]
[-0.29782921  1.18550296  1.83235678  1.1588564 ]
[ 0.87266185  0.66507678 -1.13043083  0.02503798]
[-0.69015472 -1.4732971   0.14060644  0.73100319]
[ 1.06020683  0.11526051  0.31712786  1.21010158]
[-0.98865667 -0.07627525  0.29846982  0.87755743]
[-0.76503079  0.50098173  2.73947126 -0.30393044]
[-1.24846785  0.37066485 -0.23585879 -0.710043  ]
[ 0.44039875  1.36985321 -0.03316736  1.17661235]
[ 0.93445265  0.23958225  1.96167928 -0.70407395]
[ 0.72541057  1.05173121 -1.00132586 -0.35362894]
[ 1.43024933 -1.2522459   0.64536261 -0.41054432]
[-0.80572636  0.79504169  1.11079222  1.31182487]
[-1.06564548 -0.52849439 -1.0819153  -3.16447631]
[ 1.43062712 -1.11663236 -0.05827151  0.62857331]
[ 0.23894131  2.17016672 -0.52235757 -2.39966613]
[ 1.23679498 -0.36205474 -0.85082124  1.17891315]
[-1.27911662  0.20753659 -0.44941919 -1.48016821]
[-0.81309514 -0.86395809  1.05874668  0.63680517]
[-1.2785324   1.74100823  0.32335065 -0.8135775 ]
[ 0.94948987  0.47697559 -0.62786526  1.11015987]
[-0.39867233 -2.22373202 -0.36125029  0.56886825]
[ 0.99983846  0.22108216 -1.40904997 -0.07476545]
[-0.92681133 -0.79233305 -0.50501921  0.19015182]
[-1.16624879 -0.04203318 -0.42560439 -0.6277969 ]
[-1.26723527  0.78405891 -0.00262229 -0.50499371]
[-1.07067476 -0.07823652 -0.09945205  0.3379873 ]
[ 1.480373   -1.61870065 -0.79456838  0.84091788]
[-0.96711398 -0.75985832 -0.81903468 -0.61985072]
[ 0.82809305  0.4869301   1.18471083  0.83103856]
[ 0.77409819  0.92750044 -0.87664949  0.28732005]
[-1.06902589  0.53256846  0.30855025  0.68945321]
[-0.63026336 -1.71805232  0.98942919  0.02688092]
[ 1.33009376 -1.02462507  1.5546436  -1.93184213]
[ 0.47244097  1.60941033 -0.6763299  -0.5717819 ]
[ 0.23623781  2.0128561  -0.39557834 -0.68156205]
[-0.85517178 -0.20034894  2.22398517 -0.11896547]
[-1.06711214  0.98493368  0.40450863  0.62207686]
[ 1.05634691  0.00784659  1.47347818 -0.16787319]
[-0.91338195 -0.87725184 -0.68501254 -0.08258298]
[ 1.14533867 -0.3687879  -1.61105903  0.19186272]
[ 1.06597988  0.03336627  1.01952421  0.52617055]
[ 1.16061493 -0.4973556   2.36583201 -3.18752593]
[-1.07871096 -0.36953303 -0.55619998 -0.47547174]
[ 0.03064407  1.34867453  1.12219105  1.55737074]
[ 0.24536187  1.1208286   3.14905939 -1.44967606]
[ 0.55541031  1.44060468 -1.01111007 -2.10841112]
[-0.92278814  1.70929843  0.52694578  0.56573175]
[ 1.19432195 -0.4806424   1.97385742 -2.03258326]
[ 0.86266618  0.54493289 -1.44035987 -1.03803153]
[-0.18960183  1.97664986  0.34575425  0.9041181 ]
[-0.77017808 -1.27017894 -0.94778074 -0.16754818]
[ 1.25435218 -0.43541653  0.5698267   0.57337966]
[-0.92101427 -0.52883637  0.21017579  0.86641166]
[-0.65099951  1.44317301  0.86838024  1.3501271 ]
[-0.77138808 -1.23396878 -1.21546356 -0.93241826]
[ 1.08917881 -0.1277673   1.91812461 -1.25204096]
[-0.86465472 -0.37557152  1.09323484  0.89780608]
[ 0.60762956  1.33879184 -0.97418596 -1.14488648]
[-0.78748276 -1.07065811  0.53046179  0.79538121]
[-1.11332768 -0.3775585  -0.76752511 -1.34802326]
[-1.16081702  0.54099528  0.07404918  0.16053888]
[-0.92658705 -0.67463949 -0.15023827  0.61591261]
[ 1.45259577 -1.29016609  0.24326338  0.1366783 ]
[-0.36395197 -2.13392626 -1.15403341  0.25932178]
[ 0.982668    0.15678096 -1.56413477 -0.55128169]
[ 1.37092343 -0.82447903 -0.35687338  1.03785816]
[ 0.96176412  0.42980079 -1.06340999  0.52349445]
[-0.93218777 -0.03008732  0.65955505  1.07553797]
[-0.82817337  0.09248453  1.68196144  0.75814144]
[ 0.5616511   1.40688087 -0.70921288 -0.14236712]
[ 1.25011568 -0.45833624  0.88457939  0.14390868]
[-0.59977477 -1.72064401 -0.6166859   0.54612054]
[-0.8432298   2.11039519  0.4611554   0.12530071]
[ 0.49288319  1.47299957 -0.4696155   0.39534021]

Populations

0.00153181555316
0.0111396119608
0.00590490556345
0.0122483134456
0.0269402194209
0.0049418705065
0.0104593654169
0.00628011087793
0.00331293515511
0.007347881045
0.0152698464882
0.00146219372264
0.0158133648491
0.00564376844926
0.00371332954338
0.01638280743
0.00349109512059
0.0157036700901
0.0161251878437
0.00303841656542
0.0100403452616
0.0211120960904
0.0191021246894
0.0137745169449
0.00396457367902
0.00968234075779
0.00558294496265
0.0247754555758
0.0057681129573
0.00641190676101
0.00589325189747
0.00531341296073
0.0015745481596
0.00900652857507
0.0145846038813
0.00966281293909
0.0161741400183
0.00531382641395
0.00876404798632
0.010806089259
0.0100047893722
0.00175128185264
0.0442735049267
0.00208855525316
0.00641592517705
0.00597714794679
0.0232398046202
0.0171462200699
0.028021703158
0.00171330184386
0.0226033083255
0.00358344493135
0.0260220166362
0.00904302073964
0.00248799194882
0.0176796606096
0.0150181361102
0.00568772143824
0.005371627091
0.0113419714183
0.0179739826375
0.00705806062884
0.00270873777824
0.00813692461218
0.004955504696
0.0174299131134
0.00584051825615
0.00599466342167
0.00652996529708
0.00667271105691
0.00812686658659
0.0128713637797
0.0225154530223
0.00623443125169
0.00525789326575
0.00880208243746
0.012208526644
0.00571758152837
0.00843141598606
0.0152903416819
0.0211116931819
0.0168721939893
0.00507944640194
0.014798587424
0.00283662480335
0.00461407759679
0.0305156001539
0.00754440339366
0.00945560013691
0.0153326211667
0.008091880751
0.00161768899456
0.0145690229402
0.00527409909628

State labels

1
2
3
4
5
7
8
9
10
11
12
13
14
15
16
17
18
19
20
21
23
24
25
26
27
28
29
30
31
32
33
34
35
36
37
38
39
40
41
42
43
44
45
46
47
48
49
50
51
52
53
54
55
56
57
58
59
60
61
62
63
64
65
66
67
68
71
72
74
75
76
77
78
79
80
81
82
83
84
85
86
87
88
89
90
91
92
93
94
95
96
97
98
99

Eigen values

1.0
0.824829891826
0.791908577516
0.769738165297
0.715617502059
0.704977993515
0.676511234451
0.673325188504
0.651368969065
0.631607613405
0.62059114918
0.596773104864
0.558870326181
0.553111845575
0.541520787736
0.533669774845
0.513782590333
0.495913674805
0.486628041967
0.463530459476
0.450035737929

Left eigenvectors

[  1.53181555e-03   6.00182567e-04   1.98877173e-03  -3.15881803e-03
  -8.80277723e-04  -3.73481922e-03   3.99140568e-06   1.69102437e-04
  -4.02290988e-04   7.20700799e-04   7.16885348e-03   3.89096355e-03
   3.86134413e-03  -3.09245831e-03   9.60898338e-03  -7.63808199e-03
   2.70364334e-03  -3.53195435e-04  -1.45164500e-03  -1.32479331e-03
   9.88509802e-03]
[ 0.01113961  0.00407803  0.005661    0.01028974 -0.00548024 -0.00046766
  0.00056801 -0.00372133 -0.00544966  0.00256701  0.00423356 -0.01770945
 -0.00713028 -0.01265823  0.0023688   0.02195945  0.00276581  0.00719816
  0.00566563 -0.00293871  0.00980525]
[ 0.00590491  0.00221264  0.00305606  0.00253414  0.00533536 -0.00496591
  0.00366803  0.00788423 -0.00613468  0.01478785  0.00786479  0.01370475
  0.00911743  0.01186629  0.01010649  0.00765251 -0.00758276  0.00949045
 -0.01012292 -0.01069807 -0.00222592]
[ 0.01224831  0.00596954  0.00011194  0.00552786  0.01197872 -0.00647285
  0.00935716  0.01565816 -0.01082103  0.02247263  0.00977662  0.00507213
  0.01049747  0.00626289 -0.01690607  0.01922817 -0.00774639  0.01473206
 -0.00400804 -0.00015192  0.01891504]
[ 0.02694022  0.00820778 -0.01636365  0.01541765 -0.00347194  0.016785
 -0.00691493  0.02256011  0.03262946  0.00348647  0.00261087 -0.00563367
  0.02650539  0.02028843 -0.00618041 -0.02095128  0.0215053  -0.00250198
  0.021824    0.02467168 -0.00422125]
[  4.94187051e-03   1.61271048e-03   5.28073160e-03  -1.60974116e-03
   2.70088664e-03  -2.34245812e-03   1.63415372e-03  -7.39662771e-04
  -1.31241405e-03   3.57506692e-03   1.21836507e-02   1.33469861e-02
   1.10627435e-02   7.70502596e-03   2.07751336e-02  -3.88311446e-04
  -2.27633895e-03  -5.00848857e-03  -7.65462362e-05  -1.00286094e-02
   4.57240008e-03]
[ 0.01045937  0.00350782  0.00578348  0.00167642 -0.0051732   0.00767907
 -0.00389787 -0.00289344 -0.01150479 -0.01362885 -0.00415111 -0.01247969
 -0.00023035 -0.00247274  0.01156082  0.0231918   0.00355473  0.00137162
  0.00052708 -0.00333518  0.01401344]
[ 0.00628011  0.00173623  0.00699289  0.00131243 -0.00196399  0.00644443
 -0.00230483 -0.00172983  0.00629921 -0.00263111  0.00561682  0.00502418
 -0.01316229 -0.01049682  0.00093652  0.01585442  0.00309203 -0.00866048
 -0.00604702 -0.00763889 -0.0040377 ]
[ 0.00331294  0.001121    0.00135496  0.00277825  0.00163695 -0.0018525
  0.00169302  0.00427199 -0.00113861  0.00627463  0.00361611  0.00644804
  0.005927    0.00555026  0.00732934  0.0029798  -0.00310209  0.00690524
 -0.00390363 -0.00989136 -0.00780476]
[ 0.00734788  0.00365035 -0.00592312 -0.00381516  0.01018338 -0.00097344
  0.00631834  0.00879747 -0.00205315 -0.00122986 -0.00027406  0.0046198
  0.00257351 -0.00575336 -0.013579    0.00232932 -0.01328282 -0.00713344
  0.01237305 -0.00600265  0.01642638]
[ 0.01526985  0.00551589 -0.00202577 -0.01554998 -0.00422934  0.00709586
  0.00866088 -0.00357834 -0.01308134  0.01188304  0.01641912 -0.00810075
 -0.00739862 -0.00088896 -0.00177268 -0.0104421   0.01387393 -0.00039947
 -0.00937048  0.01968083 -0.00159398]
[  1.46219372e-03   7.45957243e-04   1.84448388e-03  -3.21062629e-03
  -2.64000780e-03  -2.50442381e-03   2.80731418e-04   9.80077262e-05
  -2.53394570e-03   2.18488239e-03   7.53954806e-03   2.68529709e-03
   3.18074481e-03  -7.83138567e-03   7.53263046e-03  -9.99331222e-03
   5.97715128e-03  -9.98944178e-04  -2.96474228e-03   3.70282093e-03
   1.01565200e-02]
[ 0.01581336  0.00482445  0.01447911 -0.00950237 -0.01479394  0.00273723
  0.00405964 -0.0135501  -0.01583335  0.00679011  0.01991273 -0.00775198
  0.01007739 -0.02766361  0.00508112  0.00987762 -0.0048254   0.00954349
  0.01415398  0.02494182 -0.01056078]
[ 0.00564377 -0.03708576 -0.00634786  0.00625606 -0.00685173 -0.00169016
  0.01072437  0.0066459  -0.00950805 -0.01449519  0.01599778  0.00634965
 -0.00690775  0.00452901 -0.00519063  0.00098541  0.00367567  0.00377672
  0.00295071  0.00106885 -0.00253404]
[ 0.00371333  0.00129485  0.00093885  0.00143981  0.0038863  -0.00341488
  0.00220838  0.00578327 -0.00551859  0.01004362  0.00100033  0.00434275
 -0.00018879  0.0047099  -0.00501771  0.0057987  -0.00427904  0.00571833
 -0.00717521  0.00455075  0.00417769]
[ 0.01638281  0.00164075 -0.01395354 -0.005204    0.00391935  0.01791495
 -0.00731823  0.00796823 -0.00313609 -0.02012899 -0.01276003 -0.01569479
  0.02726944 -0.00786977  0.01096499  0.00869134  0.00379514  0.01914648
 -0.02809074 -0.00556602  0.00017758]
[  3.49109512e-03   1.03787413e-03   1.34103661e-03  -3.13014084e-04
   4.34340319e-03   1.80034113e-03  -7.23664633e-05  -3.22098739e-03
  -1.72920652e-03  -1.08795585e-02  -1.37939996e-03  -2.38132086e-03
   5.82398140e-03  -8.56741124e-04  -8.03312182e-03  -9.45954457e-03
  -7.13852795e-03   2.09120376e-03  -1.66681406e-02  -2.28068973e-03
   2.53435735e-03]
[ 0.01570367  0.00541246 -0.00238508  0.01160383  0.01834839  0.00157801
  0.00253589  0.01732742 -0.00144073 -0.01336323 -0.00709239 -0.00647779
  0.01548309 -0.01792759  0.00522053  0.00637283  0.00271545  0.0136231
 -0.00205546 -0.0013118  -0.00545573]
[ 0.01612519  0.0051145   0.0066783   0.01247918 -0.00695399 -0.00037988
  0.00206039 -0.00797395 -0.00895117 -0.00175897 -0.00384835 -0.02211917
 -0.0029222   0.0084386   0.00666745  0.00348722  0.0174051   0.00896404
  0.0194034  -0.00778426  0.00614714]
[  3.03841657e-03   1.13494090e-03   3.48180369e-03   7.79898787e-05
   2.65772441e-03   1.15448063e-03  -1.96492555e-04  -5.52556758e-04
  -2.74408492e-04  -2.73560164e-03   4.53863109e-03   7.98298619e-03
   7.22223972e-05   3.03451258e-03   1.19495414e-02   5.02105354e-03
   1.00895321e-03  -8.89274703e-03  -2.99234443e-03  -5.60067768e-03
   3.12694691e-03]
[ 0.01004035  0.00423066 -0.00276738  0.0156152   0.00901565 -0.00962436
  0.00505923  0.00740701 -0.00515848  0.00574318  0.00020548 -0.01307289
  0.00511047 -0.00590302 -0.00109215  0.00501246 -0.00385046  0.00650321
 -0.00612015 -0.00544975  0.00686025]
[ 0.0211121   0.00349219  0.01977809  0.00252559 -0.02154568  0.0162782
 -0.00527073 -0.00538087  0.02509949  0.01333944  0.02042392  0.00110549
 -0.02431738 -0.03706005 -0.01571137  0.02740085  0.00044447  0.00449594
 -0.00495413 -0.01842926 -0.0155659 ]
[  1.91021247e-02  -2.25088141e-02  -3.33686879e-03   1.46288399e-02
  -1.65670558e-02  -3.49512483e-03   3.47235374e-02  -1.81838972e-02
   1.32068940e-02  -8.46436897e-05  -6.76176338e-03   5.68245011e-04
  -4.27923410e-03   4.10211509e-03   4.45677289e-03  -7.69584697e-03
  -2.19898049e-02   5.60777273e-03  -4.37077897e-03  -1.11614984e-02
   8.20201558e-03]
[ 0.01377452  0.0080871  -0.03553469 -0.03032093  0.00392602  0.01373265
  0.01442585  0.01239042 -0.00454988  0.00598596  0.00772964 -0.01898987
 -0.02768681  0.00363693  0.01450598 -0.00410615 -0.01429471 -0.01129564
  0.00403048 -0.00737571 -0.00613296]
[ 0.00396457  0.00203722  0.00033467 -0.00408671 -0.00668922 -0.00454455
 -0.00523254  0.00135871 -0.00562019 -0.00608196 -0.00305293  0.0045448
  0.001122   -0.00507336 -0.00369077 -0.00521479 -0.00464417  0.00544673
  0.0058692  -0.01071543 -0.00348244]
[ 0.00968234  0.00401475  0.00029776  0.00953189  0.00666855 -0.00336999
 -0.00108022  0.00126446  0.00213444 -0.00515057  0.00088961  0.00333283
 -0.00526583  0.00107779  0.00239777 -0.00501178  0.0032418  -0.01004728
  0.00312781 -0.00131035 -0.00872891]
[  5.58294496e-03   2.43405845e-03   4.70166209e-03  -8.34825823e-03
  -9.31141036e-03  -3.14225941e-03   1.09736027e-03   6.11158240e-05
  -8.83511776e-03   6.65315618e-03   1.35371623e-02   1.89550383e-03
   2.97087955e-03  -1.92984843e-02   5.38837124e-03  -1.64473438e-02
   1.27059086e-02  -2.20799247e-03  -5.62273566e-03   1.25153434e-02
   7.72217106e-03]
[ 0.02477546 -0.00689666  0.02638694 -0.01607436  0.02094896  0.00921473
 -0.02848587 -0.03387234  0.01355969  0.00963282  0.01792647  0.00047825
 -0.02795615  0.01655642 -0.01127649 -0.00902165 -0.0165849   0.02362931
  0.00599442 -0.00512277 -0.00699098]
[ 0.00576811 -0.01318632  0.0052061  -0.00601706  0.01155604  0.00430367
 -0.02657713 -0.0079493   0.00424842  0.01483518  0.00019956 -0.008744
 -0.00379231 -0.00190508 -0.00016083 -0.00525708 -0.01122305 -0.00011499
  0.00664744 -0.00833903  0.00569187]
[ 0.00641191  0.0006278  -0.00048629  0.00566786 -0.0098367   0.00964135
  0.00021886  0.00717027  0.02267144  0.00371498 -0.00162953  0.0021763
  0.0014984  -0.00062527 -0.00019924 -0.00661211 -0.00575887  0.00578644
  0.00310471  0.01446557  0.00706092]
[ 0.00589325  0.00184142  0.00355634 -0.00133583 -0.00079129 -0.00772349
 -0.00087665  0.00639352 -0.00209166  0.00014059 -0.00035885  0.0061807
 -0.00230568 -0.0055274  -0.00504219 -0.01184076 -0.00347676 -0.00051652
 -0.00553389 -0.01014791 -0.01224413]
[ 0.00531341 -0.03343243 -0.00523125  0.00251577 -0.0013534  -0.00039624
 -0.00141262  0.00801122 -0.00803106 -0.00662537  0.00843259  0.0020523
 -0.00033609 -0.00023585 -0.00206145  0.00232011  0.00671051 -0.00177766
  0.00121421  0.0035081  -0.00225709]
[  1.57454816e-03   5.89618636e-04   1.86600334e-05  -7.00505680e-04
  -1.67146507e-03   3.59050523e-04  -1.06304190e-03   3.58203401e-04
  -1.76819809e-03  -2.10842432e-03  -3.05262317e-05  -5.95762951e-04
   4.47467450e-03  -4.98770985e-03   1.80163002e-03  -1.03182173e-05
  -1.29869174e-03   7.14811097e-03   2.22363388e-03  -4.03359787e-03
  -1.10335640e-02]
[ 0.00900653  0.00338936  0.00309865  0.00359363  0.01104587 -0.00125679
  0.00246118  0.01065722 -0.00708279  0.00150958 -0.00024059  0.00546139
  0.00081882 -0.00957392 -0.00467066  0.0109842  -0.0048155   0.00738649
  0.00442337  0.02002128  0.0035015 ]
[ 0.0145846   0.00563141 -0.00261781 -0.00726248 -0.00960407  0.01037893
  0.00689235  0.00335355  0.00305812  0.01740768  0.01582957 -0.00497077
  0.0190595   0.01239589 -0.04057931  0.00783976  0.02585033 -0.01797966
 -0.00481003 -0.02002807  0.0089352 ]
[ 0.00966281  0.00209766  0.00546937  0.00017337  0.01255981  0.00275122
 -0.00365987  0.00129271  0.00529724  0.00118126  0.00753436  0.00918112
 -0.00032104  0.01324128 -0.00353174 -0.00825382 -0.00111124  0.00462936
  0.02410897  0.00130835 -0.00335822]
[  1.61741400e-02   5.64048510e-05   1.48492066e-02  -1.37646867e-02
  -4.42808061e-04  -3.38704860e-03   8.03959069e-03  -2.86274483e-02
  -3.41470206e-03   4.97919111e-05   1.11096577e-02   2.48365992e-03
   2.05569504e-02  -3.61853411e-03   7.21553643e-03   1.94554276e-03
  -2.36509246e-02  -1.07728570e-02   1.04851447e-02   1.78989957e-02
  -1.57044848e-02]
[ 0.00531383  0.00524276 -0.02244709  0.00609875 -0.00804492 -0.00947271
 -0.01908977 -0.01572524 -0.00029988 -0.00403325  0.00331154  0.01938144
  0.00061122  0.0003357  -0.0042993   0.00746811  0.00228676  0.002505
 -0.00082247  0.00963566  0.00258922]
[ 0.00876405 -0.01385764 -0.0020559  -0.00824111  0.0047184  -0.00982599
  0.00183309 -0.00017979  0.00047102  0.01498624 -0.02051929  0.00367177
  0.00592176 -0.00421316  0.00216171  0.00683324  0.00504617 -0.00918895
 -0.00792246  0.00718363 -0.00433577]
[ 0.01080609  0.00047911  0.0105531  -0.00161387  0.01058981  0.00221614
 -0.00754813 -0.00452846 -0.00145421  0.00308059  0.00333436  0.01098911
 -0.02014253  0.00973385  0.00238491  0.0083593  -0.00490286 -0.00242195
 -0.0130276   0.00369022 -0.00319439]
[ 0.01000479 -0.03724606 -0.00413312 -0.0042605   0.00914065  0.0020978
 -0.023904    0.00843137 -0.00240931  0.01104478 -0.0098026  -0.00720031
  0.01227747 -0.00903435  0.005439    0.00295229  0.00646631 -0.01053435
 -0.00326168  0.0043015   0.00082725]
[ 0.00175128 -0.00053981  0.00135355 -0.00810987 -0.00099508 -0.01476571
 -0.00073103  0.00470392  0.00953943 -0.00510428 -0.00211874 -0.00405726
 -0.00189186  0.00220119  0.00032652  0.00640648  0.00513874  0.00451689
 -0.00017993 -0.00163466  0.00564499]
[ 0.0442735   0.0120759  -0.01759612  0.08762958  0.00142354 -0.06131935
  0.01118417 -0.01882955 -0.01011155  0.02342347 -0.00199304 -0.07655123
 -0.02651676 -0.00558832  0.01565089 -0.02503427 -0.01133868 -0.02687874
 -0.01832125 -0.02300099  0.00686087]
[ 0.00208856  0.00176577 -0.00654267 -0.00201427 -0.00373494 -0.00137163
 -0.00543008 -0.00266679 -0.00215133 -0.00322035 -0.00054246  0.00711106
  0.00131262 -0.00204568 -0.00268736  0.00146039 -0.0025973   0.00520921
  0.0022974  -0.00531451  0.00083313]
[ 0.00641593  0.0053773  -0.01958791  0.0135799  -0.00693559 -0.01400403
 -0.01805383 -0.01577164  0.00125125 -0.00186087  0.00385757  0.01250144
 -0.00128447  0.00142787 -0.00202711  0.00255676  0.00464587 -0.00348507
 -0.00134456  0.01228547 -0.00104955]
[  5.97714795e-03   8.02800369e-04   4.51166166e-03  -1.36632726e-02
  -9.65613140e-05  -1.79922936e-02  -3.14795196e-03   1.87002554e-03
   8.82759536e-03  -7.95675912e-03   6.70766940e-03  -1.54408205e-04
  -1.24842202e-03   1.96428352e-03   4.91328618e-03  -7.08170357e-03
  -5.01353284e-03   8.24039014e-03   3.78689396e-03  -9.74955903e-03
   5.59060561e-03]
[ 0.0232398   0.01038152 -0.02141455  0.0471308  -0.00372716 -0.03106583
 -0.01173402 -0.0133641   0.00648349  0.00682593  0.00385831 -0.02079847
 -0.0069677   0.00401403  0.00830361 -0.01801526  0.0075239  -0.02051877
 -0.00135376  0.00280906 -0.01250657]
[ 0.01714622  0.00745774  0.00230505  0.00727029  0.02443625  0.00435356
  0.00129065  0.01648469  0.00199851 -0.01787969  0.00049612  0.01378952
  0.00697044 -0.01206596 -0.01414627 -0.00360671 -0.01196362 -0.01403851
  0.02746646  0.01258405  0.00990417]
[ 0.0280217   0.0083564   0.0229814   0.0058024   0.01874697  0.01877651
 -0.00691423 -0.00301764  0.00149243 -0.03556428  0.00260505  0.02672557
 -0.03343454  0.00018489  0.02816652  0.03930404  0.0143705  -0.04732471
 -0.02047486 -0.00609322  0.00595812]
[ 0.0017133   0.00047664  0.00145814 -0.00263981 -0.00018973 -0.00510932
 -0.00082259  0.00184538  0.00131107 -0.00164766  0.00135352  0.00157373
 -0.00093895 -0.0010776  -0.00023432 -0.0052174  -0.00235387  0.00205716
 -0.00072675 -0.00620831 -0.00256604]
[ 0.02260331  0.0055645   0.00154298  0.00619322  0.02673946  0.00536906
  0.00254942  0.01980781 -0.00040673 -0.02160218 -0.01228949  0.00266741
  0.00415804 -0.02099188  0.00831111  0.00622705  0.01379463  0.01096181
  0.00123958  0.0103569  -0.01066466]
[  3.58344493e-03   1.83858190e-03   9.14844655e-04   1.91748660e-03
   6.55997430e-03  -1.93947736e-05   6.60676915e-04   3.00745376e-03
  -4.97119620e-04  -7.43799786e-03  -5.76460363e-04   3.91659449e-03
   1.81104744e-03  -6.13959998e-03  -6.35027808e-03  -5.28512573e-03
  -6.46364057e-03  -7.18502281e-03   6.85217411e-03   1.71306600e-03
   2.75406642e-03]
[ 0.02602202  0.0050454   0.00393692  0.02181468 -0.00355257  0.00010307
  0.00260816  0.01176455  0.0130759   0.00079379  0.00244803  0.00333791
  0.01339775 -0.00100033  0.01926643 -0.00643167  0.00610467  0.01359618
  0.01153793 -0.02609295 -0.04343394]
[ 0.00904302  0.00296686  0.00596875  0.00124362  0.01225484  0.00413191
  0.00197944 -0.00517126 -0.00176691 -0.01401547 -0.00464447  0.00884104
 -0.01470849 -0.00359718  0.00033144 -0.00293177  0.01375979 -0.00669479
 -0.00199817  0.00044957  0.00171664]
[ 0.00248799 -0.00056203  0.00222809 -0.00694686 -0.00128177 -0.00920924
  0.00077599 -0.00072394  0.00474819 -0.0031453  -0.00041156 -0.00327794
  0.00392354  0.00341871 -0.00132534  0.00428645 -0.00370705 -0.00723249
 -0.00140887  0.01180253 -0.01069269]
[ 0.01767966  0.00571239  0.017294   -0.00293751 -0.02686627  0.00635095
 -0.00567197 -0.01102302 -0.03301541 -0.01535066 -0.0100291  -0.02354125
  0.00358252  0.01175803  0.00829768  0.01658968 -0.00340169  0.00624988
  0.02726423  0.002128    0.02042016]
[ 0.01501814 -0.00877163 -0.00639462  0.00123444  0.00354421  0.01499933
 -0.01457921  0.01813867  0.00687115 -0.00870299 -0.01684494 -0.00814855
  0.02569796 -0.00552037  0.01310869  0.00137518  0.01339209  0.0047588
 -0.01442923  0.00841913 -0.00328858]
[  5.68772144e-03  -2.17199438e-03   1.62678570e-03  -1.50789915e-02
  -2.22356048e-03  -2.16008315e-02   5.59303500e-04   7.72138700e-03
   1.02626464e-02  -2.22228222e-03  -7.45272298e-03  -4.41585079e-03
  -3.83869797e-04  -9.84214157e-05  -3.66507326e-03   8.24054606e-03
   5.01625125e-03  -7.22252114e-03  -3.25491366e-03   9.64300505e-03
  -8.93231872e-03]
[ 0.00537163 -0.01939967  0.00181883 -0.0052024   0.01109373  0.00371411
 -0.02809162 -0.002451    0.00218746  0.01585328 -0.00393439 -0.01018903
  0.00241549 -0.00588961  0.00245714 -0.00331786 -0.00727484 -0.0056114
  0.00485171 -0.00627243  0.00657462]
[  1.13419714e-02   4.22596416e-03  -9.56841297e-03  -1.58835533e-02
   1.04561519e-02  -7.04792041e-03   6.96937814e-03   1.49904108e-02
   4.23420486e-03  -2.79218785e-03   2.62132610e-04  -4.45266462e-03
  -1.13497412e-02   4.58422057e-04   9.05921231e-05  -7.45836914e-04
  -5.23758781e-03  -2.61440696e-03   1.20532620e-02   1.57361491e-03
  -9.91782696e-04]
[ 0.01797398  0.00735401  0.00509024  0.00714231  0.02107104 -0.00560981
  0.00330516  0.00163588 -0.00607307 -0.02933085 -0.00456299  0.00845602
  0.00240893 -0.0222783  -0.02014249 -0.02654764 -0.02158067 -0.02164738
  0.00229004 -0.00703267  0.00123391]
[ 0.00705806  0.00204932  0.00413036  0.00222451  0.00236042  0.00221094
 -0.00041079  0.00187524  0.00455332  0.00202499  0.00821047  0.00752199
  0.01080404  0.01500437  0.00903569 -0.00550879  0.00391089 -0.00098499
  0.01611423 -0.01010004 -0.00553282]
[ 0.00270874  0.00148031 -0.00080059 -0.00013328  0.00482129 -0.00087147
  0.00202155  0.00247943 -0.00128965 -0.00401607 -0.0006592   0.00247652
  0.00114721 -0.00500851 -0.00733326 -0.0031729  -0.00784979 -0.00597265
  0.00482327 -0.00346761  0.00660634]
[ 0.00813692  0.00085069  0.00262182 -0.00381796  0.00527568  0.0076758
 -0.00149595 -0.01002792 -0.00251881 -0.01836545 -0.00193478 -0.00943932
  0.01316022  0.00660201 -0.0110147  -0.01155017 -0.00750049  0.01290041
 -0.03601723 -0.00184643  0.00446014]
[ 0.0049555   0.00203785 -0.00266588  0.0007637  -0.00244709  0.00464355
  0.00038417  0.004268    0.00598474  0.0045545   0.00411958 -0.00220007
  0.00993779  0.00711495 -0.0120023  -0.00204455  0.01168223 -0.00575646
  0.00332896 -0.00058266  0.00186559]
[ 0.01742991  0.00598452 -0.00038536  0.00190693  0.01832898 -0.00188651
  0.00391495  0.01226161  0.00254099  0.00974093  0.00180897  0.00942594
 -0.00767728  0.01832324 -0.00934319 -0.00890015  0.01123808  0.01223326
  0.01837451  0.01598402 -0.00303129]
[  5.84051826e-03  -3.61956971e-03  -4.72706999e-06  -6.09810424e-03
   7.71385207e-04  -1.95185082e-03   1.31819805e-02  -1.65787481e-02
   6.70093404e-04   7.28961465e-03  -1.26411040e-02   6.28951072e-03
   1.01810727e-02  -5.51980948e-03   4.60005403e-03   1.74509537e-03
  -4.10611170e-03  -6.36745385e-03   5.33368883e-03  -8.55727631e-05
  -3.26619755e-03]
[  5.99466342e-03  -2.75696892e-02  -4.80990107e-03   7.25827224e-03
  -8.67373969e-03  -2.03625530e-03   1.64618495e-02   7.18615428e-04
  -4.24118273e-03  -1.18424606e-02   1.15165535e-02   5.63430111e-03
  -7.60410729e-03   5.41636164e-03  -3.60680513e-03  -1.37990294e-03
  -3.23331957e-03   5.75047945e-03   1.67137061e-03  -2.70451787e-03
   4.57013805e-05]
[ 0.00652997 -0.00024367  0.00673662 -0.01153685 -0.00229662 -0.01112651
  0.00193843 -0.00900941  0.00532463 -0.007243    0.00533896 -0.0051833
  0.01047642  0.00883087 -0.00011263  0.00336962 -0.01319661 -0.01026825
 -0.000323    0.01686404 -0.0144394 ]
[ 0.00667271 -0.00338815 -0.00159779 -0.00448198  0.00564784  0.00028557
  0.01466083 -0.01546951  0.00077904  0.00675257 -0.02025293  0.00748559
 -0.00182615 -0.00367404  0.00157277 -0.00382412  0.01667143  0.00592207
  0.00462786 -0.00273825  0.00180803]
[ 0.00812687  0.00258045  0.00726287 -0.01001269 -0.01745976 -0.00948289
 -0.00458977  0.0103843  -0.00633967  0.00479415 -0.00201506  0.00606755
 -0.00406969 -0.01524361 -0.01397392 -0.01264261  0.00969351 -0.00818525
 -0.00748118 -0.00761137 -0.0114027 ]
[ 0.01287136  0.00754819 -0.03195618 -0.01254409 -0.00380754  0.0146207
 -0.00571599  0.00545139  0.00073802 -0.00402557  0.00505342 -0.00599998
 -0.00053996  0.00474626  0.00987417 -0.00167763 -0.00177692  0.00726543
 -0.00470818  0.00444369 -0.00499407]
[ 0.02251545  0.00276709  0.0080558   0.0038819   0.01261051 -0.01682237
  0.00234456  0.01934571 -0.0233659   0.03611693 -0.0079518   0.02098377
 -0.01707993  0.01932769 -0.00443434  0.00508964 -0.01258048  0.00904195
 -0.03255403  0.02356759 -0.007872  ]
[ 0.00623443 -0.00507766  0.00131045  0.00631559 -0.01293629  0.0058285
  0.00990939 -0.00141076  0.01968045  0.00297819 -0.00390993  0.00343879
 -0.00548825 -0.0038048   0.00253321 -0.00417846 -0.01777167  0.0081787
 -0.00381223  0.0038958   0.01109773]
[ 0.00525789  0.00110526  0.00458163  0.00216184 -0.00261363  0.00650627
 -0.00316165  0.00440762  0.00416964 -0.00635654 -0.00508728  0.00698112
 -0.00491461  0.00313051  0.00958617  0.00541657  0.00332082 -0.01190627
 -0.00607876 -0.00014259  0.00120585]
[ 0.00880208  0.00690466 -0.03255084 -0.00532944 -0.00956205 -0.001221
 -0.01731576 -0.01259028 -0.00278685 -0.00623212  0.00112454  0.02158368
  0.00337666 -0.00168625 -0.005155    0.01033765 -0.00339971  0.01031513
  0.00076375 -0.00401901  0.00599916]
[ 0.01220853 -0.00188536  0.00628582  0.00969345 -0.02582907  0.0185457
  0.00386961  0.00810956  0.04212086  0.00750089 -0.00519083  0.00775209
 -0.00934755 -0.01100769  0.00252072 -0.00380311 -0.02178804  0.01239389
 -0.00449007  0.01443352  0.0144151 ]
[  5.71758153e-03  -5.09517196e-04   5.30023265e-03  -3.20497763e-03
   7.90527646e-03   3.08328321e-03  -2.88734200e-03  -1.00900472e-02
   1.77131984e-03   8.01646752e-04  -2.70582873e-05   1.36218776e-03
  -1.24763068e-02   4.74831573e-03  -3.68001421e-03  -6.80303347e-03
   8.94365988e-03   1.44084019e-02   3.62581703e-03   1.94477571e-03
  -2.07935954e-03]
[ 0.00843142  0.00275003  0.00627446 -0.00433214 -0.01396758  0.00337118
 -0.00134901  0.00330803  0.00536502  0.01056218  0.00961193  0.00144784
 -0.0037906  -0.01521489 -0.02485966  0.00591595  0.01369797 -0.00884435
 -0.00745316 -0.01890698 -0.00921114]
[ 0.01529034  0.00388713  0.00471172  0.00384116 -0.00974     0.01102231
 -0.00042742  0.00248894  0.00906635  0.00118799  0.00415084 -0.00523698
  0.01950252  0.02803333 -0.00310348 -0.0048554   0.01713278 -0.00933624
  0.01443077 -0.00633136  0.00147731]
[ 0.02111169  0.00313348  0.00792949 -0.00413884  0.02417912  0.00821444
  0.01126968 -0.02099368 -0.00364163 -0.00499722 -0.01667718  0.00581183
 -0.02782999  0.00491967 -0.00492011 -0.01959996  0.05065699  0.03315249
  0.00803921  0.01166328 -0.00074505]
[ 0.01687219 -0.01463645 -0.01074246 -0.01300692  0.00301851 -0.00428093
  0.03779107 -0.03389846  0.00459997  0.02247302 -0.04637601  0.01655603
  0.01297056 -0.01231259  0.00696707  0.0031479   0.00676712 -0.00765725
  0.00511662 -0.01312065  0.00415575]
[ 0.00507945 -0.00010114  0.00387187 -0.00290804  0.00628905  0.0039889
 -0.00213314 -0.00905148  0.00031625 -0.00512146 -0.00068165 -0.00219031
 -0.00315594  0.00519224 -0.0061605  -0.00837086  0.00285566  0.01389238
 -0.0119856   0.00047466  0.00064068]
[ 0.01479859  0.00059695  0.00816008  0.00640949 -0.02142814  0.01610054
 -0.00854461  0.01895486  0.01495205 -0.00332501 -0.01982365  0.00918016
  0.00285021  0.00996395  0.01432875 -0.00531674  0.00183136 -0.00769236
 -0.00567449  0.00304561 -0.00019848]
[ 0.00283662  0.00097525  0.0014145  -0.00013962 -0.00269701  0.00050989
 -0.00021641 -0.00038019 -0.00213347 -0.00086514  0.00224971 -0.00112256
  0.00603207 -0.0077607   0.00364192  0.00073688 -0.00138117  0.00936579
  0.00507884 -0.00290333 -0.01728662]
[ 0.00461408  0.00125614  0.0044551  -0.00060805 -0.00767471 -0.00274472
 -0.00371747  0.00930062 -0.01162024  0.00652449 -0.01185377  0.00728968
 -0.00738488  0.00852911 -0.00203211 -0.0054093  -0.00496228 -0.00046668
 -0.00624269  0.00520078 -0.00188678]
[ 0.0305156  -0.00034699  0.02186237 -0.01410933 -0.01134499  0.01129961
  0.0068463  -0.03708801 -0.00479212 -0.01909339  0.01542434 -0.01980365
  0.02063957  0.04019232 -0.01277702  0.00484272 -0.01568252 -0.0159841
 -0.01572337  0.01056754  0.00487524]
[ 0.0075444   0.00347969  0.00434402  0.00279361  0.00201782 -0.00131074
  0.00361131  0.00343136 -0.00914328  0.00744938  0.0071482  -0.00331196
  0.00298377 -0.01233211 -0.00439354  0.01883418 -0.00445883  0.01228129
  0.0064414   0.01530247  0.00836831]
[ 0.0094556   0.00306135  0.0109843  -0.00348626 -0.0274079  -0.00094045
 -0.01114454  0.01742906 -0.02107265  0.00188397 -0.02652888  0.00901521
 -0.00971186  0.01118112 -0.00263851 -0.01377545 -0.00516758 -0.00464307
  0.00104134  0.00010233 -0.00021193]
[ 0.01533262  0.0038245  -0.03035856 -0.01913972  0.00069919  0.00902461
  0.01152167 -0.00422698 -0.00240109  0.00578535 -0.00947029  0.00321745
  0.00537959 -0.00428734 -0.00665533  0.00962175 -0.0042821  -0.00666189
  0.00092255 -0.02286404  0.0128119 ]
[ 0.00809188  0.00337635  0.00969018 -0.0035238  -0.02314047  0.00029594
 -0.00892521  0.00470689 -0.02424368 -0.00701088 -0.01844867 -0.0029624
 -0.00350554  0.00941676  0.0006058  -0.0028947  -0.00676962  0.00250281
  0.01674956 -0.00398193  0.00897047]
[ 0.00161769 -0.00018776  0.00156111 -0.00736585 -0.00068523 -0.01337391
 -0.00112358  0.00371547  0.00879346 -0.00551762 -0.0002347  -0.00329816
 -0.00191576  0.00237244  0.00146864  0.00403977  0.00353446  0.00653296
  0.00083376 -0.00442676  0.00763742]
[ 0.01456902  0.0095381  -0.03756646 -0.02990124 -0.00019597  0.01919913
  0.01056665  0.01121387 -0.0071758   0.00638807  0.01446723 -0.02253221
 -0.02842222  0.00603741  0.01944439 -0.00892116 -0.01015138 -0.00678664
 -0.00291253  0.00355644 -0.01155499]
[  5.27409910e-03   9.66179849e-04   2.33248409e-03  -3.26771295e-03
  -3.60376663e-03   3.81404043e-03   2.54006466e-03  -4.89248394e-03
  -5.78272392e-05   9.84738046e-04   6.31008440e-03  -4.62223763e-03
   8.81481466e-03   1.07381888e-02  -1.34875382e-02   3.09869448e-03
   4.31786693e-03  -8.65270276e-03  -4.76280609e-03  -4.05696937e-03
   4.04172924e-03]

Right eigenvectors

[  1.00000000e+00   3.91811250e-01   1.29831018e+00  -2.06213994e+00
  -5.74663001e-01  -2.43816510e+00   2.60566990e-03   1.10393472e-01
  -2.62623647e-01   4.70487976e-01   4.67997172e+00   2.54009926e+00
   2.52076311e+00  -2.01881898e+00   6.27293760e+00  -4.98629353e+00
   1.76499274e+00  -2.30573083e-01  -9.47663050e-01  -8.64851717e-01
   6.45319079e+00]
[ 1.          0.36608347  0.50818678  0.92370738 -0.49195929 -0.04198134
  0.05099037 -0.33406318 -0.48921442  0.23043999  0.38004513 -1.58977288
 -0.64008354 -1.13632621  0.21264617  1.97129426  0.24828562  0.64617685
  0.50860227 -0.26380736  0.88021429]
[ 1.          0.37471296  0.51754639  0.42915859  0.90354749 -0.84098101
  0.62118344  1.33519967 -1.03891302  2.50433268  1.33190843  2.32090891
  1.54404406  2.00956545  1.7115412   1.29595886 -1.28414505  1.60721531
 -1.71432422 -1.81172509 -0.37696187]
[ 1.          0.4873766   0.0091389   0.45131578  0.97798926 -0.52846854
  0.76395466  1.27839328 -0.88347135  1.83475291  0.79820153  0.4141085
  0.85705401  0.51132669 -1.38027732  1.56986277 -0.63244574  1.20278312
 -0.32723212 -0.01240363  1.54429769]
[ 1.          0.30466632 -0.60740604  0.57229128 -0.12887568  0.62304626
 -0.25667697  0.83741362  1.21118029  0.12941521  0.09691339 -0.20911736
  0.98385956  0.75309086 -0.22941211 -0.77769539  0.79825991 -0.09287172
  0.81008984  0.91579376 -0.15668934]
[ 1.          0.32633605  1.0685694  -0.3257352   0.54653124 -0.47400233
  0.33067514 -0.14967263 -0.2655703   0.72342384  2.46539255  2.7007964
  2.23857413  1.5591315   4.20390084 -0.0785758  -0.46062295 -1.01348033
 -0.01548932 -2.02931449  0.92523672]
[ 1.          0.33537642  0.55294774  0.16027893 -0.4946001   0.7341808
 -0.37266764 -0.27663587 -1.09995086 -1.30302886 -0.39688003 -1.19315907
 -0.02202296 -0.23641392  1.10530832  2.21732393  0.33986137  0.13113833
  0.05039269 -0.31886977  1.33979873]
[ 1.          0.27646458  1.11349748  0.20898256 -0.31273144  1.02616556
 -0.36700453 -0.27544609  1.00304142 -0.41895942  0.89438183  0.80001426
 -2.09586846 -1.67143938  0.14912516  2.52454492  0.49235235 -1.37903356
 -0.96288386 -1.2163629  -0.64293397]
[ 1.          0.338372    0.40899006  0.83860735  0.49410807 -0.55917065
  0.51103282  1.28948833 -0.3436866   1.89397998  1.09151125  1.94632344
  1.78904812  1.67533064  2.21233911  0.89944393 -0.93635616  2.08432685
 -1.17830009 -2.98567734 -2.35584593]
[ 1.          0.49679005 -0.80609962 -0.51921923  1.38589398 -0.13247858
  0.85988608  1.19728005 -0.27942076 -0.16737588 -0.03729766  0.62872598
  0.3502388  -0.7829964  -1.84801614  0.3170056  -1.80770798 -0.97081602
  1.6838941  -0.81692273  2.23552673]
[ 1.          0.36122791 -0.13266492 -1.01834529 -0.27697336  0.46469741
  0.56718866 -0.23434058 -0.8566778   0.77820318  1.07526418 -0.53050627
 -0.48452465 -0.05821676 -0.11609046 -0.68383769  0.90858362 -0.02616055
 -0.61365932  1.28886912 -0.10438712]
[ 1.          0.51016307  1.26144973 -2.19575986 -1.80551165 -1.71278523
  0.19199331  0.06702787 -1.73297536  1.49424961  5.15632637  1.83648517
  2.1753238  -5.35591526  5.15159541 -6.83446528  4.08779711 -0.68318183
 -2.02759883  2.5323737   6.9460837 ]
[ 1.          0.30508697  0.91562472 -0.60090752 -0.93553394  0.17309605
  0.25672236 -0.85687656 -1.00126392  0.42939088  1.25923417 -0.49021694
  0.63727018 -1.74938162  0.32131811  0.62463757 -0.30514705  0.60350803
  0.89506451  1.57726227 -0.66783911]
[ 1.         -6.57109825 -1.12475617  1.10848957 -1.21403416 -0.29947307
  1.90021462  1.17756509 -1.6846997  -2.5683526   2.83459193  1.12507353
 -1.2239602   0.80248037 -0.91970908  0.17460058  0.65127988  0.66918337
  0.52282605  0.18938575 -0.44899801]
[ 1.          0.34870245  0.25283282  0.38774076  1.04658059 -0.9196286
  0.59471561  1.55743599 -1.48615804  2.70474669  0.26938907  1.16950421
 -0.05084202  1.26837643 -1.35127073  1.56159012 -1.15234602  1.53994663
 -1.93228351  1.22551804  1.12505224]
[ 1.          0.1001508  -0.85171828 -0.31764989  0.23923545  1.09352129
 -0.44670166  0.48637739 -0.19142593 -1.2286653  -0.77886718 -0.95800392
  1.66451575 -0.48036777  0.66929864  0.5305162   0.23165383  1.16869371
 -1.71464734 -0.33974738  0.01083955]
[ 1.          0.29729185  0.38413064 -0.08966071  1.24413774  0.51569524
 -0.02072887 -0.92262951 -0.49531922 -3.11637412 -0.39511956 -0.68211285
  1.66823911 -0.24540756 -2.30103207 -2.70962098 -2.04478185  0.59901082
 -4.77447335 -0.65328776  0.7259491 ]
[ 1.          0.34466206 -0.15188033  0.73892442  1.16841385  0.10048642
  0.16148377  1.10339922 -0.09174473 -0.85096238 -0.45163881 -0.41250137
  0.98595342 -1.14161798  0.33244025  0.40581802  0.17291822  0.8675105
 -0.13089023 -0.08353442 -0.34741764]
[ 1.          0.31717469  0.41415347  0.77389347 -0.4312501  -0.02355801
  0.1277748  -0.49450252 -0.55510482 -0.10908191 -0.23865434 -1.37171539
 -0.18121935  0.52331796  0.41348015  0.216259    1.07937374  0.55590293
  1.20329775 -0.48273939  0.38121343]
[ 1.          0.37353038  1.14592703  0.02566793  0.87470706  0.37996128
 -0.06466939 -0.18185681 -0.09031299 -0.90033792  1.4937488   2.6273508
  0.02376975  0.99871513  3.93281866  1.65252309  0.33206546 -2.92677019
 -0.98483679 -1.84328829  1.029137  ]
[ 1.          0.42136605 -0.27562645  1.55524522  0.89794249 -0.95856842
  0.50388989  0.73772419 -0.5137747   0.57201012  0.02046575 -1.3020361
  0.50899393 -0.58793021 -0.10877575  0.499232   -0.38349913  0.64770749
 -0.60955548 -0.54278539  0.68326846]
[ 1.          0.16541198  0.93681308  0.11962776 -1.02053726  0.77103673
 -0.24965448 -0.25487131  1.18886787  0.6318386   0.96740352  0.05236282
 -1.15182227 -1.75539408 -0.74418798  1.29787466  0.02105296  0.21295544
 -0.23465858 -0.87292443 -0.73729762]
[ 1.         -1.17834087 -0.17468574  0.76582266 -0.86728864 -0.18297048
  1.81778404 -0.95193061  0.69138351 -0.00443111 -0.35397965  0.02974774
 -0.22401875  0.21474653  0.23331294 -0.40287911 -1.15117063  0.29356801
 -0.22881114 -0.58430664  0.42937714]
[ 1.          0.58710613 -2.57974101 -2.20123342  0.28502025  0.99696069
  1.04728543  0.89951743 -0.33031113  0.43456763  0.56115493 -1.37862295
 -2.01000227  0.26403288  1.05310255 -0.29809765 -1.03776505 -0.82003901
  0.29260423 -0.53546048 -0.44523991]
[ 1.          0.51385501  0.08441548 -1.03080616 -1.68724831 -1.14628895
 -1.31982376  0.34271216 -1.41760381 -1.53407765 -0.77005367  1.14635223
  0.28300666 -1.27967248 -0.93093665 -1.3153458  -1.17141843  1.37385115
  1.48041225 -2.70279486 -0.87839009]
[ 1.          0.41464713  0.03075277  0.98446116  0.68873322 -0.34805561
 -0.11156594  0.13059442  0.22044675 -0.5319549   0.09188009  0.34421733
 -0.54385882  0.11131483  0.24764326 -0.51762095  0.33481588 -1.03769147
  0.32304305 -0.1353336  -0.90152848]
[ 1.          0.43598109  0.84214731 -1.49531444 -1.6678313  -0.56283188
  0.19655581  0.01094688 -1.58251923  1.19169295  2.42473504  0.33951684
  0.53213484 -3.45668539  0.96514855 -2.94599783  2.27584343 -0.39548885
 -1.00712719  2.24170998  1.38317163]
[ 1.         -0.27836662  1.06504353 -0.64880161  0.84555289  0.37192967
 -1.14976158 -1.36717339  0.54730344  0.38880494  0.72355781  0.01930319
 -1.12838095  0.668259   -0.4551476  -0.36413658 -0.66940846  0.9537386
  0.24195009 -0.20676787 -0.28217364]
[ 1.         -2.28607137  0.90256495 -1.04315944  2.0034353   0.74611426
 -4.60759558 -1.37814482  0.73653611  2.57192976  0.03459718 -1.51592106
 -0.65746192 -0.33027774 -0.02788291 -0.91140413 -1.94570643 -0.01993559
  1.15244591 -1.44571206  0.98678123]
[ 1.          0.09791149 -0.07584224  0.88395788 -1.53412948  1.50366384
  0.0341333   1.11827384  3.53583473  0.57938814 -0.25414057  0.33941581
  0.23368973 -0.09751706 -0.03107373 -1.0312244  -0.89815254  0.90245153
  0.4842099   2.25604749  1.10122071]
[ 1.          0.31246323  0.60345918 -0.22667183 -0.13427078 -1.31056522
 -0.14875441  1.08488899 -0.35492377  0.0238569  -0.0608917   1.04877513
 -0.39124053 -0.93792072 -0.85558654 -2.00920732 -0.58995656 -0.08764653
 -0.9390212  -1.72195349 -2.07765246]
[ 1.         -6.29208252 -0.98453674  0.47347472 -0.25471363 -0.07457302
 -0.26586011  1.50773615 -1.51146876 -1.246915    1.58703815  0.38624912
 -0.06325346 -0.04438719 -0.38797091  0.43665168  1.26293773 -0.33456055
  0.22851759  0.66023438 -0.42479115]
[  1.00000000e+00   3.74468467e-01   1.18510401e-02  -4.44893144e-01
  -1.06155221e+00   2.28034005e-01  -6.75140924e-01   2.27495996e-01
  -1.12298762e+00  -1.33906626e+00  -1.93872963e-02  -3.78370739e-01
   2.84187846e+00  -3.16770867e+00   1.14422033e+00  -6.55312904e-03
  -8.24802808e-01   4.53978554e+00   1.41223618e+00  -2.56174944e+00
  -7.00744779e+00]
[ 1.          0.3763222   0.34404499  0.3990024   1.22642979 -0.13954165
  0.27326602  1.1832769  -0.78640603  0.16760968 -0.02671265  0.60638159
  0.09091437 -1.06299726 -0.51858639  1.21958175 -0.53466815  0.82012636
  0.49112911  2.22297389  0.38877321]
[ 1.          0.3861199  -0.17949154 -0.49795557 -0.65850767  0.71163615
  0.47257725  0.22993769  0.20968122  1.1935652   1.08536138 -0.34082334
  1.3068235   0.84993003 -2.78233907  0.53753658  1.77243935 -1.23278357
 -0.3298021  -1.37323357  0.61264608]
[ 1.          0.21708565  0.56602289  0.01794241  1.2998092   0.28472222
 -0.37875857  0.13378233  0.54820908  0.12224852  0.77972788  0.95015018
 -0.0332246   1.37033377 -0.36549782 -0.85418375 -0.1150015   0.47909072
  2.49502586  0.13540064 -0.3475401 ]
[ 1.          0.00348735  0.91808323 -0.85103051 -0.02737753 -0.20941136
  0.49706449 -1.76995181 -0.21112109  0.00307849  0.6868778   0.15355746
  1.27097641 -0.22372343  0.44611562  0.12028725 -1.46226783 -0.66605439
  0.64826598  1.1066428  -0.97096258]
[ 1.          0.98662555 -4.2242808   1.14771302 -1.51396051 -1.78265396
 -3.59247192 -2.95930545 -0.05643323 -0.75901039  0.62319288  3.6473608
  0.11502372  0.06317557 -0.80907795  1.40541056  0.43034069  0.4714125
 -0.15477834  1.81331935  0.48726057]
[ 1.         -1.58119197 -0.23458377 -0.94033157  0.53838162 -1.12116991
  0.2091599  -0.02051481  0.05374446  1.70996726 -2.34130333  0.41895803
  0.67568809 -0.48073186  0.24665687  0.77969045  0.57578108 -1.04848257
 -0.90397214  0.81966994 -0.49472266]
[ 1.          0.04433674  0.97658812 -0.14934814  0.97998509  0.20508296
 -0.69850694 -0.41906587 -0.13457342  0.28507896  0.30856262  1.01693693
 -1.86399839  0.90077413  0.22070101  0.77357314 -0.45371274 -0.22412854
 -1.20557972  0.34149434 -0.29561032]
[ 1.         -3.72282266 -0.41311424 -0.42584617  0.9136274   0.20967917
 -2.38925546  0.8427333  -0.24081536  1.10394931 -0.97979069 -0.71968627
  1.22715971 -0.90300228  0.54363997  0.29508768  0.64632147 -1.05293085
 -0.32601211  0.42994452  0.08268571]
[ 1.         -0.3082343   0.77289161 -4.63081811 -0.56820091 -8.43137252
 -0.41742455  2.68598639  5.4471146  -2.91459636 -1.20982122 -2.31673649
 -1.08027271  1.25690361  0.18644453  3.65816657  2.93427359  2.57919191
 -0.10274376 -0.93340623  3.22334859]
[ 1.          0.2727567  -0.39744139  1.97927819  0.03215331 -1.38501223
  0.25261553 -0.42530067 -0.22838826  0.52906294 -0.04501645 -1.7290529
 -0.59893066 -0.12622259  0.3535046  -0.56544593 -0.25610528 -0.60710663
 -0.41381969 -0.51952045  0.15496559]
[ 1.          0.84545131 -3.1326307  -0.96443173 -1.78828865 -0.65673763
 -2.59992329 -1.27685756 -1.03005507 -1.54190104 -0.25972889  3.40477246
  0.62848186 -0.97947354 -1.2867067   0.69923238 -1.24358882  2.49416735
  1.09999275 -2.54458839  0.39890299]
[ 1.          0.83811807 -3.05301383  2.1165932  -1.08099599 -2.18269859
 -2.81390942 -2.45820226  0.19502272 -0.29003896  0.6012493   1.94850105
 -0.20019956  0.22255054 -0.31594961  0.39850191  0.72411585 -0.54319108
 -0.2095655   1.91484063 -0.16358474]
[ 1.          0.13431161  0.75481847 -2.28591842 -0.01615508 -3.0101804
 -0.52666455  0.31286252  1.47689089 -1.33119662  1.12221907 -0.02583309
 -0.20886584  0.32863224  0.82201181 -1.18479643 -0.83878346  1.37864918
  0.63356203 -1.63113898  0.93532997]
[ 1.          0.44671299 -0.92145985  2.02802057 -0.16037808 -1.33675094
 -0.50491047 -0.57505216  0.27898194  0.29371706  0.16602178 -0.89495031
 -0.29981745  0.17272237  0.35730125 -0.77518983  0.32375049 -0.88291497
 -0.05825194  0.12087271 -0.53815317]
[ 1.          0.43494934  0.13443491  0.42401728  1.42516828  0.25390794
  0.07527343  0.96141808  0.11655701 -1.0427776   0.02893456  0.80423092
  0.40652933 -0.70370972 -0.82503744 -0.21035008 -0.69774103 -0.81875221
  1.6018961   0.73392547  0.57763022]
[ 1.          0.29821175  0.82012844  0.20706794  0.66901597  0.67007043
 -0.24674548 -0.10768925  0.05325962 -1.26916906  0.09296532  0.95374531
 -1.19316598  0.00659813  1.00516811  1.40262846  0.51283472 -1.68885908
 -0.73067854 -0.21744648  0.21262534]
[ 1.          0.27820226  0.85107223 -1.54077358 -0.11073711 -2.98214665
 -0.4801215   1.07709148  0.76522713 -0.96168598  0.79000829  0.91853714
 -0.54803317 -0.62895868 -0.13676439 -3.04523027 -1.37387884  1.20069653
 -0.42417972 -3.623595   -1.49771392]
[ 1.          0.24618094  0.06826352  0.27399631  1.18298876  0.23753412
  0.11278959  0.87632327 -0.01799444 -0.95570895 -0.54370326  0.11800977
  0.18395734 -0.92870829  0.36769461  0.27549289  0.61029231  0.48496485
  0.05484058  0.4582029  -0.47181858]
[ 1.          0.51307664  0.25529753  0.53509587  1.83063349 -0.00541233
  0.18436921  0.83926328 -0.13872674 -2.07565569 -0.16086765  1.09296907
  0.50539285 -1.71332338 -1.77211544 -1.47487287 -1.8037505  -2.0050602
  1.91217508  0.47805004  0.76855274]
[ 1.          0.19388949  0.15129173  0.83831645 -0.13652179  0.00396083
  0.10022885  0.45209989  0.5024938   0.03050467  0.09407538  0.12827254
  0.51486227 -0.03844184  0.74038974 -0.24716249  0.23459648  0.52248745
  0.4433912  -1.00272588 -1.66912271]
[ 1.          0.32808334  0.6600395   0.13752259  1.3551708   0.45691687
  0.21889134 -0.57185123 -0.19538986 -1.54986541 -0.51359676  0.97766463
 -1.62650164 -0.39778472  0.03665092 -0.32420296  1.5215927  -0.74032639
 -0.22096274  0.04971457  0.18983023]
[ 1.         -0.22589718  0.89553815 -2.79215639 -0.51518198 -3.70147632
  0.31189276 -0.29097318  1.90844361 -1.26419263 -0.16541767 -1.31750429
  1.57699224  1.37408243 -0.53269595  1.72285491 -1.48997531 -2.90695793
 -0.56626877  4.74379609 -4.297719  ]
[ 1.          0.32310522  0.97818642 -0.16615167 -1.51961434  0.35922325
 -0.32081869 -0.62348606 -1.86742318 -0.86826677 -0.56726758 -1.33154421
  0.20263489  0.6650597   0.46933504  0.93834813 -0.19240685  0.35350703
  1.54212424  0.12036419  1.1550086 ]
[ 1.         -0.58406945 -0.42579314  0.08219654  0.23599559  0.99874755
 -0.9707733   1.20778406  0.45752364 -0.57949879 -1.12164015 -0.54258067
  1.71112813 -0.36758013  0.87285726  0.09156823  0.89172777  0.31686999
 -0.96078724  0.56059769 -0.21897363]
[ 1.         -0.38187425  0.28601712 -2.65114804 -0.39094047 -3.79780052
  0.09833525  1.35755365  1.80435109 -0.39071573 -1.31031786 -0.7763831
 -0.06749096 -0.01730419 -0.6443834   1.44883081  0.8819439  -1.26984439
 -0.57227023  1.69540741 -1.57045643]
[ 1.         -3.61150657  0.33859868 -0.96849624  2.06524516  0.69143026
 -5.22962952 -0.45628552  0.40722439  2.95130028 -0.73243825 -1.89682386
  0.44967524 -1.09642887  0.45742972 -0.61766467 -1.35430871 -1.04463751
  0.9032105  -1.16769667  1.22395338]
[ 1.          0.3725952  -0.84362873 -1.40042262  0.92189899 -0.62140171
  0.61447679  1.32167595  0.37332177 -0.24618188  0.02311173 -0.39258295
 -1.00068504  0.0404182   0.00798733 -0.06575902 -0.46178813 -0.23050728
  1.06271314  0.13874263 -0.08744359]
[ 1.          0.4091474   0.2832005   0.39736943  1.17230776 -0.31210718
  0.18388574  0.09101374 -0.33788137 -1.63185036 -0.25386621  0.47045879
  0.13402293 -1.23947473 -1.12064719 -1.47700358 -1.20066135 -1.2043729
  0.1274084  -0.39126949  0.06864957]
[ 1.          0.29035171  0.58519792  0.31517268  0.33442876  0.31324972
 -0.05820114  0.26568825  0.64512347  0.28690496  1.16327542  1.06573086
  1.53073793  2.12584821  1.28019453 -0.78049595  0.55410329 -0.13955589
  2.2830964  -1.43099421 -0.78390072]
[ 1.          0.54649396 -0.29555707 -0.04920262  1.77990235 -0.321727
  0.74630664  0.91534496 -0.47610699 -1.48263564 -0.24336237  0.91427049
  0.42352068 -1.84902166 -2.70726205 -1.17135633 -2.89795286 -2.20495695
  1.78063387 -1.28015564  2.43890012]
[ 1.          0.1045471   0.32221262 -0.46921398  0.64836246  0.94332978
 -0.18384653 -1.23239661 -0.30955335 -2.25705071 -0.23777794 -1.16005985
  1.61734578  0.8113646  -1.35366898 -1.41947578 -0.92178471  1.58541589
 -4.42639341 -0.22692036  0.5481354 ]
[ 1.          0.41122858 -0.53796311  0.15411078 -0.49381281  0.93704851
  0.07752449  0.86126437  1.20769556  0.91907877  0.83131391 -0.4439646
  2.00540359  1.43576742 -2.4220139  -0.41258183  2.3574257  -1.16163023
  0.67176911 -0.11757748  0.37646747]
[ 1.          0.34334752 -0.0221089   0.10940559  1.05158206 -0.10823416
  0.22461103  0.70348062  0.14578341  0.55886259  0.10378518  0.54079104
 -0.44046555  1.0512523  -0.53604323 -0.51062493  0.64475817  0.70185449
  1.05419429  0.91704556 -0.17391318]
[  1.00000000e+00  -6.19734337e-01  -8.09357968e-04  -1.04410327e+00
   1.32074787e-01  -3.34191374e-01   2.25698815e+00  -2.83857484e+00
   1.14731840e-01   1.24811093e+00  -2.16438053e+00   1.07687545e+00
   1.74317967e+00  -9.45088987e-01   7.87610591e-01   2.98791185e-01
  -7.03038929e-01  -1.09022069e+00   9.13221840e-01  -1.46515702e-02
  -5.59230774e-01]
[ 1.         -4.59903872 -0.80236382  1.21078895 -1.44691021 -0.339678
  2.74608403  0.11987586 -0.70749305 -1.9755005   1.92113429  0.93988615
 -1.26847944  0.90353057 -0.60166933 -0.23018856 -0.53936632  0.95926644
  0.27880975 -0.45115425  0.00762368]
[ 1.         -0.03731504  1.03164751 -1.76675572 -0.3517051  -1.70391601
  0.29685129 -1.37970193  0.81541541 -1.10919464  0.81760884 -0.79377079
  1.60436076  1.35236117 -0.01724863  0.51602425 -2.02093137 -1.57248207
 -0.04946396  2.58256234 -2.21125259]
[ 1.         -0.50776218 -0.23945109 -0.67168751  0.84640848  0.04279731
  2.19713288 -2.31832424  0.11675036  1.01196849 -3.03518779  1.12182209
 -0.27367378 -0.55060732  0.23570232 -0.57309774  2.49844864  0.88750614
  0.69355035 -0.41036523  0.27095909]
[ 1.          0.31752073  0.89368641 -1.23204822 -2.1483999  -1.16685693
 -0.56476495  1.27777404 -0.78008769  0.58991364 -0.24795025  0.74660424
 -0.50076941 -1.87570571 -1.71947147 -1.55565566  1.19277341 -1.00718397
 -0.92054876 -0.93656886 -1.40308747]
[ 1.          0.58643295 -2.48273497 -0.97457346 -0.29581447  1.13590947
 -0.44408544  0.42352817  0.05733849 -0.31275379  0.39260968 -0.46614953
 -0.04195075  0.36874606  0.76714267 -0.13033814 -0.13805258  0.56446479
 -0.36578685  0.34523864 -0.38799867]
[ 1.          0.12289749  0.35778979  0.1724103   0.56008264 -0.74714789
  0.10413107  0.8592194  -1.03777177  1.60409508 -0.35317085  0.93197186
 -0.75858704  0.85841891 -0.19694662  0.2260511  -0.55874866  0.40158875
 -1.44585291  1.04672977 -0.34962655]
[ 1.         -0.81445448  0.21019519  1.01301704 -2.07497544  0.93488832
  1.5894614  -0.22628487  3.1567348   0.47770002 -0.62715171  0.55157995
 -0.88031361 -0.61028828  0.406326   -0.67022304 -2.85056864  1.31186012
 -0.61147973  0.62488454  1.78007069]
[ 1.          0.21021011  0.87138119  0.41116149 -0.49708718  1.23742841
 -0.60131539  0.83828726  0.79302423 -1.20895217 -0.9675518   1.32774023
 -0.93471065  0.59539291  1.82319581  1.03017874  0.63158698 -2.26445631
 -1.15612061 -0.02711965  0.22934057]
[ 1.          0.78443444 -3.69808376 -0.60547504 -1.08633934 -0.13871758
 -1.96723428 -1.43037544 -0.31661242 -0.70802771  0.12775866  2.45211052
  0.38362057 -0.1915744  -0.58565645  1.17445501 -0.38623895  1.1718963
  0.08676945 -0.45659766  0.68156201]
[ 1.         -0.15443012  0.51487101  0.79399025 -2.11565861  1.51907774
  0.3169599   0.66425406  3.45011814  0.61439743 -0.42518109  0.63497329
 -0.76565761 -0.90163928  0.20647185 -0.31151257 -1.78465746  1.01518347
 -0.3677813   1.18224909  1.18074028]
[ 1.         -0.08911411  0.92700605 -0.56054778  1.38262593  0.53926353
 -0.50499359 -1.76474041  0.30980229  0.14020731 -0.00473247  0.23824545
 -2.18209513  0.83047626 -0.64363126 -1.18984459  1.56423828  2.52001687
  0.63415222  0.34013957 -0.36367816]
[ 1.          0.32616435  0.74417674 -0.513809   -1.65661118  0.399835
 -0.15999843  0.39234614  0.6363129   1.25271773  1.14001316  0.17171977
 -0.44958008 -1.80454773 -2.94845561  0.70165537  1.62463468 -1.04897527
 -0.88397455 -2.24244409 -1.09247827]
[ 1.          0.25422117  0.30815021  0.25121503 -0.63700347  0.72086753
 -0.02795333  0.16277875  0.59294652  0.07769558  0.27146811 -0.34250229
  1.27547975  1.83340101 -0.20296981 -0.31754698  1.12049688 -0.61059705
  0.94378364 -0.41407556  0.09661716]
[ 1.          0.14842399  0.37559683 -0.19604483  1.14529501  0.38909451
  0.53381206 -0.9944099  -0.17249352 -0.23670407 -0.78994968  0.27528944
 -1.31822651  0.2330308  -0.23305124 -0.92839359  2.39947539  1.57033794
  0.38079413  0.55245574 -0.03529104]
[ 1.         -0.86748914 -0.63669636 -0.77090846  0.17890426 -0.25372692
  2.23984305 -2.00913166  0.27263644  1.33195593 -2.7486652   0.98126136
  0.76875364 -0.72975641  0.41293233  0.1865732   0.40108094 -0.45383849
  0.30325746 -0.77764948  0.24630753]
[ 1.         -0.01991065  0.76226129 -0.57251095  1.23813786  0.78530239
 -0.4199546  -1.78198081  0.06226091 -1.0082715  -0.13419747 -0.4312094
 -0.62131618  1.02220598 -1.21282894 -1.64798585  0.56219928  2.73501875
 -2.35962736  0.09344712  0.12613098]
[ 1.          0.04033864  0.55140932  0.43311514 -1.44798561  1.0879782
 -0.57739366  1.2808563   1.01036984 -0.22468423 -1.33956352  0.62034016
  0.19260045  0.67330397  0.9682513  -0.35927322  0.12375241 -0.51980399
 -0.38344807  0.20580436 -0.01341182]
[ 1.          0.34380743  0.49865517 -0.04922136 -0.95078037  0.17975289
 -0.07629189 -0.13402922 -0.75211645 -0.30499088  0.79309256 -0.39573671
  2.12649487 -2.73589095  1.28389153  0.25977263 -0.48690596  3.30173721
  1.79045265 -1.02351559 -6.0940805 ]
[ 1.          0.27223987  0.9655453  -0.13178161 -1.66332564 -0.59485736
 -0.80567922  2.01570579 -2.51843251  1.41404006 -2.56904357  1.57987896
 -1.60051156  1.84849655 -0.44041512 -1.17234697 -1.07546421 -0.10114295
 -1.3529649   1.12715506 -0.40891917]
[ 1.         -0.011371    0.71643243 -0.46236463 -0.37177681  0.37028959
  0.22435417 -1.21537858 -0.15703849 -0.62569259  0.50545756 -0.64896796
  0.67636112  1.31710724 -0.4187045   0.15869647 -0.51391824 -0.52380088
 -0.51525695  0.34629974  0.15976208]
[ 1.          0.46122858  0.57579317  0.37028893  0.26745885 -0.1737367
  0.47867346  0.4548216  -1.21192838  0.98740492  0.94748371 -0.43899587
  0.39549437 -1.63460422 -0.58235749  2.49644347 -0.59101121  1.62786699
  0.85379882  2.02832123  1.10920772]
[ 1.          0.3237605   1.16167145 -0.36869783 -2.89858871 -0.09945937
 -1.17861774  1.84325252 -2.22858949  0.19924368 -2.80562582  0.95342551
 -1.02710107  1.18248675 -0.27904188 -1.45685666 -0.5465099  -0.49103878
  0.11012997  0.01082216 -0.02241323]
[ 1.          0.24943554 -1.97999835 -1.24830073  0.04560114  0.58858877
  0.75144789 -0.27568544 -0.15660019  0.37732307 -0.61765608  0.20984325
  0.35085935 -0.27962193 -0.43406336  0.62753485 -0.27928026 -0.43449115
  0.06016924 -1.49120249  0.8355978 ]
[ 1.          0.41725158  1.19751908 -0.43547354 -2.85971459  0.03657205
 -1.1029828   0.58168058 -2.99605011 -0.86640922 -2.27989886 -0.36609521
 -0.43321696  1.16372998  0.07486532 -0.35772885 -0.83659412  0.30929857
  2.06992117 -0.49208929  1.10857669]
[ 1.         -0.11606718  0.96502727 -4.5533152  -0.42358296 -8.26729662
 -0.6945615   2.29677472  5.43581343 -3.41080512 -0.14508478 -2.03880908
 -1.18425793  1.46656183  0.90786322  2.49724893  2.18487998  4.03845216
  0.5154048  -2.73647323  4.72118888]
[ 1.          0.65468324 -2.57851635 -2.05238499 -0.01345136  1.3178047
  0.72528209  0.76970632 -0.49253834  0.43846963  0.99301284 -1.54658325
 -1.95086692  0.41440025  1.33463938 -0.61233749 -0.69677868 -0.46582693
 -0.19991279  0.24410967 -0.79312071]
[ 1.          0.18319334  0.44225261 -0.61957746 -0.68329521  0.72316435
  0.4816111  -0.92764354 -0.01096438  0.18671209  1.19642887 -0.87640326
  1.67134036  2.03602334 -2.55731604  0.58753058  0.81869279 -1.64060299
 -0.90305586 -0.76922509  0.76633548]
