Cluster centers 

[-0.90356869  0.32901714  0.5524187   1.15492445]
[ 1.08125936 -0.66526474 -0.96192257 -0.65265767]
[ 1.02163851 -0.15512627  0.91369215  0.50802326]
[-1.0233246   1.16691661  0.01714614 -0.85033323]
[-1.02018382 -0.02564903 -1.37610213  1.26139195]
[-0.70479874 -1.69447945  1.30406436 -0.02284749]
[-1.04469735  1.23213319 -0.00459516 -2.49732919]
[ 1.12812     1.23868695  0.10328351  0.44160527]
[ 0.78349182  1.36219122  2.24554829 -2.0787045 ]
[ 1.0793786   0.41414971 -1.19231463  0.52902131]
[ 1.08845103 -1.51167732 -0.46574379 -2.07873333]
[-1.04558184 -1.46896628 -1.31895559 -0.30267291]
[ 1.07413433 -0.26114096  0.55018196  0.30986995]
[ 0.57075149 -0.94065023  2.06420132  0.27387981]
[-0.6125204  -0.38210474  1.49214503  1.22649056]
[-1.0088397   1.06751367  0.06045506 -0.21561164]
[-0.99170419 -2.15340649  0.26775486 -1.00153121]
[ 0.89455028  0.99588068  1.6088688   0.37077277]
[ 1.12919712  0.50676531 -0.13019192  0.67767891]
[-0.9726934  -0.67135505  0.07469767  1.06467891]
[ 1.11293366 -0.69121483 -0.24302782 -0.47430395]
[-0.9367985   1.06370052  0.93208028 -1.59432049]
[-0.99753524  0.90241231  0.03823199  0.4294822 ]
[ 1.04925793 -2.22046406 -0.63778878 -3.97489484]
[-0.9110029   0.85292298  0.72548125  0.20932611]
[-0.83786149  1.70007513 -1.96979148 -1.77894281]
[-1.03106785  0.61722048 -0.97381356  1.17571433]
[-1.02168622  0.10582893 -0.49812818  1.32884248]
[-1.03393991 -1.05661638 -0.4872664   0.57507947]
[-0.61245669  0.87721341  1.89182292 -0.65230627]
[ 1.01727713 -1.18435688 -1.29915557 -1.68885289]
[ 1.11553081  1.57050569  0.41300486 -0.3155218 ]
[-0.70625525 -1.08884839  1.2555003   0.76106412]
[ 0.85395835 -0.29963779  1.5325804   0.59378604]
[ 0.92176564  0.45916349 -1.98147571  0.49874836]
[ 0.60007767  1.04588719  2.32306513 -0.26399402]
[ 1.05525795 -1.55766523 -0.89635337 -2.36175179]
[-1.00251287  1.37681213 -1.2134661  -0.50789109]
[-0.84479539  0.93355677  1.17232315 -0.50893997]
[ 1.11752388 -0.27101189 -0.50566326  0.00800691]
[-0.98346338 -0.17775122 -0.04738453  1.31546584]
[ 1.10084968  0.72449571  0.43043844  0.71187608]
[ 1.08236311 -0.07802016 -1.09635241  0.10738997]
[ 1.13049307  1.32195567 -0.43865545  0.49262896]
[-1.02976962  1.07274056 -0.78760955  0.38131277]
[-0.93089875 -1.22946893  0.4037188   0.53194542]
[-1.03769853  1.35707889 -0.65432615 -1.6182721 ]
[ 0.70161663 -1.46693917  1.84185245 -0.64256438]
[ 0.09023036 -1.006465    2.3044997   0.57217557]
[-1.05167865 -1.25587514 -0.92672819  0.18455913]
[-1.03238045 -1.52744252 -0.30913317 -0.0459163 ]
[ 1.00255693  1.56707376  1.50154876 -1.66355986]
[-0.98098682  0.99476695  0.93890073 -3.76971032]
[ 1.09342586  1.01061919 -1.07277958  0.70622284]
[-1.04137624  1.35420296 -0.61600137 -2.68900539]
[-0.87339442 -0.29582462  0.63203324  1.29121952]
[-1.05826918  1.10757366  0.21579673 -3.95659336]
[ 0.3731535  -0.19212892  2.20224998  0.93937349]
[ 1.10650222 -0.94548729 -0.46372655 -0.96333773]
[ 1.06545995  1.61291045  0.95139773 -1.01788797]
[-1.04983766 -2.405241   -0.22356628 -1.73262296]
[ 0.06803134 -0.59917892 -1.41114257 -0.07923608]
[ 1.0485618  -0.90014533  0.7120645  -0.43298185]
[-0.05130125  0.60117855  2.34387803  0.49420157]
[ 0.82248225 -0.72329578 -2.20876256 -1.00808068]
[-0.74079293  0.52249822  1.29694407  0.78975773]
[-0.85983537  0.98608189  1.46379681 -2.74307373]
[ 0.84424793  0.6019291   1.64634829  0.74709555]
[-0.96951761 -1.69505114  0.28340176 -0.16505261]
[ 1.04012054 -0.42005608 -1.33877297 -0.37272605]
[ 0.93892303 -0.76492825  1.25736762  0.01413463]
[-1.02631165  0.70187087 -0.51799127  1.01017075]
[ 1.0759186  -1.014385   -0.88395947 -1.22901397]
[-0.85316385 -0.73771637  0.73159611  1.04275796]
[ 1.11699229 -0.0294611   0.0464992   0.3923647 ]
[-1.0507495   1.18261423 -0.19824821 -4.1129393 ]
[ 0.9689548   1.36256013  1.50275681 -0.46032601]
[ 0.94297185  2.08651522 -1.33053158 -1.42812845]
[-0.97940002  1.05806506 -1.66325066  0.79549432]
[ 1.01265858  0.92998084  1.09820013  0.582005  ]
[-1.03030774  1.20338455  0.10264464 -1.6047746 ]
[-0.97652153  0.6033616   0.1148561   0.9920895 ]
[ 1.00839911 -0.01558008 -1.62804074  0.08369792]
[-0.99902954 -0.50549468 -1.78531735  0.84154255]
[ 1.11788215  0.25719595 -0.70478622  0.47834649]
[ 1.129159    0.87617448 -0.53591703  0.71104574]
[-0.98172149  1.09645342  0.76193232 -2.30173548]
[-1.02523753 -0.66651325 -0.47095596  0.98731687]
[ 1.09903942 -1.27212272  0.13692991 -1.32268859]
[ 0.94207553 -1.62359036 -1.56370192 -2.7481847 ]
[-0.96360711  1.07275869  0.64208279 -1.00523721]
[ 0.88425189  1.4722432  -2.13399559  0.63023517]
[ 1.10236854  0.17351757  0.3085202   0.59711666]
[ 1.11377202 -0.39280754  0.03204234  0.01391071]
[-0.85478875 -2.69517342  0.97501071 -2.03604806]
[-0.8103764  -2.08855075  1.07266164 -0.70506314]
[-1.04339363 -0.88394038 -1.05324108  0.63880259]
[-1.03697819  1.21149929 -0.47755342 -0.47729653]
[-1.04640354 -1.8199917  -0.42629736 -0.58628426]
[ 0.99558426  0.34404231  1.08291953  0.7760332 ]

Populations

0.0122655055155
0.0203300829056
0.0123978661417
0.0145184374949
0.0131545107098
0.0092912209653
0.00780297654936
0.010675173338
0.00324625720071
0.0124979903634
0.00325316075591
0.00365127640889
0.0139304733265
0.00699096173993
0.00535336175603
0.0170885044457
0.0105553262132
0.00741898390725
0.018093409086
0.0160172278936
0.0222608160081
0.00998392002696
0.0142321111293
0.000813498694458
0.0127808908267
0.00138053094063
0.0133144089811
0.018170131618
0.0163253887468
0.00503421697167
0.00945943869551
0.00802915005753
0.00712011219397
0.0120851860702
0.00600178626804
0.00577971045098
0.00264151712893
0.00939440893322
0.00799849152688
0.0255140281485
0.0145454679089
0.0176893492316
0.0176878939436
0.00589410736062
0.0155011649992
0.017193883748
0.0116538448381
0.00435244171679
0.00653346443202
0.00831210813495
0.0134582860043
0.00325535347759
0.00217596221748
0.00823958975255
0.00533653571461
0.00901869457308
0.00207357767128
0.00921002169447
0.0116053134087
0.00335236421426
0.0040553153754
0.00975827177139
0.00401809948329
0.00660804032009
0.005928013923
0.00355445929073
0.0100621493107
0.0169321466036
0.0163665870542
0.00832443788619
0.0113524513088
0.0113902379007
0.00731945265551
0.0189094571739
0.00138166883065
0.00691795155337
0.00274468255585
0.00871271336672
0.0115895624453
0.0133439455756
0.0145271116305
0.0114841622777
0.0052434017537
0.0203237077714
0.00854495251915
0.00829968787657
0.0165987598359
0.00671263483826
0.0023412827536
0.0118398091068
0.00406569877779
0.015040518487
0.0185021883013
0.00564102765195
0.00859761275844
0.0104896875005
0.014207226649
0.00948690303807
0.0148421069108

State labels

0
1
2
3
4
5
6
7
8
9
10
11
12
13
14
15
16
17
18
19
20
21
22
23
24
25
26
27
28
29
30
31
32
33
34
35
36
37
38
39
40
41
42
43
44
45
46
47
48
49
50
51
52
53
54
55
56
57
58
59
60
62
63
64
65
66
67
68
69
70
71
72
73
74
75
76
77
78
79
80
81
82
83
84
85
86
87
88
89
90
91
92
93
94
95
96
97
98
99

Eigen values

1.0
0.915244966291
0.143445063341
0.133939057297
0.127896147161
0.117674019307
0.115255674011
0.111085147826
0.107460797654
0.10515652079
0.09951701695
0.095858885767
0.0944703910142
0.0928995534869
0.0898702047545
0.087397112247
0.0869205494232
0.0783223878486
0.0763541428198
0.0751097118085
0.0719832851721

Left eigenvectors

[ 0.01226551 -0.01179605 -0.01266711 -0.00956754 -0.00995935  0.02508309
 -0.0139704   0.00189567  0.00971962 -0.00696883  0.00833454 -0.01692983
 -0.01287429 -0.01455355 -0.00714534 -0.00200155  0.0055645   0.00987963
 -0.00948824  0.01584784 -0.01104913]
[ 0.02033008  0.02100388 -0.01409632  0.01856443 -0.00211244  0.00735302
  0.01591434 -0.02083865  0.0079517   0.01047804 -0.00666934  0.01685403
 -0.01120784  0.0123929   0.02583144  0.01125672  0.01803011  0.00810488
 -0.00142022  0.00695128 -0.02063861]
[ 0.01239787  0.01251938 -0.01602529  0.01224813  0.00305966 -0.01207371
 -0.01445808  0.01954044  0.00307968 -0.013317    0.00935258  0.00296158
  0.00927232  0.00285523 -0.0015628   0.00332933  0.01877374 -0.00569807
 -0.0032448  -0.01462993 -0.00742234]
[ 0.01451844 -0.01484646  0.0121621   0.02200605 -0.01479631  0.01841919
 -0.01946471 -0.00195442 -0.0113331  -0.00151583  0.01384962 -0.01823477
 -0.00313796  0.01512773 -0.00657066  0.02284969  0.01360119 -0.00849276
  0.00345665  0.01421599  0.03129415]
[ 0.01315451 -0.01332537  0.00616612  0.01270003 -0.0130715   0.00677907
 -0.01639769 -0.00286029 -0.00698674 -0.00747813 -0.00202883 -0.00746412
 -0.0012134  -0.00659371  0.00690288 -0.00544099  0.01030793 -0.02211137
  0.0048772   0.01533283  0.00440071]
[ 0.00929122 -0.00868222  0.00129183  0.00333928  0.01802136  0.00283793
 -0.0082925  -0.00325465  0.00436344 -0.00505676 -0.00411061  0.00295973
 -0.00512604 -0.00978053  0.01262486 -0.01184325  0.00085567 -0.01856741
  0.00471457  0.00279097  0.00205231]
[  7.80297655e-03  -8.22501254e-03   4.89742604e-03   1.62298026e-03
   1.62500822e-02   7.31500279e-03  -2.41223358e-05   9.87621370e-03
  -1.01696877e-02   1.86687182e-02   1.36177086e-02  -1.48166227e-02
   8.74533408e-03  -2.68085889e-03   7.55271807e-03  -5.19244335e-03
   1.18555021e-02   9.47397534e-03  -7.11682290e-03   5.41274101e-03
  -1.09879294e-02]
[ 0.01067517  0.01087878 -0.03071471  0.02905016  0.0016554  -0.01898906
 -0.0133225   0.00131     0.01079806  0.03019665 -0.00052669  0.01028799
 -0.00276572 -0.00898584  0.00043845  0.00545927 -0.0064646  -0.00670597
  0.00157649  0.01786972  0.00162171]
[ 0.00324626  0.00267981 -0.01376909  0.00763664  0.00302963 -0.00141635
  0.00016217 -0.00381408  0.00379615  0.00139545 -0.00171967  0.00827293
 -0.00047235  0.00867655  0.00180734 -0.00258255  0.00490979  0.00422301
  0.00231287  0.0070219   0.00222614]
[  1.24979904e-02   1.28389560e-02   4.90750612e-03  -2.23329153e-03
  -6.56519297e-06   1.00198007e-02   1.39844680e-02  -4.75339358e-03
  -6.92570613e-03  -4.84856250e-03   2.42489329e-03  -7.73476272e-03
  -1.11458308e-02   7.95636679e-03   1.76375823e-02   5.37713194e-03
  -8.43741339e-03  -2.41386987e-04   7.07910973e-03   3.16906414e-03
  -1.14079431e-03]
[ 0.00325316  0.00328881 -0.01016518  0.01116693 -0.00122744 -0.01232162
 -0.00868208  0.00316117  0.00367368  0.00789509  0.00353729 -0.00569528
  0.00125879 -0.00884982 -0.0025807  -0.00056271 -0.00922156 -0.00195186
  0.00262605  0.00431046 -0.00124103]
[ 0.00365128 -0.00373688  0.00769363  0.00743791  0.00056067 -0.00115927
  0.01305299  0.00196781  0.00180537  0.00799466  0.01041975  0.00250616
  0.01040617 -0.0024847  -0.00998364  0.0019653   0.00145304  0.00470585
 -0.00736593 -0.00263635 -0.00571226]
[ 0.01393047  0.01438234 -0.01574542  0.01243398  0.00543446  0.0063048
  0.00563539  0.0108272  -0.00995232 -0.02091922 -0.0003977  -0.00800216
  0.00655684 -0.005708   -0.01096499 -0.00209148  0.01668212 -0.0014252
  0.00743613 -0.02260634 -0.00409274]
[ 0.00699096  0.00574255  0.00459676 -0.00727172 -0.00136578  0.00144763
  0.00132031 -0.00042568  0.00745845  0.01086561 -0.0068587  -0.00236825
  0.00547882  0.00383253  0.00525721 -0.00631171  0.00651297  0.0019573
 -0.00723536 -0.00068776  0.01016477]
[  5.35336176e-03  -4.05985793e-03   8.20506094e-03   1.28549887e-02
  -2.84971532e-03   6.33685840e-03   9.80934431e-05  -1.81401424e-02
  -4.80890651e-03   3.13331083e-05   6.33575833e-03   1.06221691e-02
   1.75460977e-02   9.77704511e-03  -2.82688036e-03  -2.00431342e-03
  -6.64640210e-04  -1.10646298e-02   2.73823729e-04  -4.08650732e-03
  -2.60989127e-03]
[ 0.0170885  -0.0168776   0.01416097  0.00812731  0.03075744 -0.01594412
 -0.0028785  -0.0045176  -0.00676613 -0.01346088 -0.02916929  0.01006059
  0.00530875 -0.01606585  0.01259081 -0.00939685 -0.00626172 -0.01841883
 -0.00488479  0.01275621 -0.0055209 ]
[  1.05553262e-02  -1.05811983e-02  -1.42996276e-02  -1.78455888e-02
  -3.28387731e-03  -2.26963048e-03  -2.32380687e-03   1.85049714e-03
   8.29640303e-03   9.72543291e-05  -9.31613224e-03   1.14199289e-02
  -6.49166518e-03  -6.85341870e-03   1.25726878e-02  -9.82137267e-03
  -7.28068186e-03   9.97939835e-03   5.68392692e-03  -2.00210546e-02
   2.78571859e-03]
[ 0.00741898  0.00737184  0.01559123 -0.00999529  0.00083307 -0.00371716
 -0.00883053 -0.00331832  0.00788211  0.02155063 -0.00348452  0.01312041
 -0.00487271 -0.01133039 -0.01400292 -0.00381641  0.00181333 -0.0068576
 -0.03439322  0.0031304   0.01505348]
[ 0.01809341  0.01857999 -0.02118627  0.00985814  0.00232011  0.01585441
  0.01454659  0.02880043  0.01856235 -0.01084825 -0.01367413 -0.01420902
  0.02498656  0.0256918   0.01364321 -0.01216164 -0.00486446 -0.01327708
 -0.01557576 -0.00287268  0.0031665 ]
[ 0.01601723 -0.01543367 -0.01078224 -0.01164248  0.02953335 -0.00178541
 -0.011156   -0.0035035  -0.03175384 -0.00298137 -0.01691582  0.00179194
  0.00472693 -0.00656598  0.0153438   0.00526755 -0.00861507 -0.01144754
  0.00259171  0.00251774  0.02484888]
[ 0.02226082  0.02294785  0.01213278 -0.01281457  0.00428377  0.00271379
 -0.00728087  0.01482797  0.01519543 -0.01613657 -0.00407799 -0.02710229
  0.02125801  0.01794542  0.00812251  0.00061436  0.00099986 -0.01767715
  0.00169355 -0.02019633 -0.01464508]
[ 0.00998392 -0.01003811  0.00254644 -0.00198634  0.01321955 -0.00985139
  0.00664014 -0.00081795 -0.00327627 -0.00353537 -0.00215657 -0.00155858
 -0.01306977  0.01337899 -0.01612026  0.00143256 -0.00571379 -0.02538685
  0.00307754  0.00354266  0.00113008]
[ 0.01423211 -0.0141936   0.00946374  0.00866976  0.0090571   0.00093476
  0.00418534 -0.0104188   0.00439732 -0.00693104 -0.00864293  0.00934136
  0.01495412 -0.00476118 -0.00140291  0.0247774  -0.00995233  0.0027974
  0.01014515 -0.00810577  0.01681322]
[  8.13498694e-04   9.18545240e-04   1.21624860e-03  -2.97873617e-04
  -1.96158191e-05   2.27326433e-03   1.88639561e-03  -1.13687771e-03
  -4.29831443e-03  -2.02476381e-03   2.57448699e-03   4.85734380e-03
  -4.22026181e-03  -4.46458824e-03  -1.19245871e-03   9.71071032e-04
   2.25042832e-03   2.06313291e-03   2.05407140e-04  -1.49259354e-05
  -6.16186911e-04]
[ 0.01278089 -0.01258996 -0.00140547  0.00219184 -0.00505419  0.00188498
 -0.01361487  0.01035684  0.0071658  -0.00924143 -0.00152962 -0.01159855
 -0.02455474  0.00681807 -0.00625932  0.01576914 -0.0017537   0.01133378
 -0.0127877   0.00764552 -0.00871932]
[  1.38053094e-03  -1.41960865e-03   1.27022909e-04  -6.51445401e-04
   5.44238981e-03  -3.34463962e-04  -1.74118733e-03   2.44650337e-04
  -4.79993320e-03   2.00669373e-03   6.34404446e-05  -1.21854992e-03
   3.52181569e-03   6.15802130e-04   3.04094367e-03   2.83477516e-03
   1.62955528e-03   1.81531106e-03  -1.00477738e-03  -2.27475685e-04
  -1.04707024e-03]
[ 0.01331441 -0.01374178  0.00938821  0.01525287 -0.01792258  0.01741666
 -0.00748727 -0.0011117   0.01799057  0.00235061  0.01028876  0.00246664
  0.00089545  0.00693443 -0.01485225  0.01272494  0.00017902  0.00925244
 -0.00075985 -0.00605928 -0.00616327]
[ 0.01817013 -0.01870115  0.00253633  0.00358226 -0.03373366 -0.00331292
 -0.00319986  0.01098153 -0.01970382  0.00778969 -0.01428997  0.00292033
  0.00649933 -0.00896061  0.01871528 -0.00743742  0.00324763  0.00887575
  0.00027737 -0.00416468  0.00403562]
[  1.63253887e-02  -1.67121659e-02  -2.31449952e-02  -1.75581690e-02
  -8.71904245e-03   1.91872346e-02  -1.52263918e-02  -1.74012614e-02
   1.18721103e-03   1.07302023e-03   1.07504632e-02  -3.12515434e-05
   4.13950577e-03  -3.23552114e-03  -3.26590690e-03   1.52623061e-02
   4.80001670e-03  -5.27630383e-03   1.05604527e-02   6.47002806e-03
   2.12575981e-02]
[ 0.00503422 -0.00466585 -0.00036927 -0.00086616  0.01677189  0.00153659
  0.00065002  0.00740708 -0.01010264  0.00709109  0.00585389 -0.01156507
 -0.00324464 -0.00048931 -0.00180106  0.00010881  0.00333477  0.00282332
 -0.0045858   0.00903567 -0.01407345]
[  9.45943870e-03   1.02175681e-02   1.21373505e-03  -3.00527354e-03
   2.84042913e-03   1.84986682e-02   1.35255271e-02   1.01850537e-02
  -1.24295859e-02  -7.17890873e-03   1.21594072e-06   1.10030207e-02
  -6.98088035e-03  -8.30833777e-03  -1.64638326e-03   6.00528277e-03
   2.58675607e-04   1.99221802e-03   1.37508469e-02   4.83636303e-03
   5.05793438e-04]
[ 0.00802915  0.00815216  0.00031559  0.00063023  0.00241364  0.00922455
  0.00642628  0.00227038 -0.00742407  0.00057489 -0.01161119  0.00720298
 -0.00931319 -0.00982035 -0.0134389   0.00841789  0.01717259  0.0018611
 -0.01015051 -0.00497926  0.00608749]
[ 0.00712011 -0.00655487 -0.00784187 -0.01195836  0.01777492  0.01357725
 -0.00654245 -0.00859126  0.01970573  0.00292125  0.01469178 -0.00194634
 -0.00816337 -0.00323785  0.00308163 -0.0187487   0.00772757 -0.01388667
 -0.00160072  0.0086281  -0.01229885]
[ 0.01208519  0.01196485  0.00889643 -0.01328792 -0.00286545  0.00877867
 -0.00411744  0.01336973  0.00286714  0.01543901 -0.00374182  0.02712077
 -0.00491935 -0.00524353  0.00413941  0.0090338   0.01144967 -0.00965218
 -0.00281973 -0.0014076  -0.00135962]
[ 0.00600179  0.00638029  0.00564455  0.00060455 -0.0009337   0.0027297
  0.00620629 -0.01682226 -0.00241277  0.00528182 -0.0130574  -0.01330711
 -0.00876789 -0.00494465 -0.01015138 -0.00034617  0.00243953 -0.00702132
 -0.00349223 -0.00664629 -0.00428048]
[ 0.00577971  0.00513147  0.00542882 -0.00804233 -0.00212501  0.00473178
 -0.00367939  0.01709708  0.00658176  0.0048057  -0.00433505 -0.00360606
  0.01337997  0.00600624  0.00090878  0.00451244 -0.00192621 -0.00393272
  0.00454277 -0.00217426  0.00441964]
[ 0.00264152  0.0025913  -0.0001322   0.00020383 -0.0002186  -0.00479112
 -0.00358545 -0.00495324  0.00256896  0.00236708 -0.00196969  0.00392185
  0.00485867  0.00682897 -0.00621753 -0.00723983 -0.00250487  0.01024666
  0.00678138  0.0182541   0.00215174]
[ 0.00939441 -0.00981611  0.00860763  0.01307353 -0.0124122   0.01244558
 -0.00907804 -0.00507209  0.01470839 -0.01349901 -0.0095029   0.00658281
  0.0117562  -0.01578935  0.00453193  0.00035723 -0.00366786 -0.00495893
 -0.00611691  0.00105886 -0.0151021 ]
[ 0.00799849 -0.00807402  0.01525498  0.01523208 -0.00532701  0.00258139
 -0.00714326  0.00786075 -0.00808756  0.00763912  0.00199221 -0.0067797
 -0.01165886  0.0065239   0.01074002 -0.02377958  0.00879101  0.00361771
  0.00306224 -0.00355465  0.01630471]
[  2.55140281e-02   2.61083577e-02   2.75466911e-03  -4.59490787e-04
  -5.87423773e-03   5.36144385e-03   1.45555212e-02  -9.46331334e-03
  -3.18673573e-03  -1.36880465e-02   1.01718036e-02  -3.72262937e-02
   4.92118822e-03  -4.42848802e-03   2.46948475e-02   9.05551500e-03
  -1.11926668e-02  -3.48107162e-03   1.48587821e-05  -2.32561047e-02
  -7.51360538e-03]
[ 0.01454547 -0.01434697 -0.00407561 -0.00174265 -0.02335159  0.00454098
 -0.00693646 -0.00524025 -0.00837712 -0.00540814 -0.00228839 -0.00623593
 -0.00046356  0.00490232 -0.00431427  0.00089833  0.00358745 -0.01717807
 -0.00863356  0.01517458 -0.00601394]
[  1.76893492e-02   1.84875232e-02   2.02703619e-03  -1.41509580e-03
  -3.98768868e-03  -1.26279076e-02  -2.00025896e-02   1.58753060e-03
   2.80845220e-03   1.00413542e-02   1.45664576e-02  -2.89759048e-03
   1.89352673e-03  -1.40411945e-02  -1.33451783e-02  -1.48616395e-05
  -2.87816604e-02   6.54576108e-03  -2.96184560e-04  -2.87885048e-03
   6.28461775e-03]
[ 0.01768789  0.01809243 -0.01030544  0.00966709 -0.00207768 -0.01229575
 -0.00427224 -0.01847529  0.00093684 -0.00464374  0.00705909 -0.01688988
  0.01479868  0.01284835  0.0062498  -0.01189249 -0.00521599  0.02291121
 -0.02422221 -0.00818672  0.02123522]
[  5.89410736e-03   5.98953532e-03   6.75266846e-04   8.59677347e-05
  -2.12865841e-03  -9.48562173e-04   1.10295673e-02  -7.18067449e-03
  -5.81227293e-03   2.59629084e-03   6.70000789e-03  -7.75605293e-03
  -6.04069341e-03  -3.78820513e-03   1.19893831e-02   8.93791985e-03
   5.23072908e-05  -2.22784499e-03   1.19832469e-03   4.43877749e-03
   4.29782234e-03]
[  1.55011650e-02  -1.58172562e-02  -2.60965730e-04   6.96201495e-03
   1.07772728e-02   1.15509638e-02  -5.59866077e-06  -1.06519970e-02
   2.65759810e-02  -8.47257378e-03   2.09480293e-03   1.21054704e-02
   7.34897867e-03  -1.07709228e-02   3.77894750e-03   6.41501575e-03
  -1.79502677e-03   2.39695810e-02   6.91293322e-03  -2.00000617e-02
   1.81379427e-02]
[ 0.01719388 -0.01707311 -0.01502545 -0.01703588  0.01658024  0.01032069
  0.00974295 -0.01783563  0.00657625 -0.00288478  0.0180212   0.00300952
  0.01583889  0.00676818 -0.03522649  0.00507906 -0.01121095 -0.0220348
  0.00296148 -0.01006485 -0.00840609]
[ 0.01165384 -0.01211836  0.01047537  0.01093418  0.01209106 -0.00627189
  0.01191152 -0.00631312  0.02520666 -0.00959535  0.00233878  0.00952206
  0.00614836 -0.00749465  0.00218498  0.00620173 -0.00159919  0.00432913
  0.00609814 -0.00802163  0.00747378]
[ 0.00435244  0.0032779   0.00184938 -0.00623018  0.00054984 -0.00290517
 -0.00445213  0.00698923  0.00469681  0.00681725 -0.0016436   0.01131228
 -0.00701943  0.00801038  0.00715145  0.00970045  0.00608225 -0.008765
 -0.0025584  -0.006956   -0.00117028]
[  6.53346443e-03   1.59230371e-03  -1.55329319e-05  -3.89821825e-03
   4.83434256e-03  -9.19776840e-03  -1.32617035e-02   6.48575845e-03
   5.76615215e-04  -4.65544134e-03   2.39770332e-03  -8.78607959e-03
   9.02902406e-04   6.52527677e-03   1.00360489e-02   1.90513531e-02
   1.75148244e-02   9.44388906e-03   5.11738620e-07   3.53948203e-04
   5.74846827e-03]
[ 0.00831211 -0.00817267 -0.0015324  -0.00373013 -0.02635239 -0.00775444
  0.00588547  0.00682797  0.00140794 -0.01109322 -0.01308056 -0.00214594
 -0.00188311 -0.01714223  0.01242832 -0.01357883  0.00062951  0.01225677
 -0.00918674  0.00604185 -0.00410714]
[ 0.01345829 -0.01334659 -0.01265916 -0.01873377 -0.01407789 -0.02736098
  0.0128317   0.0020661  -0.00884576  0.00636066 -0.0069786   0.01039698
 -0.00191253  0.01391742 -0.00825797  0.00492123 -0.00324274 -0.00390995
  0.00802715 -0.00527966 -0.0106336 ]
[ 0.00325535  0.00338383 -0.00420723  0.00162176  0.00151674  0.00709648
  0.00486305  0.00373571  0.00157344 -0.00315906 -0.00842814 -0.00252506
  0.00539749  0.00195809 -0.00973708 -0.00564709  0.00473689  0.0027572
  0.00093004  0.00452924  0.00519742]
[ 0.00217596 -0.00236142  0.00138091  0.0023386   0.00531843 -0.00064192
 -0.00160615 -0.00127541  0.00266901 -0.00292216 -0.00588364  0.00442778
 -0.00219216 -0.00354046  0.0050795   0.00069571 -0.0046606   0.00255394
  0.00570578 -0.00442195  0.00973062]
[ 0.00823959  0.0086613   0.00833967 -0.00328066 -0.0028379   0.00180137
  0.00590551 -0.02290867 -0.0013919   0.00299421  0.00062225  0.00611113
 -0.00746788  0.01627607  0.01490597  0.00206474  0.00600031  0.00221748
 -0.00906723  0.00240526 -0.0074631 ]
[  5.33653571e-03  -5.31291132e-03   3.80136675e-03   9.16783445e-03
  -9.70456424e-03   3.60832987e-03  -1.92896824e-04  -9.22582301e-03
  -4.27649876e-03  -2.96789798e-04  -2.57984087e-03   9.84782812e-03
   2.06808900e-02  -2.22720786e-03   1.29680123e-03   9.76929143e-05
  -1.16548763e-03  -1.29333599e-02  -6.31310950e-03  -9.39033836e-05
  -1.59025914e-02]
[ 0.00901869 -0.0086405   0.00155597  0.00354961 -0.00280755 -0.01129753
  0.00878633  0.00566253 -0.00807875  0.0055417  -0.00949363  0.00584459
 -0.00832561  0.02373141 -0.01624899  0.01191217 -0.01227823  0.00687087
  0.00111552  0.00144942 -0.00387577]
[  2.07357767e-03  -2.15511201e-03   3.83291668e-03   5.64885227e-03
  -9.12847577e-03   4.55999527e-05  -2.83826093e-03   2.36752640e-03
  -3.90794561e-03  -3.02130634e-04  -2.41096401e-03   4.71018210e-04
   2.62783562e-03   3.50603740e-03  -1.21131334e-04   7.73722590e-04
   9.53051823e-04  -3.87172542e-03   3.89780328e-04  -8.07177323e-04
  -4.63602519e-04]
[ 0.00921002  0.00609839  0.01732658 -0.00988553  0.00654947 -0.02355315
 -0.00398547 -0.02119857 -0.00174112 -0.0235256  -0.0093808  -0.00392121
  0.00797282  0.00959612 -0.0151407  -0.01927637  0.01463214  0.00616882
  0.01173615  0.01364093 -0.00065154]
[ 0.01160531  0.01249324  0.0095677  -0.00500511 -0.0042976   0.01127337
  0.0039386   0.00381789  0.00210128  0.01187048 -0.01021112  0.00082576
  0.00215751 -0.00223353 -0.00578818 -0.00275108 -0.02437553  0.0077282
  0.0369911   0.02738443 -0.00813321]
[  3.35236421e-03   3.32443016e-03   1.06394833e-02  -9.84244971e-03
  -9.80865834e-04  -7.51424593e-03  -1.15520196e-02   1.94983348e-03
   6.41200001e-03  -2.39497196e-03  -1.46598656e-05  -3.09554397e-03
   9.30875455e-03   5.42164372e-03  -9.97236250e-04   2.51347651e-03
   1.00480276e-02   5.11935556e-03   1.13922639e-02  -2.42704032e-05
  -4.08564746e-03]
[ 0.00405532 -0.00400516  0.00810251  0.00655146  0.00838508 -0.00485689
  0.00061804  0.00278918  0.00183074 -0.00469348 -0.00328127 -0.00479629
 -0.00018822  0.00185345 -0.00274769  0.01046752 -0.00376965  0.00794339
 -0.00838308  0.0088472  -0.0082112 ]
[ 0.00975827  0.01020873  0.00495891  0.00093668 -0.0028648   0.00608191
  0.0059468  -0.01345008 -0.00867544 -0.0007448   0.01242173  0.01096207
 -0.01155292 -0.0040922   0.01173914  0.00249307  0.00046562  0.00836234
  0.01091451  0.00910476 -0.01306502]
[ 0.0040181   0.00067598 -0.00506899 -0.00134054 -0.00027677  0.00550542
  0.00518396  0.00279355 -0.00396941 -0.00675636 -0.00211553 -0.00292327
 -0.00223816  0.00366603 -0.00215588 -0.00346984 -0.01080042  0.00529621
 -0.01147418 -0.00325866  0.00358997]
[ 0.00660804  0.00691078  0.00644508 -0.00918697 -0.00100423  0.01762463
  0.00716457  0.01761422  0.00529136  0.00177056 -0.00491419 -0.00133274
  0.00423325  0.00661737  0.00548877  0.00403542 -0.01782486 -0.00948196
  0.00800837  0.0086801  -0.0025251 ]
[ 0.00592801 -0.00552369  0.00810214  0.00700165  0.00858963 -0.00337989
  0.00676191  0.00862362  0.01147111  0.00024119  0.00821311 -0.00491689
 -0.01842746  0.01054181  0.00333248 -0.01084539  0.00236987 -0.01091889
  0.00072026  0.00226886  0.0091305 ]
[  3.55445929e-03  -3.59457190e-03  -4.31786395e-05  -1.64741550e-03
  -7.94253955e-04  -5.15820499e-03   4.77357109e-03   4.72493120e-03
   1.19815470e-02  -3.47544631e-03   2.72099901e-03   2.08374807e-03
  -1.31689926e-02   7.30480522e-03  -5.62609486e-03   7.00711442e-03
  -1.41610995e-03   2.03720196e-03   5.69007513e-03  -8.27117637e-03
   7.62934489e-03]
[ 0.01006215  0.01007884  0.0113859  -0.00358259 -0.00415006  0.01000636
  0.01073179 -0.01615436 -0.0112368   0.00040942 -0.0027984  -0.0109477
 -0.01479005 -0.00877852 -0.00294621 -0.0030653  -0.01372259  0.00988757
  0.00806896  0.00754448  0.00075979]
[ 0.01693215 -0.01623751 -0.02796085 -0.03857849  0.00746241 -0.0092677
  0.00488726 -0.00899689 -0.02033169  0.01499746  0.0048171   0.00161963
  0.01219522  0.0070223  -0.00178819 -0.01611839  0.00487523 -0.01192905
  0.00301741 -0.00853428 -0.0107763 ]
[ 0.01636659  0.01748508 -0.01264083  0.01300869  0.00162003 -0.01018573
 -0.00766762  0.01727566 -0.01180872 -0.01266378  0.02636715  0.01631603
 -0.00161258 -0.01305571  0.00119843 -0.00240123 -0.01370882 -0.00423109
  0.01479578  0.00725528 -0.00873098]
[ 0.00832444  0.00762054 -0.0135429   0.01093381  0.0012249  -0.00647453
  0.00150144 -0.01011748 -0.00821607 -0.01195814  0.01332914  0.00971946
  0.00076626  0.01617009  0.00743646 -0.00156028  0.00469049  0.01121341
 -0.0062929   0.00668597  0.0039182 ]
[ 0.01135245 -0.01133092  0.01176112  0.0119697   0.01086067 -0.0087662
 -0.00049781  0.01079398 -0.02029933 -0.00278288 -0.01396013  0.00022646
 -0.00185351  0.00358708  0.00192187  0.00314617 -0.00521438  0.00046187
 -0.01257447  0.00402526 -0.00268782]
[ 0.01139024  0.01213723  0.0062641  -0.00622244 -0.00171178  0.00841049
  0.00435173  0.0099849   0.00363326  0.01190488 -0.00311621  0.02034256
  0.00307339  0.00451252  0.00280634  0.0010552  -0.01119075 -0.00529939
 -0.00498894  0.01768389  0.00651255]
[  7.31945266e-03  -7.14225799e-03  -4.21445527e-04  -1.84819981e-03
   1.28757424e-02  -4.37697548e-03   5.10887238e-03   6.89628613e-03
  -1.33424774e-02   7.63796664e-03   5.30103592e-05  -4.30827953e-03
   1.01673765e-03   6.28233584e-03  -3.58248712e-03   1.14216280e-02
  -2.32004440e-03   1.10071602e-02  -3.94193460e-03  -2.61080417e-03
   1.37111127e-03]
[  1.89094572e-02   1.92540882e-02  -1.06665866e-02   1.71001611e-03
   4.63556073e-03   1.32469187e-02   1.70505188e-02  -5.41275897e-05
  -7.07071278e-03  -2.16691227e-02  -6.41949173e-03   5.68163440e-03
  -5.42009945e-03   9.49313404e-03  -5.54183106e-03  -2.10768754e-02
  -1.82103905e-02  -1.27997396e-02  -3.20562008e-02  -5.15118265e-03
   1.35750930e-02]
[ 0.00138167 -0.00127451  0.00082703 -0.00152902 -0.00459296 -0.00804555
  0.01700837  0.00031149  0.00384791  0.00154118  0.00935515 -0.00650111
  0.00527511 -0.00860945  0.00248512  0.00539811  0.00680013 -0.00820204
  0.00079772  0.00877426  0.01065262]
[ 0.00691795  0.00728437 -0.00854396  0.00618823 -0.00107465  0.00377081
  0.00980951 -0.01530369  0.00220819  0.01682104 -0.02128019 -0.01480245
 -0.00939383  0.00329826  0.00157618  0.00437581  0.00475583  0.00100954
  0.00248477 -0.0075057   0.00257522]
[ 0.00274468  0.00280928  0.00642558 -0.00545048 -0.00062057 -0.00233619
 -0.00346574 -0.00370003  0.00441656  0.00463147 -0.00497155  0.00356094
 -0.0018224   0.00459485 -0.00158272  0.00076238  0.00614477  0.00184743
 -0.01073252  0.00326126  0.00239264]
[ 0.00871271 -0.00844696 -0.00313709 -0.00390104 -0.01772133 -0.01158126
  0.01399044  0.00569428  0.01146533 -0.00446323  0.01258667 -0.00276597
 -0.01631076  0.01243495 -0.01555167 -0.01408628  0.0059862  -0.00407963
 -0.00258998  0.00216586 -0.01346663]
[ 0.01158956  0.01216237 -0.00210925  0.00660084  0.00151559  0.00105447
 -0.00468171  0.00427622 -0.00067568  0.01008098 -0.01178056 -0.00605962
 -0.0050959  -0.02751707 -0.0218117   0.00235883  0.01460879 -0.00901517
  0.01383076 -0.01478072 -0.01105792]
[ 0.01334395 -0.01246311 -0.00256936 -0.01441206  0.00204737 -0.00196018
  0.00663223  0.00026989 -0.00016711  0.02128547  0.00480117  0.00315835
  0.01646811 -0.00534185  0.02366981 -0.02533381  0.01290585  0.01835607
  0.00382352 -0.0047355   0.00467869]
[ 0.01452711 -0.01419576  0.00359758  0.00675323 -0.00537227  0.00619709
  0.01739016 -0.00234312  0.01629144  0.01571737  0.01252082  0.01531587
  0.00437969  0.00218646 -0.00094285 -0.01075112 -0.00782334  0.01950281
  0.00572122 -0.02355514 -0.01102888]
[ 0.01148416  0.01209746  0.01199018 -0.00799013 -0.00308118 -0.01291918
 -0.01434149 -0.01399988  0.00152093  0.00664177  0.01444582 -0.01494173
 -0.00498207 -0.00684648  0.01110068  0.00975008 -0.0228097  -0.00198055
  0.00239837 -0.01195906 -0.00590862]
[  5.24340175e-03  -5.28056384e-03  -1.22863317e-02  -1.02265958e-02
  -9.73587699e-03   6.53369261e-03  -8.73684033e-03  -6.11508302e-03
  -5.13563400e-03  -9.95850473e-05   2.04393828e-03  -1.76739915e-03
   3.17373775e-03   3.46483901e-03  -5.36107453e-03   9.93404974e-03
  -1.92588242e-03   3.93116128e-03   6.90630614e-04  -1.48821423e-03
   1.02498246e-02]
[ 0.02032371  0.02048032  0.00672541 -0.00546749 -0.0013257  -0.01258951
 -0.00624909 -0.00290112 -0.01591449 -0.02953641  0.01830663 -0.00262734
  0.00386756 -0.01364936 -0.02421783 -0.02384007  0.0031004   0.01271827
  0.00928484 -0.00994208  0.00877433]
[ 0.00854495  0.009135   -0.0108257   0.01241125  0.00321313 -0.00191393
  0.0005009  -0.0087381   0.00578777  0.01314653 -0.02481561 -0.01638978
 -0.00120481 -0.01074731 -0.01852181 -0.00236182  0.01256522  0.00060924
  0.00593771 -0.00879009 -0.00140107]
[ 0.00829969 -0.00862011 -0.00105293 -0.00241471 -0.00810022 -0.01056471
  0.01014912  0.00549178 -0.01027854  0.00340582 -0.00427703  0.00189022
  0.00037744 -0.00451911 -0.00299844 -0.00259462 -0.00216393  0.00043069
  0.00296749 -0.00682204  0.00499666]
[  1.65987598e-02  -1.68336838e-02  -2.25735166e-05  -4.69972717e-03
  -9.20167309e-03  -2.35563655e-02   1.54005906e-02   1.08845242e-02
  -1.03353298e-02   5.59181173e-03  -1.05574639e-02   2.31647837e-03
   1.02938435e-02  -7.37389424e-03   1.96733903e-03   5.17551129e-03
  -2.98408115e-03   1.51855095e-03   6.13124142e-03  -6.13827803e-03
  -5.18733928e-03]
[  6.71263484e-03   7.14446489e-03  -6.72310083e-03   4.88568673e-03
   7.77974855e-04  -3.24371148e-03  -2.71563546e-04   5.37033840e-03
  -4.66796958e-05  -6.59403423e-04   4.66627818e-03   1.89286231e-03
   1.83043585e-03   4.15989228e-03   8.38354344e-03   1.69633989e-03
  -7.21746807e-03  -6.87162751e-03  -1.13372949e-03   9.63102067e-04
  -2.89668286e-03]
[  2.34128275e-03   2.45783042e-03  -1.69908564e-03  -2.24418731e-04
   4.37610130e-05   2.81785575e-03   9.47737035e-04   5.01216740e-03
  -2.19011238e-05  -3.08325431e-03   2.21115089e-03   3.90456867e-03
   4.33324550e-03  -3.44271210e-04  -3.98947110e-03  -6.69459771e-03
  -2.42775756e-03   5.68703498e-03  -8.88305535e-03   5.23550507e-03
   8.43109554e-03]
[ 0.01183981 -0.01199986 -0.0026023  -0.00280457  0.00791061  0.00019531
  0.00216598  0.00445492 -0.00233044 -0.00082569 -0.00360878 -0.0044014
  0.00342396  0.00025812 -0.00095479  0.01817596 -0.00533946  0.01874915
 -0.01636334  0.00825705 -0.0247203 ]
[ 0.0040657   0.00433803  0.00922219 -0.00604965 -0.00148963 -0.00728967
 -0.00838054 -0.00290201  0.00238627  0.00304944  0.00661365 -0.0081601
  0.00145223 -0.00480378 -0.00286547 -0.00283341 -0.02133886 -0.00201807
 -0.01067112 -0.00445348  0.00433828]
[ 0.01504052  0.01572795  0.0087539  -0.0041121  -0.0008893  -0.01420469
 -0.01379449 -0.00870588 -0.01229768 -0.00595114  0.02573549  0.0199685
 -0.01741138 -0.0080844   0.00852163  0.00850392  0.00830889 -0.00536068
 -0.00983422 -0.01859015 -0.00941884]
[ 0.01850219  0.01931255  0.01694137 -0.01843721 -0.00512808 -0.00396181
 -0.00802876  0.00390883  0.01402843  0.01137723 -0.01060144 -0.00155798
  0.00950804  0.01048115  0.00290317  0.00315324  0.01889093  0.00290245
  0.01738596  0.00558075 -0.00627609]
[ 0.00564103 -0.00513113 -0.00152094 -0.00272013  0.00736611 -0.01141292
  0.00485828 -0.00156453  0.02146643 -0.02057269 -0.00942937  0.00115702
 -0.00875983 -0.00958066  0.00764688  0.00889675 -0.00075958  0.00076053
 -0.00487613  0.01145856 -0.00583388]
[ 0.00859761 -0.00831129 -0.01262571 -0.00897184  0.00105231  0.0087141
 -0.01158919 -0.01066566 -0.0005901   0.00099175  0.00284037 -0.00085406
 -0.00502711  0.00920683 -0.00412344  0.0039711  -0.00582741 -0.00476171
  0.00601906  0.00217946  0.00962389]
[ 0.01048969 -0.00979928 -0.00091327  0.00124618 -0.02230056 -0.0079394
 -0.00786849  0.01163541 -0.00528743 -0.00230998 -0.00596546  0.0014876
 -0.02166732  0.00352613  0.00557612 -0.01802446 -0.00011891 -0.01017866
  0.00500052 -0.00511756 -0.00460968]
[ 0.01420723 -0.01453831  0.02095892  0.02371772  0.02049497  0.00910956
  0.00057104  0.00970873  0.00152039  0.01843529  0.01483087 -0.0040807
 -0.0128072   0.006529   -0.00502028 -0.02372353 -0.00150979  0.01090783
  0.01996742 -0.01596331  0.00432877]
[ 0.0094869  -0.00936822 -0.00905735 -0.01195674 -0.00013038  0.00765029
  0.00066585  0.00297346  0.00734654 -0.00110979  0.00129117 -0.00745774
  0.00205109 -0.01631985  0.00255499  0.00127561  0.00139607  0.0189206
 -0.00706762  0.0057088  -0.00221801]
[  1.48421069e-02   1.50928847e-02   7.32721678e-03  -8.32087150e-03
   5.62524472e-03   7.53698203e-03  -6.79004206e-04   2.23780312e-02
  -1.29096354e-02  -1.20749105e-02   7.84129546e-03   2.54874318e-02
  -2.65311492e-05  -1.69759438e-02  -2.20950299e-02   3.02174833e-03
   1.65299504e-02   3.64633445e-03   2.32833546e-03   1.08324155e-02
   1.12068094e-02]

Right eigenvectors

[ 1.         -0.96172559 -1.03274267 -0.78003653 -0.81198064  2.04501095
 -1.13899899  0.15455278  0.79243512 -0.56816463  0.67951047 -1.38027949
 -1.04963359 -1.18654306 -0.58255605 -0.16318558  0.45367091  0.805481
 -0.77357141  1.29206584 -0.90082949]
[ 1.          1.03314293 -0.6933725   0.91315053 -0.10390691  0.36168176
  0.78279783 -1.02501533  0.39112986  0.51539599 -0.32805269  0.8290193
 -0.55129351  0.60958431  1.27060179  0.55369784  0.88686842  0.3986646
 -0.06985827  0.34192087 -1.0151757 ]
[ 1.          1.00980149 -1.29258439  0.9879227   0.24678904 -0.97385366
 -1.16617473  1.5761128   0.248404   -1.07413618  0.75437014  0.23887787
  0.74789628  0.23029991 -0.12605367  0.26854051  1.51427192 -0.4596005
 -0.26172232 -1.18003632 -0.59867889]
[ 1.         -1.02259331  0.83770047  1.51573115 -1.019139    1.26867581
 -1.34068892 -0.13461612 -0.78060034 -0.10440727  0.95393356 -1.25597347
 -0.21613635  1.04196653 -0.45257376  1.57383959  0.93682215 -0.58496372
  0.23808701  0.97916813  2.15547659]
[ 1.         -1.01298868  0.46874569  0.96545081 -0.9936892   0.51534175
 -1.24654475 -0.21743783 -0.53112888 -0.56848427 -0.15423092 -0.567419
 -0.09224221 -0.50125092  0.52475377 -0.41362167  0.78360436 -1.68089632
  0.37076288  1.16559455  0.33453977]
[ 1.         -0.93445388  0.13903779  0.35940117  1.93961177  0.30544189
 -0.892509   -0.35029278  0.46963051 -0.54425097 -0.44241822  0.31855092
 -0.55170777 -1.0526639   1.35879439 -1.27467062  0.09209487 -1.99838194
  0.50742155  0.30038824  0.22088678]
[ 1.         -1.05408654  0.62763562  0.20799502  2.08254915  0.93746313
 -0.00309143  1.26569824 -1.30330877  2.39251241  1.74519409 -1.89884239
  1.12076898 -0.34356875  0.96792782 -0.66544393  1.51935636  1.21414889
 -0.91206514  0.69367644 -1.40817152]
[ 1.          1.01907319 -2.87720983  2.7212826   0.15507029 -1.77880609
 -1.24798878  0.12271425  1.01151118  2.82867983 -0.04933814  0.96373057
 -0.25907942 -0.84175116  0.04107166  0.51139917 -0.6055734  -0.62818338
  0.14767772  1.67395129  0.15191462]
[ 1.          0.82550622 -4.2415283   2.35244483  0.93326745 -0.43630172
  0.04995458 -1.17491734  1.16939322  0.42986455 -0.52974052  2.54845123
 -0.14550468  2.67278664  0.55674448 -0.79554582  1.51244518  1.30088583
  0.71247334  2.16307568  0.68575538]
[  1.00000000e+00   1.02728164e+00   3.92663619e-01  -1.78692051e-01
  -5.25299890e-04   8.01712951e-01   1.11893733e+00  -3.80332633e-01
  -5.54145581e-01  -3.87947370e-01   1.94022656e-01  -6.18880516e-01
  -8.91809837e-01   6.36611692e-01   1.41123347e+00   4.30239725e-01
  -6.75101608e-01  -1.93140641e-02   5.66419843e-01   2.53565898e-01
  -9.12782193e-02]
[ 1.          1.01095855 -3.12470858  3.43263906 -0.37730828 -3.78758289
 -2.6688127   0.97172396  1.12926619  2.42689685  1.08733856 -1.75069046
  0.38694433 -2.72037602 -0.79329063 -0.17297471 -2.83464716 -0.59998773
  0.80723009  1.32500722 -0.38148306]
[ 1.         -1.02344587  2.10710745  2.03707183  0.15355363 -0.31749844
  3.57491193  0.53893766  0.49444902  2.18955234  2.85372925  0.68638036
  2.85000761 -0.68050158 -2.73428897  0.53824922  0.39795288  1.28882327
 -2.01735643 -0.72203446 -1.56445692]
[ 1.          1.03243718 -1.13028635  0.89257384  0.39011293  0.45259016
  0.40453658  0.77723123 -0.7144279  -1.50168798 -0.02854908 -0.57443587
  0.47068345 -0.40974907 -0.78712222 -0.15013726  1.19752714 -0.10230792
  0.53380304 -1.62279753 -0.29379753]
[ 1.          0.8214247   0.6575283  -1.04015968 -0.1953636   0.20707099
  0.18886002 -0.06088974  1.06687071  1.55423693 -0.98108157 -0.33875895
  0.78370021  0.54821225  0.7520014  -0.90283857  0.93162707  0.27997618
 -1.03495909 -0.09837912  1.45398767]
[ 1.         -0.75837541  1.53269316  2.40129273 -0.53232258  1.18371571
  0.01832371 -3.38855157 -0.89829657  0.00585298  1.18351022  1.98420535
  3.27758491  1.82633746 -0.52805704 -0.37440276 -0.1241538  -2.06685636
  0.05114986 -0.76335348 -0.4875238 ]
[ 1.         -0.98765794  0.82868401  0.47560097  1.79989089 -0.93303208
 -0.16844673 -0.26436458 -0.39594605 -0.78771525 -1.70695373  0.58873437
  0.31066216 -0.94015516  0.73680017 -0.54989332 -0.36642907 -1.07784941
 -0.28585216  0.74647926 -0.32307662]
[ 1.         -1.0024511  -1.354731   -1.69067146 -0.31111093 -0.2150223
 -0.22015491  0.17531406  0.7859921   0.00921377 -0.88260013  1.08191151
 -0.61501322 -0.64928535  1.19112262 -0.93046605 -0.68976379  0.94543723
  0.53848899 -1.8967727   0.26391592]
[ 1.          0.99364564  2.10153197 -1.34725848  0.11228894 -0.50103386
 -1.19026114 -0.44727407  1.06242445  2.90479577 -0.46967684  1.76849154
 -0.65678966 -1.52721648 -1.88744483 -0.51441123  0.24441813 -0.92433182
 -4.63583913  0.42194481  2.02904817]
[ 1.          1.02689245 -1.17093871  0.54484688  0.12822984  0.87625353
  0.80397201  1.59176348  1.02591798 -0.59956914 -0.75575175 -0.78531453
  1.38097561  1.41995367  0.75404281 -0.6721584  -0.26885279 -0.73380751
 -0.86085283 -0.15876961  0.17500869]
[ 1.         -0.96356703 -0.67316488 -0.72687252  1.84384912 -0.11146818
 -0.69649989 -0.21873293 -1.98248033 -0.18613493 -1.05610176  0.11187593
  0.29511521 -0.40993265  0.95795618  0.3288677  -0.53786273 -0.71470197
  0.16180756  0.15718952  1.55138462]
[ 1.          1.03086312  0.54502832 -0.5756558   0.19243535  0.12190905
 -0.32707098  0.66610182  0.68260877 -0.72488683 -0.18319131 -1.2174887
  0.9549518   0.80614387  0.36487919  0.02759839  0.04491569 -0.79409264
  0.07607746 -0.90725925 -0.65788618]
[ 1.         -1.00542746  0.25505388 -0.19895356  1.32408459 -0.98672587
  0.66508348 -0.08192707 -0.32815489 -0.35410651 -0.2160042  -0.15610864
 -1.30908172  1.34005331 -1.61462277  0.14348697 -0.57229916 -2.54277373
  0.30824995  0.35483695  0.11319025]
[ 1.         -0.99729411  0.66495684  0.60916873  0.6363848   0.06567972
  0.29407705 -0.73206252  0.30897168 -0.48699981 -0.6072838   0.65635799
  1.05073094 -0.33453775 -0.09857373  1.74095061 -0.69928695  0.19655547
  0.71283525 -0.56954127  1.18135829]
[ 1.          1.12912934  1.49508365 -0.36616361 -0.02411291  2.79442898
  2.31886741 -1.39751633 -5.28373857 -2.48895766  3.16470943  5.97093005
 -5.18779175 -5.48813203 -1.46583973  1.1936971   2.76635763  2.5361232
  0.25249843 -0.01834783 -0.75745286]
[ 1.         -0.98506092 -0.10996685  0.17149358 -0.39544916  0.14748388
 -1.06525213  0.81033773  0.56066495 -0.72306652 -0.11968062 -0.9074913
 -1.92120758  0.53345779 -0.48974032  1.2338058  -0.13721295  0.8867752
 -1.00053259  0.59819927 -0.68221565]
[ 1.         -1.02830629  0.09201019 -0.47188033  3.942244   -0.24227198
 -1.2612447   0.17721467 -3.47687477  1.45356664  0.04595366 -0.88266759
  2.55105886  0.44606181  2.20273489  2.05339488  1.18038302  1.31493689
 -0.72781953 -0.16477406 -0.75845474]
[ 1.         -1.03209855  0.70511621  1.1455914  -1.3461038   1.30810607
 -0.56234313 -0.08349631  1.3512102   0.17654606  0.77275389  0.1852612
  0.06725437  0.52082181 -1.11550209  0.95572703  0.01344544  0.69491953
 -0.05706957 -0.45509196 -0.46290263]
[ 1.         -1.02922504  0.13958798  0.19715083 -1.85654458 -0.18232756
 -0.17610529  0.60437243 -1.08440724  0.42870871 -0.78645365  0.16072148
  0.35769281 -0.49315052  1.03000266 -0.40932131  0.17873467  0.48848002
  0.0152654  -0.22920463  0.22210182]
[ 1.         -1.02369175 -1.41773011 -1.07551307 -0.5340787   1.17530032
 -0.93268173 -1.06590181  0.07272176  0.06572709  0.65851192 -0.00191429
  0.25356246 -0.19818953 -0.20005079  0.93488163  0.29402159 -0.32319621
  0.64687297  0.39631694  1.30211895]
[ 1.         -0.92682765 -0.07335251 -0.17205388  3.33157957  0.30522985
  0.12911944  1.47134604 -2.0067953   1.40857767  1.16282089 -2.29729195
 -0.64451687 -0.09719684 -0.35776444  0.02161508  0.66242055  0.56082529
 -0.9109265   1.79485199 -2.79555793]
[  1.00000000e+00   1.08014528e+00   1.28309416e-01  -3.17701043e-01
   3.00274595e-01   1.95557779e+00   1.42984457e+00   1.07670804e+00
  -1.31398768e+00  -7.58914874e-01   1.28542587e-04   1.16317903e+00
  -7.37980400e-01  -8.78311921e-01  -1.74046612e-01   6.34845572e-01
   2.73457671e-02   2.10606367e-01   1.45366415e+00   5.11273786e-01
   5.34697094e-02]
[ 1.          1.01532025  0.039306    0.07849303  0.30060927  1.14888215
  0.80036848  0.28276664 -0.92464016  0.07160078 -1.44612979  0.89710369
 -1.15992211 -1.22308704 -1.67376328  1.04841636  2.13878098  0.23179329
 -1.26420755 -0.62014756  0.75817367]
[ 1.         -0.92061334 -1.10136832 -1.67951906  2.49643781  1.90688761
 -0.91886908 -1.20661899  2.76761566  0.41028138  2.06341995 -0.27335744
 -1.14652243 -0.454747    0.43280669 -2.63320297  1.08531626 -1.95034451
 -0.22481616  1.21179254 -1.72733999]
[ 1.          0.99004229  0.73614352 -1.09952124 -0.23710426  0.72639911
 -0.34070164  1.10629042  0.23724387  1.27751517 -0.30962074  2.24413327
 -0.4070559  -0.43388044  0.34251947  0.74751001  0.94741329 -0.79867838
 -0.23332102 -0.11647335 -0.11250292]
[ 1.          1.06306559  0.94047814  0.10072761 -0.15557028  0.45481407
  1.03407335 -2.80287519 -0.40200793  0.88004183 -2.17558504 -2.21719077
 -1.46088022 -0.82386264 -1.69139302 -0.0576772   0.4064665  -1.16987205
 -0.58186502 -1.1073853  -0.71320093]
[ 1.          0.88784136  0.9392895  -1.39147643 -0.36766734  0.81868814
 -0.63660479  2.95812007  1.13877063  0.83147824 -0.75004677 -0.62391712
  2.31498985  1.03919379  0.15723595  0.78073754 -0.33327085 -0.68043575
  0.78598489 -0.376188    0.76468263]
[ 1.          0.98098902 -0.05004635  0.07716388 -0.08275559 -1.81377637
 -1.35734355 -1.87515001  0.97253215  0.89610673 -0.74566796  1.48469475
  1.8393474   2.58524511 -2.35377221 -2.74078492 -0.94826864  3.87908042
  2.56722917  6.91046151  0.81458495]
[ 1.         -1.04488898  0.91624988  1.39162927 -1.32123312  1.32478615
 -0.96632391 -0.53990488  1.565654   -1.43691927 -1.01154864  0.70071596
  1.25140418 -1.68071796  0.48240704  0.03802573 -0.39043048 -0.52785937
 -0.65112266  0.11271148 -1.60756268]
[ 1.         -1.00944322  1.90723155  1.90436967 -0.6660015   0.32273422
 -0.89307543  0.98277939 -1.01113617  0.9550703   0.24907327 -0.84762247
 -1.45763212  0.81564134  1.3427563  -2.97300844  1.09908335  0.45229907
  0.38285259 -0.44441464  2.03847274]
[  1.00000000e+00   1.02329423e+00   1.07966844e-01  -1.80093392e-02
  -2.30235606e-01   2.10137099e-01   5.70490914e-01  -3.70906283e-01
  -1.24901317e-01  -5.36491000e-01   3.98674940e-01  -1.45905200e+00
   1.92881665e-01  -1.73570712e-01   9.67892933e-01   3.54922984e-01
  -4.38686777e-01  -1.36437555e-01   5.82376959e-04  -9.11502668e-01
  -2.94489186e-01]
[ 1.         -0.98635349 -0.28019769 -0.11980719 -1.6054202   0.31219179
 -0.47688108 -0.36026698 -0.57592649 -0.3718093  -0.15732689 -0.4287195
 -0.03186995  0.33703453 -0.29660553  0.06175997  0.24663667 -1.18099144
 -0.59355689  1.04325138 -0.41345817]
[  1.00000000e+00   1.04512173e+00   1.14590772e-01  -7.99970528e-02
  -2.25428795e-01  -7.13870670e-01  -1.13077024e+00   8.97449976e-02
   1.58765151e-01   5.67649722e-01   8.23459212e-01  -1.63804244e-01
   1.07043323e-01  -7.93765465e-01  -7.54418840e-01  -8.40146200e-04
  -1.62706157e+00   3.70039677e-01  -1.67436663e-02  -1.62744850e-01
   3.55276933e-01]
[ 1.          1.02287075 -0.58262696  0.54653734 -0.11746342 -0.6951507
 -0.24153479 -1.04451589  0.05296521 -0.26253764  0.39909165 -0.95488355
  0.8366557   0.72639209  0.35333759 -0.6723521  -0.29489024  1.29530441
 -1.36942294 -0.46284314  1.20055083]
[ 1.          1.0161904   0.11456643  0.01458537 -0.36115026 -0.16093398
  1.87128714 -1.21828023 -0.98611589  0.44048924  1.13672987 -1.3158995
 -1.02486993 -0.64271057  2.03413042  1.51641619  0.00887451 -0.37797835
  0.20330894  0.75308732  0.72917273]
[  1.00000000e+00  -1.02039145e+00  -1.68352334e-02   4.49128498e-01
   6.95255666e-01   7.45167463e-01  -3.61176774e-04  -6.87173967e-01
   1.71445056e+00  -5.46576582e-01   1.35138419e-01   7.80939394e-01
   4.74092023e-01  -6.94846020e-01   2.43784742e-01   4.13840879e-01
  -1.15799475e-01   1.54630836e+00   4.45962172e-01  -1.29022959e+00
   1.17010191e+00]
[ 1.         -0.99297564 -0.87388336 -0.99081032  0.96431039  0.60025378
  0.56665237 -1.03732401  0.38247602 -0.16777922  1.04811673  0.17503418
  0.92119333  0.39363894 -2.04878029  0.29539947 -0.65203129 -1.28154875
  0.17224059 -0.58537363 -0.48889988]
[ 1.         -1.03985903  0.89887707  0.93824621  1.03751682 -0.53818175
  1.02211065 -0.5417202   2.16294759 -0.8233636   0.20068747  0.81707461
  0.52758201 -0.64310548  0.18749042  0.53216202 -0.13722423  0.37147644
  0.52327309 -0.68832473  0.64131413]
[ 1.          0.75311828  0.42490739 -1.43142191  0.1263291  -0.66748026
 -1.02290339  1.60581725  1.07912098  1.56630397 -0.37762774  2.59906464
 -1.61275726  1.8404341   1.64308883  2.2287379   1.39743383 -2.01381318
 -0.5878069  -1.59818237 -0.26887984]
[  1.00000000e+00   2.43715066e-01  -2.37744188e-03  -5.96654087e-01
   7.39935545e-01  -1.40779345e+00  -2.02981185e+00   9.92698211e-01
   8.82556600e-02  -7.12553254e-01   3.66988043e-01  -1.34478112e+00
   1.38196575e-01   9.98746812e-01   1.53609910e+00   2.91596492e+00
   2.68078667e+00   1.44546422e+00   7.83257681e-05   5.41746583e-02
   8.79849938e-01]
[ 1.         -0.98322453 -0.18435781 -0.44875906 -3.1703621  -0.93290847
  0.70806027  0.82144814  0.16938446 -1.33458553 -1.57367501 -0.25817046
 -0.22654984 -2.06232085  1.49520642 -1.63362041  0.07573382  1.47456828
 -1.10522417  0.72687288 -0.49411581]
[ 1.         -0.99170082 -0.94062169 -1.39198748 -1.04603888 -2.03302128
  0.95344257  0.15351897 -0.65727267  0.47262014 -0.51853587  0.77253405
 -0.14210785  1.03411513 -0.61359734  0.3656657  -0.24094712 -0.29052359
  0.59644679 -0.39229789 -0.79011582]
[ 1.          1.03946661 -1.2924024   0.49818299  0.46592126  2.17994015
  1.49386351  1.14756047  0.48333806 -0.97041864 -2.5890084  -0.77566532
  1.65803488  0.60149854 -2.99109882 -1.73470939  1.45510724  0.84697494
  0.28569633  1.39132022  1.59657747]
[ 1.         -1.0852321   0.63462176  1.07474279  2.44417254 -0.29500575
 -0.73813376 -0.58613486  1.22658654 -1.34292977 -2.70392413  2.03486215
 -1.00744598 -1.62707683  2.33437153  0.3197239  -2.14185782  1.17370583
  2.62218855 -2.03218115  4.47186786]
[ 1.          1.05118082  1.0121462  -0.39815843 -0.34442224  0.21862323
  0.71672362 -2.78031665 -0.16892887  0.36339267  0.07551952  0.74167911
 -0.90634128  1.97534953  1.80906733  0.25058826  0.72822938  0.26912551
 -1.1004462   0.29191458 -0.90576112]
[ 1.         -0.99557308  0.71232855  1.71793743 -1.81851388  0.67615585
 -0.03614645 -1.72880376 -0.80136234 -0.05561469 -0.48342989  1.84535973
  3.87533994 -0.41735088  0.24300432  0.01830643 -0.21839779 -2.42354978
 -1.1829977  -0.01759632 -2.9799466 ]
[ 1.         -0.95806577  0.17252708  0.39358346 -0.31130297 -1.25267909
  0.97423508  0.62786533 -0.89577802  0.61446807 -1.05266146  0.64805328
 -0.92315016  2.63135766 -1.80170144  1.32083105 -1.36142032  0.76184739
  0.12368993  0.16071259 -0.42974851]
[ 1.         -1.03932061  1.8484558   2.72420578 -4.40228302  0.02199095
 -1.36877483  1.14175921 -1.88463913 -0.145705   -1.16270735  0.22715243
  1.26729549  1.69081556 -0.05841659  0.37313412  0.45961713 -1.86717164
  0.18797479 -0.38926795 -0.22357615]
[ 1.          0.66214678  1.88127411 -1.07334498  0.71112381 -2.55733979
 -0.43273223 -2.30168546 -0.18904618 -2.55434743 -1.01854278 -0.42575444
  0.86566796  1.04192121 -1.64393793 -2.09297795  1.58871948  0.66979449
  1.27428049  1.48109693 -0.07074287]
[ 1.          1.07651067  0.82442442 -0.43127712 -0.37031281  0.97139708
  0.33937882  0.32897743  0.18106196  1.022849   -0.87986623  0.0711532
  0.18590701 -0.19245727 -0.49875219 -0.23705367 -2.10037657  0.66591897
  3.18742835  2.35964625 -0.70081737]
[ 1.          0.99166736  3.17372535 -2.93597267 -0.29258928 -2.2414766
 -3.44593215  0.58162937  1.91268001 -0.71441282 -0.00437299 -0.92339131
  2.77677303  1.61725975 -0.29747253  0.74976236  2.99729593  1.52708812
  3.3982775  -0.00723979 -1.21873615]
[ 1.         -0.98763317  1.99799704  1.61552384  2.06767742 -1.19765904
  0.15240154  0.68778264  0.45144292 -1.15736432 -0.8091276  -1.1827169
 -0.04641231  0.45704091 -0.67755256  2.58118406 -0.92955844  1.95876129
 -2.06718295  2.18163021 -2.02479865]
[ 1.          1.0461615   0.50817453  0.09598839 -0.29357633  0.62325661
  0.60941122 -1.378326   -0.88903464 -0.07632466  1.27294347  1.12336146
 -1.18391075 -0.41935702  1.20299399  0.2554829   0.04771511  0.85694891
  1.11848766  0.93302948 -1.33886607]
[ 1.          0.16823318 -1.2615401  -0.33362496 -0.06888072  1.37015398
  1.29015129  0.6952411  -0.98788217 -1.68148049 -0.526499   -0.72752574
 -0.55701886  0.9123782  -0.53654273 -0.86355149 -2.68794221  1.31808816
 -2.85562327 -0.8109942   0.89344963]
[ 1.          1.04581418  0.97533958 -1.39027136 -0.15197125  2.66714857
  1.08421998  2.66557337  0.80074568  0.26793989 -0.74366848 -0.20168499
  0.6406214   1.00141194  0.83062066  0.61068367 -2.69745049 -1.43491274
  1.21191328  1.31356718 -0.38212599]
[ 1.         -0.93179494  1.36675472  1.18111163  1.44898949 -0.57015579
  1.14066958  1.45472409  1.93506816  0.04068702  1.3854739  -0.82943247
 -3.10853826  1.77830353  0.56215768 -1.82951564  0.39977479 -1.84191376
  0.12150074  0.38273595  1.54022898]
[ 1.         -1.01128515 -0.01214774 -0.46347851 -0.22345282 -1.45119259
  1.34298094  1.32929675  3.37084942 -0.97777075  0.765517    0.5862349
 -3.7049215   2.05511011 -1.5828272   1.97135875 -0.39840376  0.57313977
  1.60082721 -2.32698582  2.14641504]
[ 1.          1.00165835  1.13155703 -0.35604649 -0.41244239  0.99445599
  1.06654997 -1.60545857 -1.11673939  0.04068897 -0.27811116 -1.08800784
 -1.46986957 -0.8724296  -0.29280098 -0.30463626 -1.3637828   0.9826495
  0.80191232  0.74978811  0.07550976]
[ 1.         -0.95897524 -1.65134731 -2.2784169   0.4407241  -0.54734377
  0.28863813 -0.53134939 -1.20077452  0.88573865  0.28449418  0.09565421
  0.72024085  0.41473183 -0.10560919 -0.95194028  0.28792734 -0.70452112
  0.17820584 -0.50402822 -0.63644043]
[ 1.          1.06834015 -0.77235574  0.79483216  0.09898407 -0.62234917
 -0.46849231  1.05554423 -0.72151411 -0.77375826  1.61103552  0.99691083
 -0.09852893 -0.79770531  0.07322406 -0.1467154  -0.83761007 -0.2585199
  0.90402333  0.443298   -0.53346345]
[ 1.          0.915442   -1.62688508  1.3134588   0.1471452  -0.77777381
  0.18036577 -1.21539442 -0.98698183 -1.43651041  1.60120605  1.1675817
  0.09204963  1.9424842   0.893329   -0.18743371  0.56346022  1.34704672
 -0.75595528  0.8031738   0.47068663]
[ 1.         -0.99810371  1.03599798  1.05437159  0.95668029 -0.77218549
 -0.04385076  0.95080636 -1.78810147 -0.24513487 -1.22970216  0.01994829
 -0.16326919  0.31597441  0.16929143  0.27713617 -0.45931725  0.0406847
 -1.10764327  0.35457146 -0.23676118]
[ 1.          1.06558178  0.54995353 -0.54629546 -0.1502847   0.73839492
  0.38205775  0.87661889  0.31898037  1.0451828  -0.27358603  1.78596432
  0.26982627  0.39617391  0.24638112  0.09264117 -0.98248594 -0.46525761
 -0.43800143  1.55254761  0.57176562]
[ 1.         -0.97579127 -0.05757883 -0.25250519  1.75911274 -0.59799218
  0.69798558  0.94218604 -1.82287911  1.04351609  0.00724239 -0.58860679
  0.13890897  0.85830678 -0.48944741  1.56044837 -0.31696966  1.50382285
 -0.53855593 -0.35669391  0.18732429]
[ 1.          1.01822533 -0.5640874   0.09043179  0.2451451   0.70054463
  0.90169266 -0.00286246 -0.37392468 -1.14594102 -0.33948578  0.30046523
 -0.28663432  0.50203102 -0.29307193 -1.11462086 -0.96303084 -0.67689619
 -1.69524701 -0.27241304  0.71789967]
[  1.          -0.92244522   0.59857438  -1.1066484   -3.32421383
  -5.82306718  12.31001648   0.22544133   2.78497633   1.11544649
   6.77090432  -4.70525676   3.81792956  -6.23119953   1.79863638
   3.90694813   4.92167622  -5.93633181   0.57735887   6.35048124
   7.7099676 ]
[ 1.          1.05296619 -1.2350419   0.89451806 -0.15534203  0.54507592
  1.4179794  -2.21217056  0.31919695  2.43150565 -3.07608188 -2.13971599
 -1.35789173  0.47676811  0.22783913  0.63253011  0.68746164  0.1459308
  0.35917665 -1.08495967  0.37225229]
[ 1.          1.02353387  2.3411019  -1.98583379 -0.22610003 -0.85117116
 -1.26271114 -1.34807286  1.60913422  1.68743473 -1.81133785  1.29739468
 -0.66397399  1.67409266 -0.57664808  0.27776658  2.2387891   0.67309433
 -3.91029632  1.18820972  0.87173623]
[ 1.         -0.9694982  -0.36005911 -0.44774112 -2.03396257 -1.32923703
  1.60575025  0.65356036  1.31593069 -0.51226653  1.44463212 -0.3174636
 -1.87206465  1.42721908 -1.78494026 -1.61674959  0.68706446 -0.46823847
 -0.29726399  0.24858668 -1.54562994]
[ 1.          1.0494248  -0.18199542  0.56955008  0.13077224  0.09098455
 -0.40395937  0.36897145 -0.058301    0.86983285 -1.01648043 -0.52285124
 -0.43969757 -2.37429782 -1.88201269  0.20353072  1.26051249 -0.77786955
  1.19338081 -1.27534747 -0.95412711]
[ 1.         -0.93399014 -0.192549   -1.08004524  0.15343094 -0.14689687
  0.49702145  0.02022575 -0.01252328  1.59514036  0.35980118  0.23668803
  1.23412627 -0.40031994  1.77382409 -1.898525    0.96716904  1.37561058
  0.28653568 -0.35488003  0.35062239]
[ 1.         -0.97719083  0.24764584  0.4648709  -0.3698097   0.42658791
  1.19708286 -0.16129262  1.12145044  1.08193389  0.86189329  1.05429542
  0.30148372  0.15050927 -0.06490307 -0.74007279 -0.53853409  1.34251131
  0.39383032 -1.62146044 -0.75919279]
[ 1.          1.05340398  1.04406262 -0.69575245 -0.26829786 -1.1249564
 -1.24880563 -1.21905977  0.13243746  0.57834188  1.25789039 -1.30107248
 -0.43382114 -0.59616707  0.96660767  0.8490027  -1.98618751 -0.17245888
  0.20884113 -1.04135223 -0.51450204]
[ 1.         -1.0070874  -2.3431986  -1.95037426 -1.85678639  1.24607896
 -1.66625423 -1.16624346 -0.97944698 -0.01899245  0.3898115  -0.33707109
  0.6052822   0.66079983 -1.02244207  1.89458108 -0.36729637  0.7497349
  0.13171423 -0.28382609  1.95480437]
[ 1.          1.00770566  0.33091431 -0.26902024 -0.06522929 -0.61944964
 -0.30747785 -0.14274537 -0.78305048 -1.45329808  0.90075266 -0.12927465
  0.19029793 -0.67159769 -1.19160495 -1.17301794  0.15255068  0.62578479
  0.45684772 -0.48918635  0.43172871]
[ 1.          1.06905192 -1.26691158  1.45246562  0.3760264  -0.22398347
  0.05861988 -1.02260385  0.67733235  1.53851352 -2.90412498 -1.91806604
 -0.14099652 -1.25773747 -2.16757346 -0.27639888  1.47048417  0.07129782
  0.69487933 -1.02868801 -0.16396414]
[ 1.         -1.03860625 -0.12686334 -0.2909397  -0.97596741 -1.27290481
  1.22283195  0.66168498 -1.2384252   0.41035476 -0.51532437  0.227746
  0.04547618 -0.54449201 -0.36127155 -0.31261607 -0.26072464  0.05189273
  0.35754261 -0.82196346  0.60203003]
[  1.00000000e+00  -1.01415310e+00  -1.35995200e-03  -2.83137247e-01
  -5.54359071e-01  -1.41916419e+00   9.27815740e-01   6.55743216e-01
  -6.22656748e-01   3.36881296e-01  -6.36039317e-01   1.39557316e-01
   6.20157387e-01  -4.44243685e-01   1.18523254e-01   3.11801083e-01
  -1.79777356e-01   9.14858077e-02   3.69379489e-01  -3.69803413e-01
  -3.12513665e-01]
[ 1.          1.06433093 -1.00155915  0.72783443  0.11589709 -0.48322478
 -0.04045558  0.80003434 -0.006954   -0.09823317  0.69514852  0.281985
  0.27268515  0.6197108   1.24891993  0.2527085  -1.07520642 -1.02368558
 -0.16889485  0.14347601 -0.43152695]
[ 1.          1.04977941 -0.72570715 -0.0958529   0.01869104  1.20355209
  0.40479392  2.14077834 -0.00935433 -1.31690814  0.94441856  1.66770488
  1.85079973 -0.14704384 -1.70396809 -2.85937173 -1.0369348   2.42902527
 -3.79409763  2.23616949  3.60105823]
[ 1.         -1.01351811 -0.21979229 -0.23687668  0.66813622  0.01649565
  0.18294045  0.37626635 -0.19683066 -0.06973815 -0.30480087 -0.37174564
  0.28919038  0.02180096 -0.08064261  1.53515681 -0.45097497  1.58356861
 -1.38206077  0.69739752 -2.08789644]
[ 1.          1.06698385  2.26829255 -1.487974   -0.36639055 -1.79296949
 -2.06127828 -0.71377822  0.5869269   0.75004166  1.62669569 -2.00705961
  0.35719028 -1.18153819 -0.70479203 -0.69690584 -5.24851028 -0.49636552
 -2.624671   -1.09537818  1.06704483]
[ 1.          1.04570499  0.58202134 -0.27340141 -0.05912705 -0.94442853
 -0.91715522 -0.57882877 -0.81763668 -0.39567389  1.71107749  1.32764693
 -1.15763139 -0.53750803  0.56657815  0.56540057  0.55243343 -0.35641589
 -0.65384832 -1.23600433 -0.62623077]
[ 1.          1.04379791  0.91564161 -0.9964882  -0.27716063 -0.21412641
 -0.43393546  0.21126335  0.75820407  0.61491283 -0.57298297 -0.08420509
  0.51388741  0.5664815   0.15690947  0.17042515  1.02101041  0.15687039
  0.93967028  0.30162627 -0.33920805]
[ 1.         -0.90960911 -0.26962197 -0.48220382  1.3058097  -2.02319894
  0.86124059 -0.27734869  3.80541051 -3.64697567 -1.6715692   0.20510847
 -1.5528792  -1.69838863  1.35558323  1.5771512  -0.13465334  0.13482123
 -0.86440377  2.03129032 -1.03418736]
[ 1.         -0.96669733 -1.46851337 -1.04352705  0.12239523  1.01354881
 -1.34795385 -1.24053782 -0.06863573  0.11535161  0.33036761 -0.09933734
 -0.58470946  1.07085883 -0.47960318  0.46188356 -0.67779406 -0.5538408
  0.70008463  0.25349645  1.11936803]
[ 1.         -0.93418228 -0.08706377  0.11880053 -2.12595096 -0.75687642
 -0.750117    1.1092238  -0.50405953 -0.22021432 -0.56869804  0.14181591
 -2.065583    0.33615173  0.53158076 -1.71830242 -0.01133635 -0.97034966
  0.47670842 -0.48786597 -0.43944915]
[ 1.         -1.02330417  1.47522986  1.66941238  1.44257326  0.64119224
  0.04019348  0.68336543  0.10701492  1.29759971  1.04389631 -0.28722689
 -0.90145655  0.45955512 -0.35336069 -1.669821   -0.10626892  0.76776654
  1.40544089 -1.12360488  0.30468773]
[ 1.         -0.9874893  -0.95472197 -1.26034187 -0.01374324  0.80640538
  0.07018605  0.31342785  0.77438751 -0.11698082  0.13610059 -0.78610926
  0.2162018  -1.72025039  0.26931746  0.13445976  0.1471575   1.99439163
 -0.74498699  0.60175594 -0.23379752]
[ 1.          1.01689638  0.49367767 -0.56062603  0.37900581  0.50781079
 -0.04574851  1.50773952 -0.86979804 -0.81355771  0.52831417  1.71723812
 -0.00178756 -1.14376914 -1.48867206  0.20359295  1.11371994  0.24567499
  0.15687365  0.72984352  0.75506864]
