Cluster centers 

[ 0.80430685  2.32236649 -0.09554579  0.42691473]
[-1.12965221 -0.51058612 -0.0319815   0.41572937]
[ 0.94607772 -0.91439445 -0.41917263 -0.51235051]
[ 0.76314495 -0.77106766  0.74210565 -0.77514364]
[-1.19727054  0.42435178 -0.00632909 -1.65110786]
[ 0.90864256  0.61353006  0.95262989  0.49502891]
[ 0.94514787 -0.40650002 -1.44057253 -0.69902335]
[-0.39184922 -0.97098715 -1.26706973  2.32818779]
[-1.33249361  0.13270251  0.96277324 -0.29876228]
[-1.27640249  1.62845398  0.76235437 -0.07774025]
[ 1.00473947 -0.11575093  1.30421983  1.05679891]
[-0.82454259 -0.3385192  -1.46982119  1.2892215 ]
[ 0.98151982 -1.44824895  1.14975199  0.45520415]
[ 1.07653537  2.08308123 -0.07857141  1.40274657]
[ 0.56634553 -0.12217898 -1.00812221 -1.60535304]
[-0.3877088   0.23067238  1.38366004  3.42694265]
[-1.13424491 -0.14281242 -0.7440566   0.0834841 ]
[ 0.38137429 -0.19005978  0.34488185 -1.77681364]
[-0.88987181 -1.09103064  0.36176188  1.34049449]
[-1.05534303  0.78711239 -2.04520103 -0.86040371]
[-1.26570206 -0.18491456  0.23923306 -0.31064163]
[ 1.1247366  -1.55160885 -0.179693    0.73415321]
[ 0.60105879  0.70948516  0.90069627 -0.64337594]
[-0.89691642  2.64045078  0.15474134 -1.07905314]
[ 1.07712993  0.97380209 -3.8524353  -0.41255878]
[-0.89247337 -0.5982752  -0.81649636  1.1513073 ]
[ 0.94076949  1.51292011  0.40952877  0.75205542]
[-1.19168143 -0.50757531  0.41154366  0.30134144]
[ 1.04592514  3.73322747 -1.43055182  1.43605181]
[ 0.83473467  0.02870486  1.17904241  0.01521679]
[-0.64923325 -0.17214265 -2.13091994  1.78026407]
[ 0.53961294  0.54449995 -2.32356391 -1.61623943]
[ 1.13551015 -1.21779729 -0.69395477  0.37345214]
[ 0.41860817 -0.2247446  -0.08346833 -1.80121897]
[ 1.26980597 -0.72298087 -1.92594686  0.67150067]
[ 0.82874931  1.66540099  0.3538155   0.36080136]
[ 0.81553008 -0.65963321 -0.4841572  -0.96395711]
[-1.31646334  0.17207612  0.51681792 -0.87064709]
[-0.70835412  0.66263372 -0.75298658 -2.45316805]
[-0.80925375 -0.94628435 -0.34463416  1.45104353]
[ 1.16945561  1.23926735  0.45278016  2.12160841]
[ 0.86499727 -0.8836385   1.15329792 -0.18605408]
[  5.56401792e-04   2.00576630e+00   3.53236074e-01  -1.33891564e+00]
[-1.02762358 -0.25392613 -1.0007909   0.58517926]
[-0.39475099 -1.73365344  0.5282406   2.27667785]
[-1.161044   -0.54388937  1.22940434  0.83490337]
[ 1.01485351  1.26865209  0.53601294  1.07242536]
[-1.27534605  0.87377972  1.11660878  0.5530978 ]
[-1.22672661 -0.03739343 -0.33978355 -0.45151349]
[ 0.6817323   3.08689231 -0.62479118  0.29699279]
[ 0.71598799 -0.13837647 -1.36690111 -1.30014634]
[-1.04904677  0.75314229  0.44280827 -2.08987089]
[-1.13810076 -0.34163807 -0.36837567  0.24243721]
[-1.30217058  1.02366173  0.89372378 -0.84836874]
[ 0.97705765 -0.75081495  1.49311337  0.86242856]
[-0.70224699  0.30592876 -2.73407347  1.58266816]
[ 0.98485408 -1.0248987  -0.34549731 -0.33063574]
[ 0.78980257 -0.82930702  0.21715329 -0.88961712]
[ 0.56847322 -0.01043181  1.0011796  -1.04001516]
[ 1.02557034  0.3115119   1.10126015  1.16392972]
[-1.15699273 -0.6244303   0.56862476  0.52740325]
[ 0.75740633  0.87422092  0.83550622 -0.07914618]
[ 1.02940123  1.89003743  0.09797693  1.17013544]
[ 1.13704537 -0.89609049 -1.19905741  0.13674946]
[-1.28333867 -0.21951342  0.81786918  0.01048216]
[ 1.03733126  0.92643761  0.74466959  1.19399066]
[-1.1377606   0.41337601 -1.35550983 -0.70964665]
[ 0.91091042 -0.66328503 -0.8330081  -0.72392569]
[ 0.86314103  0.97690466  0.76257879  0.34959678]
[ 0.08157266  0.3180232   0.59723477 -2.06511291]
[ 0.64332554 -0.58243356  0.55210932 -1.18941677]
[ 1.07780195 -1.67706683  0.3296961   0.73303163]
[ 1.08496175  2.38484864 -0.31650856  1.44212702]
[-1.34104851  0.31177887  0.88396783 -0.62632909]
[-1.2124023   1.93640823  0.59011886 -0.58785798]
[-1.28446369  0.17534738  0.18251323 -1.05475326]
[ 0.76375686 -0.29712319  1.17456034 -0.42514756]
[ 0.73268113  1.41907877  0.54110443 -0.01270594]
[ 0.63715772  2.30930513 -0.00947988 -0.0384278 ]
[-1.32143009  0.51248129  1.14103249  0.06704772]
[ 1.04599347 -0.37338436 -1.76863979 -0.40555426]
[ 1.02720748 -1.23142385 -0.11537573 -0.0372776 ]
[ 0.93078336 -1.23229085  0.76907989 -0.13597072]
[-0.48934477 -0.65721755 -1.64485072  2.16239186]
[-0.77880451 -0.2233063  -1.771075    1.40916209]
[ 0.17882659  0.05471716 -0.21473856 -2.16546192]
[-1.19213738  0.06210758 -0.70859371 -0.43747453]
[-1.0247062  -0.92371656  0.60887477  1.01484435]
[ 1.0001913  -0.85615238 -0.76111838 -0.38234658]
[ 0.51790478 -0.26521799  0.74332593 -1.37044447]
[-1.23410263  0.11504932 -0.40653621 -0.77747083]
[-0.9957401  -0.74889714 -0.1297664   0.9308433 ]
[ 0.73397655 -0.35930339 -0.93329261 -1.2385912 ]
[ 0.63503986  0.29997138  1.03129824 -0.6845864 ]
[-1.19894597  2.24972307  0.42404914 -0.25414047]
[ 1.01013893 -1.71485316  1.14445034  0.87045274]
[-1.19312714 -0.17975551 -0.3577338  -0.11853817]
[ 1.13103533  1.73115736  0.14292458  1.6903425 ]
[ 0.60458538 -0.3079305  -0.64290691 -1.50754153]
[ 1.08253959 -1.00088237 -0.81575372 -0.01776921]

Populations

0.00603126539846
0.0185602577914
0.0155669779343
0.00692774342572
0.0101614020706
0.0254453222789
0.010120761757
0.0171455394231
0.0117800867967
0.0134985056194
0.00949991422945
0.0086810955683
0.00476133141138
0.0107251249698
0.0188964661022
0.00346254317729
0.0139444073531
0.00761529377426
0.0298274600124
0.0172723843305
0.0143417791263
0.0061349346403
0.0181138951507
0.0114236033347
0.0163123379582
0.00387882410132
0.00504918043425
0.00130261901869
0.00561759940051
0.0023438449964
0.0118605302718
0.0257504002312
0.0248198420122
0.00149973713143
0.0455090854632
0.0167619575929
0.00182766785296
0.0322610913787
0.00343766626225
0.00861451742921
0.00200732482893
0.0227786280124
0.00842537748288
0.0066431507215
0.00723120868002
0.0322378585741
0.00513762074605
0.00992350092619
0.000796169190997
0.0151760330981
0.00958925401929
0.0063995033414
0.010348529043
0.0230085344998
0.00539821048815
0.00114503265429
0.00909482211526
0.0415885005633
0.00336057768163
0.0459055025253
0.0303296259168
0.0075852109842
0.0115450188614
0.00638963810917
0.00425983060035
0.0299494230065
0.0164807805557
0.00847002243706
0.00938658904003
0.00291790316537
0.00720748361815
0.00222730351259
0.0115536468561
0.00362448857992
0.00470691767223
0.013295838397
0.00177956332712
0.00523786841808
0.00968027075531
0.00759413212913
0.0053645459481
0.00587940146159
0.0074599264515
0.00409423379269

State labels

0
1
3
4
5
6
7
8
9
10
11
12
14
15
16
17
18
19
20
21
22
23
25
26
27
28
29
30
31
32
33
35
37
38
39
41
42
43
45
46
47
48
49
50
51
52
53
54
55
56
57
58
59
60
61
62
63
64
65
67
68
69
70
71
73
75
76
77
79
81
82
83
84
85
86
88
89
90
91
93
94
95
97
99

Eigen values

1.0
0.833610290933
0.81813903132
0.786123387345
0.782378978215
0.765762298503
0.747250357343
0.730896609759
0.70869634987
0.702387780613
0.675669223766
0.652681330344
0.613962279618
0.59548332027
0.55559390127
0.53257293146
0.510873060902
0.492357760549
0.486013015295
0.472138622129
0.459630305747

Left eigenvectors

[ 0.00603127 -0.01264524  0.00970492  0.00315736 -0.00051     0.0069209
 -0.00623202  0.00753278 -0.00391751 -0.00209282 -0.0053426   0.00905186
 -0.00173857  0.00878351  0.01218345  0.00410218 -0.01218574 -0.00529797
 -0.001475   -0.01697711  0.01311206]
[  1.85602578e-02   1.02085221e-02   9.27572090e-03   1.53212466e-02
   6.37706260e-05  -1.57806211e-03  -3.79231838e-02   5.66530814e-04
   7.54299808e-03   1.91764981e-02   3.38265926e-02  -4.63032105e-02
   2.16244820e-02  -3.15306491e-02   5.42081479e-03  -4.29777414e-04
  -1.77920554e-02  -4.85794265e-02   4.80368260e-03   1.01860826e-04
  -1.35379025e-02]
[ 0.01556698 -0.0166438  -0.02055364 -0.00139608  0.00673913 -0.00093459
 -0.00731101 -0.00519935 -0.0077642   0.03220114 -0.01537673  0.01527523
 -0.00236545 -0.00803981  0.00425405  0.00078338  0.01824563 -0.01089035
 -0.02466706 -0.00687176 -0.00915073]
[ 0.00692774 -0.00073147  0.00245898  0.00475797 -0.00259188  0.00267124
 -0.01977964  0.0092207   0.01257282  0.02083703  0.00593682 -0.00095592
  0.00661601  0.02418204 -0.00256972  0.000606    0.00780312  0.01236811
 -0.00050953  0.00669429 -0.00102794]
[ 0.0101614   0.01218793  0.0033736   0.00063725 -0.00955709  0.00531951
 -0.00432797  0.00426273 -0.0070583   0.00918165  0.00422479  0.00051642
  0.00300864  0.0035197  -0.01003369 -0.00471837  0.00670298  0.00090707
  0.01194786 -0.00641022  0.00644277]
[ 0.02544532 -0.00428033  0.0019924  -0.00711196 -0.00697834  0.00444837
  0.00368316  0.01114628 -0.00306102  0.00652179 -0.02312891  0.02230785
  0.00865349 -0.01955069  0.02286309  0.00764284 -0.01647712  0.00071685
  0.02727347  0.0149929  -0.02320748]
[ 0.01012076 -0.00664071 -0.02074352  0.00888543 -0.0041513   0.01781213
  0.02249191  0.02642442  0.00175204 -0.00078656 -0.00935138 -0.02842868
  0.00330629  0.00115443 -0.00928115  0.00161973 -0.01026074  0.00639638
 -0.00866852  0.00031602  0.003159  ]
[ 0.01714554  0.0034759   0.00495579 -0.01555683  0.01364703 -0.00728837
  0.0078692  -0.01087595  0.01208648 -0.0015998  -0.01932771 -0.01305199
  0.00561259  0.00958687 -0.00920679 -0.00167912 -0.00039143 -0.00919996
  0.00937844  0.00781064 -0.00744821]
[ 0.01178009  0.00720684 -0.00831307 -0.0040013   0.00450848 -0.00109266
  0.00091063  0.00791929  0.03401746 -0.01549252  0.00800257  0.01178202
 -0.03606885  0.00131514  0.00681506 -0.01326052  0.00916398 -0.03175063
  0.00628608  0.00301502  0.01761094]
[ 0.01349851  0.00109728  0.00219315 -0.01452691  0.01347417 -0.00241504
  0.00565855 -0.00734596  0.01181476  0.00361595 -0.02466607 -0.00448053
  0.00831811  0.00261569  0.00197749 -0.0017296  -0.00422418 -0.00803547
  0.02680593  0.00126773 -0.02044344]
[ 0.00949991 -0.02108519  0.01418071  0.00183373  0.00361702  0.01849154
 -0.0024205   0.0144941  -0.01419994 -0.01141345  0.00171765  0.00765747
 -0.00571526  0.01081721  0.01183227  0.0046132  -0.00949452 -0.01461234
  0.01181474 -0.00288148 -0.00565785]
[ 0.0086811   0.00999937  0.00183664 -0.0065899  -0.00951321  0.00153643
  0.00026064  0.0040654  -0.01329301  0.00489557 -0.00459618  0.00594216
 -0.00550994 -0.00286488 -0.00048374 -0.00222545  0.00133697 -0.00291477
  0.00890356  0.00111419  0.0013774 ]
[  4.76133141e-03   2.13170026e-03   5.04312487e-05   1.30530525e-03
  -4.04175137e-04   1.50805198e-03  -7.46079570e-03   7.14230104e-03
   1.29562875e-02   9.01272792e-03   3.71486224e-03   6.69349615e-04
  -2.79376766e-03   1.83014106e-02  -3.27037465e-03   5.81118404e-04
   8.82322104e-03   1.70439908e-02  -4.92015237e-04   1.13723761e-02
  -9.38308807e-03]
[  1.07251250e-02   1.76380253e-02  -4.17875883e-04   3.50915393e-02
   5.92884013e-03   1.77062331e-02   1.55848831e-02  -2.07877005e-02
  -1.70548437e-03  -1.99613955e-03   7.96218207e-05   1.36079538e-02
   1.30424757e-02   1.11825370e-02   2.02025731e-04  -1.17073328e-03
   1.22714771e-03   2.05663115e-03   4.17669370e-03  -3.58337002e-03
   5.40990962e-03]
[ 0.01889647  0.01260422 -0.00596034 -0.00280887 -0.00234877  0.00987816
  0.00439214  0.01336647  0.03361937 -0.00336215  0.00951699  0.01217562
 -0.01804853 -0.00076142  0.00139411  0.00612146  0.00034543  0.01943944
 -0.00849502 -0.00962774 -0.00847209]
[ 0.00346254  0.00222107  0.00019388  0.0071166   0.01014498 -0.01580304
 -0.00062332  0.0081783  -0.00639954 -0.00380913  0.00061908 -0.00505163
 -0.0060712   0.00152851  0.00077041  0.02003439  0.00907591  0.00413242
  0.00824259 -0.01470172  0.00012912]
[ 0.01394441 -0.00856426  0.00673663 -0.01916708  0.03603594  0.02085644
  0.00164091 -0.01075625 -0.01153739 -0.00085431  0.02492774 -0.00314319
 -0.00072247 -0.0068423  -0.01424027 -0.00465746  0.01203339  0.01795514
 -0.01461911  0.00152491  0.01233828]
[  7.61529377e-03  -1.46676694e-03   4.25352093e-03  -9.48607889e-03
   1.34359716e-02   3.19794572e-03   1.90107692e-03  -6.13004567e-03
  -5.59941530e-03  -1.72076214e-03   9.40087871e-03  -6.30990077e-03
  -1.26771643e-03   9.05391185e-04  -7.92680682e-03  -1.35712426e-03
   6.29204162e-05   9.45137553e-03  -1.70492039e-02   1.04764095e-02
   1.34904984e-02]
[ 0.02982746  0.03601698  0.00128338 -0.00917141 -0.02457393  0.01385448
  0.00766221  0.009114   -0.01902377  0.00677836 -0.00160561  0.01971625
 -0.00999708 -0.00972861 -0.00499179  0.00253204  0.0056387   0.01518979
  0.0124648  -0.02500926 -0.01880714]
[ 0.01727238  0.00790898 -0.01493657  0.01045759 -0.00049759  0.01595327
  0.02301249  0.02256948  0.01399169 -0.00354455 -0.00219198 -0.01147516
  0.00168254  0.00119923 -0.01595469 -0.00029078 -0.00936036  0.0198869
 -0.0075716  -0.00936234 -0.01031731]
[ 0.01434178 -0.00166738  0.00267735 -0.02147584  0.02530521 -0.00068789
  0.00624207 -0.01633545  0.01035715  0.00898658 -0.02849013 -0.01166475
  0.01178868  0.0051187  -0.00676699 -0.0114812   0.00601353 -0.00714986
  0.02530755 -0.01214069 -0.00348321]
[ 0.00613493 -0.01043655  0.00784102 -0.00885303  0.0195792   0.01883126
 -0.00017934  0.00073886 -0.0154876  -0.00718261  0.02016277  0.00340801
 -0.00712982  0.00546169 -0.00297421  0.00208277  0.00794471 -0.00023757
 -0.00068459  0.00917618 -0.01396415]
[ 0.0181139  -0.00899322  0.00027118 -0.02717567  0.03951108  0.00772302
  0.00249967 -0.02177121  0.0018272   0.01923623 -0.02265501 -0.00780521
  0.01099911 -0.00200902 -0.00450384 -0.01680538  0.01392149  0.00456035
  0.00836455 -0.02772916  0.01930715]
[ 0.0114236  -0.01109455 -0.03503808 -0.00093672 -0.00833065 -0.00056408
 -0.01935852 -0.01311454 -0.00358451 -0.02716783  0.00337723 -0.00092003
  0.00328787  0.00658979 -0.00288334 -0.00771782  0.00599898  0.00239916
  0.01329391 -0.0046386   0.00711038]
[ 0.01631234  0.00192709 -0.01480721 -0.00476401  0.00196756  0.00089557
 -0.00514158 -0.00097116  0.0239691  -0.01931748  0.01144549  0.0128249
 -0.00864786 -0.00999645  0.00858793 -0.00496113 -0.00214325 -0.01234404
  0.00062117 -0.00552993  0.01057349]
[ 0.00387882 -0.00571431 -0.01377405  0.00228804 -0.00011277 -0.0021952
 -0.0135645  -0.00724351 -0.00439332 -0.00284658 -0.00367379  0.00921167
 -0.00442324  0.00058472 -0.02452508  0.00503771 -0.01400523 -0.00222174
  0.00271223  0.00217598 -0.00330015]
[ 0.00504918  0.00088872 -0.00433265  0.00129127  0.00428722 -0.00697461
  0.00379394  0.0101429  -0.00057962 -0.00178564  0.00271628  0.01088616
  0.01021054 -0.00382199  0.00093851 -0.01333274 -0.003554   -0.00296128
 -0.00500311  0.00025341 -0.01014219]
[ 0.00130262  0.00036739 -0.00128625 -0.00018136  0.00040892 -0.00122666
  0.0004635   0.00208127 -0.00134739  0.00137669 -0.00028912  0.00388073
  0.00197336 -0.00178895  0.00030413 -0.00543918  0.00171615 -0.00323343
 -0.00509776 -0.00235379 -0.00930123]
[ 0.0056176   0.00177649  0.00266594  0.00339619  0.00448858 -0.00619096
 -0.00199713 -0.00332378 -0.00277982 -0.00056541 -0.00235227 -0.00935223
 -0.0077755  -0.00014902  0.00037994  0.00109363 -0.00592043 -0.00153198
 -0.01079172  0.01009052  0.00072018]
[  2.34384500e-03   6.10353017e-05  -1.57835488e-03   1.39407741e-03
   4.32690736e-03  -7.48467414e-03   1.46407746e-03   4.71185527e-03
  -2.37017119e-03  -2.06963549e-06   2.74138009e-03   3.86899919e-03
   3.20022973e-03  -2.06357435e-03   1.24148100e-03   3.03283512e-03
  -1.85465335e-05   4.18620692e-03   5.24542525e-03   6.94836583e-03
   5.72357715e-03]
[ 0.01186053 -0.01665741 -0.02810742  0.0090432  -0.00676252  0.0202766
  0.02301915  0.02872245 -0.00550166  0.00087702 -0.01243863 -0.03357546
  0.00342294  0.00079037 -0.00185086  0.00204391 -0.00590026 -0.00481275
 -0.00471366  0.00580992  0.00919897]
[ 0.0257504   0.0382768   0.00776369 -0.02189608 -0.03161766  0.00232195
 -0.00135749  0.00721831 -0.0464482   0.01315216 -0.00387211  0.00489366
 -0.0203073   0.00272195 -0.01323934 -0.00828335  0.00654833 -0.00861361
  0.00645663  0.00370296  0.03319084]
[ 0.02481984  0.01491606 -0.00234053 -0.00366598  0.01415676 -0.01358262
  0.00719877  0.01224935  0.01990451 -0.00562385 -0.00948745 -0.00901648
 -0.02466953  0.01889388 -0.00937622 -0.00779666  0.00603158 -0.00859071
  0.01052603  0.02188789 -0.01197772]
[ 0.00149974  0.00081149 -0.00117756  0.00109401  0.00395723 -0.0071431
  0.00205105  0.00704647 -0.00215009 -0.00255551  0.00255806  0.00572546
  0.009037    0.00218126 -0.00134917 -0.01126413 -0.00266517 -0.00375517
 -0.0047359  -0.00177506 -0.00139033]
[ 0.04550909  0.00573812  0.01568104 -0.01159262 -0.01811673 -0.00435939
  0.01628222 -0.01662659  0.03284066 -0.02810879 -0.0106631   0.00504445
  0.02872422 -0.0110133  -0.0068694   0.03984416  0.0009031  -0.00753976
 -0.01542362  0.00646932 -0.0388406 ]
[ 0.01676196  0.0057786  -0.00406078  0.00046388  0.01493655  0.01483892
 -0.00070633 -0.00318799  0.01265023 -0.00075922  0.03540473  0.00458821
  0.00844574 -0.03769675 -0.00843857  0.00386515 -0.00614101  0.01868505
 -0.00222263 -0.01695703  0.01325211]
[  1.82766785e-03   8.76183965e-04  -9.00791048e-04   1.02711104e-03
   3.71122036e-03  -6.43327216e-03   1.57529373e-03   5.34742666e-03
  -1.69868160e-03  -1.88059156e-03   1.60217340e-03   2.86580894e-03
   3.87532200e-03   1.09605171e-03  -3.93003761e-04  -1.72893922e-03
  -1.97818584e-04  -2.94501660e-05   7.95201582e-05   1.47661033e-04
   1.59715376e-05]
[ 0.03226109  0.04073193  0.0035521  -0.01841791 -0.02936404  0.00494812
  0.00027975  0.01080051 -0.034255    0.01231218 -0.00509184  0.01259955
 -0.01689594 -0.00260028 -0.00735067 -0.00881135  0.01433876 -0.00433204
  0.01045803 -0.01378165 -0.01475701]
[ 0.00343767  0.00221971 -0.0002159   0.0001089   0.00132812 -0.00086973
 -0.00216118  0.00425828  0.00769915  0.00313544  0.00047515 -0.00082753
 -0.00463239  0.01167571 -0.00311992 -0.00087566  0.00606826  0.00879863
  0.00147327  0.0109094  -0.0081633 ]
[ 0.00861452 -0.01857187 -0.01456311  0.00299325 -0.00816113 -0.00936668
  0.01463695 -0.00786455 -0.00474626  0.02020579  0.01239155  0.0024747
 -0.00454183 -0.00685016  0.01004996 -0.00276403  0.02347329 -0.0047162
  0.00439866  0.00622185  0.00404956]
[  2.00732483e-03  -1.34552119e-03   2.52377841e-04  -3.21616055e-03
   5.40737665e-03   1.04342654e-03   1.56769654e-05  -2.96650554e-03
   8.64898500e-05   2.97507973e-03  -3.92985098e-03  -1.03791327e-03
   1.53013674e-03  -6.46872280e-04   4.38347423e-04  -3.10656072e-03
   1.79812151e-03   1.32077640e-03   2.54717746e-03  -7.00626768e-03
   6.36983986e-03]
[ 0.02277863  0.0307414   0.00444233 -0.01695765 -0.02559085  0.00288444
 -0.00179999  0.00255009 -0.03018051  0.00370353 -0.00064387  0.00241044
 -0.00949688 -0.00232598  0.00151443  0.00164015  0.00222113 -0.00110564
 -0.00268658 -0.00453344  0.00728689]
[  8.42537748e-03  -1.90728682e-02  -3.30220854e-04   1.91263278e-03
  -1.44969835e-02  -1.56967480e-02   2.10585644e-02  -1.57990587e-02
   6.36792549e-04   1.41521801e-02   2.06010291e-02  -4.20983753e-04
  -7.70728338e-03   5.47801701e-03   1.90266561e-03  -2.91733302e-03
   1.94059369e-03   8.11720037e-05   7.25857692e-03  -7.15175514e-03
  -4.20205024e-03]
[ 0.00664315 -0.00455737 -0.00740101  0.00238417  0.00441035 -0.00709269
  0.00199457  0.0028159  -0.00248699  0.00867778  0.00682434  0.01353034
  0.00495482 -0.01751722  0.00741582  0.00469335 -0.0029061   0.01116363
  0.0119823   0.0221253   0.00751545]
[ 0.00723121 -0.01103831  0.0146301   0.01258195 -0.0032381  -0.00252067
 -0.00825252  0.00314835 -0.00177303 -0.00792527 -0.01318553 -0.00376001
 -0.01443217 -0.01693987 -0.00036485 -0.02934385  0.00136346  0.02224087
 -0.00201709 -0.0011169  -0.00294013]
[ 0.03223786 -0.03374956  0.03316189 -0.00021566 -0.03072586 -0.02899097
  0.02993867 -0.02622931  0.01127414 -0.00770392  0.01768075 -0.00541346
 -0.00224924  0.01805263 -0.01473297  0.00273184 -0.03404085  0.00672667
 -0.00539679 -0.00843474 -0.00491912]
[ 0.00513762  0.00307615 -0.00174139 -0.00037114  0.00265745  0.00477432
  0.00061459  0.00168535  0.00902869 -0.00079603  0.01020155  0.00355213
 -0.00163212 -0.01027488 -0.00209845  0.00265587 -0.00183137  0.01120205
 -0.00300673 -0.00839075  0.0022032 ]
[ 0.0099235   0.00519187 -0.00150747  0.00540415  0.01982044 -0.03395335
  0.00580289  0.021932   -0.00951855 -0.00919563  0.0061757   0.00394573
  0.00896873  0.00965221 -0.00285976  0.00671643  0.00300746  0.00309348
  0.00575876  0.0003125   0.01107548]
[ 0.00079617 -0.00057632 -0.00085111  0.00015105  0.00068923 -0.00084414
  0.00015509  0.0004021  -0.00022025  0.00145001  0.00056103  0.00258565
  0.00096817 -0.00371254  0.00305718  0.00148186 -0.00207688  0.0035998
  0.00415292  0.00650912  0.00289686]
[ 0.01517603  0.00420003  0.00488606  0.03176362  0.01728357 -0.0148416
 -0.01560953 -0.00682515 -0.00779437  0.00290968 -0.00977624 -0.02226572
 -0.02865872 -0.01373683  0.00529814  0.00111708 -0.0026976  -0.00486711
 -0.00988219  0.00621899 -0.01462576]
[ 0.00958925 -0.00934399 -0.01493265  0.00656345  0.00565874 -0.00490212
 -0.01639695 -0.00551923 -0.00581146  0.01615166 -0.0090055   0.01455916
 -0.0080871  -0.00560533 -0.01183919  0.00995405 -0.00855531 -0.00259133
 -0.01562516  0.00486205 -0.00720822]
[ 0.0063995   0.00082597  0.0021072  -0.00483435  0.0014588  -0.00108731
  0.0032812  -0.00384538  0.00708902 -0.00229666 -0.00844806 -0.00070544
  0.00651459 -0.00066734 -0.00032425  0.00554159 -0.00147237 -0.00445865
  0.00817469  0.00165688 -0.01568255]
[ 0.01034853  0.01163951  0.00455504 -0.00982694 -0.00736433 -0.00386124
  0.00113552 -0.00045439 -0.01616841  0.00254421 -0.00154254 -0.00419048
 -0.00848351  0.00554751 -0.00674358 -0.00239173 -0.00420272 -0.00397606
 -0.00770891  0.01292147  0.02360951]
[  2.30085345e-02   4.17121592e-03  -5.92286625e-03  -1.38290444e-02
   2.66142552e-03   1.90467558e-03  -9.47256709e-03   3.62450755e-04
   2.20568077e-02   3.93127039e-03  -9.04329726e-03   1.56911263e-02
   1.68208980e-04  -2.54478422e-03   4.16930312e-02   1.69637813e-02
  -3.21878622e-02   1.11619890e-02  -2.10896342e-02  -1.40613392e-03
   1.29179945e-05]
[ 0.00539821 -0.01258737  0.0090959  -0.00465072  0.01294292  0.01793293
 -0.00097387  0.00574749 -0.01555799 -0.00910825  0.01464362  0.00556445
 -0.00791136  0.00912444  0.00315863  0.00413433  0.0023359  -0.00811938
  0.00580629  0.0074737  -0.01749424]
[ 0.00114503 -0.00049365 -0.00042942 -0.0003302   0.00080751 -0.00031875
 -0.0002028   0.0002919   0.00020142  0.00140011 -0.00077129  0.00262513
  0.00085665 -0.0035135   0.00487215  0.00181514 -0.00366412  0.00385235
  0.00464974  0.00568441  0.00320723]
[ 0.00909482  0.00238178 -0.01179701 -0.00631543 -0.00955277 -0.00287763
 -0.01394998 -0.01141796 -0.0061216  -0.02314372  0.00501788 -0.01184412
  0.01325004  0.0095103   0.02985759 -0.0044033   0.01143751  0.01369208
 -0.00438266 -0.00238714 -0.00631903]
[ 0.0415885   0.01059449  0.01800962 -0.02567398  0.01156875 -0.03133236
  0.01038029 -0.01749966 -0.01000906 -0.01031105 -0.00161924 -0.03450008
 -0.00616948  0.02432362 -0.0071876   0.00515662 -0.03252199 -0.00034747
 -0.04676395  0.04758042  0.03117524]
[ 0.00336058  0.00094406 -0.002584   -0.0013192  -0.00074684 -0.00070329
 -0.00037133  0.00173339 -0.00407419  0.00534994 -0.0022962   0.00598329
  0.00028045 -0.00290684  0.00028962 -0.00638743  0.00584909 -0.00576322
 -0.00876549 -0.00522043 -0.0143464 ]
[  4.59055025e-02   3.03259137e-02   5.15263520e-03  -2.53128065e-02
  -2.53810013e-02  -1.05137756e-02  -1.61775493e-02  -1.53802519e-02
  -1.28540604e-02  -1.90861477e-02   7.06462697e-03  -2.74604501e-02
   1.79019557e-02   1.75603984e-05   3.74688729e-02   1.76367478e-02
  -1.36278962e-02  -7.92568185e-03  -3.76597015e-02   1.49182810e-02
  -1.73787342e-02]
[ 0.03032963  0.03064744 -0.00348943  0.0265573  -0.00365979  0.02972475
  0.02500674 -0.00662793  0.00690156 -0.0030326   0.01105215  0.01558709
  0.02057118 -0.00776925 -0.02090999  0.00820016 -0.00133991  0.02935784
  0.00685226 -0.03216278 -0.0082142 ]
[ 0.00758521  0.01426441  0.00065026  0.03770517  0.00921336  0.0126368
  0.01103931 -0.02359543 -0.00450401 -0.00132127 -0.0038164   0.00965121
  0.0063965   0.01411587  0.00758579 -0.00396419  0.00154411 -0.00865274
  0.00104248  0.00848498  0.00714984]
[ 0.01154502 -0.01924721 -0.0308585   0.00429152 -0.00720629  0.00479853
  0.00772162  0.00421198 -0.00736618  0.005771   -0.00291738 -0.0126144
  0.00047745 -0.00209433  0.00392805 -0.00365211  0.01766004 -0.00802108
 -0.001288    0.00315934  0.00998968]
[ 0.00638964 -0.00972207 -0.0036175   0.0022123  -0.00159264  0.01092231
  0.0062659   0.01350265 -0.00600918 -0.00228603 -0.00603578 -0.00592104
  0.00039857  0.00140166  0.00674916  0.00366296 -0.00867536 -0.00792922
  0.00715815  0.00383359 -0.00212256]
[  4.25983060e-03  -1.54133152e-03  -1.13167417e-03  -7.60404576e-04
   3.09572274e-05  -7.33159927e-04   8.79927887e-04   2.45386093e-03
  -9.22347518e-04   3.39475011e-03  -2.94378984e-03   8.08263636e-03
   3.19143602e-03  -9.67474780e-03   9.21030781e-03   3.89498368e-03
  -6.63290873e-03   5.56856728e-03   1.27903467e-02   1.37337114e-02
  -1.68958197e-03]
[ 0.02994942 -0.04570312  0.05078473  0.01853033 -0.02415736  0.00357983
 -0.01228314  0.01454692  0.00198296 -0.02261185 -0.02098581  0.01298109
  0.00564462 -0.00869682 -0.0060313  -0.01700833  0.003502    0.00555042
  0.01242895 -0.00755977  0.0205854 ]
[ 0.01648078 -0.02883574  0.01344473  0.00151715 -0.0255464  -0.02637108
  0.03220148 -0.02644349  0.00597611  0.00962231  0.02902773 -0.00323261
 -0.00954604  0.01634272 -0.00670439 -0.00188951 -0.02002726  0.00473079
  0.00612629 -0.01606683 -0.00967   ]
[ 0.00847002 -0.00669639 -0.00395941  0.00235889  0.0014541   0.00176328
 -0.01706154  0.00411147  0.00518109  0.0203953  -0.00544141  0.01251994
  0.00015493  0.01504542  0.00970167  0.0110108  -0.00774555  0.00510249
 -0.02315969 -0.00841282  0.00382253]
[ 0.00938659 -0.00720611  0.01288804  0.00155314 -0.00936236 -0.00014792
  0.00078823 -0.00020671  0.01000139 -0.01574089 -0.01174766  0.00785564
  0.01768953 -0.01307578 -0.01489147  0.0231691   0.02984092 -0.00949591
 -0.0176908   0.01112188  0.00387059]
[ 0.0029179  -0.00509074  0.00209683  0.0014959   0.00015458  0.00261236
 -0.00591872  0.0034871  -0.00012066  0.0041866  -0.00330856  0.00665979
 -0.00065352  0.00790716  0.00835012  0.00539647 -0.00843349 -0.00089011
 -0.0088191  -0.01186008  0.0084233 ]
[ 0.00720748 -0.00244926 -0.01832115 -0.00388417 -0.00836831 -0.00186688
 -0.01547996 -0.01191174 -0.00522977 -0.02535699  0.00467763 -0.00841619
  0.01103514  0.01014775  0.02231159 -0.00769771  0.01317365  0.01365408
  0.00364312 -0.00497586 -0.00176303]
[ 0.0022273   0.00141714 -0.00110729  0.00175373  0.00642068 -0.0115218
  0.00268192  0.00978631 -0.00361458 -0.00393032  0.00348849  0.00605321
  0.01075563  0.00436317 -0.00214159 -0.01094805 -0.00232803 -0.00371515
 -0.00423399 -0.002158    0.00142441]
[ 0.01155365  0.00067056  0.01074898  0.00988816 -0.00814893  0.00391266
 -0.02920802  0.0113989   0.01049705  0.0236636   0.01436861 -0.01407663
  0.01857678  0.01476841 -0.00919973 -0.00917331  0.00930643 -0.00535964
  0.01987957  0.0033781   0.00775337]
[ 0.00362449  0.00197804  0.00085066  0.00956508  0.00932985 -0.01292162
 -0.0029781   0.00458196 -0.00596154 -0.00226753 -0.0012987  -0.00812517
 -0.01075872 -0.00150491  0.00187392  0.01949506  0.00844076  0.00308503
  0.00619001 -0.01431619 -0.00374303]
[ 0.00470692 -0.00676437 -0.01890381  0.00132647 -0.00248423 -0.00173798
 -0.0158036  -0.00948627 -0.00454104 -0.01095896 -0.00185177  0.007419
 -0.00273997  0.00303805 -0.02537208  0.0019123  -0.01237669 -0.00137313
  0.0092381   0.00030738 -0.00044183]
[ 0.01329584 -0.00022192  0.00158842 -0.01624936  0.01588181 -0.0017941
  0.00174843 -0.01036307  0.00677639  0.00626582 -0.0163604  -0.00536962
  0.00562893  0.00321529  0.00790039 -0.00219486 -0.00997643  0.00169191
  0.00024236 -0.00334268  0.00607858]
[ 0.00177956 -0.00149453  0.00088877 -0.00030853  0.00315909  0.00048106
 -0.00105078 -0.00094456 -0.00051042  0.0016844  -0.00293289  0.00014953
 -0.00028491 -0.00099177  0.00318649 -0.00063535 -0.00168211  0.00115623
  0.00234161 -0.00387288  0.00574843]
[ 0.00523787 -0.00483189  0.0083776   0.01258131  0.00146425 -0.00419273
 -0.00766776  0.00045559 -0.00264548 -0.00413917 -0.0102953  -0.00736594
 -0.01664194 -0.01529432  0.0011067  -0.02284095  0.00035555  0.01754222
 -0.00469136  0.00091599 -0.00730052]
[ 0.00968027 -0.01338564  0.01818398  0.00487118 -0.01114229  0.00066907
 -0.00216189  0.00312246  0.00762403 -0.01666069 -0.01392407  0.00937442
  0.01613662 -0.01354485 -0.01538921  0.01684638  0.03078055 -0.00794192
 -0.01428369  0.00933208  0.01162491]
[ 0.00759413 -0.00766722  0.01267047  0.00696666 -0.0074045   0.00212423
 -0.01346724  0.00729516  0.00460919  0.00493108  0.00156604 -0.0032604
  0.00991643  0.0049396  -0.00626558 -0.00949065  0.00616037 -0.0014678
  0.0152986  -0.00027409  0.0112403 ]
[ 0.00536455  0.00782642  0.00120379  0.02578603  0.00811325  0.00399806
  0.00306101 -0.01474086 -0.00424328 -0.00017265 -0.00445864  0.00113012
 -0.00251945  0.00644193  0.00705248 -0.00277637  0.00047886 -0.00872777
 -0.00208893  0.00937363  0.00178438]
[ 0.0058794   0.0031738   0.00099315  0.00326638  0.00327615  0.00297722
 -0.00840448 -0.00061958  0.00477951  0.00424966  0.01708714 -0.01032119
  0.00807176 -0.01941965 -0.00101116  0.00110932 -0.00771108 -0.00953947
  0.00082373 -0.00610333  0.00014381]
[ 0.00745993  0.00566644 -0.00505484 -0.00252043  0.00177478  0.00142129
  0.00137219  0.00700033  0.02587232 -0.00928483  0.00674824  0.00985463
 -0.02727792  0.00066059  0.00514008 -0.00789469  0.00705855 -0.01896003
  0.00233943 -0.00064532  0.01203463]
[ 0.00409423 -0.00798751 -0.00755717  0.00070015 -0.00143767 -0.00313685
  0.00351878 -0.00353358 -0.00303601  0.01288543  0.00155181  0.00392352
 -0.00229631 -0.00453342  0.00538887 -0.00107606  0.01577312 -0.00516893
 -0.00429985  0.00134552 -0.00040494]

Right eigenvectors

[ 1.         -2.09661498  1.60910121  0.52349873 -0.08455919  1.14750402
 -1.03328484  1.24895519 -0.64953406 -0.34699447 -0.88581726  1.50082275
 -0.28826029  1.4563302   2.02004923  0.68015319 -2.02042852 -0.8784173
 -0.2445586  -2.81485097  2.17401501]
[ 1.          0.55002049  0.4997625   0.82548674  0.00343587 -0.08502372
 -2.04324661  0.03052387  0.40640589  1.03320214  1.82252816 -2.4947504
  1.16509599 -1.69882603  0.29206571 -0.02315579 -0.95861036 -2.61738964
  0.25881551  0.00548811 -0.72940272]
[ 1.         -1.0691737  -1.32033614 -0.08968241  0.43291167 -0.06003657
 -0.46964864 -0.33399847 -0.498761    2.06855454 -0.98777865  0.98125823
 -0.15195334 -0.51646578  0.27327419  0.05032343  1.17207268 -0.69958012
 -1.58457606 -0.44143207 -0.58782949]
[ 1.         -0.10558493  0.35494692  0.68679905 -0.37413029  0.38558624
 -2.85513418  1.33098135  1.814851    3.00776634  0.85696243 -0.13798503
  0.95500262  3.49060793 -0.37093176  0.08747397  1.12635754  1.78530137
 -0.07354864  0.96630119 -0.14838017]
[ 1.          1.1994335   0.33200139  0.06271271 -0.94052832  0.52350113
 -0.42592289  0.41950206 -0.69461892  0.90358134  0.41576873  0.05082175
  0.29608522  0.34637985 -0.98743137 -0.46434227  0.65965131  0.08926656
  1.17580847 -0.63083985  0.63404303]
[ 1.         -0.16821665  0.07830134 -0.27949982 -0.27424834  0.17482054
  0.14474821  0.43804839 -0.120298    0.2563062  -0.908965    0.87669756
  0.3400816  -0.7683412   0.89851823  0.30036343 -0.64754988  0.02817226
  1.07184618  0.58922032 -0.912053  ]
[ 1.         -0.65614756 -2.04960088  0.87794128 -0.41017615  1.75995945
  2.22235354  2.61091201  0.17311372 -0.07771717 -0.92397959 -2.80894645
  0.32668428  0.11406533 -0.91704084  0.16004019 -1.01383108  0.63200626
 -0.85650817  0.03122443  0.31213063]
[ 1.          0.20272894  0.28904231 -0.90733954  0.79595204 -0.42508834
  0.4589647  -0.6343312   0.70493434 -0.09330703 -1.12727316 -0.76124675
  0.32735003  0.55914636 -0.53697889 -0.09793363 -0.02282997 -0.53658019
  0.54699028  0.4555492  -0.43441068]
[ 1.          0.61178172 -0.7056881  -0.33966652  0.38272039 -0.09275496
  0.07730218  0.67226106  2.88770879 -1.31514517  0.67933019  1.00016385
 -3.06184907  0.11164131  0.57852401 -1.12567213  0.77792165 -2.69528017
  0.53361956  0.25594213  1.49497514]
[ 1.          0.08128864  0.16247384 -1.07618662  0.99819705 -0.17891181
  0.41919802 -0.54420566  0.87526463  0.26787803 -1.82731824 -0.33192798
  0.61622455  0.19377605  0.14649663 -0.12813296 -0.31293717 -0.59528599
  1.98584459  0.09391633 -1.51449641]
[ 1.         -2.21951414  1.49272007  0.193026    0.3807427   1.94649576
 -0.25479126  1.52570825 -1.49474384 -1.20142669  0.18080721  0.80605639
 -0.60161163  1.13866424  1.24551371  0.48560389 -0.99943177 -1.53815515
  1.24366797 -0.30331664 -0.59556849]
[ 1.          1.15185573  0.21156755 -0.7591088  -1.09585387  0.1769852
  0.03002422  0.46830535 -1.53125959  0.56393487 -0.52944752  0.6844946
 -0.63470587 -0.33001342 -0.05572394 -0.25635627  0.15400879 -0.33576056
  1.02562601  0.12834709  0.15866644]
[ 1.          0.44771096  0.01059184  0.27414711 -0.084887    0.31672905
 -1.56695576  1.50006383  2.72114802  1.89290077  0.78021501  0.14058035
 -0.58676186  3.84375903 -0.68686138  0.12204956  1.85309954  3.57966908
 -0.10333564  2.38848656 -1.97068577]
[ 1.          1.64455196 -0.03896233  3.27190027  0.55279917  1.65091159
  1.45311902 -1.93822455 -0.15901767 -0.18611807  0.00742386  1.26879209
  1.21606748  1.04264864  0.01883668 -0.10915801  0.11441803  0.19175825
  0.38943077 -0.33410986  0.5044146 ]
[ 1.          0.66701464 -0.31542104 -0.14864511 -0.12429686  0.52275154
  0.23243182  0.70735286  1.77913536 -0.17792485  0.50363875  0.64433333
 -0.95512744 -0.04029435  0.07377611  0.32394709  0.01828025  1.02873407
 -0.44955583 -0.50949955 -0.44834262]
[ 1.          0.64145623  0.05599462  2.05531138  2.92992254 -4.56399911
 -0.18001717  2.36193445 -1.84822018 -1.10009509  0.1787923  -1.45893552
 -1.75339448  0.44144121  0.22249692  5.78603355  2.6211688   1.19346454
  2.38050249 -4.24593232  0.03728944]
[ 1.         -0.61417194  0.48310646 -1.374535    2.58425779  1.49568478
  0.11767521 -0.77136682 -0.82738478 -0.06126558  1.78765152 -0.22540882
 -0.05181068 -0.49068416 -1.02121706 -0.33400205  0.86295447  1.28762305
 -1.0483853   0.10935631  0.88481935]
[ 1.         -0.19260806  0.55854981 -1.24566158  1.76434055  0.41993728
  0.24963934 -0.80496509 -0.73528553 -0.22596136  1.23447355 -0.82858271
 -0.1664698   0.11889117 -1.04090624 -0.17821036  0.00826238  1.24110452
 -2.23881106  1.37570655  1.77150072]
[ 1.          1.20751077  0.04302684 -0.30748199 -0.82386939  0.46448743
  0.25688436  0.30555732 -0.63779375  0.22725225 -0.05383     0.66100993
 -0.33516374 -0.32616299 -0.16735558  0.08488964  0.18904379  0.50925524
  0.41789689 -0.83846418 -0.6305311 ]
[ 1.          0.45789761 -0.86476619  0.60545165 -0.02880836  0.92362854
  1.33232854  1.30668025  0.81006125 -0.20521464 -0.1269069  -0.66436477
  0.09741196  0.06943048 -0.92371097 -0.0168347  -0.54192617  1.15136953
 -0.43836454 -0.54204075 -0.59732976]
[ 1.         -0.11626037  0.18668155 -1.49743211  1.76444006 -0.04796378
  0.43523709 -1.13901171  0.72216656  0.62660147 -1.98651285 -0.81334029
  0.82198141  0.35690839 -0.47183771 -0.8005424   0.41930181 -0.49853357
  1.76460301 -0.84652634 -0.24287143]
[ 1.         -1.70116716  1.27809367 -1.44305279  3.191427    3.06951311
 -0.02923337  0.12043411 -2.52449297 -1.17077143  3.28655033  0.55550934
 -1.16216775  0.89026005 -0.48479975  0.33949313  1.29499431 -0.03872442
 -0.1115894   1.49572546 -2.27616928]
[ 1.         -0.49648167  0.0149707  -1.50026663  2.18125789  0.42635915
  0.13799721 -1.20190682  0.10087258  1.06196004 -1.25069807 -0.43089637
  0.60721971 -0.11091051 -0.24863995 -0.92776176  0.76855305  0.25175995
  0.46177514 -1.53082259  1.06587511]
[ 1.         -0.97119499 -3.06716559 -0.08199865 -0.72924875 -0.04937876
 -1.69460693 -1.14802148 -0.31378099 -2.37821894  0.29563654 -0.08053738
  0.28781367  0.57685782 -0.2524024  -0.67560316  0.52513937  0.21001768
  1.16372293 -0.40605395  0.62242913]
[ 1.          0.11813688 -0.90773081 -0.29204976  0.12061808  0.0549016
 -0.31519601 -0.05953557  1.4693846  -1.18422509  0.70164613  0.78620873
 -0.53014239 -0.6128154   0.52646865 -0.30413376 -0.13138829 -0.75673047
  0.03807949 -0.33900274  0.64818959]
[ 1.         -1.47320741 -3.55108836  0.58987921 -0.02907314 -0.56594362
 -3.49706499 -1.8674489  -1.13264096 -0.73387812 -0.94713896  2.37486143
 -1.14035534  0.15074594 -6.32281375  1.29877261 -3.61068912 -0.57278584
  0.69923951  0.5609893  -0.85081278]
[ 1.          0.17601243 -0.85808935  0.25573854  0.84909171 -1.38133412
  0.75139734  2.008822   -0.11479468 -0.35364938  0.53796549  2.15602604
  2.02221671 -0.75695209  0.18587428 -2.64057505 -0.70387671 -0.58648739
 -0.99087612  0.05018831 -2.0086805 ]
[ 1.          0.28203659 -0.98743268 -0.13922366  0.31392274 -0.94168486
  0.35582098  1.59775713 -1.03436894  1.05686534 -0.22195133  2.97917809
  1.51491357 -1.37334736  0.23347518 -4.17557162  1.31745977 -2.48225093
 -3.91346658 -1.80696842 -7.14040695]
[ 1.          0.31623608  0.4745684   0.60456309  0.7990215  -1.1020653
 -0.35551227 -0.59167317 -0.49484074 -0.10064927 -0.41873313 -1.66480888
 -1.38413156 -0.02652796  0.06763476  0.19467933 -1.0539079  -0.27271158
 -1.92105592  1.7962331   0.12820122]
[  1.00000000e+00   2.60406733e-02  -6.73404121e-01   5.94782254e-01
   1.84607232e+00  -3.19333153e+00   6.24647734e-01   2.01031010e+00
  -1.01123206e+00  -8.83008685e-04   1.16960810e+00   1.65070608e+00
   1.36537601e+00  -8.80422705e-01   5.29677090e-01   1.29395721e+00
  -7.91286692e-03   1.78604256e+00   2.23795740e+00   2.96451593e+00
   2.44196061e+00]
[ 1.         -1.40444056 -2.36982856  0.76246171 -0.57017048  1.70958594
  1.94081974  2.4216833  -0.46386297  0.07394465 -1.04874119 -2.83085625
  0.28859963  0.0666385  -0.15605206  0.17232897 -0.49747038 -0.40577849
 -0.39742404  0.48985325  0.77559531]
[ 1.          1.48645474  0.3014979  -0.85032009 -1.22785106  0.09017136
 -0.05271712  0.28031833 -1.80378559  0.51075548 -0.15037081  0.19004194
 -0.78862081  0.10570519 -0.51414113 -0.32167831  0.2543001  -0.33450378
  0.25073915  0.14380217  1.28894462]
[ 1.          0.60097333 -0.09430067 -0.14770378  0.57038056 -0.54724825
  0.29004101  0.49353051  0.8019594  -0.22658686 -0.38225271 -0.36327718
 -0.99394384  0.76124087 -0.37777094 -0.31413024  0.24301429 -0.34612248
  0.42409739  0.88187083 -0.48258648]
[ 1.          0.54109134 -0.78518008  0.72946636  2.63861692 -4.76289853
  1.36760354  4.69846991 -1.4336458  -1.70397067  1.70566949  3.8176424
  6.02571954  1.45442766 -0.89960283 -7.51073577 -1.77708912 -2.50388842
 -3.15781793 -1.18358332 -0.92704614]
[ 1.          0.12608734  0.3445694  -0.2547321  -0.3980905  -0.09579158
  0.35777956 -0.36534666  0.72162871 -0.61765217 -0.23430701  0.11084499
  0.63117549 -0.24200225 -0.15094568  0.87552093  0.01984437 -0.16567588
 -0.33891295  0.14215441 -0.85346913]
[ 1.          0.34474491 -0.24226196  0.02767455  0.89109837  0.88527384
 -0.04213888 -0.19019189  0.75469895 -0.04529451  2.11220713  0.27372757
  0.50386368 -2.24894688 -0.5034357   0.23059051 -0.36636567  1.11472961
 -0.13259993 -1.01163775  0.79060642]
[ 1.          0.4794     -0.49286365  0.56197905  2.03057703 -3.51993506
  0.86191467  2.92581973 -0.92942577 -1.02895696  0.87662175  1.56801409
  2.12036448  0.59969962 -0.21503019 -0.94598109 -0.10823552 -0.01611352
  0.04350909  0.08079205  0.00873875]
[ 1.          1.2625713   0.11010469 -0.57090165 -0.91019975  0.1533772
  0.0086714   0.3347844  -1.06180532  0.38164175 -0.15783211  0.39054932
 -0.52372487 -0.08060117 -0.22784937 -0.27312625  0.44445985 -0.13428056
  0.32416865 -0.42719111 -0.45742438]
[ 1.          0.64570163 -0.06280373  0.03167876  0.38634361 -0.25299993
 -0.62867765  1.23871157  2.239643    0.91208332  0.13821848 -0.24072334
 -1.3475399   3.39640681 -0.90756999 -0.25472594  1.76522717  2.55947901
  0.42856782  3.17349023 -2.37466207]
[ 1.         -2.15588008 -1.69053124  0.34746533 -0.94736974 -1.08731394
  1.69910215 -0.91294129 -0.5509604   2.34555063  1.43844998  0.28727116
 -0.52723028 -0.79518829  1.16663014 -0.32085679  2.72485273 -0.5474713
  0.51061022  0.72225158  0.47008499]
[ 1.         -0.67030566  0.12572845 -1.60221231  2.69382243  0.51980951
  0.00780988 -1.47784031  0.04308712  1.48211176 -1.95775538 -0.51706293
  0.7622766  -0.32225591  0.21837394 -1.54761236  0.89578004  0.65797841
  1.26894134 -3.49035073  3.173298  ]
[ 1.          1.34957221  0.19502175 -0.74445443 -1.12345892  0.12662902
 -0.07902091  0.11195114 -1.32494839  0.16258776 -0.02826662  0.10582012
 -0.41692055 -0.1021125   0.06648476  0.07200381  0.09750929 -0.04853842
 -0.11794296 -0.19902164  0.31990032]
[ 1.         -2.2637405  -0.0391936   0.22700856 -1.72063312 -1.86303202
  2.49942088 -1.87517518  0.0755803   1.67970873  2.44511645 -0.04996616
 -0.9147701   0.6501806   0.22582556 -0.34625547  0.23032721  0.00963423
  0.86151356 -0.84883498 -0.49873733]
[ 1.         -0.68602535 -1.11408161  0.35889159  0.66389363 -1.06766982
  0.30024457  0.42388002 -0.3743691   1.30627481  1.02727528  2.0367353
  0.74585327 -2.63688385  1.1163103   0.70649452 -0.43745811  1.68047223
  1.80370714  3.3305428   1.13130817]
[ 1.         -1.52648206  2.02318881  1.73995141 -0.44779503 -0.34858266
 -1.1412361   0.43538297 -0.24519096 -1.09598097 -1.82342048 -0.5199698
 -1.99581645 -2.34260553 -0.0504553  -4.05794511  0.1885519   3.07567854
 -0.27894225 -0.15445482 -0.40658836]
[ 1.         -1.04689223  1.02866307 -0.00668967 -0.95309877 -0.89928322
  0.92868049 -0.81361832  0.34971745 -0.23897122  0.54844682 -0.16792236
 -0.06977     0.5599822  -0.45700831  0.0847401  -1.05592774  0.20865744
 -0.16740523 -0.26164086 -0.15258844]
[ 1.          0.59874904 -0.33894938 -0.07223895  0.51725392  0.92928707
  0.11962533  0.32804009  1.75736726 -0.15494158  1.98565609  0.69139509
 -0.31768077 -1.9999304  -0.40844777  0.51694623 -0.35646202  2.1803957
 -0.58523716 -1.63319834  0.42883718]
[ 1.          0.52318908 -0.1519094   0.54458052  1.99732382 -3.42150917
  0.58476259  2.21010671 -0.95919241 -0.92665209  0.62233113  0.39761437
  0.90378719  0.97266128 -0.28818016  0.67682012  0.3030646   0.31173304
  0.58031565  0.03149082  1.11608636]
[ 1.         -0.72386952 -1.06900383  0.18972531  0.86567961 -1.06025242
  0.19479052  0.50503898 -0.2766404   1.82123719  0.70465613  3.24761113
  1.2160303  -4.66300022  3.83985953  1.86124001 -2.60858717  4.52139689
  5.21613127  8.17554795  3.63850109]
[ 1.          0.27675409  0.32195874  2.09301202  1.13887244 -0.9779634
 -1.02856459 -0.44973206 -0.51359725  0.19172895 -0.64418928 -1.46716343
 -1.88841951 -0.9051658   0.34911225  0.0736083  -0.17775392 -0.32071028
 -0.6511707   0.40979054 -0.96374064]
[ 1.         -0.97442299 -1.55722742  0.6844589   0.59011216 -0.51120981
 -1.70992962 -0.57556447 -0.60603903  1.68435001 -0.93912375  1.51827852
 -0.84334991 -0.58454257 -1.23463078  1.03804209 -0.89217713 -0.27023232
 -1.62944484  0.507031   -0.75169763]
[ 1.          0.12906849  0.3292763  -0.75542608  0.22795511 -0.16990469
  0.51272684 -0.60088677  1.10774544 -0.35888069 -1.32011254 -0.11023395
  1.01798306 -0.10428046 -0.05066791  0.86594048 -0.2300764  -0.69671778
  1.27739519  0.258907   -2.45058905]
[ 1.          1.12475011  0.44016329 -0.94959772 -0.71163072 -0.37311953
  0.10972726 -0.0439087  -1.56238766  0.24585271 -0.1490593  -0.40493486
 -0.81977894  0.53606722 -0.65164654 -0.23111805 -0.40611749 -0.38421526
 -0.74492794  1.24862883  2.28143622]
[  1.00000000e+00   1.81289943e-01  -2.57420404e-01  -6.01039777e-01
   1.15671232e-01   8.27812647e-02  -4.11697976e-01   1.57528831e-02
   9.58635925e-01   1.70861399e-01  -3.93040993e-01   6.81969829e-01
   7.31072115e-03  -1.10601752e-01   1.81206809e+00   7.37282129e-01
  -1.39895317e+00   4.85123856e-01  -9.16600498e-01  -6.11135804e-02
   5.61443601e-04]
[ 1.         -2.33176697  1.68498479 -0.86152992  2.39763152  3.32201386
 -0.18040557  1.06470261 -2.88206368 -1.68727301  2.71268007  1.03079482
 -1.46555182  1.69027111  0.58512477  0.76587035  0.43271793 -1.50408682
  1.07559493  1.38447642 -3.2407487 ]
[ 1.         -0.43112314 -0.37502848 -0.28837307  0.70523302 -0.2783751
 -0.17711626  0.25492686  0.17590641  1.22276817 -0.67359231  2.29262375
  0.74814758 -3.06847266  4.2550298   1.58523014 -3.20001772  3.36440335
  4.06078971  4.96440874  2.80099625]
[ 1.          0.261883   -1.29711264 -0.69439888 -1.05035281 -0.31640297
 -1.53383803 -1.25543487 -0.67308641 -2.54471418  0.55172932 -1.30229296
  1.45687733  1.045683    3.28292203 -0.48415449  1.25758478  1.50548065
 -0.48188517 -0.26247278 -0.69479376]
[ 1.          0.25474558  0.43304338 -0.61733364  0.27817196 -0.75339001
  0.24959526 -0.42078127 -0.24066894 -0.2479303  -0.03893486 -0.82955818
 -0.14834592  0.58486401 -0.17282657  0.12399137 -0.7819948  -0.00835495
 -1.12444427  1.14407642  0.7496121 ]
[ 1.          0.28092203 -0.7689155  -0.39255162 -0.22223636 -0.20927529
 -0.11049707  0.51580177 -1.21234946  1.59197053 -0.68327413  1.78043577
  0.08345233 -0.8649811   0.08618259 -1.90069496  1.74050037 -1.7149478
 -2.60832764 -1.55343114 -4.26902874]
[  1.00000000e+00   6.60616093e-01   1.12244392e-01  -5.51411162e-01
  -5.52896710e-01  -2.29030835e-01  -3.52409808e-01  -3.35041576e-01
  -2.80011322e-01  -4.15770369e-01   1.53894992e-01  -5.98195174e-01
   3.89974071e-01   3.82533628e-04   8.16217466e-01   3.84196814e-01
  -2.96868469e-01  -1.72652109e-01  -8.20374453e-01   3.24978057e-01
  -3.78576276e-01]
[ 1.          1.01047858 -0.11505017  0.87562252 -0.1206673   0.98005659
  0.82449871 -0.21852989  0.2275519  -0.0999879   0.36440109  0.51392279
  0.67825367 -0.25616027 -0.68942469  0.270368   -0.04417835  0.96795908
  0.22592639 -1.0604411  -0.27083103]
[ 1.          1.88055588  0.08572683  4.97087971  1.21464832  1.66597931
  1.45537302 -3.11071453 -0.5937884  -0.17419075 -0.50313712  1.27237235
  0.84328565  1.86097262  1.00007681 -0.52262153  0.20356903 -1.14073772
  0.13743581  1.11862122  0.94260298]
[ 1.         -1.6671437  -2.67288431  0.37172035 -0.62419075  0.41563638
  0.66882654  0.36483135 -0.63803991  0.49986926 -0.25269602 -1.09262678
  0.0413558  -0.1814059   0.34023746 -0.31633672  1.52966743 -0.69476578
 -0.11156289  0.27365367  0.86528073]
[ 1.         -1.52153665 -0.56615136  0.34623214 -0.24925392  1.70937919
  0.9806348   2.11320977 -0.94045716 -0.35777133 -0.94461976 -0.92666349
  0.06237695  0.21936396  1.05626605  0.57326607 -1.35772289 -1.24094991
  1.12027441  0.59996906 -0.3321885 ]
[ 1.         -0.3618293  -0.26566178 -0.17850583  0.00726724 -0.17211011
  0.20656406  0.5760466  -0.21652211  0.79692139 -0.69105796  1.89740793
  0.74919318 -2.27115787  2.16213006  0.91435178 -1.55708275  1.3072274
  3.0025482   3.22400411 -0.39663126]
[ 1.         -1.52601003  1.69568295  0.61872061 -0.80660533  0.11952918
 -0.41012943  0.48571624  0.06621026 -0.75500126 -0.70070825  0.43343369
  0.18847188 -0.29038369 -0.2013829  -0.56790162  0.11693044  0.18532636
  0.41499788 -0.25241803  0.68733892]
[ 1.         -1.74965887  0.81578221  0.09205542 -1.5500724  -1.60011129
  1.95388098 -1.60450462  0.36261085  0.58385022  1.76130789 -0.19614405
 -0.57922253  0.991623   -0.40680056 -0.11464946 -1.21518855  0.28704917
  0.37172353 -0.9748827  -0.58674414]
[ 1.         -0.7905993  -0.46746102  0.27849852  0.17167564  0.20817859
 -2.01434447  0.48541457  0.61169764  2.40793972 -0.64243132  1.47814717
  0.01829163  1.77631457  1.14541275  1.29997252 -0.91446602  0.60241812
 -2.73431233 -0.99324671  0.45130107]
[ 1.         -0.76770233  1.3730266   0.16546321 -0.99741873 -0.01575844
  0.08397434 -0.02202234  1.06549801 -1.67695543 -1.25153713  0.83690063
  1.88455313 -1.39302736 -1.58646224  2.46831975  3.17910209 -1.01164668
 -1.88468909  1.18486872  0.41235322]
[ 1.         -1.74465534  0.71860808  0.51266289  0.05297693  0.89528694
 -2.02841694  1.19507041 -0.04135043  1.43479826 -1.13388124  2.28238749
 -0.22396961  2.70987809  2.86168356  1.84943388 -2.89025861 -0.30505216
 -3.02241177 -4.06459101  2.88676613]
[ 1.         -0.33982126 -2.54196219 -0.53890769 -1.16105892 -0.25901997
 -2.14776247 -1.65269048 -0.72560317 -3.51814811  0.64899659 -1.16770195
  1.53106716  1.40794648  3.09561407 -1.06801654  1.8277733   1.8944311
  0.50546345 -0.69037368 -0.24461092]
[ 1.          0.63625994 -0.49714465  0.78737944  2.88271553 -5.17298333
  1.20411149  4.39379247 -1.62285215 -1.76460939  1.56623902  2.71772996
  4.82899333  1.95894818 -0.9615165  -4.91538236 -1.04522217 -1.66800435
 -1.90094745 -0.9688832   0.63952053]
[ 1.          0.05803856  0.93035428  0.85584751 -0.70531224  0.33865138
 -2.52803449  0.98660662  0.90854897  2.04815006  1.24364322 -1.21837114
  1.60787128  1.27824692 -0.79626194 -0.79397516  0.80549712 -0.46389178
  1.72063198  0.29238387  0.67107561]
[ 1.          0.54574454  0.23469782  2.63901631  2.57411554 -3.56508684
 -0.82166028  1.26416864 -1.64479472 -0.62561363 -0.35831356 -2.24174251
 -2.96834151 -0.41520545  0.51701651  5.378707    2.32881415  0.85116352
  1.70782996 -3.94985066 -1.03270571]
[ 1.         -1.4371124  -4.01617538  0.28181201 -0.52778368 -0.36923976
 -3.35752606 -2.01538882 -0.96475946 -2.32826765 -0.39341507  1.57619124
 -0.58211635  0.64544393 -5.3903812   0.40627411 -2.62946893 -0.29172575
  1.96266533  0.06530303 -0.09386857]
[ 1.         -0.01669084  0.11946731 -1.22213844  1.19449462 -0.13493696
  0.13150179 -0.7794224   0.50966286  0.47126171 -1.23049011 -0.40385754
  0.42336048  0.24182651  0.59420052 -0.16507909 -0.75034237  0.12725077
  0.01822863 -0.25140801  0.457179  ]
[ 1.         -0.83983215  0.49943054 -0.17337475  1.77520446  0.27032346
 -0.59046904 -0.53078101 -0.28682078  0.94652409 -1.64809302  0.08402468
 -0.16010221 -0.55730955  1.79060033 -0.35702531 -0.9452396   0.64972723
  1.3158344  -2.17630927  3.23024571]
[ 1.         -0.92249231  1.59942912  2.40199074  0.27955024 -0.80046482
 -1.46390875  0.08698069 -0.50506825 -0.79023926 -1.96555115 -1.40628529
 -3.17723487 -2.91995107  0.21128832 -4.36073427  0.06788047  3.34911359
 -0.89566276  0.17487866 -1.39379531]
[ 1.         -1.38277586  1.87845783  0.50320677 -1.15103106  0.0691171
 -0.22332919  0.32255894  0.78758449 -1.72109777 -1.43839695  0.96840508
  1.66695968 -1.39922251 -1.58975029  1.74027998  3.17972014 -0.82042341
 -1.47554664  0.96403102  1.20088651]
[ 1.         -1.00962458  1.66845518  0.9173745  -0.97502925  0.27972039
 -1.7733746   0.96063144  0.60694051  0.64932755  0.20621713 -0.42933124
  1.30580172  0.65044924 -0.82505591 -1.24973501  0.81120079 -0.19328137
  2.01452945 -0.03609185  1.48012973]
[ 1.          1.4589161   0.22439693  4.80675022  1.51238409  0.74527534
  0.57059983 -2.74783066 -0.7909855  -0.03218369 -0.83113031  0.21066416
 -0.46964813  1.20083375  1.31464591 -0.51754095  0.08926442 -1.62693575
 -0.3893951   1.74733033  0.332624  ]
[ 1.          0.53981712  0.16892087  0.55556373  0.55722583  0.50638073
 -1.42947944 -0.10538147  0.81292436  0.72280534  2.9062716  -1.75548301
  1.37288784 -3.30299776 -0.17198429  0.18867956 -1.31154087 -1.62252466
  0.14010507 -1.03808625  0.02446071]
[ 1.          0.75958415 -0.67759868 -0.33786277  0.23790861  0.1905229
  0.18394179  0.93839154  3.46817341 -1.24462724  0.90459853  1.32100876
 -3.65659323  0.08855215  0.68902521 -1.05828053  0.946196   -2.54158456
  0.31359894 -0.08650515  1.6132377 ]
[ 1.         -1.95091634 -1.84580724  0.17100818 -0.35114436 -0.76616317
  0.85944656 -0.8630627  -0.74153405  3.14721348  0.37902409  0.95830298
 -0.56086426 -1.10726967  1.31620947 -0.26282303  3.85251973 -1.26249113
 -1.05021994  0.32863803 -0.09890606]
