Cluster centers 

[-1.08150343  0.49318321  1.37525506  0.39401463]
[ 1.05736954 -0.13637262 -0.53279746 -1.16685912]
[ 1.19244562 -0.23125885 -0.01925206  0.13829083]
[-1.11863444  0.35443702 -1.05589118  0.7705755 ]
[-0.83145071 -1.20553031  0.28884886 -1.28823535]
[ 0.92572606  0.88386597  0.72009511 -0.29361232]
[ 1.079983   -0.20501976 -0.27481493  1.73019458]
[-0.37734565 -0.96308894  0.51902301  1.47088725]
[ 1.0488603  -2.15476062 -1.28301913  0.30295966]
[-1.23037812  0.69698882 -0.09659301  0.54275487]
[ 0.36783926  2.49208641 -0.41509342  0.0182092 ]
[-1.5709916   0.96986937 -2.78675474 -0.34401517]
[-0.73352851 -1.71452584 -0.49537772 -1.53315277]
[ 1.02273515  0.7941313   0.5395615   0.53168003]
[-0.33749288 -0.24285102 -2.55945013  1.39545019]
[ 0.42830516 -2.23395998 -0.44328886  0.90653852]
[-1.53105674  1.25211225 -1.21096289 -0.13765889]
[ 0.92139513 -0.11028741 -1.11621023 -2.08745884]
[-0.71685774 -1.08021352  0.84674406 -0.318531  ]
[-0.61882366 -0.92273603  1.04849985  0.58281792]
[ 0.790186    0.64794137  0.12952658 -1.57527929]
[ 1.07607213  0.18550035  0.11625381 -0.47401623]
[-0.64604598 -2.57917716 -2.66258165 -2.5991726 ]
[-0.96013581  0.55809384 -3.19752636  0.2481587 ]
[ 1.17090643 -0.82975682 -0.14502907  1.40200691]
[-0.93915495 -0.33423111  1.39300982 -0.66337271]
[ 0.80121032  0.70243079 -1.53707253  1.40540805]
[ 0.58716998  1.46916984  1.17226466 -0.99614321]
[-0.97456456  0.16712613  0.66100889  0.87884122]
[-0.39054184 -1.70490836  0.30569171  0.12145627]
[ 0.41046958  2.37554244  0.83980977 -0.07976727]
[ 0.63804662 -0.0173463  -2.20359888  1.78124544]
[ 1.13106518  0.29679087  0.35412512  0.62633767]
[-1.40325418  0.89402139 -1.30481325  0.1846122 ]
[-1.18835181  0.77538976  1.00846063  0.38649091]
[-0.70072543 -0.45466267  0.8300688   1.12614918]
[-0.83695896 -0.10053993  0.10712832  1.1974471 ]
[-0.33790621 -2.31247748 -0.90581518 -0.83310788]
[-1.40366723  1.32600618  0.28973598  0.03754717]
[-0.89791707 -0.11334243  1.40321307  0.49109056]
[ 0.74779931  1.67335403  0.40695622  0.4350767 ]
[-0.63990013 -0.66426468  0.99043017  0.99104174]
[-1.12749196  0.4325704  -0.35827746  0.7617345 ]
[ 1.15577491 -1.36858175 -0.3928362   1.15240945]
[ 1.05519313  0.54145618  0.5078337   0.09795086]
[ 0.11049701 -1.75832187  0.2154089   1.4406426 ]
[-0.90126956 -1.18678418  0.02841839 -1.73896227]
[ 1.20977787 -0.37752078  0.01949238  0.93040695]
[ 0.63750912  0.48913576 -0.68097742 -2.61770565]
[-0.60964304 -1.48753434  0.36649572 -0.46547391]
[ 0.68782836 -0.06851629 -2.08067699 -3.33311016]
[ 0.63709054  0.73477347 -0.0386728  -2.13363699]
[ 0.6643363   1.03180888  0.61730857 -1.47031781]
[ 1.23654164 -0.72367672 -0.22468025  0.57803027]
[ 1.11833935 -0.0443987  -0.09608582 -0.49115315]
[ 1.21328121 -1.53125007 -1.18084856 -0.11038584]
[ 0.98857423  0.2413044  -0.08449828 -1.08007336]
[-0.96327823 -0.41460195  1.18751901 -1.07649608]
[ 0.88652991 -1.01791601 -0.40597378  2.04668417]
[-1.12080513  0.32163374 -1.53506099  0.72653017]
[ 1.15670728 -0.23585057 -0.22755324 -0.39098142]
[-0.40455327 -1.33127219  0.72945411  0.78085746]
[ 0.47628406  2.1382694  -1.27368144  0.2535343 ]
[-1.23882182  1.15106285  1.50269481 -0.00932008]
[-1.44395283  1.13359192 -0.70921367  0.08100441]
[-1.29750024  0.73936532 -0.81204641  0.43012759]
[-0.82029796 -0.26870565  1.1734256   0.78263459]
[ 1.17362376  0.01510644  0.21689045  0.52634299]
[ 1.0984319  -0.45447489 -0.95908398 -1.28097435]
[-0.52505464 -2.34788382 -1.4781455  -1.64066974]
[ 0.64997202  1.58772694  1.21788707 -0.49498245]
[ 0.9586322   1.03142727  0.2158186   0.89921177]
[ 0.97132789  0.50742808 -0.57329683  1.47397192]
[-0.54869792 -1.25075797  0.80646015  0.29656991]
[-0.74060524 -0.2317966  -0.43258958  1.36855499]
[-1.14876632  0.54443108  0.21681777  0.66863083]
[-0.98785039  0.07374595  1.70615177 -0.25109143]
[ 1.1572766  -1.93577258 -1.52670842 -0.15878456]
[ 0.84034852  0.24005537 -0.60550555 -2.00072325]
[ 1.08670622  0.51627186  0.31480839  0.8951347 ]
[ 1.08066274 -1.56586691 -0.41416404  1.2980953 ]
[-1.7606791   1.91298603 -1.68529365 -0.89410427]
[ 0.81030071  1.06173641  0.83201953 -0.687083  ]
[-0.76364538 -0.72440474  1.21789809  0.08414262]
[ 1.13184994  0.10085525  0.17770107 -0.04229992]
[-1.52264064  1.45586144 -0.50868806 -0.16694837]
[ 1.00265538 -0.25806812 -0.54620874  1.90291135]
[-1.60490211  1.30439124 -1.77819016 -0.34745989]
[-0.72761241 -1.52060496 -0.01845938 -1.17207226]
[-1.1088114   0.97882865  2.11367215 -0.57528784]
[-0.82398874 -1.01255901  0.68573947 -0.92079304]
[ 0.93611857  0.50511677  0.23891239 -0.9684338 ]
[-1.38171131  0.7598595  -1.80999059  0.19665078]
[ 0.94581007  0.66758791  0.50851919 -0.60397612]
[ 0.79475533 -2.62622283 -1.63151726  0.06639743]
[ 0.86165773 -0.04481548 -1.15306112  1.90013056]
[ 1.2356183  -0.85343407 -0.47908618  0.1725827 ]
[ 0.91295433  0.29752882 -0.23181526 -1.48690097]
[-0.84099083 -0.72491414  1.11579002 -0.51052782]
[ 0.18433398  1.81601327  1.54653298 -1.56540046]

Populations

0.0128466763928
0.00937068307804
0.00889207676983
0.0108339900722
0.00316356527914
0.0226655983619
0.0101046098677
0.0102460492206
0.00292206958907
0.0164154750934
0.00535200298745
0.00958808264471
0.016836069643
0.014447882728
0.00160557665485
0.00655881950896
0.00871560060087
0.00620033186534
0.0173572953404
0.0143167388232
0.00897750400306
0.0208705757351
0.00281308298393
0.0109519591346
0.00991520631039
0.00457276228403
0.00646999067848
0.00954130907368
0.00977568506185
0.0154123205041
0.00144803901102
0.00843094039048
0.0131924665446
0.006423290996
0.0123194400341
0.00645193813338
0.00429610243532
0.0123552291408
0.0152335863056
0.0130217329592
0.00602429187099
0.013635485083
0.0152535200445
0.00939050548986
0.0263962682101
0.00448238449341
0.00761352398438
0.018378459975
0.00609293681378
0.0168193331791
0.00353488009781
0.0147743974218
0.0124297945059
0.00937659958093
0.0143580152839
0.00330894393224
0.0129376107353
0.00867556042865
0.00443567285463
0.00910021947524
0.0129438849276
0.00879005234986
0.00430380749363
0.00851696178874
0.0052042877249
0.0172748539226
0.0106088701464
0.0234711231777
0.00820416143083
0.0028165857591
0.00718324303111
0.0178674242558
0.015873867573
0.0125228090383
0.00661578977643
0.0149259256839
0.0110584677229
0.00139525257398
0.0121418359862
0.0143897385196
0.00518292798984
0.00440656704913
0.0125975566193
0.0123285076555
0.013626637504
0.00458248817296
0.00458108394497
0.0042881388914
0.012481627003
0.00240713352002
0.0161306698506
0.0180102901153
0.00926251124372
0.00595770857007
0.0017998727921
0.00961116891167
0.00870319207941
0.00716647285153
0.0093792481447
0.00345649450658

State labels

0
1
2
3
4
5
6
7
8
9
10
11
12
13
14
15
16
17
18
19
20
21
22
23
24
25
26
27
28
29
30
31
32
33
34
35
36
37
38
39
40
41
42
43
44
45
46
47
48
49
50
51
52
53
54
55
56
57
58
59
60
61
62
63
64
65
66
67
68
69
70
71
72
73
74
75
76
77
78
79
80
81
82
83
84
85
86
87
88
89
90
91
92
93
94
95
96
97
98
99

Eigen values

1.0
0.566346446797
0.512771347412
0.48157320294
0.477905878877
0.457082320368
0.453274824686
0.44026225024
0.417620747507
0.386305780477
0.384032620662
0.366858554347
0.364350282542
0.344208118889
0.333324457949
0.324243982358
0.31581709635
0.314198178112
0.295616261276
0.289689625269
0.28241156806

Left eigenvectors

[ 0.01284668 -0.00977453 -0.00537103 -0.00035312 -0.00836767 -0.00479231
 -0.01776214 -0.00336624 -0.00350559 -0.00385251  0.01651703 -0.0223553
  0.01451506 -0.01322932 -0.00257765  0.0040159   0.00675497  0.0088324
 -0.01875587 -0.01172433  0.01525287]
[ 0.00937068  0.00876709 -0.00658051  0.01043192  0.00430295 -0.00495899
  0.01460349  0.00679239  0.01717464  0.02621844  0.01671527  0.00786635
  0.00415856 -0.01070298 -0.00422045  0.0013191   0.01491827 -0.00807122
 -0.00235135  0.00623584 -0.00398742]
[ 0.00889208 -0.00881469 -0.0002317  -0.00877068 -0.00539685  0.00205079
  0.01792464 -0.00462578  0.00044354 -0.00973731  0.01202753 -0.00848168
 -0.00864442  0.00894709 -0.00428511  0.0050478   0.01481746  0.01550154
  0.01276065  0.00292061 -0.01963563]
[ 0.01083399 -0.00560175  0.0034506   0.01738718  0.00083532 -0.00341012
  0.00748517 -0.01545774 -0.00689604  0.00912139 -0.01663254 -0.00319002
  0.00525918 -0.01269318  0.01269226  0.01708957 -0.01167948  0.00120225
 -0.00553522 -0.01621277 -0.00969841]
[  3.16356528e-03  -3.13826069e-03   8.55203928e-05  -3.16099815e-03
  -1.36954599e-03   4.78991412e-04   3.70130109e-04  -6.38679363e-03
   6.07394714e-04  -3.85690206e-03  -1.31387170e-03   5.69176439e-03
  -4.55294772e-03  -4.29912643e-04  -4.36135078e-03   2.98537962e-03
  -5.12878472e-03   2.19913261e-03   3.63771449e-03   1.62103414e-03
  -9.85998132e-04]
[ 0.0226656   0.01120228 -0.02513709 -0.00762842  0.01213082 -0.01526474
 -0.01662681 -0.01048473  0.00504281 -0.00587699 -0.01016557  0.0343076
 -0.02321333  0.00612414 -0.00544041  0.00513797 -0.01557533  0.00337275
  0.00054644  0.00370741 -0.01022998]
[ 0.01010461  0.00567135  0.02028332 -0.01511589  0.00114363 -0.00666137
  0.02017655  0.01078789 -0.00020286 -0.01428989 -0.00144246 -0.00421783
  0.01390273  0.02693345  0.00030882  0.01306165  0.00379786  0.00655406
 -0.00933555 -0.01368852 -0.00732025]
[ 0.01024605  0.01150964  0.02147332  0.01208202 -0.01798918  0.00181797
 -0.00910183  0.0081164   0.004619   -0.00652336 -0.00245213 -0.00143306
  0.00276118  0.00618396  0.00817063 -0.01167445  0.01100242 -0.01133592
  0.00225341  0.00585676  0.00792332]
[ 0.00292207 -0.00224317  0.00130528  0.00038187  0.00397969 -0.00435483
 -0.00053953  0.00275447 -0.00816129 -0.00174029 -0.00081972 -0.00264289
  0.00236213 -0.0039834  -0.00633463 -0.00532091 -0.00224711 -0.00363448
 -0.00169935 -0.00013801 -0.00599205]
[ 0.01641548 -0.02076254 -0.00279575 -0.02415829 -0.01506579 -0.00073032
  0.016461    0.00650927  0.00251531 -0.00471303 -0.0022145  -0.00188577
 -0.02509743  0.01288786 -0.01762414  0.01382507 -0.00254504  0.01342373
  0.00950242  0.0095734   0.0032163 ]
[ 0.005352   -0.00544674 -0.00060288 -0.00024165  0.00763768 -0.00245816
 -0.00171058 -0.00181901 -0.0080614   0.01302813  0.00028647 -0.01511111
  0.01323981  0.00314106 -0.00390936 -0.01107483 -0.00743032  0.00063998
 -0.00186209  0.00434838 -0.00499341]
[ 0.00958808 -0.00948195  0.0021679   0.00127672  0.00050744 -0.00295489
 -0.00579156 -0.00957118 -0.01141895  0.00139287  0.01422918 -0.01252295
  0.0146355   0.00240468 -0.0009198   0.01795351  0.01541038  0.00413367
 -0.0028192  -0.00437384 -0.00110568]
[ 0.01683607 -0.00685279 -0.0026129   0.01322939  0.0059826  -0.01451113
  0.01526834 -0.00011995 -0.01107554  0.003976   -0.02068809  0.00682812
  0.01072064 -0.00189168 -0.00506818  0.0054338  -0.00082811 -0.00657035
  0.01270591  0.01557746  0.00893205]
[ 0.01444788  0.01678725  0.01105397 -0.00751557  0.0005265  -0.01474266
 -0.00632246 -0.01093007 -0.016565    0.00380504  0.01182817  0.02208708
 -0.02561381  0.00137439  0.01422154 -0.00955227 -0.02939306 -0.01378009
  0.00272887  0.00675955 -0.02748544]
[ 0.00160558 -0.00111797 -0.00410084 -0.00308865  0.00048874 -0.00533885
 -0.00782912  0.00085719  0.0073547  -0.00350096  0.00318992  0.00977956
  0.00387247  0.00104839  0.0023286   0.00519754 -0.00647332  0.00035708
  0.0015917  -0.00076915 -0.0012028 ]
[ 0.00655882  0.00588051 -0.00731239 -0.00339099 -0.00235627  0.01547667
 -0.00071886  0.00808138  0.00186177 -0.00677251 -0.00743075 -0.00624257
  0.0096862  -0.0172289   0.0110035   0.00301371 -0.00711473  0.00508121
  0.00240199  0.00944518  0.00016623]
[  8.71560060e-03  -1.11256852e-02  -1.88986410e-03   3.29427985e-03
  -4.97735174e-03   1.64194085e-03  -1.21946456e-02  -9.71709502e-03
   8.20137797e-03   7.79194211e-04  -1.26523853e-02   6.61922443e-03
  -2.52799070e-03   5.16049041e-05  -1.43593731e-03   3.73374566e-03
   6.65861512e-04  -1.00447491e-03  -1.18433354e-02  -8.85607405e-03
  -2.35896641e-03]
[ 0.00620033 -0.00172467 -0.01193042 -0.00455068 -0.00586198 -0.00240522
 -0.00145039  0.00388062 -0.00311473  0.00315904  0.00271883 -0.00468806
 -0.00054743  0.01337445  0.00465153 -0.0228878   0.00259144  0.00275014
 -0.00762546 -0.00752219 -0.00326945]
[ 0.0173573  -0.00953484 -0.00510353 -0.0036119  -0.00773452  0.0274111
  0.00803851  0.00291295 -0.01984126 -0.0122332   0.0110588   0.01342322
  0.00139178 -0.00232148  0.00560458  0.00277407 -0.0140445  -0.01193811
  0.00729417  0.00431865  0.01964963]
[ 0.01431674 -0.00588885 -0.00556857  0.01097759  0.00066821 -0.00934492
 -0.0028741  -0.00337402  0.0042986  -0.00693019 -0.02561185  0.01253222
 -0.00402081  0.00714958 -0.00500448 -0.01102572 -0.00267738  0.00959096
 -0.0118847  -0.01577926 -0.00779753]
[ 0.0089775  -0.00283835  0.00934343  0.01707799  0.00639218  0.00857409
 -0.00652036  0.01221705  0.0019875   0.00659813 -0.00686816  0.014082
 -0.00128602  0.01017107 -0.00350595 -0.00837707  0.01358526  0.02048429
  0.00581025  0.00183468 -0.00111826]
[ 0.02087058 -0.01415048 -0.00783474  0.00811879  0.00366611 -0.03971838
  0.01672779  0.02422521 -0.02030629 -0.02355211 -0.02632834 -0.00471441
  0.02153161  0.01054293 -0.00778685 -0.02532132  0.00483462 -0.00336109
  0.00772189  0.02293893 -0.00087246]
[ 0.00281308 -0.00131341  0.00430701 -0.00454011 -0.00032716 -0.00381094
  0.00743745  0.00254865 -0.00101597 -0.00763637  0.00527365 -0.00438517
  0.00403595  0.00825408 -0.00021351  0.00472371  0.00875053  0.00456969
  0.00214057 -0.00719262 -0.0071447 ]
[ 0.01095196 -0.01242639  0.00635691 -0.00582449 -0.0149891   0.00509901
  0.01129526 -0.00637565  0.00397194 -0.00442219  0.00018987 -0.00048822
 -0.01937754 -0.0137088   0.01360615 -0.00718721  0.00679857 -0.00931113
  0.01721434 -0.01237665  0.01008609]
[ 0.00991521  0.016699   -0.02819727  0.0104356  -0.01336605  0.0090674
 -0.00045138  0.00506429 -0.00437323 -0.00537868  0.00110269 -0.00720306
  0.00420862  0.00992944 -0.00407065  0.00293734  0.0027615  -0.00416586
 -0.0056325  -0.00273411 -0.00242803]
[  4.57276228e-03  -3.83722446e-03   3.63398302e-03   4.53732051e-03
   3.02661376e-03   4.39515648e-03  -5.74448108e-03   2.63475982e-03
   7.09893050e-03  -1.31912518e-04  -1.45286499e-02  -1.05191839e-03
  -5.97549153e-06   4.82977787e-03  -2.60532939e-03   1.12843051e-03
   3.68481736e-03   6.33907753e-03   6.25363578e-04  -2.32098200e-03
  -6.93473182e-03]
[ 0.00646999  0.00764459  0.00210691 -0.01706278 -0.01162192  0.0037698
 -0.00494729  0.01187694 -0.0014471   0.01026917 -0.01188557 -0.00448783
  0.00358043 -0.02241805  0.00228006  0.00099264 -0.001185    0.0126573
  0.00400149  0.00510421 -0.00206753]
[  9.54130907e-03   5.07933569e-04  -1.89391289e-02   6.24844304e-03
  -1.18237048e-02  -3.26901447e-05  -4.46434920e-03   2.78233356e-03
   4.77787333e-03   1.76589659e-03  -1.71815913e-03   1.02995680e-03
  -4.70922511e-03   1.46105985e-02   1.31588120e-02  -1.14077322e-02
   5.74249376e-03   4.79294285e-03  -1.88032293e-02   9.86518552e-03
  -1.52922282e-02]
[ 0.00977569 -0.0131474   0.00199715  0.01143019 -0.00619376  0.00881838
  0.00386768 -0.00013992 -0.01703182 -0.00259495  0.01316286  0.00049261
  0.00553408 -0.00016441  0.00844113  0.02001006 -0.02825802  0.01100043
 -0.00808588  0.0066583   0.02543466]
[ 0.01541232 -0.02075318 -0.00407249  0.00764604 -0.00715709 -0.00540708
  0.01894644  0.00339794  0.01286861 -0.00859257  0.00899136  0.00863765
  0.00146319 -0.00758596 -0.01868364 -0.0012379  -0.01609499 -0.00201012
 -0.0074539   0.01239362  0.0032099 ]
[  1.44803901e-03   3.47762977e-03  -2.19676089e-03   1.32912703e-03
   2.61249496e-03  -2.93146746e-03  -1.12084037e-03  -1.79258772e-03
   8.74542303e-04  -9.21036147e-05   1.17650679e-03  -1.59752558e-03
  -2.77926660e-03  -1.22431381e-03  -3.19355947e-03   6.07999367e-04
   3.17101708e-03   6.29377274e-03   2.15312560e-03  -1.52611338e-03
   1.29351131e-02]
[  8.43094039e-03   7.83109914e-03   5.33109585e-03  -8.14396621e-03
   1.38912992e-02   1.10143953e-02   3.90014383e-03  -2.02850109e-02
   2.51637814e-05  -5.10530975e-03  -7.46365342e-04   1.49607533e-02
   1.34161192e-02  -3.61363103e-03  -1.11044229e-03  -1.09351215e-02
   4.49250587e-03   9.80117739e-03   8.92990359e-03  -3.35454086e-04
   6.32350960e-03]
[ 0.01319247  0.00035391  0.01728677  0.00498255  0.02077122  0.02093764
  0.00650273  0.00651732  0.02523394 -0.01366905 -0.0082113  -0.0103519
  0.00525904  0.0142504  -0.01199823 -0.00365754 -0.01619271  0.00629612
 -0.00245101 -0.00155062 -0.0027654 ]
[ 0.00642329  0.00326084 -0.00277173  0.016166   -0.00632174 -0.00633392
  0.0029242  -0.00303119  0.003852   -0.00323992 -0.0156761  -0.00809337
  0.00185704 -0.00250509 -0.00290113 -0.00082906 -0.00999872  0.00741396
  0.00164334 -0.00529242  0.00042839]
[ 0.01231944 -0.0098852   0.00103726  0.01823635 -0.01168329  0.00275976
 -0.00172879 -0.00901771  0.00566519 -0.00899109 -0.02844725 -0.00532228
 -0.0021338  -0.01084706  0.01913727 -0.00365782  0.00908336  0.00019266
 -0.01111582  0.00474981 -0.00711247]
[ 0.00645194 -0.00919439 -0.00016145 -0.0001395  -0.00942698  0.00208049
  0.01612989 -0.00037614  0.01202894 -0.00573104  0.01141875 -0.00539331
 -0.01266577 -0.00538878 -0.01199978  0.00571815 -0.00505596  0.0036452
  0.00686222  0.01148012 -0.00667238]
[  4.29610244e-03  -4.22830244e-03  -5.47899625e-04   4.24739692e-03
   3.69454671e-03  -2.04190400e-03   9.33816639e-03  -2.07994771e-03
   3.54689902e-04   2.18773860e-02  -8.16049606e-05  -5.50128812e-03
   1.05499145e-02   4.51231876e-03   8.44398337e-03   3.42422812e-03
  -7.81328160e-03  -8.36966826e-03  -2.07348167e-03  -2.22990730e-03
   1.85209330e-03]
[ 0.01235523 -0.0141853   0.00429858  0.00248608  0.00660328 -0.00137161
 -0.01551487  0.00478345 -0.02168833  0.00750037  0.00127058 -0.00259996
  0.00963885 -0.00605599 -0.03999652 -0.00694443  0.00036823 -0.01313267
 -0.02167441 -0.00194742 -0.00730087]
[ 0.01523359 -0.02375997 -0.01151923 -0.00659891 -0.02098503  0.0110908
 -0.00362578  0.00129748  0.01792551  0.00744277  0.00601933  0.01677095
 -0.01196129  0.02342678 -0.00271157 -0.01279256 -0.01603621  0.01096949
 -0.03104602 -0.00434051  0.01549111]
[ 0.01302173 -0.00766155  0.00108011  0.00909494  0.00075347 -0.00330377
 -0.00662031 -0.0107845  -0.00484655  0.00675096 -0.02302249  0.00740085
 -0.00746094 -0.00191357  0.01356804  0.01284967  0.01286532 -0.01283238
 -0.0074491   0.01395991  0.00427453]
[ 0.00602429 -0.00387385 -0.00688019  0.00490213 -0.00133952 -0.00254458
  0.00807763 -0.00158045  0.00799642  0.02085433  0.00189066  0.00516008
  0.00450761  0.00667038  0.00763788  0.00144818  0.00256121 -0.00481037
 -0.0107443   0.00764073  0.00522189]
[  1.36354851e-02   5.55443642e-03  -2.70544646e-03  -1.17161929e-02
   1.63807095e-02   3.24087753e-03  -1.31927536e-02  -2.61162084e-02
  -6.38228152e-03   8.52327581e-03   9.01082653e-03  -1.19699862e-02
  -3.56187965e-03   1.06799033e-02   4.42254547e-03  -8.33302206e-03
   2.38535099e-05  -2.07562448e-03   1.47062554e-02   8.45581121e-03
   9.68316619e-03]
[ 0.01525352 -0.00403092 -0.01288207 -0.02131656  0.00016054 -0.00674915
 -0.03327637  0.01013767  0.01199604  0.00394617 -0.00830541 -0.02109102
  0.01130504 -0.00500274  0.01767035  0.00804223 -0.0016075   0.01382301
  0.01744197  0.01765076 -0.01221641]
[ 0.00939051 -0.00969953 -0.00086033 -0.00042306 -0.0013589  -0.01379204
 -0.00681534  0.00154824  0.00105838 -0.01449635  0.0108554   0.00669587
  0.01998856 -0.01106334 -0.01033102 -0.00201732 -0.00214662 -0.00300876
 -0.011512   -0.01513258  0.00619797]
[ 0.02639627  0.02953529 -0.02394101  0.01237436  0.02696358 -0.0091091
  0.01040812  0.00030472  0.01266044  0.0175252  -0.01075112  0.01846998
  0.00903289 -0.009519   -0.00278593 -0.00189747  0.01540505  0.04306009
  0.01075611 -0.00236134  0.02452505]
[ 0.00448238 -0.00074937  0.00125559  0.00520709  0.00507243  0.00080723
  0.00887799  0.00834663  0.00882436  0.01467176  0.00531009 -0.00209459
  0.00209471 -0.00496985 -0.00181836 -0.00113561 -0.00600529 -0.01121469
 -0.00158001 -0.00062847  0.00271738]
[  7.61352398e-03  -4.73116809e-03  -6.48731917e-04  -8.99597531e-03
  -6.47373301e-05   8.17652210e-03  -6.37601675e-03  -1.19825057e-02
  -9.23710657e-03   4.68962671e-03   1.05960781e-02  -1.07798192e-03
  -3.30789178e-03   8.30345905e-03   5.01872270e-04  -2.40840431e-02
  -1.17759894e-02  -2.47181469e-03   3.68602982e-04   2.19882735e-03
   1.11054916e-03]
[ 0.01837846 -0.0045959   0.003806   -0.00125265  0.00398142 -0.03044268
  0.00511947  0.02321397  0.00162662 -0.02212975  0.015351    0.00115338
  0.00447832 -0.01718874  0.00775674 -0.02564399  0.01387753 -0.01751161
  0.01725288 -0.02124276  0.00928539]
[ 0.00609294  0.0031443   0.00575138  0.01092321 -0.00351873 -0.00086398
 -0.00667374  0.00696721 -0.00012646 -0.00209745  0.01582747  0.0045558
 -0.00521312 -0.00035333  0.01579517 -0.00510596  0.00054213 -0.0011224
 -0.00035146  0.01005563 -0.01393652]
[ 0.01681933 -0.01142489  0.00414884 -0.01400683  0.00384817  0.00542575
 -0.0147811   0.01304505 -0.00832176  0.02198638 -0.0251933  -0.01241483
 -0.00600847 -0.00539205 -0.02080877  0.02012702 -0.00139503  0.00219527
  0.00664467 -0.00395866 -0.00982784]
[ 0.00353488  0.01309485  0.01357347 -0.00831789 -0.01697198 -0.00204748
 -0.00186193  0.001559   -0.00189435  0.0068221  -0.00507902  0.00494465
  0.01162442 -0.00195465 -0.00333758 -0.00292065 -0.00379064  0.00497618
  0.00379423  0.00801779  0.00053604]
[ 0.0147744  -0.00287524  0.01380473  0.02424754 -0.01236901 -0.00033954
 -0.01218263 -0.00364618  0.00060927 -0.0059509  -0.00192386 -0.00747786
 -0.00265259 -0.00794799  0.02757713 -0.00541029  0.01024842 -0.00111234
  0.00383455 -0.01207226 -0.00104232]
[  1.24297945e-02   1.07863942e-02  -4.02394812e-03   4.47156934e-03
   5.66435726e-03  -4.10208339e-03  -3.02764945e-05  -5.90758085e-03
  -6.69582712e-03   1.05693261e-02  -3.53875860e-03   1.01899550e-02
  -9.27067693e-03  -3.52974343e-03  -9.05537253e-04   9.39474921e-03
   2.59079656e-03   5.38496601e-03  -9.83664479e-03  -9.86309012e-03
  -2.23405699e-02]
[  9.37659958e-03   5.23827189e-03   6.52112323e-05   6.81676604e-03
   1.13330807e-02   1.46131200e-03   1.13995424e-02   1.12461650e-02
   1.38608176e-02   1.72193097e-02   6.99150845e-03   4.75797662e-03
   1.22198398e-04  -1.12875596e-02   3.89238870e-03  -1.04619837e-02
   1.02889413e-02   3.80634463e-03   7.78389344e-03  -3.29628093e-03
   2.89921107e-03]
[  1.43580153e-02   8.16172110e-03   8.17221383e-03  -1.37320489e-02
   2.00271092e-02  -1.01230610e-02   9.97664244e-05   2.66708303e-02
  -1.30167998e-02  -1.85907795e-03   1.48067796e-03  -8.43849241e-03
  -1.85692458e-02  -1.33143639e-02   6.16480846e-03   2.77940520e-03
  -1.57450676e-02  -1.64886097e-02  -4.39582943e-03  -1.70682944e-02
  -1.15365363e-02]
[  3.30894393e-03   4.26314602e-03  -1.45690108e-03  -4.29810603e-04
   7.09364468e-03  -3.91186735e-05   4.38108386e-04  -5.04454218e-03
   6.12544299e-05  -2.49530383e-03  -4.57104940e-03   7.11247323e-03
   2.25452090e-04  -3.50188904e-04  -3.03997504e-05  -3.18665314e-03
   1.90904339e-03   6.43001304e-03  -6.55691348e-04  -3.96108474e-03
   4.35915076e-03]
[ 0.01293761  0.01032974  0.00172059 -0.00145211  0.03025216  0.00935739
  0.00570971  0.00546979  0.01484173 -0.00296208 -0.00022531 -0.01197956
 -0.00135674 -0.0007909   0.00138751 -0.01360727 -0.01726743  0.01554621
  0.00190171  0.01362869 -0.00126844]
[ 0.00867556 -0.00443625  0.01419097  0.00758777  0.00570142  0.0130229
 -0.00821361  0.01365745  0.00735959  0.00229188 -0.00305854  0.00304713
 -0.00437945  0.00713341 -0.01594799 -0.00942922  0.00578455 -0.0225774
  0.00728475 -0.00525793  0.00759334]
[  4.43567285e-03  -6.02932160e-03  -6.77573324e-03  -6.95031819e-03
  -1.23195871e-03  -1.08186573e-02  -1.69168216e-02   4.40290622e-03
   1.66282187e-02  -6.54473950e-03   9.21977593e-03   1.33839996e-02
   1.30638901e-02   7.78080075e-04   5.62902721e-03   8.61977038e-03
  -8.47114343e-03  -7.02176324e-05   2.59540051e-03  -2.07187675e-03
   2.16511557e-04]
[ 0.00910022 -0.00243874  0.01375409  0.00632279 -0.00506567  0.01282569
 -0.00299966 -0.00017943  0.01265506 -0.00729784 -0.00883267  0.00549755
 -0.00676529  0.00620706  0.00054499 -0.01626178  0.00621413 -0.01460381
 -0.00514269 -0.0071579   0.01052441]
[ 0.01294388  0.00642146 -0.00174348 -0.00909954  0.01355076  0.02933498
  0.00311001 -0.0115761   0.00759551 -0.01040034  0.00493836  0.0112923
  0.0080124   0.00074428 -0.00980625 -0.01473574  0.00697081 -0.00553044
  0.00708891  0.00255715 -0.00115762]
[  8.79005235e-03  -7.58599550e-03   8.53169371e-04  -3.04573909e-04
   1.90374689e-03   5.36975205e-03  -5.98618623e-03  -1.07113893e-02
   7.21981458e-03   5.74947599e-03  -1.32218396e-03   1.07398552e-02
   5.64648320e-04   1.16863732e-03  -1.57312317e-02   3.16569421e-03
   3.99748684e-03  -1.65791989e-02   3.01446590e-03   4.05390086e-05
  -2.67659251e-03]
[ 0.00430381 -0.00264516  0.00449206 -0.00338988  0.00636875  0.00626703
 -0.0100401   0.00086579  0.00815855  0.00286268 -0.00450517 -0.00815317
  0.00087275  0.007703   -0.00678012  0.00566933  0.00215322 -0.00898108
  0.01086192 -0.00066829 -0.00084353]
[ 0.00851696 -0.01045056  0.00472588  0.00432572  0.00374054  0.00258832
  0.0017142  -0.02301601  0.00171498 -0.00901709 -0.00011749  0.00936232
  0.01158283 -0.01494462 -0.0102831   0.00057742 -0.00734608  0.00419197
  0.00522475 -0.01384137 -0.00979356]
[ 0.00520429 -0.00645453  0.00919805  0.01466425 -0.00013117  0.01016746
 -0.01215595  0.01446935 -0.01914288  0.00366583  0.01647085  0.0099739
 -0.003067    0.00201704  0.00263527  0.00822389  0.00028762  0.01258482
  0.0036189   0.00047327  0.00039854]
[ 0.01727485 -0.0099277   0.00689675  0.0114594   0.00824419  0.00183864
 -0.00053169 -0.03218473 -0.01900192 -0.00278082  0.01197521 -0.00494834
  0.01275875 -0.01720582  0.00032245 -0.0135462  -0.00168023  0.0135454
  0.01482949  0.00313006 -0.01553118]
[ 0.01060887 -0.00959062 -0.00622589 -0.00098131 -0.01480842  0.00400253
  0.01118258 -0.00536798 -0.00027043 -0.00521744  0.0077771  -0.00133028
 -0.00204702 -0.00156196  0.00048465 -0.00212036  0.01423558  0.00317787
 -0.00451738  0.00807368 -0.01499814]
[ 0.02347112  0.00556666 -0.00670115 -0.00919755  0.01109079 -0.01341716
  0.0014096   0.00225124 -0.00270461 -0.00612988 -0.00775449 -0.00760112
 -0.02840436  0.00141196 -0.00049163  0.00457267  0.01875516  0.01596308
  0.00315854  0.03661349 -0.00625768]
[  8.20416143e-03   2.57828914e-02  -1.97567727e-03   2.51336789e-02
  -2.77561802e-02  -1.00185484e-02  -8.27210399e-03  -7.55269020e-03
   4.41434517e-03  -1.32402546e-03   3.41643485e-03  -1.91198560e-02
  -5.62009282e-03   8.42405957e-03  -2.05329858e-02   5.95973617e-05
  -1.21606064e-02  -2.96879598e-03   2.20643736e-02  -1.07865318e-02
   4.02699571e-03]
[ 0.00281659 -0.00220468  0.00561682  0.00240098  0.00340494  0.00441912
 -0.00627169  0.01107532 -0.00710972  0.00391391  0.00230967  0.00149073
 -0.00538106 -0.00036169 -0.00436568  0.00423828 -0.00127966 -0.00268466
  0.00366831 -0.00483194 -0.00141846]
[ 0.00718324  0.01495215 -0.02646129 -0.0020606  -0.0070306   0.0354758
  0.00327116  0.00692569 -0.01088442 -0.01623141  0.00107883  0.0039128
  0.01906052 -0.00775129 -0.00095739  0.00483475  0.00536202 -0.01826123
  0.00359174 -0.00264163 -0.00453644]
[ 0.01786742  0.01413837 -0.01602332 -0.01486221 -0.01330864  0.01597501
  0.00447581  0.01182758 -0.01354296  0.00821349 -0.0042655   0.01080941
  0.00452139 -0.01197938 -0.01179852 -0.00105127  0.01978824 -0.00241999
 -0.01792974 -0.00359118 -0.00831603]
[ 0.01587387  0.01995061 -0.00364928 -0.00826735  0.02165645 -0.005589
 -0.00707675 -0.00059561 -0.01233305 -0.01238091  0.00228543 -0.00351109
 -0.02568408  0.00274151  0.00927495  0.01441654 -0.00368535 -0.0173389
 -0.01474685 -0.00282426  0.00497968]
[ 0.01252281  0.00037883  0.00022655  0.00916971 -0.00399735  0.01379969
  0.01155177  0.00826805  0.01972254 -0.00510224  0.00310257 -0.01966886
  0.00015602 -0.00755977 -0.00446858  0.00635366 -0.02878307  0.00709885
 -0.0099814   0.01067839  0.00864628]
[ 0.00661579  0.00799385  0.01412438  0.00056756 -0.0011085   0.0005518
 -0.00075942  0.00563161  0.00701433 -0.01064924  0.00064883 -0.00799807
  0.00271471  0.00828723  0.01131452  0.00497831  0.00112718 -0.00609571
 -0.01023288 -0.0023137   0.00162639]
[ 0.01492593 -0.01044575  0.00186318 -0.01342309  0.00368374  0.00251417
 -0.0314231  -0.00221884  0.02233299  0.00317827 -0.00424323 -0.01529773
  0.00861211  0.01001861  0.0036044   0.02502411  0.01325388 -0.01543245
  0.01827948  0.00017996 -0.00802855]
[ 0.01105847 -0.00095613  0.00537078 -0.0095846   0.00220474  0.00116438
  0.00106145 -0.01378991 -0.00648056  0.01004063 -0.0073832   0.01151337
 -0.01018868 -0.00683409  0.00645076  0.00422526  0.00672404 -0.01365001
  0.00867424  0.0051163   0.00957836]
[ 0.00139525 -0.00187741  0.00378597  0.00679131  0.00104018  0.00438625
 -0.00462623  0.00648334 -0.00554714  0.00260124  0.00411011  0.00660417
 -0.00137283  0.0031345   0.00017688  0.00120338  0.00357729  0.01042479
  0.00316437  0.00072068 -0.00013589]
[ 0.01214184  0.01467647  0.01172904 -0.00091159  0.0160142  -0.00135915
 -0.00222142 -0.01505827  0.00074363 -0.00775165  0.0112332  -0.01123092
 -0.0097782  -0.00472658 -0.00700811  0.01193752  0.00838354 -0.00309349
 -0.03467006  0.00752199  0.00221911]
[ 0.01438974  0.02719982 -0.03414351  0.00869853  0.00132349  0.00324673
 -0.00080431 -0.00233701 -0.00798875  0.00202053  0.00503977 -0.00098595
 -0.00556582  0.0199143  -0.00214878  0.01016389  0.00403239 -0.00516873
  0.00663243 -0.02079842 -0.00702724]
[  5.18292799e-03   6.04225355e-05   6.00933409e-03   4.88246294e-03
  -4.52451701e-03  -9.24482841e-05  -5.87626639e-03  -4.95811420e-03
  -5.36690646e-04  -5.70131358e-03  -1.98272550e-04  -8.53755600e-03
  -1.76707747e-03  -3.15367997e-03   8.56443890e-03   1.70883595e-03
   1.11412016e-02  -1.10033529e-03  -1.05752755e-02   6.38037983e-03
   5.00562205e-03]
[ 0.00440657 -0.00603888  0.00221897  0.00314351 -0.00254116 -0.00097758
  0.00531844 -0.00983827 -0.00190434 -0.00453757  0.00114853  0.00077196
  0.00131446 -0.01349031  0.00408147 -0.00300102  0.00145038 -0.00042875
  0.00783181 -0.01159813 -0.00723707]
[ 0.01259756  0.0027764   0.00159969 -0.0239915  -0.00898501  0.00063401
  0.00343044  0.01644796  0.0009771   0.01393114 -0.00282762 -0.00507741
 -0.01759385 -0.03220601  0.00656522 -0.00642548 -0.00010357  0.0072405
 -0.00382975 -0.02686445  0.00759875]
[ 0.01232851 -0.00950147  0.00105014 -0.01179484 -0.00324924 -0.00337785
  0.00899462 -0.01287797 -0.00194623  0.02028774  0.00717363 -0.00176218
  0.00894545  0.01517122  0.0128933   0.01200515  0.0139207  -0.01420051
  0.01417888  0.00273278  0.01436208]
[  1.36266375e-02   2.35419318e-02   2.14526152e-02  -9.69314892e-03
  -7.33286479e-04  -1.01202234e-02   7.15858864e-03  -6.55811110e-03
   3.93120486e-03   3.96533415e-03   6.78185939e-03   1.18654357e-02
   3.94577562e-03   8.83313434e-05  -5.34869485e-03   7.83054507e-03
   5.98655514e-03  -7.56580317e-04  -3.27802192e-02  -7.88572518e-03
   1.45372127e-03]
[ 0.00458249 -0.00421024 -0.00276748 -0.00904169 -0.006667    0.00277134
 -0.00112176  0.0053791  -0.00033677  0.00557228 -0.00127438 -0.00225132
 -0.00615058 -0.00491342 -0.00671921  0.00236714  0.0009397   0.0066573
 -0.00921993 -0.0080259   0.00469258]
[  4.58108394e-03  -4.32830958e-03  -2.09256348e-03  -1.04406130e-03
   1.25523617e-03  -8.70423096e-03   1.97635108e-03   4.57007097e-03
  -5.00983367e-03  -4.11012642e-03  -4.54114033e-03   3.19063505e-03
  -2.89625804e-04   5.43304685e-04  -1.05686292e-02  -3.66113480e-03
   2.78993599e-05  -3.25289709e-03   2.81376248e-03   4.35554833e-03
   4.29630821e-04]
[ 0.00428814 -0.00309486 -0.0050888  -0.00649743  0.00156848 -0.00044967
 -0.00931515 -0.00458024 -0.00538371  0.0076965   0.00598857 -0.01472591
  0.00659971  0.00722222  0.00319834 -0.01963617 -0.00483679  0.00372934
 -0.00142307  0.00205612 -0.00083187]
[ 0.01248163 -0.00334128  0.01170199 -0.00635759 -0.01097035  0.00992881
 -0.00378166 -0.01254007 -0.00356915 -0.00404747 -0.00013514  0.00181844
 -0.0089815   0.00465473  0.00942657  0.00026721 -0.00461505 -0.00833404
  0.00179142  0.01783199  0.01334632]
[ 0.00240713  0.0003538   0.00157257  0.00035536  0.00322408 -0.00113229
 -0.00075844 -0.00542379 -0.00295672 -0.00169198  0.00376112 -0.00422916
 -0.00073845 -0.00224557 -0.00128353  0.00316916  0.00502294  0.00311311
 -0.00466849  0.00487883 -0.00245803]
[ 0.01613067 -0.00410917 -0.01390438 -0.00045784  0.0015729  -0.01783964
  0.01386265  0.01578657 -0.02793011 -0.01489389 -0.01700441  0.00526799
 -0.00256316  0.00772297  0.00072125  0.00922186 -0.00089439 -0.0204276
  0.00670757  0.03142005  0.02250305]
[  1.80102901e-02  -4.27674004e-03   3.67293554e-03   5.08266262e-03
   8.07129481e-03   1.61929268e-04   2.70861867e-02   3.02336212e-03
  -9.88869167e-03   8.81354485e-03  -6.97511405e-03  -1.83069099e-03
   9.49568481e-03   2.35103934e-02   2.34934407e-02   1.51125932e-02
  -2.18037952e-02   3.84832159e-03   1.65559492e-02  -2.46753090e-02
   2.83992737e-05]
[  9.26251124e-03   4.34519591e-03  -7.04799725e-05   1.25906722e-02
  -6.10760774e-03  -3.66313584e-04   5.06647440e-03  -5.35717673e-03
   1.59176507e-02   8.23620980e-03   2.10508131e-02  -5.85127864e-03
  -7.08848737e-03  -8.71895244e-03  -1.28214389e-02   8.83625702e-03
   4.52213802e-03  -6.50635223e-03   2.44050999e-03   1.40300072e-02
  -2.11188116e-02]
[ 0.00595771  0.00984987 -0.00369996  0.00243968  0.00398368 -0.00971397
 -0.00748535 -0.00727669 -0.00014382 -0.00513125  0.00706692 -0.0104077
 -0.01170703 -0.00123    -0.00893798  0.00231725  0.00490222  0.00621262
  0.00285098 -0.00338175  0.02656794]
[  1.79987279e-03   2.62518832e-03  -3.80494547e-03   1.65682917e-03
   1.01731311e-03   4.61797537e-04   2.87593462e-03   1.13788727e-05
  -2.37951072e-03   1.46738456e-03  -8.73801359e-05  -4.17454828e-04
   3.47621790e-04   7.03116950e-03   3.11994169e-03   4.28946782e-03
  -2.65259367e-03  -4.16282471e-04   4.20204157e-03  -8.74621539e-03
  -1.55065821e-03]
[ 0.00961117  0.01090635  0.00885358 -0.00142113  0.01998159  0.00732225
  0.0032967   0.00726949  0.00672761 -0.01470569  0.00459707 -0.0088327
 -0.00014133 -0.00383574  0.01718812 -0.00457313 -0.01437978  0.002316
 -0.00558752  0.00440836 -0.00422614]
[ 0.00870319 -0.00338147 -0.00418747  0.0019398   0.00106383 -0.01873837
 -0.00077407  0.01126138  0.01000939 -0.00440354  0.01735295  0.00779221
  0.01048086 -0.00793327  0.00811894 -0.00612268  0.00957341 -0.00491362
  0.0079464   0.00380554  0.00464373]
[ 0.00716647  0.01251276  0.01731118 -0.0171798  -0.01026574  0.00091123
  0.00851718 -0.00461312 -0.00346192  0.00334665 -0.00260053  0.01111938
  0.02026446  0.01005074 -0.00161626  0.00327844  0.00693499  0.00542124
 -0.00488609  0.00358026  0.00518994]
[ 0.00937925 -0.01035349 -0.00307529 -0.01606552 -0.01017154  0.00237446
  0.00612044 -0.00019066  0.00210747  0.00759668  0.00199622 -0.00443016
 -0.01514861  0.00837517  0.00855748 -0.01270027  0.0009976   0.00617137
  0.00626902 -0.02185861  0.00243399]
[ 0.00345649  0.01481492  0.01009969 -0.00113626 -0.01476659 -0.0067214
 -0.0027461  -0.00333994 -0.00186879  0.00526211  0.00063779  0.00370105
  0.00268885  0.00136734 -0.00719731 -0.0024882  -0.01141303  0.00011322
  0.00441373  0.00273423 -0.00369277]

Right eigenvectors

[ 1.         -0.76086036 -0.41808732 -0.02748715 -0.65134903 -0.37303851
 -1.38262557 -0.26203168 -0.27287912 -0.29988348  1.28570443 -1.74016224
  1.12986905 -1.02978519 -0.20064717  0.31260191  0.52581487  0.68752393
 -1.45997847 -0.91263552  1.18730091]
[ 1.          0.93558661 -0.70224465  1.11325126  0.45919326 -0.52920285
  1.5584227   0.72485495  1.83280563  2.79792235  1.78378382  0.83946373
  0.44378384 -1.14217755 -0.45038899  0.14076911  1.59201471 -0.86132657
 -0.25092643  0.66546254 -0.42552046]
[ 1.         -0.99129722 -0.02605729 -0.98634794 -0.6069281   0.23063163
  2.01579939 -0.52021389  0.04988041 -1.09505433  1.35261247 -0.95384718
 -0.97214849  1.00618632 -0.48190185  0.56767444  1.66636677  1.7432978
  1.43505846  0.32845076 -2.20821625]
[ 1.         -0.51705311  0.31849762  1.60487352  0.07710192 -0.31476081
  0.690897   -1.42678154 -0.63651865  0.84192297 -1.53521823 -0.29444599
  0.48543371 -1.17160688  1.17152183  1.57740291 -1.07804091  0.11096981
 -0.51091277 -1.49647248 -0.89518318]
[ 1.         -0.99200124  0.02703292 -0.99918853 -0.4329122   0.15140873
  0.11699778 -2.01885944  0.1919969  -1.2191631  -0.41531361  1.79916135
 -1.43918248 -0.13589498 -1.37861887  0.94367568 -1.62120401  0.69514374
  1.14987812  0.51240736 -0.31167308]
[ 1.          0.4942415  -1.10904154 -0.33656387  0.5352086  -0.67347601
 -0.73357027 -0.46258325  0.22248728 -0.25929097 -0.44850195  1.51364204
 -1.02416571  0.27019517 -0.24002936  0.22668574 -0.68717946  0.14880492
  0.02410861  0.16356991 -0.45134403]
[ 1.          0.56126375  2.00733347 -1.49593981  0.11317946 -0.65924049
  1.9967668   1.06762071 -0.02007555 -1.41419482 -0.14275283 -0.4174167
  1.37588024  2.66546141  0.0305622   1.29264254  0.37585414  0.64862032
 -0.92389033 -1.35468114 -0.72444611]
[ 1.          1.12332435  2.09576589  1.17918778 -1.75571822  0.17743149
 -0.88832608  0.79214929  0.45080762 -0.63667082 -0.23932418 -0.13986498
  0.26948693  0.60354602  0.79744195 -1.13940991  1.07382083 -1.10636981
  0.21992934  0.57161179  0.77330534]
[ 1.         -0.76766545  0.44669675  0.1306831   1.3619425  -1.49032391
 -0.18464023  0.94264429 -2.79298375 -0.59556675 -0.28052716 -0.90445852
  0.80837739 -1.3632104  -2.16785762 -1.82093786 -0.76901213 -1.24380347
 -0.58155657 -0.04722978 -2.05061946]
[ 1.         -1.2648148  -0.17031209 -1.47167778 -0.91777983 -0.04448976
  1.00277309  0.39653273  0.15322791 -0.28710914 -0.13490312 -0.11487738
 -1.52888815  0.78510402 -1.07362952  0.84219733 -0.15503918  0.81774828
  0.57886961  0.5831937   0.19593076]
[ 1.         -1.01770086 -0.11264577 -0.04515149  1.42706873 -0.45929705
 -0.31961584 -0.33987524 -1.50624066  2.43425312  0.05352649 -2.82344971
  2.473804    0.58689499 -0.73044815 -2.06928647 -1.38832477  0.11957847
 -0.34792316  0.81247635 -0.93299784]
[ 1.         -0.98893051  0.22610368  0.13315733  0.05292403 -0.30818321
 -0.60403748 -0.99823744 -1.19095253  0.14527045  1.48404902 -1.3060949
  1.52642664  0.25079876 -0.09593189  1.87248219  1.60724296  0.43112608
 -0.29403138 -0.456175   -0.11531779]
[ 1.         -0.4070301  -0.15519684  0.78577654  0.35534404 -0.86190713
  0.90688284 -0.00712442 -0.6578457   0.23615983 -1.22879541  0.40556521
  0.63676606 -0.11235889 -0.30103089  0.32274743 -0.04918647 -0.39025432
  0.75468365  0.92524345  0.53053048]
[ 1.          1.16191793  0.7650929  -0.52018511  0.03644107 -1.02040247
 -0.43760449 -0.75651729 -1.1465347   0.26336343  0.81867869  1.52874198
 -1.77284151  0.09512731  0.98433407 -0.66115355 -2.03441977 -0.95377936
  0.18887677  0.46785729 -1.90238565]
[ 1.         -0.6963069  -2.55412086 -1.9237017   0.30440169 -3.32519376
 -4.8762066   0.53388396  4.58071972 -2.18050207  1.98677656  6.09099482
  2.41189014  0.65296674  1.45032262  3.23717935 -4.03176975  0.22239969
  0.99135862 -0.4790481  -0.74913951]
[ 1.          0.89658052 -1.11489487 -0.51701262 -0.35925183  2.35967363
 -0.10960129  1.23213932  0.28385688 -1.03258023 -1.13294074 -0.95178297
  1.47682108 -2.62682869  1.67766509  0.45948926 -1.08475742  0.77471381
  0.36622345  1.44007319  0.02534405]
[ 1.         -1.27652536 -0.21683693  0.37797508 -0.57108534  0.18839102
 -1.39917444 -1.11490825  0.94099975  0.08940224 -1.45169402  0.75946854
 -0.29005353  0.00592098 -0.16475483  0.42839798  0.07639881 -0.11525022
 -1.35886624 -1.01611747 -0.27066022]
[ 1.         -0.27815846 -1.92415906 -0.73394122 -0.94542974 -0.38791764
 -0.23392091  0.62587269 -0.50234889  0.50949554  0.43849828 -0.75609819
 -0.08829079  2.1570542   0.75020655 -3.69138365  0.41795122  0.44354764
 -1.22984746 -1.21319075 -0.52730228]
[ 1.         -0.54932748 -0.29402773 -0.20809112 -0.44560606  1.57922655
  0.46312018  0.16782304 -1.14310755 -0.70478731  0.63712679  0.77334721
  0.08018412 -0.13374655  0.32289451  0.15982161 -0.80914108 -0.68778625
  0.42023684  0.24880874  1.13206722]
[ 1.         -0.41132591 -0.38895527  0.76676586  0.04667317 -0.65272682
 -0.20075125 -0.23566973  0.30024975 -0.48406204 -1.7889444   0.8753546
 -0.28084678  0.49938597 -0.34955429 -0.77012765 -0.18701018  0.66991245
 -0.83012614 -1.10215437 -0.54464451]
[ 1.         -0.31616299  1.0407598   1.90230949  0.71202179  0.95506442
 -0.72629944  1.36085137  0.22138688  0.73496301 -0.76504114  1.56858748
 -0.14324911  1.13295068 -0.39052608 -0.93311816  1.51325569  2.28173561
  0.64720123  0.20436467 -0.12456235]
[ 1.         -0.67801122 -0.37539658  0.38900658  0.17565943 -1.90308009
  0.80150103  1.16073502 -0.97296268 -1.12848395 -1.26150514 -0.2258881
  1.03167281  0.50515777 -0.37310171 -1.21325451  0.23164788 -0.16104445
  0.36998916  1.09910395 -0.04180346]
[ 1.         -0.46689498  1.53106268 -1.6139268  -0.11629964 -1.35471836
  2.64387729  0.90599812 -0.36115765 -2.71459057  1.87468869 -1.55884826
  1.43470672  2.93417709 -0.07590015  1.67919172  3.11065578  1.62444144
  0.76093245 -2.55684493 -2.53981237]
[ 1.         -1.13462683  0.58043546 -0.53182218 -1.36862254  0.46558012
  1.03134561 -0.58214689  0.36266906 -0.40378113  0.01733668 -0.04457802
 -1.76932139 -1.25172129  1.24234877 -0.65624835  0.62076296 -0.85017956
  1.57180448 -1.13008547  0.92093968]
[ 1.          1.68418041 -2.84384116  1.05248452 -1.34803584  0.91449419
 -0.04552378  0.51076005 -0.44106299 -0.54246791  0.11121154 -0.72646588
  0.42446102  1.00143555 -0.41054603  0.29624597  0.2785117  -0.42014852
 -0.5680672  -0.27574916 -0.24487933]
[  1.00000000e+00  -8.39148030e-01   7.94701932e-01   9.92249374e-01
   6.61878658e-01   9.61160061e-01  -1.25623873e+00   5.76185608e-01
   1.55243812e+00  -2.88474471e-02  -3.17721520e+00  -2.30040034e-01
  -1.30675753e-03   1.05620576e+00  -5.69749581e-01   2.46772178e-01
   8.05818701e-01   1.38626877e+00   1.36758383e-01  -5.07566731e-01
  -1.51653014e+00]
[ 1.          1.18154645  0.32564412 -2.63721865 -1.79628147  0.58265902
 -0.76465145  1.83569678 -0.22366389  1.58720073 -1.83703025 -0.69363833
  0.55338981 -3.46492832  0.35240547  0.15342248 -0.18315392  1.95630903
  0.61846919  0.78890552 -0.3195573 ]
[ 1.          0.05323521 -1.98496127  0.6548832  -1.23921201 -0.00342617
 -0.46789693  0.29160921  0.50075658  0.18507907 -0.18007583  0.10794712
 -0.49356174  1.53129915  1.37914115 -1.195615    0.60185596  0.50233598
 -1.97071797  1.03394466 -1.602739  ]
[ 1.         -1.34490799  0.20429817  1.16924664 -0.6335882   0.90207307
  0.3956431  -0.01431352 -1.74226388 -0.26544931  1.34649024  0.0503909
  0.56610654 -0.01681839  0.86348234  2.04692114 -2.89064349  1.12528444
 -0.82714152  0.68110784  2.6018285 ]
[ 1.         -1.34653176 -0.26423621  0.49609937 -0.46437461 -0.35082873
  1.22930465  0.22046899  0.83495631 -0.55751282  0.58338808  0.56043787
  0.09493632 -0.49220082 -1.21225328 -0.08031881 -1.04429356 -0.13042297
 -0.48363267  0.80413714  0.20826817]
[ 1.          2.40161332 -1.51705919  0.91788068  1.80416062 -2.02443956
 -0.77404018 -1.23794159  0.60394941 -0.06360576  0.8124828  -1.1032338
 -1.9193313  -0.84549781 -2.20543746  0.41987775  2.18986992  4.34641103
  1.48692513 -1.05391731  8.93284853]
[ 1.          0.92885239  0.63232517 -0.96596178  1.64765715  1.30642547
  0.46259891 -2.40601997  0.00298469 -0.60554452 -0.08852694  1.77450589
  1.5912957  -0.42861542 -0.13171037 -1.29702275  0.5328594   1.16252481
  1.05918239 -0.03978845  0.75003609]
[ 1.          0.02682656  1.31035164  0.37768148  1.57447597  1.58709039
  0.49291246  0.494018    1.91275339 -1.03612555 -0.62242358 -0.78468274
  0.39863953  1.08019248 -0.90947591 -0.27724425 -1.22742101  0.47725094
 -0.18578847 -0.117538   -0.2096194 ]
[ 1.          0.50765869 -0.43151281  2.51677809 -0.98418964 -0.98608596
  0.45524997 -0.47190624  0.59969233 -0.50440202 -2.44050889 -1.26000397
  0.28910959 -0.39000062 -0.45165814 -0.12907075 -1.55663481  1.15423015
  0.25584131 -0.82394196  0.06669289]
[ 1.         -0.8024067   0.08419714  1.48029063 -0.94836179  0.22401682
 -0.14033028 -0.73199015  0.45985803 -0.72982982 -2.30913527 -0.43202284
 -0.17320613 -0.88048305  1.55342056 -0.29691479  0.73731914  0.01563854
 -0.90229914  0.38555442 -0.57733729]
[ 1.         -1.42505827 -0.02502285 -0.02162182 -1.46110884  0.32245999
  2.50000652 -0.05829823  1.86439243 -0.88826643  1.7698176  -0.83592109
 -1.96309539 -0.83521849 -1.85987286  0.88626817 -0.78363395  0.56497743
  1.06359017  1.77932816 -1.03416667]
[ 1.         -0.98421826 -0.12753412  0.98866286  0.8599764  -0.47529221
  2.17363681 -0.48414761  0.08256086  5.09237997 -0.01899512 -1.28053002
  2.45569436  1.05032848  1.96549861  0.79705458 -1.81869071 -1.94820035
 -0.48264251 -0.51905357  0.43111014]
[ 1.         -1.14812102  0.34791575  0.20121717  0.53445213 -0.1110146
 -1.25573298  0.38715977 -1.75539704  0.60706006  0.10283766 -0.21043419
  0.78014313 -0.4901557  -3.23721416 -0.56206365  0.02980352 -1.06292371
 -1.75427029 -0.15761946 -0.59091341]
[ 1.         -1.55970974 -0.75617339 -0.43318184 -1.37755012  0.72804904
 -0.23801221  0.08517242  1.17670974  0.48857644  0.39513551  1.10091953
 -0.78519193  1.53783721 -0.17799933 -0.8397602  -1.0526876   0.72008581
 -2.03799827 -0.2849303   1.0169049 ]
[ 1.         -0.58836654  0.08294647  0.69844324  0.0578626  -0.25371191
 -0.50840492 -0.82819241 -0.37218897  0.51843791 -1.76800519  0.56834591
 -0.57296085 -0.14695206  1.04195359  0.98678626  0.98798835 -0.98545841
 -0.57205146  1.07204718  0.3282613 ]
[ 1.         -0.64303904 -1.14207485  0.81372658 -0.22235303 -0.42238701
  1.34084302 -0.26234665  1.3273627   3.46170712  0.31384019  0.85654613
  0.74823901  1.10724795  1.26784654  0.24039029  0.42514768 -0.79849468
 -1.78349538  1.26831981  0.86680609]
[  1.00000000e+00   4.07351582e-01  -1.98412191e-01  -8.59242840e-01
   1.20132943e+00   2.37679665e-01  -9.67530930e-01  -1.91531202e+00
  -4.68064134e-01   6.25080498e-01   6.60836522e-01  -8.77855543e-01
  -2.61221337e-01   7.83243374e-01   3.24340897e-01  -6.11127658e-01
   1.74937010e-03  -1.52222269e-01   1.07852821e+00   6.20132775e-01
   7.10144606e-01]
[ 1.         -0.26426156 -0.84453098 -1.39748436  0.0105251  -0.44246515
 -2.18155336  0.664612    0.78644428  0.25870579 -0.54449156 -1.38269863
  0.74114273 -0.32797287  1.15844379  0.52723786 -0.10538552  0.90621749
  1.1434715   1.15715992 -0.80089094]
[ 1.         -1.03290813 -0.09161688 -0.04505209 -0.14470976 -1.46872177
 -0.7257696   0.16487267  0.1127076  -1.54372408  1.15599693  0.7130471
  2.12859205 -1.1781409  -1.10015595 -0.21482602 -0.22859464 -0.32040455
 -1.22591924 -1.61147642  0.66002507]
[ 1.          1.11891924 -0.90698453  0.46879204  1.02149196 -0.34509043
  0.39430272  0.01154406  0.47963002  0.66392711 -0.40729692  0.69971923
  0.34220321 -0.36061909 -0.1055427  -0.07188384  0.58360712  1.63129468
  0.40748612 -0.08945737  0.92911031]
[ 1.         -0.16718094  0.28011563  1.16167935  1.13163737  0.18009051
  1.98063901  1.86209516  1.96867521  3.27320373  1.18465811 -0.46729323
  0.46731965 -1.1087516  -0.40566719 -0.25334849 -1.33975329 -2.50194822
 -0.35249285 -0.14020854  0.60623525]
[ 1.         -0.62141632 -0.08520784 -1.18157838 -0.00850294  1.07394711
 -0.83745934 -1.57384488 -1.21324982  0.61596006  1.39174424 -0.14158777
 -0.43447578  1.09061967  0.06591852 -3.163324   -1.54671995 -0.32466105
  0.04841424  0.28880547  0.14586533]
[ 1.         -0.25007015  0.20709046 -0.06815871  0.21663527 -1.6564325
  0.27855822  1.26310729  0.08850676 -1.20411327  0.83527131  0.06275724
  0.24367244 -0.93526562  0.42205614 -1.39532839  0.7550973  -0.95283353
  0.9387557  -1.15585095  0.50523238]
[ 1.          0.51605718  0.9439422   1.79276524 -0.57750977 -0.14179964
 -1.09532362  1.14348936 -0.02075577 -0.34424228  2.59767459  0.747718
 -0.85560037 -0.05799064  2.59237383 -0.8380127   0.08897753 -0.18421338
 -0.057684    1.65037537 -2.28732344]
[ 1.         -0.67927128  0.24667099 -0.83278125  0.22879446  0.32259006
 -0.87881618  0.77559835 -0.49477373  1.30720903 -1.49787731 -0.73812873
 -0.35723597 -0.32058657 -1.2371935   1.19666003 -0.08294193  0.13052046
  0.39506168 -0.23536381 -0.58431789]
[ 1.          3.70446887  3.8398673  -2.35309105 -4.80128962 -0.57922078
 -0.5267305   0.44103219 -0.5359024   1.92993887 -1.4368304   1.3988165
  3.28849174 -0.5529601  -0.94418596 -0.82623861 -1.07235212  1.40773627
  1.07336804  2.26819393  0.15164359]
[ 1.         -0.19460982  0.93436838  1.64118643 -0.83719202 -0.0229819
 -0.82457738 -0.24679061  0.0412379  -0.40278467 -0.13021613 -0.50613621
 -0.17953942 -0.53795723  1.86654845 -0.36619363  0.69366091 -0.07528833
  0.25954014 -0.81710671 -0.07054932]
[ 1.          0.8677854  -0.32373408  0.35974604  0.45570804 -0.33002021
 -0.0024358  -0.47527583 -0.5386917   0.85032187 -0.28469969  0.81980076
 -0.74584314 -0.2839744  -0.07285215  0.75582498  0.20843438  0.43323049
 -0.7913763  -0.79350388 -1.79734024]
[ 1.          0.55865368  0.00695468  0.72699767  1.20865572  0.15584669
  1.21574376  1.19938629  1.47823499  1.83641303  0.74563368  0.50743093
  0.01303227 -1.20380097  0.4151173  -1.11575456  1.09729985  0.40594083
  0.83014033 -0.35154332  0.30919642]
[ 1.          0.56844354  0.56917434 -0.956403    1.39483827 -0.70504599
  0.00694848  1.8575569  -0.90658768 -0.12948015  0.10312553 -0.58771998
 -1.29330172 -0.92731228  0.42936355  0.19357865 -1.09660474 -1.14839059
 -0.30615857 -1.18876419 -0.80349102]
[ 1.          1.28837058 -0.44029186 -0.12989359  2.14377905 -0.0118221
  0.13240127 -1.52451727  0.01851178 -0.75410883 -1.38142244  2.14946925
  0.06813415 -0.10583102 -0.00918715 -0.96304235  0.57693434  1.94322212
 -0.19815729 -1.19708427  1.31738429]
[ 1.          0.79842734  0.13299143 -0.11223925  2.33831115  0.72327031
  0.44132654  0.42278178  1.147177   -0.22895127 -0.01741509 -0.92594802
 -0.10486807 -0.06113169  0.10724619 -1.051761   -1.33466906  1.20162901
  0.14699059  1.05341629 -0.09804308]
[ 1.         -0.5113508   1.63574083  0.87461386  0.65718184  1.50110182
 -0.9467522   1.57424377  0.8483127   0.26417639 -0.35254662  0.35123132
 -0.50480348  0.8222424  -1.83826641 -1.08687131  0.66676384 -2.602414
  0.83968603 -0.60606194  0.87525628]
[ 1.         -1.35928005 -1.52755477 -1.56691407 -0.27773886 -2.43901155
 -3.81381182  0.99261293  3.74874776 -1.4754784   2.07855183  3.01735499
  2.94518792  0.17541422  1.2690357   1.94328362 -1.90977642 -0.01583021
  0.58511991 -0.46709413  0.04881144]
[ 1.         -0.26798686  1.51140149  0.69479546 -0.5566532   1.40938297
 -0.3296255  -0.01971668  1.39063225 -0.80194133 -0.97059993  0.60411142
 -0.74342092  0.6820783   0.05988721 -1.7869654   0.68285532 -1.60477508
 -0.56511675 -0.7865636   1.15650026]
[ 1.          0.49609986 -0.13469565 -0.70299905  1.04688531  2.26631997
  0.24026871 -0.89432954  0.58680264 -0.80349419  0.38152094  0.87240416
  0.61901077  0.05750048 -0.75759713 -1.13843218  0.53854067 -0.427263
  0.54766441  0.19755651 -0.08943349]
[ 1.         -0.86302051  0.09706078 -0.03464984  0.2165797   0.61088965
 -0.68101827 -1.21858084  0.82136195  0.65408894 -0.15041821  1.22181925
  0.0642372   0.13294998 -1.78966303  0.36014509  0.45477395 -1.88613198
  0.34294061  0.00461192 -0.30450245]
[ 1.         -0.61461026  1.04374173 -0.78764613  1.47979513  1.4561586
 -2.33284226  0.20116741  1.89565847  0.66515157 -1.04678799 -1.89440759
  0.20278672  1.78981145 -1.57537782  1.31728283  0.50030644 -2.08677636
  2.52379284 -0.15527941 -0.19599667]
[ 1.         -1.2270286   0.55487886  0.50789453  0.43918726  0.30390214
  0.20126865 -2.7023733   0.20136025 -1.05872148 -0.01379539  1.09925628
  1.35997169 -1.75468892 -1.20736737  0.06779686 -0.86252371  0.49219052
  0.613452   -1.6251532  -1.14988896]
[ 1.         -1.24023406  1.76739888  2.81772501 -0.02520442  1.95366901
 -2.33575662  2.78027424 -3.67829065  0.7043864   3.16486235  1.91647705
 -0.58932094  0.38757307  0.50636563  1.58021514  0.05526528  2.4181643
  0.69536813  0.0909376   0.07657835]
[ 1.         -0.57469082  0.39923652  0.66335731  0.47723669  0.10643433
 -0.03077825 -1.86309724 -1.09997553 -0.16097476  0.693216   -0.28644755
  0.73857366 -0.99600361  0.01866579 -0.78415686 -0.09726451  0.7841108
  0.85844364  0.18119174 -0.89906263]
[ 1.         -0.90401885 -0.58685731 -0.09249919 -1.39585261  0.37728107
  1.05407853 -0.50599016 -0.02549092 -0.49179965  0.73307553 -0.12539298
 -0.19295316 -0.14723172  0.04568354 -0.19986669  1.34185641  0.2995483
 -0.42581176  0.76103104 -1.41373538]
[ 1.          0.23717046 -0.285506   -0.39186671  0.47252924 -0.57164527
  0.06005675  0.09591517 -0.11523153 -0.26116678 -0.33038415 -0.32384968
 -1.21018345  0.06015725 -0.02094635  0.19482124  0.799074    0.68011572
  0.13457149  1.55993753 -0.26661178]
[ 1.          3.14266017 -0.24081404  3.06352808 -3.38318309 -1.22115447
 -1.00828147 -0.92059259  0.53806171 -0.16138462  0.41642706 -2.33050704
 -0.68502953  1.02680324 -2.50275253  0.00726428 -1.48224855 -0.36186465
  2.68941242 -1.31476348  0.49084794]
[ 1.         -0.78274919  1.9941931   0.85244287  1.20888959  1.56896316
 -2.22669899  3.93217911 -2.52423459  1.38959241  0.82002319  0.52926951
 -1.91049195 -0.12841474 -1.54999186  1.50475772 -0.45433175 -0.95315962
  1.30239648 -1.71552936 -0.50361029]
[ 1.          2.08153258 -3.68375286 -0.28686169 -0.97874945  4.93868822
  0.45538765  0.96414555 -1.51525204 -2.25962108  0.15018759  0.54471259
  2.65347045 -1.07907929 -0.1332811   0.67305914  0.74646266 -2.5421991
  0.50001707 -0.36774936 -0.63153043]
[ 1.          0.79129299 -0.89678932 -0.83180461 -0.74485512  0.89408582
  0.25050099  0.66196317 -0.75796947  0.45969099 -0.23873055  0.60497854
  0.25305227 -0.67045948 -0.660337   -0.05883722  1.10750353 -0.1354414
 -1.00348777 -0.20099038 -0.46542988]
[ 1.          1.25682091 -0.22989233 -0.52081505  1.36428335 -0.35208791
 -0.44581148 -0.03752134 -0.7769407  -0.77995546  0.1439744  -0.22118691
 -1.61800996  0.17270591  0.5842902   0.90819336 -0.23216461 -1.09229216
 -0.92900193 -0.17791884  0.31370291]
[ 1.          0.03025134  0.01809118  0.73224074 -0.31920531  1.10196429
  0.92245845  0.66023959  1.57492956 -0.40743579  0.24775363 -1.57064255
  0.0124589  -0.60367971 -0.35683536  0.50736732 -2.29845146  0.56687323
 -0.79705795  0.85271486  0.69044273]
[ 1.          1.20829871  2.13495066  0.08578905 -0.16755334  0.08340713
 -0.11478937  0.85123777  1.06024048 -1.60966987  0.09807342 -1.20893664
  0.41033839  1.25264459  1.71022977  0.75248868  0.17037767 -0.92138844
 -1.54673654 -0.34972393  0.24583411]
[ 1.         -0.69983909  0.12482866 -0.89931406  0.2468017   0.16844291
 -2.10526962 -0.14865645  1.49625506  0.21293611 -0.28428586 -1.02490994
  0.57698991  0.67122216  0.24148557  1.67655308  0.88797727 -1.0339356
  1.22467991  0.01205686 -0.53789268]
[ 1.         -0.08646144  0.48567099 -0.86672002  0.19937087  0.10529328
  0.09598541 -1.24700003 -0.58602672  0.90795858 -0.66765169  1.041136
 -0.92134635 -0.61799572  0.58333188  0.3820839   0.60804478 -1.23434945
  0.78439806  0.46265933  0.86615619]
[ 1.         -1.34557207  2.71346842  4.86744246  0.74551096  3.14369291
 -3.31569142  4.64671478 -3.97572547  1.86434879  2.94578173  4.73331337
 -0.98392828  2.24654672  0.12677105  0.86248028  2.56390095  7.47161327
  2.2679519   0.51652556 -0.09739279]
[ 1.          1.20875203  0.96600186 -0.07507869  1.31892747 -0.11193951
 -0.18295606 -1.24019741  0.06124525 -0.63842525  0.92516473 -0.92497749
 -0.80533085 -0.38928014 -0.5771866   0.98317281  0.69046754 -0.25477959
 -2.85542138  0.61951001  0.18276585]
[ 1.          1.89022316 -2.3727682   0.60449569  0.09197465  0.22562797
 -0.05589492 -0.16240793 -0.55516995  0.14041433  0.35023375 -0.06851764
 -0.38679118  1.3839237  -0.14932737  0.70632902  0.28022676 -0.3591957
  0.46091407 -1.44536461 -0.48835056]
[ 1.          0.01165799  1.15944773  0.94202793 -0.87296544 -0.01783708
 -1.1337735  -0.95662417 -0.1035497  -1.1000179  -0.03825493 -1.64724573
 -0.34094193 -0.60847459  1.65243255  0.32970475  2.14959606 -0.21229994
 -2.04040563  1.23103772  0.96579039]
[ 1.         -1.37042842  0.50355948  0.71337004 -0.57667522 -0.22184724
  1.20693414 -2.23263814 -0.43216016 -1.02972974  0.26064102  0.17518462
  0.29829599 -3.06140964  0.92622341 -0.68103355  0.32914107 -0.09729705
  1.77730364 -2.63201134 -1.64233668]
[ 1.          0.22039192  0.1269844  -1.90445646 -0.71323457  0.05032812
  0.27230991  1.30564667  0.07756287  1.10586074 -0.22445811 -0.40304684
 -1.39660832 -2.5565282   0.52115044 -0.51005753 -0.00822174  0.57475429
 -0.30400755 -2.13251305  0.60319227]
[ 1.         -0.77069092  0.08517953 -0.9567124  -0.26355465 -0.27398694
  0.72957891 -1.04456829 -0.15786396  1.64559544  0.58187303 -0.14293578
  0.72559082  1.23058025  1.04581213  0.97377151  1.12914707 -1.15184364
  1.1500891   0.22166337  1.16494909]
[ 1.          1.72764057  1.57431466 -0.71133828 -0.05381272 -0.74267943
  0.52533786 -0.48127141  0.28849412  0.29099873  0.49769133  0.87075301
  0.28956341  0.00648226 -0.39251759  0.57464984  0.43932739 -0.05552216
 -2.40559853 -0.57869927  0.10668232]
[ 1.         -0.9187673  -0.60392472 -1.97309623 -1.45488597  0.60476743
 -0.24479235  1.17383812 -0.07348967  1.21599351 -0.27809774 -0.49128867
 -1.34219121 -1.07221595 -1.46627886  0.51656312  0.20506427  1.45277003
 -2.01199172 -1.75142737  1.02402536]
[ 1.         -0.94482215 -0.45678348 -0.22790704  0.27400418 -1.90003743
  0.4314156   0.99759599 -1.09359133 -0.89719518 -0.99128075  0.69648037
 -0.06322211  0.11859741 -2.30701496 -0.79918527  0.00609012 -0.71007149
  0.61421326  0.95076807  0.09378366]
[ 1.         -0.72172556 -1.18671427 -1.5152099   0.3657717  -0.10486333
 -2.1723053  -1.06811952 -1.25548868  1.79483456  1.39654244 -3.43410202
  1.53906125  1.68423212  0.74585805 -4.57918157 -1.1279472   0.86968708
 -0.33186123  0.47948927 -0.19399284]
[ 1.         -0.26769596  0.93753698 -0.50935566 -0.87891952  0.79547426
 -0.30297835 -1.00468265 -0.28595242 -0.32427446 -0.01082747  0.14568963
 -0.71957739  0.37292693  0.75523554  0.02140848 -0.36974777 -0.66770447
  0.14352418  1.42865915  1.06927738]
[ 1.          0.14698097  0.65329544  0.14762648  1.33938717 -0.47039143
 -0.31508149 -2.25321472 -1.22831722 -0.7029032   1.56248881 -1.75692789
 -0.30677362 -0.93288122 -0.53322101  1.31657164  2.08668835  1.29328477
 -1.93943755  2.0268205  -1.02114526]
[ 1.         -0.25474291 -0.86198418 -0.02838293  0.09750984 -1.10594525
  0.85939722  0.97866785 -1.73149098 -0.92332736 -1.05416669  0.32658248
 -0.15889973  0.47877528  0.0447127   0.57169717 -0.0554466  -1.2663826
  0.41582709  1.94784564  1.39504758]
[ 1.         -0.23746092  0.20393539  0.28220881  0.44814907  0.00899093
  1.5039284   0.1678686  -0.54905788  0.48936163 -0.38728494 -0.10164695
  0.52723664  1.30538671  1.30444543  0.83910882 -1.21062987  0.21367349
  0.91924945 -1.37006727  0.00157684]
[ 1.          0.4691164  -0.00760916  1.35931519 -0.65939005 -0.03954798
  0.54698713 -0.57837195  1.71850271  0.88919836  2.27268961 -0.63171623
 -0.76528786 -0.94131626 -1.38422924  0.95398071  0.48821944 -0.70243933
  0.26348254  1.5147088  -2.28003087]
[ 1.          1.65329861 -0.62103802  0.40949981  0.66866006 -1.63048713
 -1.25641455 -1.22139054 -0.02413946 -0.8612793   1.1861805  -1.74693023
 -1.96502218 -0.20645462 -1.50023713  0.38895038  0.82283634  1.04278681
  0.4785366  -0.56762575  4.45942194]
[ 1.          1.45854103 -2.11400799  0.92052571  0.5652139   0.25657232
  1.59785438  0.00632204 -1.32204383  0.81527126 -0.04854795 -0.23193574
  0.19313687  3.90648135  1.73342344  2.3832061  -1.4737673  -0.23128438
  2.33463253 -4.85935196 -0.86153767]
[ 1.          1.13475803  0.92117664 -0.1478627   2.07899639  0.76184777
  0.34300727  0.75635836  0.6999786  -1.53006231  0.47830539 -0.91900365
 -0.01470522 -0.39909147  1.78834884 -0.47581442 -1.49615341  0.24097005
 -0.58135702  0.45867019 -0.43971092]
[ 1.         -0.38853203 -0.48114176  0.22288326  0.1222341  -2.15304512
 -0.08894128  1.29393625  1.15008259 -0.50596782  1.99386063  0.89532781
  1.20425414 -0.91153615  0.93286881 -0.70349818  1.09998873 -0.56457642
  0.91304422  0.4372582   0.5335664 ]
[ 1.          1.74601398  2.41557917 -2.39724561 -1.43246751  0.1271516
  1.18847581 -0.64370867 -0.48307213  0.46698765 -0.36287418  1.55158399
  2.82767572  1.40246659 -0.22553104  0.45746932  0.96769858  0.75647217
 -0.68179849  0.49958509  0.72419657]
[ 1.         -1.10387173 -0.32788257 -1.71287881 -1.08447326  0.25316069
  0.6525514  -0.0203275   0.2246955   0.80994568  0.21283331 -0.47233688
 -1.61511979  0.89294653  0.91238493 -1.35408146  0.10636274  0.65798097
  0.66839291 -2.33052874  0.25950815]
[ 1.          4.28611028  2.92194465 -0.3287311  -4.2721289  -1.94457236
 -0.79447557 -0.9662786  -0.54066044  1.52238312  0.18451959  1.07075233
  0.7779123   0.39558676 -2.08225765 -0.71986329 -3.3019079   0.03275512
  1.27693841  0.79104062 -1.06835772]
