Cluster centers 

[ 0.22186999 -0.56398892  0.46605805  2.27844348]
[-0.72565268  1.03713777  0.1986698  -0.81161459]
[-0.82911396 -1.27596654  0.43675245 -0.55841656]
[ 1.24466597  0.12858259 -0.62592725 -0.07593963]
[ 1.34828146  0.32442664  0.7518108  -1.26334988]
[-1.53734661  2.13819599  1.43468231  0.98753938]
[-0.73671499  0.22558738 -1.99472956 -0.60674022]
[ 1.20350212 -0.33653598  0.32217207 -0.30044292]
[ 0.40313465 -0.32818517 -0.66726502  1.79836664]
[-0.58879136 -0.38559065 -0.92666537 -1.16830655]
[-1.19090596  1.69215264 -0.51742382  0.34492025]
[ 0.80806391  1.91930249  2.11103499  0.13232481]
[ 0.68522866 -0.5337748   0.29099605  1.20558323]
[-1.33543559 -1.65253743  2.13427883  0.6967633 ]
[-0.37237808 -0.71869744 -0.08308323 -1.50213539]
[-1.02979881 -0.9569989  -0.8224196  -0.14068032]
[-0.9646031   1.27830053 -1.38701892 -0.06808727]
[ 0.95041305 -0.30676871 -0.25513359  0.61193384]
[ 1.03471754 -0.7752421   1.29598399 -0.60355273]
[-0.84468074 -0.44856256  0.91034962  4.33715762]
[ 1.17908163  1.52199421  0.27470772 -0.05298326]
[-0.25198797  0.50347758  0.61000648 -1.55936301]
[ 0.95287818  0.50897619 -1.90152188  0.55699103]
[-1.03418434  1.58830963  1.07846125 -0.10139658]
[-0.77355063 -1.37115142  0.83984593 -0.58133646]
[-0.62087408  0.36381541 -1.04477177 -1.08038067]
[-1.30362541 -1.21515343 -0.11701027  0.45191617]
[ 1.04387257  0.94715524  1.64767621 -1.21126149]
[ 0.57016112  2.51886028 -0.08737118  1.51872164]
[-0.59260751  0.16931208 -3.36652988  0.94168625]
[-1.44459637 -1.47566798  1.08125927  0.74854986]
[-0.94308366 -0.67711955 -1.46097448 -0.22683758]
[-1.00432774 -1.52513754  1.35071465 -0.0604961 ]
[ 1.09420827 -0.48807312  1.24559736 -1.60108536]
[-1.8517079  -1.48816527  1.55083884  1.64973093]
[ 1.32484652  0.83933352 -0.63801878 -0.258975  ]
[ 0.20114027 -0.82579917  1.77279346  2.20482871]
[-1.29683167  1.93338668  1.81110019  0.50461401]
[ 0.4272312  -0.15856178 -1.33644045  1.62175711]
[ 1.25856725 -0.10032787 -0.11719176 -0.26200405]
[-1.83212915  2.53599007  0.70570984  1.90297813]
[-0.88651269 -1.14202414 -0.06620718 -0.49974235]
[ 0.32186754 -0.253638    0.96789451 -2.09215764]
[-0.55990596 -1.19315911  0.51501554 -1.02833975]
[ 1.09153239  1.41074894  1.37141532 -0.51725348]
[ 0.82596412 -0.69843419  0.90907817  0.64178796]
[ 0.43844601 -0.01156059 -1.8174704   1.47487687]
[ 0.9862443  -0.19050151 -0.53485222  0.5541434 ]
[-1.02926755  1.40546988 -0.74172884 -0.0617363 ]
[ 1.32277553 -0.11537087  0.27650955 -0.69516319]
[-1.3017249  -0.87847227 -1.29837837  0.81171291]
[ 1.19012946  0.67153476 -1.36060124  0.12294555]
[ 0.0022211   0.89730934  1.80461559 -1.39228901]
[-0.50307552  1.01613581  1.05078578 -1.04843482]
[-0.55444424 -0.76181655 -0.37855    -1.2066004 ]
[-0.08174345 -1.1681632   1.11998757 -1.51397492]
[ 0.67741378 -0.98974528  1.63411788 -1.59523988]
[ 0.53424034 -0.42411227 -0.19867155  1.57718113]
[-0.28042034 -0.477831    0.25242454  3.22824995]
[-1.23494799  1.75391505  0.01322337  0.36211944]
[-0.88439444  1.2684598   0.20775276 -0.4791647 ]
[-0.83688451  0.94335427 -1.38349714 -0.46447259]
[ 0.86284374 -0.48137711  0.20310396  0.75886408]
[-1.37116422  1.94437883  0.90810417  0.61373456]
[-0.44636766  0.46164644 -0.06524767 -1.3853008 ]
[ 1.38619495  0.35397648 -0.16640116 -0.60782212]
[-0.28530278 -0.93913113  0.39000617 -1.52136177]
[-1.13575278 -1.32075501  0.36850448  0.05458861]
[ 0.60936854 -0.69341472  0.89611888  1.29173239]
[ 0.78535268 -0.14802197 -0.95597555  1.00646004]
[ 1.09416432 -0.65747248  1.0216421  -0.48309324]
[-1.6118727  -1.13773431 -0.32743506  1.35339054]
[ 1.10469907 -0.37446727  0.19765241  0.07274361]
[ 0.97985392  0.17083318 -1.38236543  0.56492921]
[ 0.89952044 -0.78698345  1.20385468  0.1896736 ]
[-1.38173968  2.04641149 -0.55716047  0.96956653]
[-0.61665466  0.78651719 -0.06671055 -1.0571836 ]
[-1.12037419 -1.17218075 -0.19995757  0.01799935]
[-0.68325794 -0.23363511 -1.47122349 -0.90880191]
[ 1.20317394 -0.05635914 -0.38565326 -0.0185989 ]
[-0.76633543  1.3421368   1.2333296  -0.56913838]
[-0.18213069  0.07607344  0.24995512 -1.7625649 ]
[ 1.10968166 -0.03420006 -0.68051286  0.26917617]
[ 0.319197   -0.46979936 -0.03298835  2.04363198]
[ 1.26209247  0.94346835  0.98782548 -0.95616844]
[-0.93191569 -0.9712589  -0.63731181 -0.39960806]
[ 0.45715001 -0.79837061  1.38189227  1.58788872]
[ 0.89875118  1.73201089  1.93365407 -0.15770816]
[ 1.39442307  0.40684339  0.41987613 -1.01818673]
[ 0.5115164  -0.55171955  0.33518245  1.62404532]
[ 1.33273756  0.37936743 -0.53221289 -0.32322525]
[-1.50285517  2.09736314  1.10052331  0.91850838]
[ 0.70827893 -0.38293832 -0.2567983   1.19121154]
[ 0.85399379 -0.18860922 -0.73654447  0.86803781]
[-0.75846766  0.82992381 -0.88534549 -0.75339758]
[-1.22456389  1.80086006  1.17301573  0.29483199]
[-0.45665118 -1.32471525  1.03992889 -1.03622721]
[-0.81675335  1.06526067 -0.31459378 -0.64323201]
[-0.82939578 -1.52571999  1.45721304 -0.32256299]
[ 1.21920819 -0.43747916  1.00542193 -1.21394558]

Populations

0.0138078141595
0.0107609885071
0.00180639500579
0.0160027128945
0.00329767000277
0.013384350475
0.0163348297707
0.0166459092572
0.0215300663394
0.00455434909422
0.00465768541055
0.0061907973514
0.00550795846109
0.0135008362298
0.0176978241501
0.00280204513177
0.015987524869
0.00288126848397
0.00283398096905
0.00819751809229
0.00489012271694
0.0101814395618
0.00909799958887
0.00790251202926
0.0279469410119
0.00483064738463
0.00179304615627
0.00648727332029
0.0036012041049
0.00488113509223
0.00668967741525
0.0150898841908
0.00180886829112
0.0264511345431
0.0109399649783
0.00713602088312
0.0125454678413
0.00902487134664
0.00324910525144
0.0287819808086
0.0109351574454
0.00533027846735
0.0121997176719
0.0135608362003
0.0199385678513
0.00272790707884
0.0105154704086
0.0115134363932
0.0121661706177
0.00583141655251
0.00143697188965
0.0254068503943
0.00388500343619
0.010339413586
0.00492269134866
0.0120470330195
0.0117856452753
0.0182894411678
0.0137199197268
0.00484689721286
0.0111214233604
0.00846342140701
0.0255747950139
0.00444944858145
0.0275592261445
0.00383731332128
0.0361798783571
0.0113819735522
0.0100262764275
0.00530892084652
0.00457239574804
0.00214774041808
0.0264423624355
0.00449102545025
0.0190758710689
0.021302240019
0.00271782565852
0.0177067391187
0.0048520237475
0.00384285444586
0.0197180462546
0.0197044004015
0.00766368357517
0.0196994361491
0.0106587139659
0.0127053039426
0.0117504050805
0.0065640457439
0.00768863501191
0.0196829278365

State labels

1
2
3
4
5
6
7
8
9
10
11
12
13
14
15
16
17
18
19
20
21
22
23
24
25
26
27
28
29
30
31
33
34
35
36
37
38
39
40
41
43
44
45
46
47
48
49
50
51
52
53
54
55
57
58
59
60
61
62
64
65
66
67
69
70
71
72
73
74
76
77
78
79
80
82
83
84
85
86
87
89
90
92
93
94
95
96
97
98
99

Eigen values

1.0
0.81499242476
0.756850551567
0.746870113614
0.727263204551
0.714786160409
0.667562896211
0.658265363615
0.623575255117
0.611282805598
0.594046465703
0.589572608952
0.56578092232
0.55734124346
0.519975668751
0.510031736679
0.457534513856
0.456136025128
0.447656941193
0.446315034853
0.42798719016

Left eigenvectors

[ 0.01380781 -0.00032523  0.00529185  0.01558224  0.03366256  0.01111334
  0.00655472 -0.00059312 -0.01191659 -0.00133798  0.01781388  0.00569417
  0.00717441  0.01051469  0.01855731 -0.01093791 -0.00310388 -0.01176254
  0.00323744 -0.00303439  0.00169215]
[ 0.01076099  0.00100995 -0.00504787  0.00402704  0.01577308 -0.00805682
  0.00533536 -0.00059557 -0.00232203  0.02138554 -0.00068457  0.00777737
  0.01126917 -0.02256964 -0.01641879 -0.00150309  0.01480503 -0.01029783
 -0.01606074  0.01776817  0.00444731]
[  1.80639501e-03   1.10889777e-03  -8.84332268e-05   2.33042754e-03
  -1.60063700e-03  -3.69528232e-03  -3.83473487e-04  -1.06979831e-03
  -3.93689205e-03   1.31975905e-03  -1.29054917e-02  -5.26979382e-03
   3.12429712e-03   4.43370664e-03   8.04352419e-03  -1.14506525e-03
   7.37653370e-03  -3.54783201e-03  -6.48340881e-04  -4.05212682e-03
  -3.27325705e-03]
[ 0.01600271 -0.02617408 -0.02949435  0.01503638  0.00100082 -0.0127849
  0.00169694 -0.00523493  0.02183244 -0.00508154 -0.00581799 -0.00717359
  0.00896875  0.00087489 -0.01345315 -0.03147995 -0.0209127   0.01661122
  0.0158015  -0.01551249  0.00404359]
[ 0.00329767  0.00126034 -0.00133666  0.00363918  0.0015383  -0.00349151
  0.00460437 -0.00144926 -0.00317845  0.00075763 -0.00885944 -0.00143811
  0.00190487 -0.00223076 -0.0025045  -0.00047118  0.00668124  0.00069369
 -0.00267239  0.00427889  0.00020757]
[ 0.01338435  0.01089662 -0.00945289 -0.01723126 -0.01339342  0.02085466
  0.01505203  0.00221461 -0.00497597 -0.00612453 -0.00721306  0.03095264
  0.00988664  0.00100555  0.00211036 -0.02489396 -0.0156021   0.00237285
 -0.02835185 -0.01370465 -0.02000765]
[ 0.01633483  0.00965654  0.00970903  0.00986199 -0.01960656 -0.0023867
  0.00297314 -0.00913309 -0.01005173  0.00840423  0.0193196  -0.01100196
  0.00925515 -0.00103417 -0.00442336  0.01161021  0.00119053  0.02932696
  0.00770926  0.00283515  0.00253228]
[ 0.01664591 -0.00045029 -0.00223284 -0.02360072 -0.01092667  0.02658523
  0.00033179 -0.04008999 -0.00344713 -0.00759934 -0.00203754  0.02172546
  0.02260604  0.01378325 -0.00438049 -0.01104124  0.00757759 -0.00700331
 -0.00350829  0.00362453 -0.00348215]
[ 0.02153007  0.01162647  0.00546544  0.01823238 -0.01540051 -0.0129887
 -0.0280979  -0.00844144 -0.0112676  -0.01119503  0.03047395 -0.00015409
  0.0025735  -0.03579333  0.0049381   0.00613057  0.02668562  0.00901454
  0.00211331 -0.00217194 -0.03887558]
[ 0.00455435  0.00135187  0.00022799  0.0002384  -0.00296171  0.0037945
  0.00360434  0.00172667 -0.00317961  0.00346597 -0.00190785  0.00737021
  0.00098077 -0.00129076 -0.00296946 -0.00637974 -0.0049686   0.00388763
 -0.00636993 -0.00706312 -0.00233757]
[ 0.00465769  0.00017228  0.00328957  0.00450297  0.01150817  0.01373421
 -0.00204624 -0.00443731  0.00337951  0.00043299 -0.00089911 -0.0079686
 -0.0105301   0.00510366  0.00588688  0.00516657 -0.00489013  0.00525519
 -0.00364195  0.00195116 -0.00997849]
[  6.19079735e-03   4.40286972e-03   3.63727074e-03   3.97159878e-03
  -3.78097214e-03  -4.50770991e-03   5.38886876e-03  -4.46131387e-04
   9.85901804e-03   3.85849543e-03   1.97519338e-03   3.81237560e-03
  -7.50928814e-03   4.17052092e-04  -1.38628995e-03   5.64008679e-03
  -5.01945077e-03  -1.71117661e-02   4.15191322e-06  -8.54915169e-03
   4.40913370e-03]
[ 0.00550796 -0.00262236  0.00548171 -0.01368531 -0.00343474  0.00632601
  0.00245739 -0.01463656 -0.00109705 -0.00378988  0.0022929  -0.00392994
  0.01401079  0.00720342 -0.00429564 -0.00580453  0.00154492 -0.00931518
 -0.0078678   0.00086078 -0.00902116]
[ 0.01350084  0.00933684  0.01368687  0.00361561 -0.0155427  -0.00181562
  0.02490908  0.00418246  0.0293021   0.01320779  0.00804619  0.00306413
 -0.00823169 -0.0002192   0.0145577   0.00651347 -0.0033717  -0.00825374
  0.00274834 -0.01847324  0.004421  ]
[ 0.01769782 -0.007067    0.0060321   0.01075912 -0.00140134 -0.01152394
  0.00842239  0.00135348 -0.02879178  0.01669879 -0.00563915  0.01662686
 -0.00413348  0.01272019  0.01322619  0.00224332 -0.00724057 -0.00659682
  0.03037595 -0.00104801  0.00280333]
[ 0.00280205  0.00145206 -0.00029741 -0.00167813  0.00102601 -0.00198042
 -0.00222098 -0.00627715 -0.00556564 -0.00931906  0.0033147   0.00068773
 -0.00124869 -0.01050049  0.0134247  -0.0004451  -0.00438932 -0.00030552
 -0.00190272 -0.00407396  0.01197818]
[ 0.01598752 -0.00831945 -0.00163005  0.0116087   0.01655683 -0.00574585
  0.00201576  0.003952   -0.01158064  0.01980257  0.01815592  0.01264677
  0.00884352 -0.01351787  0.00651271 -0.00161025  0.00823961 -0.00958627
 -0.01075055  0.0145322  -0.00655118]
[ 0.00288127  0.00112821 -0.00273527  0.00425464 -0.00055009 -0.00496746
  0.00337224 -0.00299709  0.00155829 -0.00532001 -0.00324136 -0.00509576
 -0.00047489  0.00184683 -0.00103042 -0.00515421 -0.0003931   0.01180176
  0.00177134  0.00425013 -0.00468294]
[  2.83398097e-03   1.98356274e-03   2.66898558e-03  -1.62816362e-03
  -3.42575484e-03  -2.26667369e-03  -1.13242572e-03   4.56630528e-04
   2.02387394e-03   6.67184889e-03  -3.19385347e-04  -1.36197688e-02
   1.06714499e-02   3.37983797e-03   5.72119314e-03   5.84254567e-05
  -5.37394299e-03  -3.00492578e-03  -4.31395361e-03  -5.55144353e-04
   4.42562190e-03]
[ 0.00819752 -0.00162497 -0.01110258  0.00558115 -0.00155387 -0.01131148
 -0.00280627 -0.00220687  0.00511793 -0.00383863  0.0038964  -0.0095496
 -0.00221999  0.00455675 -0.00258266 -0.0263519  -0.00540505  0.01942296
  0.0168189  -0.00130847 -0.01188175]
[ 0.00489012  0.00274529  0.00156148 -0.00252831 -0.00144704 -0.00225356
  0.001827   -0.00059399  0.0016448   0.01225103  0.00831852 -0.01369026
  0.00942307 -0.00282805 -0.00033018  0.00227801 -0.0045466  -0.00087092
 -0.00615657 -0.00012916  0.00131095]
[ 0.01018144 -0.00548552 -0.01562885  0.00879995  0.00353689 -0.0127493
  0.00542308 -0.00722812  0.01158326 -0.00916373 -0.01546043 -0.00524968
  0.00475872 -0.00283662 -0.0163628  -0.00873382 -0.02134557  0.00323722
  0.00635913 -0.00760956  0.00235603]
[  9.09799959e-03   2.31935195e-03   6.76600250e-03   1.68507756e-02
   2.79897753e-02   2.23591879e-02   1.20068959e-03   1.82501752e-03
   8.68817184e-07  -1.14698734e-02   6.09478513e-03  -1.01906882e-02
  -1.37771268e-03   1.79156278e-02   7.88567666e-03   6.22814163e-03
  -4.67328612e-03   3.34567781e-03  -7.37226686e-03  -4.76388230e-03
  -1.02060203e-02]
[  7.90251203e-03   2.44330891e-03   1.00487660e-02   6.26766688e-03
  -1.10475679e-02   3.29053718e-03  -1.00439824e-02   9.25350913e-03
  -6.12271127e-04   3.89633171e-03  -6.48722520e-03   4.25600381e-03
  -3.98534447e-03   1.80709335e-04  -3.37771369e-03  -9.00408000e-03
  -1.11250413e-02  -1.08504678e-05  -2.33271987e-03   1.52295298e-03
   1.11250229e-02]
[ 0.02794694 -0.04392103  0.05151888 -0.05172177  0.01299016 -0.02703973
  0.01094443  0.01885437 -0.00400634 -0.03001082 -0.00724287 -0.00674344
 -0.01126929  0.00180581 -0.01734883  0.00557323  0.02016802  0.0142647
 -0.00194397 -0.01090406 -0.00511004]
[  4.83064738e-03   4.20162067e-03  -8.57177189e-05   5.96931971e-03
  -4.83490409e-03  -1.02014217e-02   5.75172129e-04  -5.98457032e-03
   4.46393453e-04  -5.06322299e-03   3.55676762e-03  -1.55685541e-03
  -1.89910542e-02   1.45628974e-02  -5.26309206e-03  -9.27631408e-03
   2.67989372e-03  -1.51855234e-02  -1.51847826e-02   1.05155359e-02
   1.95610198e-03]
[ 0.00179305  0.00131975 -0.00094987  0.00261181 -0.00072695 -0.00451083
  0.00012293 -0.00568143 -0.00289163 -0.00822221 -0.00215458 -0.00174602
 -0.00176596 -0.00709329  0.00740164  0.00233006 -0.00269438  0.00393436
 -0.01147639 -0.00320808  0.00804688]
[ 0.00648727 -0.00812321  0.01604347 -0.00996739  0.00108312 -0.0066006
 -0.00644075  0.00779288  0.00349156 -0.00994181 -0.00723791  0.00142578
  0.00156931  0.00041344 -0.0049059  -0.00257127  0.00505545  0.00510441
 -0.00136993  0.00458609  0.00230465]
[ 0.0036012   0.00163445  0.00484591  0.00302975 -0.00332307 -0.00213644
 -0.01104206  0.00142518  0.00195041 -0.00338957  0.00044247  0.00255895
  0.0041835  -0.00592962  0.00117074 -0.00233674  0.00377165  0.00191712
 -0.00011342  0.00630197 -0.00492672]
[ 0.00488114  0.00158197  0.00125128  0.00601625 -0.00510564 -0.00719364
  0.00506097 -0.01096777 -0.00710913 -0.00044221 -0.00163878  0.0064515
 -0.0033741   0.01436889 -0.00487393  0.00928392  0.00090015  0.00398146
  0.0005753   0.00690241  0.00933831]
[  6.68967742e-03   4.81490620e-03  -4.99084466e-06   7.91234887e-03
  -3.31974395e-03  -9.55941362e-03   3.11425506e-04  -7.39498319e-03
   1.31425719e-03  -5.79639560e-03  -3.24033838e-03   2.67747549e-03
   6.56465205e-04  -1.00832343e-02  -8.71867231e-03   1.80339410e-02
  -5.32369431e-03  -5.36760368e-03  -1.32607715e-03  -1.08405179e-02
  -2.94385818e-02]
[ 0.01508988 -0.0178485   0.02602177 -0.01795812  0.01202357 -0.01112125
  0.01149112  0.00602824  0.0085458   0.0015437  -0.00494086  0.00056955
 -0.02061697 -0.00520784 -0.01259724 -0.00842658  0.02053959  0.0201324
 -0.00450794 -0.02853234  0.01022176]
[ 0.00180887  0.00145552  0.00054063  0.00302169 -0.00264059 -0.00432115
  0.00107216 -0.00431716 -0.00114438 -0.00143354  0.00169313  0.00175102
 -0.00743727  0.00753834 -0.00341356  0.0010987   0.00216205 -0.00766691
 -0.00630074  0.0057183   0.00354486]
[ 0.02645113  0.01079648 -0.00891868 -0.00290001  0.01675108 -0.01142837
 -0.00477344 -0.00279035  0.00237377  0.04244826  0.01634697 -0.00173235
  0.00746304 -0.02201845 -0.00572042  0.00789918  0.00845986  0.00727764
 -0.0078792   0.00467649 -0.01058661]
[ 0.01093996 -0.00334586  0.01654528 -0.00402764  0.000373    0.00026547
  0.0075528  -0.00168776  0.0179136   0.01287171 -0.00167344 -0.00040544
 -0.02721937 -0.00335742  0.0008952  -0.00180019  0.00537007  0.0086437
 -0.00061403 -0.02444687  0.00744095]
[ 0.00713602  0.00383298  0.00468759  0.00388945 -0.01148951 -0.00124199
  0.0055517  -0.01899961 -0.00625948  0.00383951  0.00654458  0.0127767
  0.00851167  0.01894961 -0.00965404  0.01720135  0.00371992  0.02253652
  0.00892504  0.00323829  0.01338314]
[  1.25454678e-02  -1.47565251e-02  -1.23261840e-02  -1.47736035e-03
  -1.22281898e-02   2.77495371e-02  -1.13890501e-02  -2.02270108e-02
   8.95158315e-03   7.69225448e-05  -1.23174039e-03  -3.15504897e-03
  -5.32841103e-03  -5.04413867e-03  -2.27123428e-03   4.15424353e-03
   3.09990289e-02  -1.09843297e-02  -7.93916681e-05  -8.26538764e-03
   4.12862978e-03]
[ 0.00902487  0.00475404  0.00761682  0.01696316  0.01399679  0.01900909
 -0.00401804  0.01109671  0.00126013 -0.01718865  0.00266587 -0.0067584
  0.00568656  0.01190946 -0.0066068   0.00734113  0.00325776 -0.00046768
 -0.0035113  -0.0078642   0.00175328]
[ 0.00324911  0.00154461  0.00819069  0.00438011 -0.00240684  0.00010942
 -0.01283577  0.00523405  0.00795032 -0.00431224 -0.00396917  0.00634814
  0.00716875  0.0014103  -0.00049923 -0.00363971 -0.00156217 -0.00155222
 -0.00056012  0.00538392  0.0029118 ]
[ 0.02878198  0.00795882 -0.00177642 -0.02915422  0.01647371  0.00153354
 -0.0070566  -0.02474895 -0.02323981 -0.02699102  0.01606108  0.01086661
 -0.00127625 -0.01358692  0.02926019 -0.0151066  -0.01588327 -0.02502437
  0.04985792  0.00473233  0.01195564]
[ 0.01093516 -0.0082195   0.01801214 -0.02511627 -0.00272416  0.00042711
  0.00631823 -0.01186697 -0.00044512 -0.00420371  0.00677679 -0.02361143
  0.01663172  0.00687871 -0.00600284 -0.0044917  -0.00219765 -0.01229901
 -0.01171494 -0.00086756 -0.01308274]
[ 0.00533028  0.00354637  0.00248074 -0.00010898 -0.00252657 -0.00605149
 -0.00976397  0.00191207  0.0032729   0.00756061 -0.01312767 -0.01058084
  0.01276749  0.00724285  0.01315224 -0.00131313 -0.00152993 -0.00272154
 -0.0021902   0.00062542  0.00353293]
[ 0.01219972 -0.03070525  0.01049258 -0.01440788  0.00026947 -0.01107149
  0.00461386  0.01780019 -0.00749889 -0.01022429  0.00299782  0.0018549
 -0.00433434  0.00447642  0.00246027  0.01812504 -0.00119652  0.00617524
 -0.01116864  0.01251331 -0.01095274]
[ 0.01356084  0.00692872  0.01176921 -0.00929305 -0.015366   -0.002961
  0.00968855 -0.00070973  0.00460469  0.01969119  0.01946194 -0.04563626
  0.02663953  0.00311239  0.0021815   0.00232647 -0.0167014  -0.00632974
 -0.0115409  -0.00292647  0.00911068]
[ 0.01993857 -0.00794763  0.01182006 -0.02217099  0.01289145 -0.01273219
  0.00495516 -0.00359044 -0.01654514 -0.01825951 -0.00349522  0.00778546
 -0.00410634 -0.00559946  0.00421489  0.00201343 -0.00915565 -0.01897031
  0.0425127  -0.0022254   0.00642081]
[ 0.00272791  0.00196929 -0.00032345  0.0019497  -0.00098877 -0.00450787
 -0.00303473 -0.00746794 -0.00579497 -0.01168365  0.00272793 -0.00091015
 -0.00185226 -0.01475674  0.01505966  0.00226634 -0.00287905  0.00445806
 -0.01224051 -0.00632812  0.01291602]
[ 0.01051547  0.0062279   0.01982193  0.01682329 -0.00489017  0.00253222
 -0.02484012  0.01134176  0.01759011 -0.01018544  0.00022988  0.01429132
  0.0126207   0.0051666  -0.00256364 -0.0011753  -0.00026734 -0.00473269
 -0.00011796 -0.00290605 -0.0007414 ]
[ 0.01151344  0.01674089 -0.02250263 -0.02118919  0.01035827 -0.00890022
 -0.01948904  0.01464288  0.0061259   0.00939897 -0.00208246  0.00484192
 -0.00334421  0.02012939  0.00983116  0.02000131  0.00955796  0.01683336
 -0.01284891 -0.0096341   0.00461191]
[  1.21661706e-02   1.01921661e-02  -4.62560700e-03  -4.92887021e-03
  -1.20515082e-02   4.14403425e-03   3.94868426e-03   1.40985035e-02
  -8.14475136e-03  -7.44161652e-04   1.01124658e-02  -2.52892233e-02
   8.51795398e-06  -1.65668659e-03  -1.06966048e-02  -7.57626732e-03
  -6.35482178e-03  -5.12178031e-03   7.19878260e-03   7.07857344e-03
   1.17012764e-02]
[ 0.00583142  0.00355503 -0.00249213 -0.00375553 -0.0097003   0.01175216
  0.00493766  0.0054273  -0.00996874 -0.00018733 -0.00582543  0.01050304
  0.00076089 -0.0018101  -0.00317871 -0.01362471 -0.0129443   0.00507375
 -0.01671284 -0.00756975 -0.0088098 ]
[ 0.00143697  0.00045151  0.00014627  0.00222048 -0.00186887 -0.00185236
  0.00061064  0.00030882 -0.00705172  0.00272747 -0.01262919 -0.00368942
  0.00164981  0.00390025  0.00771939 -0.00203609  0.00987969 -0.00427902
  0.00264573 -0.0054747  -0.00428605]
[ 0.02540685  0.00337224  0.00294389  0.01129228 -0.03683294  0.03316977
 -0.00194788  0.02860406 -0.047325    0.01227045 -0.016667   -0.00948796
 -0.01750938 -0.01163015 -0.02006287 -0.0107912  -0.0214275   0.0164857
 -0.00824173 -0.00175734  0.00830561]
[  3.88500344e-03   2.69232320e-03   5.27437249e-03   6.26283315e-03
  -3.18703660e-03  -1.10295981e-03  -1.05131411e-02   1.80276352e-03
   3.22900007e-03  -4.65707190e-03   4.93403042e-03   4.22288409e-03
   4.34035063e-03  -4.46763712e-03   3.69108901e-05   7.36413723e-04
   5.43030956e-03   5.65532644e-05   4.01644216e-04  -1.60260773e-03
  -8.92002996e-03]
[ 0.01033941  0.00571375  0.00148362  0.00072962 -0.00226703 -0.00390226
 -0.00557676 -0.00762857 -0.00773902  0.00291942  0.01615585 -0.0016043
  0.0042424  -0.01352077  0.0038928   0.0037352   0.00532915  0.00897982
  0.01211058  0.00253938 -0.00875235]
[  4.92269135e-03  -1.55697410e-04   1.43984659e-03   2.50171672e-04
  -3.16164520e-03   1.05515567e-02  -2.85838690e-03  -1.00602947e-03
  -3.99515947e-03   7.29976455e-03  -6.35333396e-03  -5.28082781e-03
  -1.32373501e-02  -5.16578677e-03  -1.68905205e-03   5.36449041e-05
  -6.98001887e-03   7.05190666e-03  -1.27342277e-03   4.39383061e-03
  -2.14712734e-03]
[ 0.01204703  0.00200564  0.02328307  0.00442261 -0.00744788 -0.0025268
 -0.03534496  0.01253874  0.01647217 -0.00772922 -0.0184581   0.0111848
  0.01566406 -0.00032711  0.00116763 -0.01285589 -0.00517871  0.00039198
 -0.00178688  0.02211296  0.01052188]
[ 0.01178565  0.00597568 -0.0072569   0.01616753 -0.00286889 -0.02249945
  0.01092334 -0.01873832 -0.00182268 -0.01976869 -0.02377779 -0.00892205
 -0.00547566  0.00274543 -0.00495279  0.00630507 -0.00480487  0.00611757
 -0.0192277   0.00422695 -0.00259146]
[ 0.01828944  0.01614443 -0.01887886 -0.00979055 -0.00325631 -0.01510677
 -0.01575642  0.00545172 -0.00715909 -0.0109797   0.02783272 -0.01508394
 -0.02071451  0.01234482 -0.00066957 -0.0314921   0.01022192  0.0034441
  0.01170574  0.01043699 -0.01534214]
[ 0.01371992  0.00739092  0.01172016  0.0111475  -0.0115868  -0.00599511
  0.00664573 -0.00407111  0.01006998  0.01251055  0.00611145  0.01733872
  0.00089081  0.00531016 -0.00123967  0.01547066 -0.00725088  0.00123792
  0.0076298  -0.02132004 -0.00622136]
[  4.84689721e-03  -4.33269795e-06   1.12054691e-03  -3.54167559e-03
   4.04245205e-03   8.09249016e-03  -5.88846365e-03  -9.38315191e-03
   6.01490194e-03   7.32420674e-03  -8.96741287e-03  -1.97203565e-03
  -1.12924014e-02  -4.62578377e-03   3.19607420e-03   2.15653273e-03
  -6.65749923e-03   2.71351009e-03   3.67794562e-03   1.30962024e-02
  -1.21858994e-03]
[ 0.01112142 -0.0315646  -0.02497736  0.00654897 -0.01326166  0.01424756
 -0.00920993 -0.00846578  0.01859773 -0.00216862  0.00442431 -0.00295584
  0.00293691  0.00153745  0.00580907  0.00420341  0.02117397 -0.01359965
 -0.00070831 -0.01258446  0.00949356]
[ 0.00846342 -0.00127637  0.00492297  0.00969405  0.00773157 -0.00185492
  0.00341661  0.00127974 -0.00809853  0.01005778  0.00953813  0.0099048
 -0.00091704  0.00487726  0.01112565 -0.00474059 -0.00332137 -0.01213032
  0.00684985 -0.00259235  0.00281059]
[ 0.0255748  -0.01283067  0.0016632   0.00999403  0.03504833 -0.00687648
  0.01377902 -0.00205605 -0.00137125  0.02685266 -0.00295053  0.01496428
  0.00836628 -0.01432191 -0.01589999 -0.03403669  0.01466977  0.01545123
 -0.00862303 -0.00624165  0.01988852]
[ 0.00444945  0.00122307  0.00128098 -0.00324253 -0.00661255  0.00503523
  0.0023814  -0.01704357 -0.00360545 -0.00010127  0.00254823  0.01147979
  0.01010164  0.01310308 -0.00640158  0.00614711  0.00471288  0.01143222
  0.00436972  0.00321802  0.00747   ]
[  2.75592261e-02   3.01014115e-02  -3.39423770e-02  -3.47437913e-02
   5.64268830e-03   5.41287980e-03   3.10471459e-03   2.26756074e-02
  -2.94315397e-03  -1.56173281e-02   4.24627982e-05   1.94231320e-02
   1.87022484e-03   2.26078908e-03  -4.54871504e-03   3.18273842e-03
  -6.81300714e-03  -1.08304898e-02   2.35371093e-03  -1.40289009e-02
   3.76472455e-03]
[ 0.00383731  0.00413267 -0.00324661  0.0007646  -0.00261653 -0.0071008
 -0.00277479 -0.00172335 -0.00125863 -0.00485447  0.00787015 -0.00410464
 -0.01501424  0.01086993 -0.00327174 -0.01353152  0.00467406 -0.00924349
 -0.00704171  0.01024086 -0.00321332]
[ 0.03617988  0.01802706 -0.02285678 -0.00251275  0.02634818 -0.01795702
  0.01309954 -0.00238108  0.01343715 -0.00925213 -0.03528847  0.00346136
  0.01022827 -0.02170344 -0.03761576  0.03186195 -0.02991198 -0.03981531
  0.01476311  0.00248748  0.0028384 ]
[ 0.01138197  0.00304925  0.0007759   0.00785466 -0.00381099 -0.01188718
 -0.007492   -0.0010851  -0.00071312  0.01128672  0.00444468 -0.00293798
  0.00102004  0.00031144  0.00812564 -0.01144694 -0.00089796  0.00703816
  0.01518646 -0.00535931 -0.0114475 ]
[ 0.01002628  0.00953908 -0.0104243  -0.01124901  0.00847822 -0.00557122
 -0.01436431  0.00297743  0.00851334  0.00863815 -0.01649103  0.00024422
  0.00392997  0.00964407  0.00760965  0.01602613 -0.0038103   0.00235417
 -0.00421848  0.00271209  0.00865717]
[  5.30892085e-03  -1.42794528e-03   4.48499083e-03  -8.83058916e-03
   2.10077682e-03   4.44620186e-03  -9.30717220e-04  -9.03786185e-03
  -2.35367341e-05  -1.62550016e-04   1.04187063e-03  -7.98365942e-03
  -2.51361999e-03  -1.71286030e-03   3.14953692e-03  -1.80501809e-03
  -4.64529951e-03  -5.40851859e-03   3.13268364e-03   3.71763739e-03
  -6.08800046e-03]
[ 0.0045724   0.00014259  0.00071438  0.00488614 -0.00449654 -0.00098199
  0.00272248  0.00275545 -0.01652302  0.00653996 -0.01834438 -0.00288757
 -0.00013369  0.00421044  0.00800275 -0.00355954  0.01168811 -0.00446969
  0.00716891 -0.00621496 -0.00429798]
[  2.14774042e-03   1.74996988e-03   1.10107083e-03   2.75746561e-03
  -2.50037613e-03  -3.17838149e-03  -2.04800876e-04  -2.37925402e-03
   8.16685415e-04  -5.54720189e-04   3.24971271e-03   1.62841489e-03
  -5.09543656e-03   1.20352204e-03  -1.74599525e-03   2.48865811e-03
   2.19811921e-03  -8.60430803e-03  -3.63044352e-03   8.16270282e-04
  -5.14902766e-05]
[ 0.02644236  0.03402455 -0.04417523 -0.03925388  0.01509855 -0.01457491
 -0.02639506  0.02835705  0.00281698  0.00902126  0.01485887  0.00913038
 -0.01075046  0.02591041  0.00811401  0.01522691  0.01879203  0.02260934
 -0.01411784 -0.01728945 -0.0034342 ]
[ 0.00449103  0.00326667 -0.00215042  0.00279656  0.00126938 -0.0056198
  0.00152974 -0.00347667  0.00213702 -0.00379415 -0.00578934  0.0017191
  0.00161865 -0.00795492 -0.00995167  0.01457702 -0.00798553 -0.00958223
  0.00149733 -0.00656394 -0.01923945]
[ 0.01907587 -0.00361284  0.0063003  -0.00728029  0.01043861  0.0336876
 -0.01351723 -0.02738381  0.01705865  0.02563057 -0.01680475 -0.01716522
 -0.04540993 -0.01365964  0.00863266  0.00857884 -0.00854318  0.01255453
  0.00189824  0.01680528 -0.01367375]
[ 0.02130224 -0.05539927 -0.01523004  0.00484499 -0.01060709 -0.00603851
  0.00198306  0.02743324 -0.01401956  0.00278829  0.01299474  0.0099842
  0.00065223  0.00776961  0.01993896  0.02976469 -0.01965876 -0.00190208
 -0.01703237  0.03044159 -0.01309907]
[ 0.00271783  0.00401593 -0.0001217  -0.00055079 -0.00511942  0.00307234
  0.01481654  0.00539437  0.01119119 -0.00370443 -0.00088739  0.00381925
  0.0008817  -0.00369714  0.01287033 -0.00166757  0.00738872  0.00219274
  0.00209231  0.01184117 -0.00409517]
[  1.77067391e-02   5.25408441e-03   5.57828703e-03   2.77869950e-02
   4.40311101e-02   2.03875766e-02   1.36940774e-02   5.57768701e-03
  -8.76438173e-05  -2.12234598e-02   3.50491192e-03  -1.04017453e-02
   1.42640281e-02   2.15609549e-02  -1.77373136e-03   4.68323132e-03
  -2.00701670e-04   7.85958725e-03  -9.12219959e-03  -4.84202772e-03
  -1.24825736e-03]
[ 0.00485202 -0.00160106  0.00141002  0.00487178  0.01261002  0.001723
  0.00368928 -0.00045824 -0.00348314  0.00390253  0.00464616  0.00412335
  0.00360888  0.00072536  0.00312788 -0.01016594  0.0019612  -0.00111322
 -0.00063832 -0.00252461  0.00520074]
[ 0.00384285  0.00457106  0.00018041 -0.00243964 -0.00690769  0.00480398
  0.01509128  0.0043455   0.01080458 -0.00166784 -0.00074458  0.00900989
  0.00127493 -0.00258183  0.01324312 -0.00563979  0.00221669  0.00093016
 -0.00457134  0.00380971 -0.00824016]
[ 0.01971805 -0.05825311 -0.04149372  0.01487294 -0.01590444  0.00364024
 -0.00695257  0.00247797  0.02422298 -0.00374416  0.00838    -0.00203551
  0.00933129  0.00684769  0.01038941  0.00226222 -0.00061619 -0.0074641
 -0.00080887 -0.00824763  0.00760696]
[ 0.0197044   0.00364339  0.00043687 -0.01393501  0.01310239  0.0124152
 -0.01796618 -0.02198527  0.01291371  0.01006054 -0.02588532  0.00806845
 -0.00537784 -0.00691078  0.00462995  0.00015207 -0.0158846  -0.00277694
  0.01135002  0.03006242  0.00969078]
[ 0.00766368  0.00563595 -0.00063144  0.01019427  0.00016349 -0.00310162
  0.01487032 -0.00219873  0.00369793 -0.01042512 -0.00522664 -0.00903217
  0.00362251  0.00190092  0.0014626   0.00265829  0.0073839   0.01991235
  0.00053795  0.0145291  -0.0021846 ]
[ 0.01969944  0.00912425  0.02272206  0.01877693 -0.01650458 -0.00920324
 -0.00052428  0.00254508  0.01796251  0.0171375   0.01136127  0.01228503
 -0.02217011  0.01180599  0.00355554 -0.00713081 -0.0115715  -0.01560508
  0.00211627 -0.02329592  0.01382979]
[ 0.01065871 -0.00018785 -0.003039    0.00644869 -0.01354105  0.0192739
 -0.008954    0.00265716 -0.01086757 -0.00542651  0.00155309 -0.00813465
 -0.00600382 -0.01429255 -0.01378738  0.00494761  0.02375024 -0.0024057
  0.00211161 -0.00805896  0.00333413]
[ 0.0127053  -0.01950515 -0.00343964  0.00659561 -0.01155965  0.00134234
  0.00273057  0.01792428 -0.02551885  0.0091738   0.00018122  0.00753626
 -0.00546238  0.00504249  0.00963391  0.01366568 -0.02131147  0.00134746
 -0.0003965   0.01755338 -0.00433752]
[ 0.01175041  0.00674744 -0.00157714  0.00833667 -0.00657968  0.02289222
 -0.00022694  0.01850114 -0.01152555 -0.01409747 -0.00193063 -0.01296311
 -0.00279662 -0.00696796 -0.02161139  0.00839278  0.01256721 -0.00529627
  0.00661649 -0.00537515  0.01652013]
[ 0.00656405 -0.00108569 -0.00197785  0.00406791  0.01184628 -0.00526344
  0.00604816 -0.00108869 -0.00240246  0.01482597 -0.00418736  0.00593598
  0.00788284 -0.01490443 -0.01318324 -0.00851641  0.01573856 -0.00205782
 -0.01334925  0.01149624  0.0081865 ]
[ 0.00768864  0.00933929 -0.0007      0.00146436 -0.00820824  0.00380959
  0.02641682  0.01100068  0.01841628 -0.00857584 -0.0014924  -0.00187083
  0.00060556 -0.00629846  0.01358452  0.0038703   0.0131893   0.00351419
  0.01098908  0.0201318   0.00319194]
[ 0.01968293  0.0205568  -0.01533698 -0.00787806 -0.0066507   0.01271627
  0.01894629  0.02822874  0.00203961 -0.01952735 -0.00278486 -0.01380964
  0.0013988  -0.01207541 -0.01927451  0.01104636  0.00481424 -0.01830214
  0.02292639  0.01137621  0.02573274]

Right eigenvectors

[ 1.         -0.0235537   0.38325031  1.12850849  2.43793563  0.80485905
  0.47471064 -0.04295513 -0.863032   -0.09690001  1.2901307   0.41238764
  0.51959044  0.7615032   1.34397146 -0.79215329 -0.22479165 -0.85187525
  0.23446461 -0.21975918  0.12254992]
[ 1.          0.09385261 -0.46908948  0.37422613  1.46576513 -0.74870609
  0.49580602 -0.05534539 -0.21578264  1.98732143 -0.06361603  0.72273754
  1.047224   -2.09735754 -1.5257695  -0.13967938  1.37580615 -0.9569599
 -1.49249666  1.65116487  0.4132806 ]
[ 1.          0.61387336 -0.04895564  1.29009853 -0.88609467 -2.04566682
 -0.21228662 -0.59222834 -2.17941925  0.7306038  -7.14433533 -2.91729871
  1.72957582  2.45445023  4.45280471 -0.63389527  4.08356626 -1.96403998
 -0.35891423 -2.24321193 -1.81203836]
[ 1.         -1.63560246 -1.84308468  0.93961425  0.06254073 -0.79892076
  0.10604104 -0.32712784  1.36429591 -0.31754264 -0.36356269 -0.44827317
  0.56045191  0.05467112 -0.8406792  -1.96716338 -1.30682231  1.03802497
  0.98742626 -0.96936601  0.25268169]
[ 1.          0.38219246 -0.40533504  1.10355992  0.46648183 -1.05877993
  1.39624964 -0.43947957 -0.96384742  0.22974785 -2.68657458 -0.43609993
  0.57763972 -0.67646559 -0.75947675 -0.14288376  2.026049    0.21035663
 -0.81038757  1.29754976  0.06294351]
[ 1.          0.81413171 -0.70626439 -1.28741883 -1.00067793  1.55813772
  1.12459899  0.1654629  -0.37177509 -0.45758856 -0.53891722  2.31259947
  0.73867178  0.07512872  0.15767372 -1.85993038 -1.16569742  0.17728537
 -2.11828383 -1.02393084 -1.49485412]
[ 1.          0.5911624   0.59437578  0.60373999 -1.2002915  -0.14611098
  0.18201222 -0.55911762 -0.61535564  0.51449783  1.18272402 -0.67352789
  0.56659008 -0.06331044 -0.27079314  0.71076409  0.0728829   1.79536388
  0.47195218  0.1735645   0.1550234 ]
[ 1.         -0.02705118 -0.13413721 -1.41780927 -0.65641772  1.59710318
  0.01993248 -2.40839878 -0.20708569 -0.45652905 -0.12240491  1.30515327
  1.35805352  0.82802609 -0.2631572  -0.66330044  0.45522261 -0.42072256
 -0.21075988  0.21774318 -0.20918925]
[ 1.          0.54001076  0.25385143  0.84683324 -0.71530241 -0.60328214
 -1.3050539  -0.39207694 -0.52334267 -0.51997183  1.41541345 -0.00715674
  0.1195307  -1.66248107  0.22935814  0.28474461  1.23945813  0.41869534
  0.09815636 -0.10087957 -1.80564126]
[ 1.          0.29683043  0.05005931  0.05234522 -0.65030261  0.83315999
  0.79140667  0.37912453 -0.69814878  0.76102362 -0.41890799  1.61827936
  0.21534893 -0.28341215 -0.65200539 -1.40080236 -1.090957    0.85360783
 -1.39864855 -1.55085087 -0.51326003]
[ 1.          0.03698903  0.70626623  0.96678221  2.47079267  2.94872031
 -0.43932477 -0.95268562  0.7255772   0.0929629  -0.19303752 -1.71085037
 -2.26079997  1.09575101  1.26390729  1.10925596 -1.04990647  1.12828442
 -0.78192334  0.41891158 -2.14237174]
[  1.00000000e+00   7.11195904e-01   5.87528639e-01   6.41532674e-01
  -6.10740737e-01  -7.28130749e-01   8.70464410e-01  -7.20636393e-02
   1.59252799e+00   6.23263081e-01   3.19053147e-01   6.15813340e-01
  -1.21297592e+00   6.73664584e-02  -2.23927528e-01   9.11043679e-01
  -8.10792292e-01  -2.76406498e+00   6.70658880e-04  -1.38094517e+00
   7.12207726e-01]
[ 1.         -0.47610444  0.99523379 -2.48464327 -0.62359511  1.14852088
  0.44615327 -2.65734762 -0.19917627 -0.68807395  0.41628877 -0.71350241
  2.54373584  1.30781948 -0.77989675 -1.05384342  0.28048809 -1.69122216
 -1.42844156  0.15627878 -1.6378409 ]
[ 1.          0.69157458  1.01377963  0.26780665 -1.15123964 -0.13448168
  1.84500302  0.30979297  2.17039169  0.97829421  0.59597713  0.22695883
 -0.60971734 -0.01623611  1.07828122  0.48244926 -0.24973997 -0.61135025
  0.20356791 -1.36830336  0.32746104]
[ 1.         -0.39931455  0.34083844  0.60793482 -0.07918127 -0.65115009
  0.47589961  0.07647703 -1.6268543   0.94355063 -0.31863511  0.93948595
 -0.23355857  0.71874343  0.74733434  0.12675709 -0.40912199 -0.37274736
  1.71636637 -0.059217    0.15839948]
[ 1.          0.51821441 -0.10614166 -0.59889322  0.36616463 -0.7067769
 -0.79262952 -2.24020431 -1.98627678 -3.32580776  1.18295706  0.24543753
 -0.44563368 -3.74743751  4.79103732 -0.15884918 -1.56646937 -0.10903609
 -0.67904713 -1.4539227   4.27479973]
[ 1.         -0.52037136 -0.10195758  0.72611013  1.03560931 -0.3593958
  0.12608349  0.24719296 -0.72435488  1.23862668  1.13563058  0.79104016
  0.55315106 -0.84552641  0.40736201 -0.10071936  0.51537776 -0.5996097
 -0.67243353  0.90897114 -0.40976849]
[ 1.          0.39156649 -0.9493275   1.47665372 -0.19092066 -1.72405474
  1.1704015  -1.04019872  0.54083473 -1.84641237 -1.12497709 -1.76858267
 -0.16482139  0.64097699 -0.35762646 -1.78886824 -0.13643324  4.09602787
  0.61477934  1.47509138 -1.62530539]
[ 1.          0.69992098  0.94177964 -0.57451466 -1.20881364 -0.79981966
 -0.39958833  0.16112689  0.71414521  2.35423207 -0.11269848 -4.80587872
  3.76553338  1.19261139  2.01878319  0.02061604 -1.89625232 -1.06031968
 -1.52222392 -0.19588853  1.56162725]
[ 1.         -0.19822737 -1.35438338  0.68083399 -0.18955379 -1.37986595
 -0.34233207 -0.26921195  0.62432695 -0.46826766  0.47531485 -1.1649384
 -0.27081221  0.55586972 -0.31505381 -3.21461905 -0.6593525   2.36937074
  2.05170656 -0.15961732 -1.44943256]
[ 1.          0.56139428  0.31931364 -0.51702333 -0.29591066 -0.46084006
  0.37361048 -0.12146811  0.33635214  2.50526056  1.70108651 -2.79957308
  1.92695881 -0.57831942 -0.06752031  0.46583884 -0.92975273 -0.17809692
 -1.25898117 -0.02641148  0.26808159]
[ 1.         -0.53877642 -1.53503335  0.8643133   0.34738578 -1.25221019
  0.53264377 -0.70993138  1.13768356 -0.90004256 -1.518492   -0.5156126
  0.46739168 -0.27860713 -1.60712023 -0.85781791 -2.09651822  0.3179531
  0.62458064 -0.7473954   0.23140422]
[  1.00000000e+00   2.54929881e-01   7.43680238e-01   1.85214073e+00
   3.07647577e+00   2.45759385e+00   1.31972922e-01   2.00595471e-01
   9.54954082e-05  -1.26070279e+00   6.69903870e-01  -1.12010208e+00
  -1.51430286e-01   1.96918319e+00   8.66748408e-01   6.84561653e-01
  -5.13660841e-01   3.67737740e-01  -8.10317343e-01  -5.23618654e-01
  -1.12178728e+00]
[  1.00000000e+00   3.09181296e-01   1.27159136e+00   7.93123358e-01
  -1.39798178e+00   4.16391291e-01  -1.27098603e+00   1.17095793e+00
  -7.74780380e-02   4.93049767e-01  -8.20906716e-01   5.38563408e-01
  -5.04313622e-01   2.28673281e-02  -4.27422784e-01  -1.13939466e+00
  -1.40778544e+00  -1.37304034e-03  -2.95187133e-01   1.92717578e-01
   1.40778310e+00]
[ 1.         -1.57158636  1.84345325 -1.85071324  0.46481525 -0.96753807
  0.39161443  0.67464866 -0.14335528 -1.07385002 -0.25916508 -0.24129454
 -0.4032388   0.06461553 -0.62077728  0.19942187  0.721654    0.51042065
 -0.06955929 -0.39017001 -0.1828479 ]
[ 1.          0.86978418 -0.01774456  1.23571837 -1.00088119 -2.11181253
  0.1190673  -1.23887542  0.09240862 -1.04814585  0.73629212 -0.32228711
 -3.93136834  3.01468856 -1.08952106 -1.92030453  0.55476906 -3.14357936
 -3.14342601  2.17683782  0.40493578]
[ 1.          0.73603851 -0.52975234  1.45663314 -0.4054298  -2.51573624
  0.06856016 -3.16859005 -1.61269027 -4.58560908 -1.20163015 -0.97377056
 -0.98489259 -3.95599865  4.12796937  1.29949632 -1.50268339  2.19423395
 -6.40049833 -1.78917635  4.48782671]
[ 1.         -1.25217683  2.47306893 -1.5364527   0.16696069 -1.01746844
 -0.99282911  1.2012564   0.5382176  -1.53250971 -1.11570965  0.21978129
  0.24190633  0.0637304  -0.75623477 -0.39635619  0.77928764  0.78683367
 -0.2111726   0.70693647  0.35525732]
[ 1.          0.45386252  1.34563527  0.84131452 -0.9227664  -0.59325745
 -3.06621244  0.3957509   0.54159839 -0.94123246  0.1228659   0.71058064
  1.16169534 -1.6465662   0.32509739 -0.6488783   1.04733037  0.53235522
 -0.03149625  1.74996228 -1.36807513]
[ 1.          0.32409887  0.25635086  1.23255087 -1.04599392 -1.47376333
  1.03684322 -2.2469702  -1.45645071 -0.09059471 -0.33573816  1.32172225
 -0.69125254  2.9437607  -0.99852428  1.9019998   0.18441385  0.81568378
  0.11786256  1.41410029  1.9131421 ]
[  1.00000000e+00   7.19751626e-01  -7.46051618e-04   1.18276987e+00
  -4.96248734e-01  -1.42897976e+00   4.65531426e-02  -1.10543196e+00
   1.96460474e-01  -8.66468626e-01  -4.84378869e-01   4.00239850e-01
   9.81310703e-02  -1.50728259e+00  -1.30330235e+00   2.69578635e+00
  -7.95807328e-01  -8.02371079e-01  -1.98227368e-01  -1.62048440e+00
  -4.40059811e+00]
[ 1.         -1.18281216  1.72445129 -1.19007684  0.79679694 -0.73700005
  0.7615118   0.3994887   0.56632625  0.10230007 -0.3274285   0.0377441
 -1.36627769 -0.34512103 -0.83481383 -0.55842554  1.36114937  1.33416515
 -0.29873888 -1.89082552  0.67739186]
[ 1.          0.80465687  0.29887936  1.67048803 -1.4598049  -2.38886966
  0.59272659 -2.38666598 -0.63264761 -0.79250511  0.93601663  0.96801909
 -4.11156097  4.16743179 -1.88712435  0.60739402  1.1952493  -4.23851036
 -3.48324957  3.16126101  1.9597093 ]
[ 1.          0.40816711 -0.33717587 -0.10963665  0.63328401 -0.43205604
 -0.18046253 -0.10549071  0.08974161  1.60478034  0.61800638 -0.06549242
  0.28214459 -0.83241976 -0.21626375  0.29863291  0.31982965  0.27513527
 -0.29787754  0.17679741 -0.40023275]
[ 1.         -0.30583795  1.51237005 -0.36815849  0.03409497  0.0242665
  0.69038574 -0.15427493  1.63744573  1.17657724 -0.15296552 -0.03706033
 -2.48806716 -0.30689485  0.08182883 -0.16455216  0.49086686  0.7901032
 -0.05612762 -2.23463917  0.68016253]
[ 1.          0.53713142  0.65689094  0.54504478 -1.61007199 -0.17404487
  0.77798273 -2.66249354 -0.87716661  0.53804627  0.91711877  1.79045118
  1.19277511  2.65548733 -1.35286041  2.41049667  0.52128715  3.15813474
  1.25070291  0.45379456  1.8754341 ]
[ 1.         -1.17624351 -0.98252087 -0.11776048 -0.97470975  2.21191728
 -0.90782187 -1.61229626  0.71353123  0.0061315  -0.0981821  -0.25148914
 -0.42472797 -0.4020686  -0.18104022  0.331135    2.47093447 -0.87556158
 -0.00632831 -0.65883455  0.32909333]
[ 1.          0.52677092  0.84398146  1.87960092  1.55091285  2.10630036
 -0.44521887  1.22956962  0.13962836 -1.90458648  0.29539202 -0.74886365
  0.63009928  1.31962702 -0.73206556  0.8134331   0.36097568 -0.05182085
 -0.38906887 -0.87139188  0.19427191]
[ 1.          0.47539462  2.52090687  1.34809645 -0.74077157  0.03367811
 -3.9505548   1.61092042  2.44692632 -1.32720796 -1.22161873  1.95381294
  2.20637735  0.4340578  -0.15365266 -1.12021767 -0.4807997  -0.47773831
 -0.17239257  1.65704758  0.89618527]
[ 1.          0.2765209  -0.06171987 -1.01293318  0.57236209  0.05328108
 -0.2451743  -0.85987656 -0.80744289 -0.93777477  0.5580254   0.37754915
 -0.04434201 -0.4720635   1.01661479 -0.52486315 -0.5518477  -0.86944556
  1.73226149  0.16441986  0.41538616]
[ 1.         -0.75165771  1.64717727 -2.29683633 -0.24911935  0.03905833
  0.57779066 -1.08521292 -0.04070498 -0.38442121  0.61972501 -2.1592219
  1.52094017  0.62904531 -0.54894891 -0.41075762 -0.20097083 -1.12472221
 -1.07130969 -0.07933702 -1.19639259]
[ 1.          0.66532529  0.46540469 -0.02044486 -0.4740036  -1.13530455
 -1.83179397  0.35871826  0.61402132  1.41842772 -2.46284911 -1.98504456
  2.39527558  1.35881354  2.46745924 -0.24635355 -0.28702662 -0.5105804
 -0.41089808  0.11733358  0.66280358]
[ 1.         -2.51688196  0.86006778 -1.18100123  0.02208794 -0.9075201
  0.37819436  1.45906565 -0.61467748 -0.83807623  0.24572836  0.15204439
 -0.35528181  0.3669285   0.20166612  1.48569302 -0.09807762  0.50617863
 -0.91548376  1.02570517 -0.89778631]
[ 1.          0.51093605  0.867882   -0.68528584 -1.13311627 -0.21834913
  0.71445107 -0.05233675  0.33955833  1.45206303  1.43515786 -3.3652985
  1.96444563  0.2295129   0.1608678   0.17155803 -1.23159092 -0.46676603
 -0.8510462  -0.21580291  0.67183782]
[ 1.         -0.39860599  0.59282379 -1.11196519  0.64655823 -0.63857119
  0.24852115 -0.18007509 -0.82980607 -0.91578858 -0.17529968  0.39047244
 -0.20594961 -0.28083561  0.21139397  0.10098167 -0.4591929  -0.95143808
  2.13218404 -0.11161297  0.3220297 ]
[ 1.          0.72190673 -0.11857213  0.71472541 -0.36246618 -1.65250128
 -1.11247606 -2.73760969 -2.12432865 -4.2830095   1.00000913 -0.33364496
 -0.67900352 -5.40954478  5.52059162  0.83079724 -1.05540735  1.63424082
 -4.48714392 -2.31977102  4.73477402]
[ 1.          0.59226099  1.88502564  1.59986066 -0.46504566  0.24080929
 -2.36224564  1.07857871  1.67278387 -0.96861456  0.02186065  1.35907574
  1.20020285  0.49133359 -0.24379742 -0.111769   -0.02542315 -0.45006917
 -0.01121763 -0.27635991 -0.07050539]
[ 1.          1.45403062 -1.95446714 -1.84038809  0.89966804 -0.77302898
 -1.69272164  1.27180836  0.53206528  0.81634778 -0.18087219  0.42054477
 -0.29046166  1.74833915  0.85388603  1.7372142   0.83015658  1.46206249
 -1.11599284 -0.83676975  0.40056733]
[  1.00000000e+00   8.37746437e-01  -3.80202378e-01  -4.05129137e-01
  -9.90575305e-01   3.40619442e-01   3.24562624e-01   1.15882836e+00
  -6.69458913e-01  -6.11664652e-02   8.31195465e-01  -2.07865105e+00
   7.00134352e-04  -1.36171573e-01  -8.79208848e-01  -6.22732293e-01
  -5.22335415e-01  -4.20985409e-01   5.91704886e-01   5.81824279e-01
   9.61787960e-01]
[ 1.          0.60963441 -0.42736351 -0.64401723 -1.66345491  2.01531817
  0.8467334   0.93070026 -1.70948892 -0.03212497 -0.998974    1.80111217
  0.1304818  -0.31040416 -0.54510104 -2.33643163 -2.21975158  0.87007088
 -2.86600025 -1.2980972  -1.51074747]
[ 1.          0.31420616  0.10179279  1.54524743 -1.30056204 -1.2890689
  0.42494917  0.21491016 -4.90734834  1.89807068 -8.78875247 -2.56749882
  1.14811755  2.71421186  5.37198177 -1.41693104  6.87535646 -2.97780094
  1.84118408 -3.80988448 -2.98269917]
[ 1.          0.13272973  0.11586986  0.44445797 -1.44972458  1.30554436
 -0.07666762  1.12584026 -1.8626867   0.48295838 -0.65600424 -0.37344084
 -0.68915982 -0.45775652 -0.7896637  -0.42473586 -0.84337497  0.64886833
 -0.32438989 -0.06916797  0.32690422]
[ 1.          0.69300407  1.35762364  1.61205344 -0.82034332 -0.28390189
 -2.70608282  0.46403138  0.83114472 -1.19873045  1.27001958  1.08697049
  1.11720638 -1.14996993  0.00950086  0.18955291  1.39776184  0.01455681
  0.10338323 -0.41251128 -2.29601598]
[ 1.          0.55261864  0.14349148  0.07056691 -0.2192612  -0.37741564
 -0.53936867 -0.7378142  -0.74849689  0.282358    1.56255009 -0.15516399
  0.41031335 -1.30769241  0.37650095  0.36125807  0.51542103  0.8685038
  1.1713026   0.245602   -0.84650366]
[ 1.         -0.03162851  0.29249175  0.0508201  -0.64225948  2.14345283
 -0.58065532 -0.20436574 -0.81158033  1.48288081 -1.29062204 -1.07275217
 -2.68904734 -1.04938263 -0.34311557  0.01089747 -1.41792738  1.43253074
 -0.25868426  0.89256675 -0.4361694 ]
[ 1.          0.16648399  1.93268045  0.3671122  -0.61823344 -0.20974433
 -2.9339137   1.04081595  1.36732158 -0.64158674 -1.53216995  0.92842774
  1.30024202 -0.02715257  0.0969227  -1.06714196 -0.42987435  0.03253729
 -0.14832554  1.83555221  0.87340013]
[ 1.          0.50703041 -0.61574051  1.37179818 -0.24342236 -1.90905533
  0.92683387 -1.58992704 -0.15465294 -1.67735362 -2.01752117 -0.75702679
 -0.46460407  0.23294701 -0.42023937  0.53497853 -0.40768826  0.51906921
 -1.63145077  0.3586528  -0.219883  ]
[ 1.          0.88271846 -1.03222748 -0.53531159 -0.17804304 -0.82598297
 -0.86150338  0.2980801  -0.39143318 -0.60032986  1.5217916  -0.82473481
 -1.13259368  0.67496977 -0.03660944 -1.72187351  0.55889755  0.188311
  0.64002744  0.5706566  -0.83885257]
[ 1.          0.53869985  0.85424395  0.81250487 -0.84452382 -0.43696379
  0.4843857  -0.29672989  0.73396772  0.91185275  0.44544325  1.26376277
  0.06492855  0.38704016 -0.09035533  1.12760537 -0.52849323  0.09022759
  0.55611089 -1.55394815 -0.45345439]
[  1.00000000e+00  -8.93911664e-04   2.31188504e-01  -7.30709862e-01
   8.34028837e-01   1.66962281e+00  -1.21489344e+00  -1.93590899e+00
   1.24097988e+00   1.51111245e+00  -1.85013473e+00  -4.06865581e-01
  -2.32982068e+00  -9.54380414e-01   6.59406227e-01   4.44930569e-01
  -1.37355899e+00   5.59844777e-01   7.58824761e-01   2.70197650e+00
  -2.51416502e-01]
[ 1.         -2.83817946 -2.24587814  0.58886095 -1.19244292  1.28109179
 -0.82812488 -0.76121387  1.67224372 -0.19499442  0.39781904 -0.26577904
  0.26407688  0.13824198  0.52233123  0.37795629  1.90389021 -1.22283359
 -0.06368846 -1.13155107  0.85362784]
[ 1.         -0.15081035  0.58167555  1.14540614  0.91352717 -0.21916959
  0.4036918   0.15120866 -0.95688596  1.18838285  1.12698284  1.17030712
 -0.10835337  0.57627541  1.31455748 -0.56012656 -0.39243834 -1.43326435
  0.80934782 -0.30630074  0.33208686]
[ 1.         -0.50169203  0.06503289  0.39077657  1.37042453 -0.26887709
  0.53877342 -0.08039345 -0.05361738  1.04996598 -0.1153687   0.58511828
  0.32712995 -0.56000091 -0.62170548 -1.33086845  0.57360275  0.60415839
 -0.33716897 -0.2440546   0.77766113]
[ 1.          0.27488237  0.28789582 -0.72874809 -1.48615048  1.13165176
  0.53521196 -3.83048954 -0.81031415 -0.02276052  0.57270671  2.58004768
  2.27031278  2.94487683 -1.43873638  1.38154489  1.05920603  2.56935767
  0.98208021  0.72324058  1.67886064]
[ 1.          1.09224444 -1.23161575 -1.26069546  0.2047477   0.19640899
  0.11265609  0.82279551 -0.10679378 -0.56668239  0.00154078  0.70477785
  0.06786202  0.08203384 -0.16505235  0.11548722 -0.2472133  -0.39298962
  0.08540555 -0.50904553  0.13660487]
[ 1.          1.07696963 -0.8460641   0.1992548  -0.68186621 -1.85046187
 -0.72310775 -0.44910249 -0.32799651 -1.26507102  2.05095395 -1.0696645
 -3.91269644  2.83269356 -0.85261184 -3.52630055  1.21805622 -2.40884493
 -1.83506209  2.66875711 -0.83738733]
[ 1.          0.49826195 -0.63175405 -0.06945147  0.72825496 -0.49632606
  0.362067   -0.06581238  0.37139832 -0.25572572 -0.97536165  0.09567092
  0.28270594 -0.59987587 -1.03968732  0.88065395 -0.82675729 -1.10048208
  0.40804763  0.06875326  0.0784525 ]
[ 1.          0.26790158  0.06816923  0.69009655 -0.33482686 -1.04438684
 -0.65823405 -0.09533519 -0.06265372  0.99163102  0.39050209 -0.2581255
  0.08961884  0.02736263  0.71390428 -1.00570777 -0.07889343  0.61835982
  1.33425585 -0.47085968 -1.0057566 ]
[ 1.          0.95140798 -1.03969766 -1.12195326  0.8455996  -0.55566204
 -1.43266686  0.29696298  0.84910312  0.86155134 -1.64478116  0.02435809
  0.39196744  0.96187911  0.75897102  1.5984132  -0.38003095  0.23480014
 -0.42074285  0.27049812  0.86344771]
[ 1.         -0.26897091  0.84480273 -1.66334918  0.39570694  0.83749635
 -0.17531194 -1.70239152 -0.00443343 -0.03061828  0.19624904 -1.50381964
 -0.47347099 -0.32263813  0.5932537  -0.33999717 -0.87499883 -1.01876045
  0.59007918  0.70026235 -1.14674915]
[ 1.          0.03118467  0.15623672  1.06861775 -0.98341024 -0.21476486
  0.59541645  0.60262699 -3.61364666  1.43031376 -4.01198422 -0.63152288
 -0.02923807  0.92083897  1.75023092 -0.77848462  2.55623242 -0.977538
  1.56786792 -1.35923399 -0.93998441]
[ 1.          0.8147958   0.51266476  1.28389147 -1.16418917 -1.47987227
 -0.09535644 -1.10779403  0.38025332 -0.25828084  1.51308449  0.75819912
 -2.37246388  0.56036662 -0.81294519  1.15873319  1.02345665 -4.00621414
 -1.69035489  0.38006003 -0.02397416]
[ 1.          1.28674414 -1.67062325 -1.48450727  0.57099851 -0.55119557
 -0.99821127  1.07240992  0.106533    0.34116702  0.56193414  0.34529362
 -0.40656199  0.97988268  0.30685642  0.57585301  0.7106791   0.85504243
 -0.53390977 -0.65385407 -0.12987478]
[ 1.          0.72737811 -0.47882666  0.6226989   0.28264859 -1.25134096
  0.3406209  -0.77413654  0.47584292 -0.84482849 -1.28909004  0.38278586
  0.3604183  -1.77129188 -2.21590131  3.24581057 -1.77810827 -2.13363895
  0.33340576 -1.46156719 -4.28397743]
[ 1.         -0.18939305  0.33027601 -0.38164918  0.54721553  1.76597964
 -0.70860368 -1.43552089  0.89425289  1.3436119  -0.88094253 -0.89983918
 -2.38049047 -0.71606912  0.45254339  0.44972213 -0.44785292  0.65813643
  0.09950994  0.88097045 -0.71680884]
[ 1.         -2.60063133 -0.7149503   0.22744034 -0.49793305 -0.28346824
  0.09309178  1.28780994 -0.65812598  0.13089201  0.61001758  0.46869268
  0.03061785  0.3647321   0.93600299  1.39725637 -0.92284953 -0.08929035
 -0.79955792  1.42903235 -0.61491533]
[ 1.          1.47762626 -0.04477985 -0.20265655 -1.88364572  1.13044121
  5.45161624  1.98481235  4.11769865 -1.36301323 -0.3265081   1.40525927
  0.3244142  -1.36033032  4.73552499 -0.6135659   2.71861464  0.80680069
  0.76984823  4.35685529 -1.50678042]
[ 1.          0.29672795  0.31503751  1.56928923  2.48668656  1.1514021
  0.77338223  0.31500363 -0.00494974 -1.19860917  0.19794226 -0.58744556
  0.80557058  1.21766943 -0.10017267  0.26448864 -0.01133476  0.44387548
 -0.51518236 -0.27345677 -0.07049617]
[ 1.         -0.32997811  0.29060455  1.00407233  2.59892053  0.35511049
  0.76035838 -0.09444232 -0.71787367  0.8043094   0.95757159  0.84982125
  0.74378892  0.14949565  0.64465534 -2.09519646  0.40420255 -0.22943351
 -0.13155656 -0.5203216   1.07187004]
[ 1.          1.18949713  0.04694783 -0.63485092 -1.79754082  1.25010696
  3.9271007   1.1307996   2.8116021  -0.43401168 -0.19375786  2.3445827
  0.33176749 -0.67185255  3.44616757 -1.46760514  0.57683432  0.2420485
 -1.18956876  0.99137559 -2.14428104]
[ 1.         -2.95430454 -2.10435241  0.75428083 -0.80659313  0.18461463
 -0.35259943  0.12566993  1.22846779 -0.18988469  0.42499142 -0.10323059
  0.47323625  0.34728051  0.52689857  0.11472855 -0.03124983 -0.37854159
 -0.04102188 -0.41827803  0.38578673]
[ 1.          0.1849026   0.02217125 -0.70720316  0.66494731  0.6300726
 -0.91178525 -1.11575426  0.65537177  0.51057338 -1.31368243  0.40947456
 -0.27292596 -0.35072287  0.23497027  0.00771741 -0.80614468 -0.14092984
  0.57601468  1.52567021  0.49180781]
[ 1.          0.73540949 -0.08239368  1.33020551  0.02133279 -0.40471609
  1.94036225 -0.2869024   0.48252706 -1.36032782 -0.68200091 -1.17856728
  0.47268477  0.24804199  0.19084863  0.34686817  0.96349255  2.59827445
  0.07019464  1.89583727 -0.28505905]
[ 1.          0.4631731   1.15343693  0.95317115 -0.83782014 -0.46718287
 -0.02661404  0.12919562  0.91182874  0.86994877  0.57673059  0.62362324
 -1.12541844  0.59930595  0.18048966 -0.36198033 -0.58740241 -0.79215854
  0.10742798 -1.18256801  0.70203979]
[ 1.         -0.01762426 -0.28511859  0.6050153  -1.2704206   1.80827617
 -0.84006363  0.2492947  -1.01959454 -0.50911505  0.14571074 -0.76319238
 -0.56327808 -1.340926   -1.29353104  0.46418413  2.22824616 -0.22570265
  0.19811127 -0.75609122  0.31280828]
[ 1.         -1.53519719 -0.27072435  0.51912236 -0.90982895  0.10565207
  0.21491591  1.41077128 -2.00851982  0.72204528  0.0142632   0.59315848
 -0.42992874  0.39688068  0.75825876  1.07558821 -1.67736836  0.10605514
 -0.03120775  1.38157906 -0.34139457]
[ 1.          0.57423011 -0.13421982  0.70947934 -0.55995343  1.94820667
 -0.01931323  1.57451064 -0.98086378 -1.199743   -0.16430321 -1.10320516
 -0.23800226 -0.59299704 -1.83920361  0.71425452  1.0695133  -0.45073118
  0.56308624 -0.45744369  1.40592046]
[ 1.         -0.16540005 -0.30131498  0.61972611  1.80472188 -0.80185919
  0.92140705 -0.16585688 -0.36600361  2.25866383 -0.63792312  0.90431688
  1.20091222 -2.27061672 -2.00840098 -1.29743367  2.39769202 -0.31349943
 -2.0336918   1.75139514  1.24717323]
[ 1.          1.21468704 -0.09104293  0.19045786 -1.06758045  0.49548318
  3.43582731  1.43077201  2.39525944 -1.11539209 -0.19410459 -0.24332429
  0.07875986 -0.81919095  1.76683158  0.50337945  1.71542866  0.45706275
  1.42926231  2.61838372  0.41515023]
[ 1.          1.0443977  -0.77920236 -0.40024833 -0.33789183  0.64605587
  0.96257489  1.43417382  0.10362344 -0.99209601 -0.14148594 -0.70160516
  0.07106682 -0.61349648 -0.9792503   0.56121548  0.24458962 -0.92984859
  1.16478572  0.57797325  1.30736355]
