Cluster centers 

[-1.05056071  0.88489106 -0.87539522  0.7633282 ]
[ 1.10995774 -0.81969749 -1.20784702  0.41327667]
[-1.13912644 -0.15098153  0.4725222  -0.16098461]
[ 1.02161316  1.15355196  0.01344491 -0.53868413]
[ 0.88254784  0.62889874  1.20828572  0.42760122]
[-0.73192613  0.18064663 -0.10602035 -1.76138873]
[ 0.53548692 -2.14449105  2.94924555  0.54499695]
[ 0.74703254 -2.58048305 -0.4588059  -1.31785365]
[ 1.10066988  0.95013975 -1.05851377  0.56346127]
[-1.11070663  0.28127742 -0.1882852   1.71395249]
[ 1.07644603 -1.32144264 -0.95427027 -0.11459068]
[-1.10876555 -1.10441912  1.38422061 -0.42230738]
[-1.00786165  0.51215426 -0.52204223 -0.63751477]
[-0.90320389  1.12824205 -1.01220249  1.85555905]
[ 0.53456912  0.23669493  0.26942179 -2.20292448]
[ 0.93993531 -4.28183772 -0.757292    0.46296753]
[-0.60195252 -1.1659692  -0.8506226  -1.92321792]
[-1.19691749 -0.10072354  0.15493106  1.31638293]
[-1.11591106  0.45900903 -0.26624709  0.18086851]
[ 0.69752635 -0.28230837  1.98677776 -0.17995237]
[-0.46489879 -0.08100175  1.05452594 -1.9844855 ]
[ 0.73437407 -0.81518818  2.10262506  1.14989171]
[ 1.07288229 -2.22296945 -1.17560212  0.60260413]
[ 1.0670378  -0.23379414 -0.73110582 -0.54009387]
[ 0.78772973  0.38563085  1.48888277 -0.40851064]
[-1.00920805 -0.23692387  0.74811478 -0.86010141]
[ 1.04440444  0.27189025 -1.62480455  1.25301205]
[-1.25047165 -0.68893657  0.73044819  0.65934136]
[-1.32935293 -1.50755757  0.99470678  1.74308081]
[ 0.93868391  1.04194944  0.78892832 -0.05387532]
[ 0.46744679 -1.30582737  2.63512092 -0.40437897]
[-1.11241962 -1.70424895  1.80994272 -0.37671805]
[-1.17154774  0.18319548 -0.01665796  0.81674933]
[ 0.86983516  0.78197987  0.93476951  1.26137065]
[-0.96953427  0.29488612 -1.58856919 -0.14622183]
[ 1.06843363  1.47769656 -0.73074415  0.64510402]
[ 0.94628362 -1.41184557 -0.61947867 -0.95913952]
[-1.06346026  0.66920359 -0.65932915 -0.01259468]
[ 1.09460591 -1.19484995 -1.36424637  0.77959263]
[ 1.11296863  0.55987446 -0.83215375 -0.03418763]
[ 1.07503317  1.28554559 -0.34492972 -0.0263048 ]
[-1.07989846  0.22145253  0.0985758  -0.4111918 ]
[ 0.87589271  1.3931357   0.24999289  1.5365631 ]
[ 0.98138537 -2.76432487 -0.76089463 -0.27164095]
[-0.93146525 -0.60963329 -1.55678779 -0.6458748 ]
[ 0.79166206 -0.01269948  1.48168406  1.55245859]
[ 0.86886709  0.1476274  -0.15633583 -1.49621637]
[-0.78634837  1.16937936 -2.02103974  1.43852004]
[ 0.63883545  0.46449109  1.30566396 -1.3299912 ]
[ 0.79818841 -0.1437496   1.75586705  0.77725255]
[ 0.9488168   1.12166729  0.57483155 -0.49360183]
[-0.89652755  0.29562119 -0.0588386  -1.2800046 ]
[-0.07917244 -2.16948133  2.98434525 -1.02149329]
[ 1.11571527 -0.37844786 -1.10506647  0.21129289]
[-1.17792529 -0.60968647  0.36433807  2.27644362]
[-0.74282638 -1.56726877 -1.18863301 -1.43301996]
[ 0.9033389   0.90269524  0.31375835 -1.16647943]
[ 0.32947088 -0.90864286  2.40377582 -1.06863185]
[-0.6566517  -0.52619826  1.41915012 -1.60973035]
[-0.90493512  0.22651441 -0.84560276 -1.10991394]
[ 1.07417575 -1.91633685 -1.05229911  0.22192223]
[ 1.11151627  0.00729201 -0.93058488 -0.07012206]
[-1.43086631 -2.72742801  1.53991     2.12339897]
[-0.76631871 -0.41740421 -0.91128077 -1.56940226]
[-0.12104733 -0.27491823 -0.05525909 -2.43289413]
[ 1.10912931  0.0392376  -1.29684543  0.64240579]
[ 0.93288004  1.08076519  0.72912414  0.72132853]
[-1.10675319  0.6256247  -0.48292418  0.77528829]
[ 1.02933232 -1.44378277 -1.68617282  1.47718149]
[ 0.69529156 -1.28445822  2.37114838  1.16975306]
[-1.1889175  -0.42255917  0.65410713  0.11485599]
[ 0.86105732 -3.22412792 -0.56183876 -0.71017089]
[ 1.05026652  0.76259196 -0.36790047 -0.6540645 ]
[-0.97590035 -0.01108545  0.51504492 -0.98087026]
[ 1.01087787 -0.62666606 -0.63754353 -0.8404263 ]
[ 1.04264735 -2.04322855 -1.54991247  1.37190821]
[ 0.6411576  -1.08907549  2.43488266  0.29019034]
[-1.01369884  0.38131474 -0.15382444 -0.73741421]
[-1.1881093  -0.10973481  0.32351412  0.36107755]
[ 0.79547003  0.07897937  1.6913918   0.16810006]
[ 0.63421412 -1.82725676  2.69621577  1.02799167]
[ 1.00713679  1.37565297  0.2680433   0.21858936]
[ 1.09561093 -1.37078558 -1.11367102  0.26081977]
[ 0.94795782  1.82403936 -0.67630809  1.30931295]
[-0.64329314  0.09015712  0.57412697 -1.88450816]
[ 0.82689692 -0.78402255 -0.37088134 -1.55219772]
[-1.09786332  0.49559238 -0.35938583  1.47339567]
[-1.21290333 -0.16183265  0.26034391  0.96063806]
[ 1.00481064 -1.7786674  -0.76537154 -0.5287643 ]
[ 1.09384075 -0.73709672 -0.95140789 -0.13706195]
[-1.20444046 -0.36088773  0.28817093  1.70489175]
[-1.10077519  0.61799612 -0.49091053  0.36269551]
[ 0.99513625  1.52076216  0.08914732  0.70981049]
[-0.99469449  0.82463247 -1.4025645   0.33144032]
[-0.97697369  0.4461745  -0.97075498 -0.64139654]
[-1.17080048  0.09579247  0.12648996  0.39835305]
[ 0.92153632  1.04873965  0.61527495 -0.72246986]
[ 0.83344819  0.19139194  1.52431646  0.72875837]
[-1.12153753  0.32392693 -0.07951036  0.02533158]
[ 0.86650408  0.81934422  1.04073466 -0.50310053]

Populations

0.0147510586735
0.00685230168793
0.0148097773032
0.0182665067626
0.0112737029742
0.0206328124153
0.00332263077328
0.00320424999659
0.016961464773
0.00481374931943
0.00696532022325
0.00744221129851
0.0139246092918
0.00832238468203
0.00157286709945
0.00549758289094
0.0144599511297
0.00845328299563
0.0156095431664
0.0122610528562
0.00528156490673
0.00669845977465
0.0101216728324
0.00718301366578
0.00895994809286
0.00186054214232
0.0168554118481
0.0086274777273
0.0125644174295
0.00169097559284
0.00187772834856
0.0153845605672
0.00348285399328
0.00900320071823
0.0130708003622
0.0051569785888
0.0190665583337
0.00847412121575
0.0169259388508
0.0196715665969
0.0205308127554
0.00347404518895
0.0051405571695
0.00692635006909
0.00681308126281
0.0114938145795
0.00327155242729
0.0133702574285
0.00695391852753
0.00762362639985
0.01219073051
0.00169787186321
0.0100929836856
0.0119723783659
0.0120213201867
0.00641287027466
0.00338088936144
0.00887674157948
0.0133848152509
0.00836067979712
0.0187181607869
0.00174289961212
0.0159798593817
0.0106533456642
0.0100717494286
0.0186801622297
0.0220221828058
0.00708368339199
0.00625714500554
0.00884548036566
0.00533113993966
0.00931718475944
0.0116599221664
0.0116836024425
0.00829572860884
0.00710338204286
0.0163033164663
0.00863666220677
0.00842470943061
0.00336333101346
0.0158630395865
0.00697377231732
0.00357789547751
0.0104088773289
0.00168139358622
0.00366189449556
0.0165536127433
0.00871485193177
0.00807536626086
0.0192971416717
0.0189506242678
0.0142602945789
0.00680751189875
0.0117226971691
0.0131413421836
0.00986300624351
0.0173538551718
0.0141887434921
0.0133862832617

State labels

0
1
2
3
4
5
6
7
8
9
10
11
12
13
14
15
17
18
19
20
21
22
23
24
25
26
27
28
29
30
31
32
33
34
35
36
37
38
39
40
41
42
43
44
45
46
47
48
49
50
51
52
53
54
55
56
57
58
59
60
61
62
63
64
65
66
67
68
69
70
71
72
73
74
75
76
77
78
79
80
81
82
83
84
85
86
87
88
89
90
91
92
93
94
95
96
97
98
99

Eigen values

1.0
0.541349284324
0.525430463713
0.50423598251
0.464831742643
0.463306150283
0.455725691418
0.432607378899
0.424654518289
0.411292796692
0.394054871968
0.39010809485
0.374377936901
0.364310718217
0.355640947222
0.346479356607
0.324457538011
0.318469588476
0.313678837417
0.293587778129
0.282117574273

Left eigenvectors

[ 0.01475106 -0.00066186 -0.0205002   0.0027841   0.00317885  0.01700815
  0.00349057  0.00894744 -0.00058519  0.00873871  0.01022174 -0.00165607
  0.01279098  0.006328   -0.00806043  0.01574119 -0.00410639  0.01039809
 -0.00426976  0.00928239  0.00029068]
[ 0.0068523  -0.00866912  0.00257473  0.00805862  0.00340637  0.00540335
 -0.00166919  0.00904514  0.00696639  0.00917247 -0.01157175 -0.01125798
  0.00245867 -0.00273983 -0.00220052 -0.00073014 -0.00080942 -0.01188455
  0.00375484 -0.01102743 -0.00213096]
[ 0.01480978  0.02473186  0.01373264  0.02697571  0.00987777 -0.00888044
 -0.0144195   0.00449829  0.0223325  -0.00090881 -0.01024768  0.00242481
  0.00064592  0.00951184  0.00395515 -0.00752549 -0.00071659 -0.00033117
 -0.01822035  0.01502545 -0.01035667]
[ 0.01826651 -0.00578174  0.00280232 -0.02766084  0.01571006 -0.02260668
 -0.00099085  0.02345502  0.02665508  0.00095509 -0.0070214   0.01520609
 -0.00086841 -0.01660823 -0.0150925   0.00912643 -0.01989443 -0.02787149
  0.00669741 -0.0010636  -0.0043484 ]
[ 0.0112737  -0.00526104  0.00754399 -0.01157356  0.00607779 -0.0064076
 -0.01492502  0.00805065  0.01053237  0.01370428 -0.01162788 -0.01198114
 -0.00107736 -0.00295095 -0.00208594 -0.01149538 -0.01815984  0.02040368
 -0.00516158 -0.00737151 -0.0063098 ]
[ 0.02063281  0.00111314 -0.0205209   0.00144324 -0.0005442  -0.01258964
  0.00817964 -0.03265637 -0.00516371  0.01309079  0.01531884 -0.00596354
 -0.00749935 -0.00538558 -0.00079812  0.0074792   0.01660347  0.02599341
 -0.00915939 -0.00629294 -0.00440515]
[ 0.00332263  0.00429538 -0.00227325 -0.00128496 -0.01075332 -0.00614114
 -0.0040065   0.00345701 -0.00433548  0.00156455 -0.00311822  0.00390376
 -0.00100335  0.00135989  0.00274761 -0.00292907 -0.00019089 -0.00066277
  0.00377981 -0.00024444 -0.00039898]
[ 0.00320425 -0.00461503 -0.0015852   0.00444469 -0.00091658  0.00883393
 -0.00463931 -0.00354743  0.00128572 -0.00111734  0.00360132 -0.00136093
  0.00209922  0.00269816  0.0055984  -0.00354393 -0.00223078 -0.01289529
  0.00456883 -0.0079423   0.00014557]
[ 0.01696146 -0.0063796  -0.02249075 -0.01722982  0.00595786  0.01002538
 -0.01159621 -0.00166314  0.00599886 -0.01341041 -0.00420209  0.01480454
 -0.00762456 -0.0235231   0.0183224   0.00729502 -0.01024962  0.02518899
 -0.01459253 -0.004552    0.00287746]
[ 0.00481375  0.00017485 -0.00407953  0.00154289 -0.00609864  0.0011788
 -0.00029779 -0.00747985  0.00766964  0.00244052 -0.00372715 -0.00187292
  0.00789609  0.00408409 -0.00163061  0.01695846 -0.0047056  -0.00256785
  0.01020022  0.00285508  0.0043599 ]
[ 0.00696532 -0.02169479  0.01783653 -0.00890459  0.00499078 -0.0111386
 -0.00833941  0.01105273 -0.00287619  0.00354222  0.00733074 -0.00512335
 -0.00473229  0.00017254 -0.00217302 -0.00064305 -0.00171915  0.00628891
  0.01408232  0.00670173 -0.00296981]
[ 0.00744221  0.03124676  0.0284578  -0.01750546  0.02052847  0.02287545
 -0.01202592 -0.01181585 -0.02043586  0.01767221 -0.00461028 -0.00183872
 -0.00361867  0.00156672 -0.00116145  0.00774166 -0.00209216 -0.00112328
  0.00736029  0.002574    0.01375525]
[ 0.01392461  0.01503887  0.01595782  0.00746838  0.01201913 -0.0008298
  0.00692645 -0.01325297  0.00437799 -0.00899378 -0.01423646 -0.00362874
 -0.0054199   0.01246887 -0.00218781  0.00757659 -0.0084791  -0.00640881
  0.00216699 -0.00259004 -0.01140866]
[ 0.00832238  0.00589091 -0.01554018 -0.00584473  0.0060239  -0.003833
 -0.00643884  0.00539846 -0.01879624 -0.00130446 -0.01806959 -0.00266681
  0.00171747  0.0036809   0.0128158  -0.00147837  0.00230844  0.0018749
  0.00589181 -0.01047422 -0.0070496 ]
[  1.57286710e-03  -6.36051397e-04  -3.42736240e-03   1.25399995e-03
  -1.60495072e-03   9.90319860e-05  -1.36780934e-03  -4.27444148e-03
  -1.31593157e-03   4.31448602e-03   1.52153628e-04  -7.93553466e-04
  -5.51387995e-03  -1.63158305e-03  -1.21608293e-03  -2.39648580e-03
   5.85693634e-03   1.05679830e-03   3.49179360e-03  -1.61287691e-04
  -4.41951842e-03]
[  5.49758289e-03  -1.53190567e-02   9.56062517e-03  -1.42769831e-02
   1.21315971e-02  -2.04965186e-02  -1.02447371e-02   8.66762165e-03
   6.00160599e-03   1.18079891e-02   1.01331367e-02  -5.50500486e-03
  -7.42930392e-04  -1.32081413e-03  -9.31589709e-04  -3.59304824e-03
  -9.53442236e-03   6.94325543e-05   1.22422270e-02   3.45589085e-03
  -4.19662980e-03]
[ 0.01445995  0.01487886  0.01663427 -0.00206589  0.00973689  0.01056028
 -0.01841795 -0.00954023  0.01423073  0.00414254 -0.00563151  0.02625083
  0.00770914  0.01455306 -0.00271968 -0.00721655  0.01700744 -0.00390562
 -0.00133396  0.00598011 -0.00212986]
[ 0.00845328  0.00202027 -0.00313692 -0.00982633 -0.00334703  0.00808039
  0.03797676  0.02110033  0.00134385  0.01528806  0.01036114  0.01608653
 -0.01027876  0.0215977   0.03151369 -0.01106965 -0.00159964  0.00406531
  0.00621122  0.01460073 -0.00022204]
[ 0.01560954 -0.00257716  0.01974214 -0.01520413 -0.01256005  0.01523722
 -0.01078408 -0.00484407 -0.00471107 -0.00363103  0.01728553 -0.01794304
 -0.00578038 -0.0053894  -0.00789432 -0.01741695 -0.01305222  0.01855426
  0.00222577  0.00294198  0.01727519]
[ 0.01226105 -0.00144085  0.00345568  0.00124559 -0.00610044 -0.0029646
  0.0079878  -0.02037878  0.01290615 -0.00157591 -0.01316208  0.00694808
  0.00105499 -0.00271919 -0.00315424  0.00945081  0.00237523 -0.01094611
  0.01497641 -0.01112784 -0.00119541]
[  5.28156491e-03   1.94250142e-03  -4.56332608e-03  -9.94449356e-03
  -6.41145223e-04   6.56849040e-03   2.73153378e-04   2.44087193e-03
  -1.11039480e-03  -1.64218494e-02  -4.30115802e-03  -1.43770331e-02
   2.52340936e-03   9.18253118e-05  -1.33128349e-03  -8.84117440e-03
   1.69976969e-03   6.25533985e-04   5.81558114e-04  -5.28559774e-03
   5.40567427e-03]
[ 0.00669846 -0.00133089  0.00061276 -0.00074419 -0.00082494  0.0012671
  0.00338905 -0.0104905   0.00052737 -0.00558325  0.00084334  0.00201644
  0.00480513 -0.00448985 -0.0026707  -0.00304158 -0.00125162  0.01045599
  0.00042713  0.00727178 -0.00652857]
[ 0.01012167 -0.00652675  0.01094232  0.00745267 -0.01128326 -0.00130475
  0.01056798 -0.00633593  0.00417186  0.00248005 -0.01045987 -0.00965179
  0.01274742 -0.01912914  0.02040906 -0.002428   -0.00384149 -0.01073292
  0.00370039 -0.01671294  0.00891548]
[ 0.00718301  0.00052344 -0.00189827  0.00369275  0.01146295 -0.00101501
  0.00308643 -0.00044199  0.00720394  0.00186362 -0.00306491  0.00574641
  0.00919937 -0.01497588  0.00227275 -0.00582664  0.01153426  0.01559399
 -0.0008752  -0.00375925  0.01139875]
[ 0.00895995  0.01217726 -0.00399991  0.02053373  0.01160844 -0.00551536
  0.00222377  0.00951637  0.00278502 -0.00604227  0.01699448 -0.00722247
 -0.01592568 -0.00568107 -0.00197314  0.00863799 -0.00470636  0.01210449
  0.01194693 -0.00025527 -0.00277201]
[ 0.00186054  0.00126319  0.00176835 -0.00340281  0.00115511 -0.00149181
  0.00270045  0.00366064  0.00216195  0.00189349  0.00433348  0.00194586
 -0.00049474 -0.00613008 -0.00152004  0.00342475 -0.00226797 -0.00617771
 -0.00103557 -0.00036883 -0.00461173]
[ 0.01685541  0.00374221 -0.01400031 -0.00635585 -0.02003141 -0.01233282
 -0.001719    0.0020618  -0.01000863  0.007061    0.01114847  0.01696841
  0.00471245  0.01081811  0.01684785 -0.00062042  0.00283211  0.00301329
  0.01810577 -0.01097726  0.00040935]
[ 0.00862748  0.00683114 -0.00600118 -0.00088347  0.00590718 -0.008579
  0.0024744  -0.00044866 -0.00297793  0.00163417  0.02005748 -0.00965922
  0.01829213 -0.00974372  0.00264193 -0.00238797  0.01366526  0.00312831
 -0.00671747 -0.00265507 -0.00772187]
[ 0.01256442  0.00195651 -0.00415436  0.00170524 -0.00046513  0.00107713
  0.00924207 -0.00578484 -0.00450856 -0.00403414  0.01183431  0.01347936
  0.01915829  0.00298895 -0.03218273 -0.00445103  0.00461493 -0.00219564
  0.00475859 -0.0113615  -0.01497044]
[  1.69097559e-03  -1.13674431e-03  -5.63792208e-03   2.46508408e-03
   4.16971547e-03   2.81390310e-03  -3.68948106e-03   3.23675390e-05
  -2.26483147e-03   4.74784189e-04   1.00712789e-03  -5.63686869e-04
  -5.15533015e-03  -3.69122501e-03   2.23229102e-03  -4.91018698e-04
  -4.91101214e-04  -7.48530232e-03  -1.95994146e-04   4.19372408e-03
   9.20223011e-04]
[  1.87772835e-03   9.05863624e-03   8.30740858e-03  -4.99723574e-03
   4.99292614e-03   7.17498538e-03  -4.90514040e-04  -2.50069992e-03
  -7.05308032e-03   7.18016245e-03   3.78769244e-03  -6.12985847e-04
  -1.59322283e-03  -3.30746684e-03   2.14115845e-04   4.91115273e-03
   2.01110420e-05  -2.21273441e-03   8.23778445e-04   9.14075554e-04
   2.27087990e-03]
[ 0.01538456  0.00712741  0.00348178 -0.00830206 -0.01609959  0.00323114
  0.00679017 -0.00996326  0.00468579 -0.01500372  0.00190214 -0.01052869
  0.00651297 -0.01402604 -0.01814018 -0.03377686  0.00804814  0.00531838
  0.01685961  0.00636349  0.00254944]
[  3.48285399e-03  -2.46913011e-03  -8.80883683e-03  -2.20828316e-03
   5.54080065e-04   3.65300989e-03  -5.04263132e-03  -7.75414119e-03
   5.93743867e-04   1.01487036e-03   1.73894378e-03   4.97887077e-03
  -5.45372765e-03  -7.09471028e-03   6.46184863e-03   4.34476382e-03
  -2.00049256e-03   3.84337496e-03  -4.58196393e-03   1.70303786e-04
   7.86698395e-05]
[ 0.0090032   0.0168907   0.00765097  0.00771977 -0.0164535  -0.01345931
  0.00259043  0.00479152  0.00412746 -0.00195476  0.00810983 -0.00930482
  0.01531641 -0.02683438  0.01369556 -0.01608178 -0.00060658 -0.00809167
 -0.02934547  0.00210699 -0.01159314]
[ 0.0130708  -0.01135098  0.00690934  0.00100349 -0.00379871 -0.00258981
  0.00773316 -0.01046161 -0.01891021  0.00575162  0.01086656 -0.01149094
  0.00401998  0.01081913  0.00656581  0.00458401 -0.00652641  0.00251378
 -0.00698555 -0.01209081 -0.00481146]
[ 0.00515698 -0.00895979  0.0037354  -0.00099271 -0.00637184  0.00459519
 -0.00190429 -0.00646806 -0.00650493 -0.00156054 -0.00224294 -0.00025691
 -0.00589335 -0.00322601  0.00211992 -0.00270054 -0.00498822  0.00255075
  0.00686156  0.01639703 -0.00440387]
[  1.90665583e-02   1.11710201e-02  -5.46142752e-03  -7.95941613e-03
  -3.83097533e-03  -1.30546931e-03   2.95607310e-02   1.45176051e-02
  -2.82509492e-03  -8.31879396e-04   5.31287440e-03  -2.07842321e-03
  -2.17283768e-02  -7.21780061e-05   9.69110879e-03   1.45805087e-02
  -4.77414586e-03   2.18639121e-03   8.62911499e-03   6.73807134e-03
  -1.82629019e-03]
[ 0.00847412 -0.00846     0.0015862   0.0132958   0.0006886   0.00037578
 -0.00100241  0.00733543 -0.01207206  0.00371155 -0.01049078 -0.00423916
  0.00226218  0.00287237 -0.00668487  0.00788762  0.00137167  0.00194006
 -0.01243893  0.02227201 -0.00912251]
[  1.69259389e-02  -1.50618357e-02   2.38996248e-02  -2.17334627e-03
  -1.76597790e-02  -9.59211752e-03   1.36820507e-02   1.26500172e-02
  -1.61251034e-02  -9.70558933e-03   8.03971733e-04   1.17719434e-02
  -1.49765499e-02   1.16957585e-02   8.24171369e-03  -5.96218295e-05
   5.80118108e-03  -8.18121588e-03   7.70678334e-03   6.19007824e-03
   2.57092902e-02]
[ 0.01967157 -0.0170554  -0.0042947  -0.00678129  0.01400828 -0.00609002
 -0.00179614 -0.02664643  0.0080409   0.00066282 -0.01058896  0.01030825
 -0.00016096 -0.01242891  0.01334013 -0.00984272 -0.0065297   0.03967142
 -0.02217198 -0.01872916  0.03118407]
[  2.05308128e-02   6.58649277e-06  -2.87979191e-02   2.47104006e-02
   3.83145859e-02  -2.22621977e-04  -1.33473690e-03   1.38453756e-02
  -1.53176633e-02  -1.43653532e-03   1.61002317e-03  -1.62077905e-02
  -2.35157380e-02  -1.54338778e-02  -4.63211203e-03  -3.48156960e-04
  -5.33695113e-03  -1.69145104e-02   6.07504546e-04   6.93635232e-03
   1.48826786e-02]
[  3.47404519e-03  -5.78324803e-04   4.90825629e-03  -4.92488527e-04
  -6.55427099e-03   5.87294662e-03   1.26457131e-03   6.61006754e-06
  -1.57379746e-04   2.10079629e-03   6.76373038e-03  -8.91622450e-03
   1.80927127e-03  -8.02630886e-03   5.02995701e-03  -1.72474084e-03
  -3.86683894e-03  -5.40512170e-03  -2.11455490e-03  -1.00329972e-02
   5.22827177e-03]
[ 0.00514056 -0.00540649 -0.00056667 -0.00648275  0.00893523 -0.01972485
 -0.00535111 -0.00915858 -0.0010831   0.0098709   0.01891591 -0.00950675
  0.00805682  0.01014351  0.01186096 -0.00313236  0.01303989 -0.0040593
 -0.00022723  0.0018419  -0.00154856]
[ 0.00692635  0.00934626  0.00434224  0.02150694  0.01165443 -0.00296115
 -0.00581019 -0.000892    0.00534553 -0.01946113  0.0145164   0.00237279
 -0.01147639  0.01653675  0.00582316 -0.00397235 -0.01884196  0.00139467
  0.00818339 -0.01107057 -0.01081344]
[ 0.00681308 -0.00199517  0.00553033  0.00971422 -0.00149054  0.00234789
  0.00636739  0.00763702 -0.00254617  0.00283635  0.00065288 -0.00202596
 -0.00314045 -0.00606163 -0.00422516  0.01771527  0.01301858  0.00896288
 -0.00516062 -0.00026036 -0.00983627]
[ 0.01149381 -0.00762167 -0.00278224  0.00375586 -0.0156237   0.02110835
 -0.01299034  0.00574178  0.00346534  0.00205546  0.00814497 -0.02255935
  0.00078171  0.00462786  0.00393282 -0.00170066 -0.00630284 -0.0177545
 -0.00626499 -0.0223767   0.0109599 ]
[ 0.00327155 -0.00045346 -0.0036045  -0.00335046  0.00477053 -0.01409436
  0.00010703 -0.01132226  0.000355    0.00376137  0.00422145 -0.0126715
  0.00023155  0.00986895  0.00349757  0.0037111   0.01111106 -0.00329263
 -0.00548355  0.00498315  0.00064411]
[ 0.01337026 -0.00979302 -0.02814635  0.00349019  0.0055853   0.0208844
 -0.02586615 -0.00890002 -0.00520588  0.00405275  0.00525199  0.00718146
 -0.01520627 -0.01122133  0.01568045 -0.00247679  0.00098191 -0.02677434
 -0.00137823  0.01501453 -0.00567665]
[ 0.00695392  0.00289132  0.00676488 -0.00123103 -0.00145473  0.00555165
  0.00110994 -0.00946599  0.00088973 -0.01195399  0.00317096  0.00556657
  0.00083389 -0.00333118  0.00041084 -0.00994574 -0.00050417 -0.00137005
 -0.00065305  0.01404157 -0.01526588]
[ 0.00762363  0.00246167 -0.00086543 -0.00715587 -0.00820461 -0.00032704
 -0.00016921  0.00047593  0.00188448 -0.01915724  0.00354119 -0.01506763
  0.00267951  0.0024893  -0.01113173 -0.00479621  0.00031381  0.00460228
  0.00688866  0.01697828  0.02008167]
[  1.21907305e-02   1.06775791e-02  -1.27014433e-02  -9.39346271e-03
  -8.80934864e-03  -8.03069367e-03  -1.42636941e-02   6.90743046e-03
  -5.93902535e-03   1.11679967e-03  -5.27960733e-03   2.08714810e-02
   1.66713626e-02   5.06057773e-03  -1.15709611e-04   4.77651983e-03
  -9.22142738e-05   6.77823068e-03   1.44834786e-02  -9.80331072e-03
  -4.58924906e-03]
[  1.69787186e-03  -1.75283476e-03  -2.44776725e-03   4.75328825e-03
   5.15464962e-03  -1.36600527e-03   1.40764029e-03   2.00591141e-03
  -9.17060057e-03   9.09798442e-05  -2.62733112e-04   2.10779904e-03
   1.61946769e-03  -1.04452235e-03  -6.23891065e-03  -1.47128242e-03
  -3.39657541e-03  -3.97397152e-03  -4.18574747e-03   1.40802309e-03
   7.25598627e-03]
[  1.00929837e-02  -1.64258578e-02   9.99698567e-03  -7.36447211e-05
  -1.07504264e-02   2.62006590e-03  -9.09093045e-03   1.72829123e-02
  -7.05456547e-03  -1.58468887e-03  -9.71121433e-04   1.02062444e-04
  -9.59431897e-03   7.99555873e-03  -2.10862202e-03   3.35546461e-03
   1.62477432e-02  -1.14532722e-02  -5.26597665e-03  -4.04587895e-03
   7.58238174e-03]
[ 0.01197238  0.01534505 -0.0032273  -0.00164565 -0.01812263 -0.01914663
 -0.01191861  0.01819586 -0.00835881  0.0012729  -0.00871984  0.00601618
  0.01218507  0.0026944   0.00126461  0.00263377 -0.00651119 -0.00483228
 -0.00802155 -0.00244086 -0.00165374]
[  1.20213202e-02   5.78728349e-05   1.42135139e-02   1.21914945e-02
  -9.94115531e-03  -6.49042094e-03   5.82666083e-03   4.80486190e-03
   1.39186159e-03  -1.30893857e-03  -6.63919996e-03   1.10688044e-02
  -4.52728019e-03  -5.97864583e-03   7.35602073e-03   3.70221499e-03
   2.35063948e-02  -1.21335767e-02   5.16957172e-03  -7.57132231e-04
   2.80021121e-02]
[  6.41287027e-03  -5.28458582e-03  -4.84221271e-03   1.02914195e-03
   3.29181567e-04   1.41989109e-02   1.57623366e-02   6.06314571e-03
   1.22758205e-02   2.20850388e-02  -1.34692406e-03   2.14178529e-03
  -9.30650255e-05   2.15017265e-02  -5.06818704e-04  -1.62532433e-02
  -3.89655000e-03   1.12403459e-02  -1.31270247e-02  -9.46895232e-05
   2.78447331e-03]
[ 0.00338089  0.00219844 -0.00346983 -0.00307934 -0.00090346 -0.00457357
  0.00827359 -0.00656091  0.00271443  0.00030696 -0.00190403 -0.00486917
 -0.01320309  0.00596485 -0.01041443  0.00470193 -0.00296964 -0.00405106
 -0.0062029  -0.00039527  0.00293098]
[ 0.00887674 -0.00753445  0.00966553  0.00561291 -0.00233095 -0.00354264
  0.00782096 -0.00868968  0.00340393  0.00802112 -0.0206844  -0.01605193
  0.00999037 -0.00223703  0.01189794  0.00719849 -0.01700065 -0.00570643
  0.0041814  -0.00783731 -0.00866034]
[ 0.01338482  0.00753366 -0.00290813  0.00543714 -0.00935506 -0.00799117
  0.00971885 -0.01441189  0.00665679  0.0033183  -0.01051625 -0.00229841
 -0.01408537  0.00391386 -0.00155833  0.02781167 -0.01408872 -0.00020823
 -0.00125481 -0.00185893  0.00593054]
[ 0.00836068  0.00447858 -0.00378442  0.00405323 -0.00593241 -0.01495036
 -0.00368259 -0.00949968 -0.00164784  0.00661452 -0.01622965 -0.01088276
  0.00431492  0.00929419  0.00659632  0.0110507   0.00399087 -0.00404521
 -0.00126236  0.00795076 -0.00877058]
[ 0.01871816 -0.01435403 -0.00086531 -0.00842201 -0.00232777  0.01435953
 -0.00217362 -0.00289231 -0.00314374 -0.0302671  -0.00641496  0.00023888
 -0.00143712 -0.01491778  0.01090649 -0.00924395  0.00013132 -0.00669535
 -0.00601146  0.04375157 -0.01482885]
[ 0.0017429   0.0038884   0.0016528   0.0074839   0.00093045 -0.00294329
 -0.0020594   0.00096307  0.00206632 -0.00688891  0.00414627  0.00060166
 -0.00584394  0.00563566  0.00306788 -0.00107012 -0.00835374  0.00155223
  0.00162308 -0.00391866 -0.00084513]
[ 0.01597986  0.02790381  0.01592929 -0.00201619  0.00072271 -0.00585171
 -0.01742411  0.00114286  0.0109233   0.00978233 -0.01456104  0.01497329
  0.00316065 -0.00395929 -0.00347203 -0.00765708 -0.00028901  0.00828717
 -0.00340686  0.00975243  0.00116073]
[ 0.01065335 -0.00151811 -0.00132962  0.00546335 -0.0052959   0.01237144
 -0.0207206   0.01732039  0.01134038  0.00608431  0.00258031 -0.01016529
  0.0062587   0.0115647  -0.00604873  0.00908074  0.0024393   0.00529047
 -0.01733423  0.00162082 -0.00699828]
[ 0.01007175 -0.00520914 -0.0131871   0.00770501 -0.00970899  0.00733306
 -0.01271979 -0.00735895 -0.0047346   0.01679912 -0.0073708  -0.00096706
 -0.02366658 -0.00509319 -0.00537094 -0.01512036  0.01661097 -0.00935955
  0.01956843  0.00272335 -0.01436105]
[ 0.01868016 -0.00908765 -0.01678404 -0.01036851 -0.00855618  0.00767596
 -0.00809082 -0.02886908  0.01044207  0.00707405 -0.00147467  0.02051664
 -0.00761544 -0.00842716  0.00768429  0.02086784 -0.01870648  0.01081364
 -0.00405427 -0.00871074  0.00902637]
[ 0.02202218  0.00111063 -0.00698758 -0.01053662  0.01687052  0.01019522
  0.03715527 -0.00174017  0.03230495  0.0021847  -0.01270114  0.01399521
  0.02003694  0.01042065  0.00077786 -0.00659656 -0.00037059 -0.00896984
  0.01375906  0.00845653  0.01020992]
[ 0.00708368 -0.00816622 -0.00211326 -0.01082478  0.01170919 -0.01208089
 -0.00173831  0.00469655  0.00938553  0.00764003  0.00196172  0.00878133
 -0.00245912 -0.0092529  -0.00687825  0.00026165 -0.01788858 -0.01041997
  0.00311699 -0.00241155  0.0049378 ]
[ 0.00625715 -0.00602102 -0.00157941  0.00233917 -0.00315277  0.01207867
 -0.00350458  0.00873551 -0.00053688  0.00793708  0.0069976  -0.01160998
 -0.00128239  0.01113128 -0.00292778 -0.00163567 -0.00292445  0.00144247
 -0.01274661 -0.00527171  0.00808575]
[ 0.00884548  0.00114077 -0.01080051 -0.00953474  0.01017527  0.00483499
  0.00965044  0.01353199 -0.00574885 -0.0070719  -0.00931016 -0.00059211
 -0.00407858 -0.0010648   0.01283931 -0.00446184 -0.00184139  0.00188313
  0.0009835   0.00281469 -0.00920404]
[ 0.00533114 -0.00297236 -0.00032983  0.00141842  0.01004203 -0.00360247
 -0.00898722 -0.01131639  0.00301816  0.00188761  0.00907989  0.00771167
  0.00463902  0.006826    0.01186114 -0.00904427  0.01122913 -0.0066379
 -0.00266943  0.00183965  0.00691216]
[ 0.00931718 -0.02363401  0.0146665   0.00663497 -0.00157665  0.00159265
  0.00499978 -0.01047903 -0.01595757 -0.00209684 -0.00889949 -0.00514801
  0.01023174  0.00023308  0.00342134  0.00635219 -0.01523383  0.0067618
  0.00563149  0.02394688 -0.0193081 ]
[ 0.01165992  0.00874369 -0.00556894  0.00079992 -0.02285467 -0.01043925
 -0.01201873  0.0057097  -0.00866946  0.00671984 -0.01419274  0.00213496
 -0.01107631  0.00271212 -0.00176623 -0.00985129  0.01683563  0.00043104
  0.02385174  0.00258955  0.00379903]
[ 0.0116836  -0.00622595  0.01229323  0.01308384  0.00671163  0.00442106
 -0.00717698 -0.01480325 -0.00380757 -0.0187085   0.01761075  0.01707026
  0.00214094  0.02116496  0.00660482 -0.01385347 -0.0049092  -0.00477338
  0.01138749 -0.01985743 -0.00823905]
[ 0.00829573 -0.00188437 -0.00457816 -0.00217347 -0.00621893 -0.00486515
 -0.0002289   0.00321607 -0.01106821  0.00704171  0.007779    0.01478094
 -0.00170475 -0.00327804 -0.01552625 -0.00443299 -0.0085098  -0.01741358
 -0.01050673 -0.00540478 -0.00357766]
[  7.10338204e-03   4.34563931e-03   1.57270335e-03  -8.77571477e-03
  -3.65091936e-05   1.47780384e-03   7.79606078e-03  -5.34449423e-03
   6.99207717e-03  -3.68486463e-03   8.49485984e-04   6.65968487e-03
   1.55814777e-03  -1.34079175e-03  -2.02205536e-02  -8.32818818e-03
   6.42319039e-03  -1.19689975e-02   1.47440070e-03  -8.26089422e-03
  -1.46873402e-02]
[ 0.01630332  0.00268358 -0.00020284  0.01951955  0.01808959 -0.00673382
  0.00462249  0.00146456  0.01301143 -0.0030892  -0.00561346  0.01350879
  0.01202474 -0.00621964  0.00545226 -0.00977742  0.01505142 -0.01566987
 -0.0068451   0.01848587  0.03214242]
[  8.63666221e-03  -3.73338729e-05   3.88435697e-03  -3.61151485e-03
  -1.40122622e-02  -6.01280134e-03  -5.35672363e-04  -5.01207520e-03
  -3.99421889e-03   5.09441719e-03   1.29680711e-03  -6.87886700e-03
  -1.22773273e-02   1.36311930e-03  -1.06597713e-02  -1.64681766e-02
  -2.62975101e-03   1.41241414e-02   1.13579445e-03  -5.56683435e-03
   6.98875550e-03]
[ 0.00842471 -0.00945555 -0.00090459  0.01365894  0.00802638 -0.00621264
  0.00694246  0.0029197  -0.03246133  0.00096677 -0.0016971   0.0148932
  0.01576345  0.00259099 -0.02018829 -0.00493432 -0.00877169 -0.00561366
 -0.01333101  0.00124991  0.01423858]
[  3.36333101e-03   6.24909927e-04  -2.00737811e-03   2.91485048e-03
   3.17875108e-03   7.18417321e-04   4.76697784e-03   2.76155198e-03
  -1.25767311e-03  -1.29209192e-03   1.80879191e-05  -3.81337099e-03
  -3.86909403e-03  -7.14157859e-03  -3.77477383e-03  -4.12359786e-03
   3.54280223e-03   2.48994967e-03   7.74460739e-03   3.23801227e-04
   2.48259729e-03]
[ 0.01586304  0.0085169   0.00244242 -0.00534952 -0.02146796 -0.00274936
 -0.00086482 -0.00576524 -0.00268728 -0.00539462 -0.00304799  0.00204934
 -0.01323696 -0.00830215  0.00347661 -0.00912372 -0.01847626 -0.00100185
 -0.01661429  0.00899649 -0.00561968]
[ 0.00697377  0.0015402  -0.00518389 -0.00873819  0.01089828 -0.01207936
  0.00759422 -0.01012547  0.00566181 -0.00980933 -0.00477372 -0.01796306
 -0.01081338  0.01096002 -0.01031507  0.00410963  0.00370568 -0.00892229
 -0.00989396  0.00581106  0.01158628]
[ 0.0035779  -0.0087639   0.00409255  0.00539322  0.0037738  -0.00094866
  0.00149747 -0.00709061 -0.01171015 -0.00336864 -0.0010423   0.00671154
  0.00767864  0.00324904 -0.00181843 -0.00351886 -0.00983953  0.00512205
 -0.00314259  0.00174158  0.00078107]
[ 0.01040888  0.00259768 -0.00605383 -0.02027245  0.01295394  0.00739298
  0.0120989   0.004961    0.00143111 -0.02734016 -0.0134241  -0.01307181
  0.00368075  0.00993041 -0.00295326 -0.00744441  0.01180265 -0.00835576
 -0.0037565  -0.00579028 -0.00969224]
[ 0.00168139  0.00115304 -0.00038025  0.0064468   0.00446896 -0.00067244
  0.00163549  0.00333587  0.0005571  -0.0004696   0.00315524 -0.00216394
 -0.0037533  -0.00477081 -0.00218311  0.00181937  0.00210957  0.00713589
  0.00715862 -0.00295785 -0.00085596]
[ 0.00366189 -0.00540552  0.00103281 -0.00856673  0.00310681 -0.00016778
 -0.00468776  0.00605548  0.00574055 -0.00805647 -0.00185839  0.00856013
 -0.00517256 -0.0048422   0.00081651  0.00795544  0.00276138  0.00165075
 -0.00785973 -0.00603553 -0.00139991]
[ 0.01655361  0.00258148 -0.01070926 -0.00064112 -0.00257338  0.01386255
 -0.00492386  0.00279925  0.00620859 -0.01479873  0.0218951  -0.00470215
  0.02288617  0.00234581 -0.00197597  0.00481498 -0.00039661  0.00507583
  0.00256183  0.00506787 -0.00861877]
[ 0.00871485 -0.00269804  0.00377928  0.01218018  0.00521574  0.00831821
 -0.01081668  0.01099425  0.01274031  0.01992489 -0.01562216 -0.00526962
 -0.0005602   0.00865309 -0.00811965 -0.01148074  0.00599946  0.0076076
 -0.0097376   0.00434033 -0.01576198]
[ 0.00807537  0.00025297 -0.00740455 -0.00451318 -0.0097923  -0.00070131
  0.00878428 -0.01308549  0.00160834  0.01136457  0.00253613  0.00536669
 -0.01712918  0.00568598 -0.02709621 -0.01249798 -0.00313071 -0.00270944
 -0.01013442 -0.00994206 -0.00869814]
[ 0.01929714  0.02059074  0.00714871  0.0237611  -0.02271292 -0.02190183
 -0.00463249  0.01166482  0.0045712  -0.00866975 -0.00411863 -0.00138729
 -0.01652353 -0.00045677  0.00796349  0.00281165 -0.00767047  0.00705057
 -0.01141401  0.00524995  0.02466871]
[ 0.01895062  0.01969241  0.01590101 -0.00646068 -0.00516328  0.0090746
  0.0258509   0.00807602 -0.00861766  0.01474723  0.04162106 -0.00016545
 -0.00285422 -0.02816309  0.00446042  0.01465652  0.0054098  -0.0113247
 -0.0133787  -0.00110241 -0.02183333]
[ 0.01426029 -0.02465117  0.02385471 -0.01439464 -0.00048844  0.00826797
 -0.01450569  0.01399663  0.00260831 -0.02846932  0.0005282   0.01473481
 -0.01569128  0.01272222 -0.00055599  0.01917765  0.03538738  0.00639278
 -0.02190686 -0.01626031 -0.0037574 ]
[ 0.00680751  0.00503374 -0.01147272 -0.00268452 -0.00049245 -0.00648313
 -0.00247895  0.00611034 -0.02012621  0.00184332 -0.00640378  0.00598397
  0.01269393  0.00663793  0.00121563  0.00237988 -0.00160861  0.00536105
  0.00024866 -0.01146397 -0.00248905]
[ 0.0117227   0.00169266 -0.01229938 -0.00219834 -0.00746879  0.01889093
 -0.01067825  0.00293934  0.01291209  0.00270122  0.01309107 -0.00338573
  0.01637476  0.01027132 -0.00723305  0.02117233 -0.00700373  0.00139877
  0.00859669  0.01313919  0.01055865]
[ 0.01314134  0.00932332 -0.01442953 -0.00269449 -0.01312843 -0.00045275
 -0.0111083   0.0123119   0.00789701 -0.00642611  0.01646366 -0.00566482
  0.02474575  0.00859299 -0.01831765  0.01967567 -0.00169508  0.00738242
  0.02153777  0.01506524  0.0105984 ]
[ 0.00986301 -0.01160155  0.00342187  0.01102681 -0.00126879  0.01260351
  0.01038168 -0.00519352  0.01056349  0.00450824 -0.00763925 -0.00601641
  0.01849039 -0.00049864  0.00391838 -0.00061376 -0.00022093 -0.01098892
  0.01476764 -0.00453595  0.00187073]
[ 0.01735386 -0.01182801  0.0039969   0.02692257  0.02032829  0.00474241
  0.01130097  0.01112507 -0.00070488  0.00835459 -0.00857106 -0.00308989
  0.00291471 -0.02533035 -0.01248078 -0.00439048  0.02430857  0.02346724
  0.02321559 -0.01798805  0.00057342]
[  1.41887435e-02   1.69204443e-02  -8.57354221e-03  -2.04701179e-02
   1.82591142e-02   1.93288011e-03   3.75163617e-03   1.24751715e-02
  -2.64479503e-02  -1.25582953e-02  -2.13275150e-02  -2.13462375e-02
   4.88925326e-03   9.11567404e-03   1.18665815e-02  -3.67237590e-03
  -2.39840942e-05   2.12722773e-03   1.35057615e-03  -2.08979527e-02
  -1.36078366e-02]
[ 0.01338628 -0.01166129  0.01598066  0.0061815  -0.00723596  0.00269589
  0.01299762 -0.0082269  -0.00423022 -0.00487961 -0.00055229  0.0064944
 -0.00383582  0.00028656 -0.00274693  0.03421779  0.01912959  0.00380751
 -0.00484649 -0.009762   -0.01334844]

Right eigenvectors

[ 1.         -0.04486873 -1.38974455  0.18873903  0.21549975  1.1530125
  0.23663192  0.6065625  -0.03967085  0.59241212  0.69294974 -0.11226754
  0.86712272  0.42898615 -0.54643065  1.06712271 -0.27837951  0.70490478
 -0.28945422  0.62926944  0.01970571]
[ 1.         -1.2651396   0.37574618  1.1760454   0.49711254  0.7885449
 -0.24359534  1.32001507  1.01664902  1.33859651 -1.68873876 -1.642948
  0.35880865 -0.39984069 -0.32113565 -0.10655446 -0.11812441 -1.73438857
  0.54796822 -1.6093028  -0.31098514]
[ 1.          1.66996847  0.9272688   1.82147989  0.66697637 -0.5996339
 -0.97364759  0.30373787  1.50795654 -0.06136578 -0.69195371  0.16373006
  0.04361451  0.64226786  0.26706357 -0.50814347 -0.04838627 -0.02236162
 -1.23029181  1.01456319 -0.69931293]
[ 1.         -0.3165214   0.15341287 -1.51429284  0.86004727 -1.23760279
 -0.0542439   1.28404512  1.45923233  0.05228614 -0.38438653  0.8324577
 -0.04754106 -0.90921751 -0.82623876  0.49962643 -1.0891208  -1.52582493
  0.36664977 -0.05822659 -0.23805345]
[ 1.         -0.46666464  0.66916705 -1.0265983   0.53911174 -0.56836689
 -1.32387918  0.71410915  0.93424192  1.2155968  -1.03141609 -1.0627512
 -0.09556393 -0.26175491 -0.18502718 -1.01966333 -1.6108143   1.8098476
 -0.45784247 -0.65386734 -0.55969153]
[ 1.          0.0539499  -0.9945758   0.06994887 -0.02637546 -0.61017587
  0.3964386  -1.58273985 -0.25026694  0.6344647   0.74245045 -0.28903185
 -0.36346701 -0.26102035 -0.03868199  0.36249058  0.80471193  1.25980932
 -0.44392337 -0.30499669 -0.21350217]
[ 1.          1.29276422 -0.68417095 -0.38672881 -3.23638831 -1.84827732
 -1.20582305  1.04044389 -1.30483492  0.47087695 -0.93847986  1.17490004
 -0.30197493  0.40927998  0.82693913 -0.88155221 -0.05745017 -0.19947085
  1.13759527 -0.07356719 -0.12007993]
[ 1.         -1.44028553 -0.4947166   1.387122   -0.28605212  2.75694045
 -1.44786079 -1.10710172  0.40125519 -0.34870456  1.12391949 -0.42472613
  0.65513673  0.8420565   1.7471802  -1.10600866 -0.69619329 -4.02443307
  1.42586456 -2.47867625  0.04543003]
[ 1.         -0.37612326 -1.32599109 -1.0158214   0.35125878  0.59106806
 -0.6836797  -0.09805431  0.35367567 -0.79063983 -0.24774362  0.87283405
 -0.44952236 -1.38685517  1.08023705  0.43009376 -0.60428885  1.48507172
 -0.86033424 -0.26837313  0.16964698]
[ 1.          0.03632259 -0.84747463  0.32051741 -1.26692108  0.24488236
 -0.0618628  -1.55385103  1.59327866  0.50698987 -0.77427139 -0.38907742
  1.64031977  0.84842195 -0.33874093  3.52292046 -0.97753387 -0.53343996
  2.1189769   0.59310967  0.90571745]
[ 1.         -3.1146868   2.56076294 -1.27841752  0.716519   -1.59915155
 -1.19727633  1.58682251 -0.4129305   0.50855114  1.05246316 -0.73555063
 -0.6794076   0.02477072 -0.31197714 -0.09232106 -0.2468153   0.90288831
  2.02177583  0.96215709 -0.42637044]
[ 1.          4.19858478  3.823836   -2.35218563  2.75838322  3.07374413
 -1.61590616 -1.58767978 -2.74593914  2.37459099 -0.61947735 -0.2470664
 -0.48623592  0.21051741 -0.15606219  1.0402368  -0.28112116 -0.15093366
  0.98899244  0.34586543  1.84827455]
[ 1.          1.08002118  1.1460155   0.53634373  0.86315719 -0.05959238
  0.49742491 -0.95176616  0.31440659 -0.64589124 -1.02239574 -0.26059933
 -0.3892318   0.89545581 -0.15711853  0.54411479 -0.60892925 -0.46025031
  0.15562331 -0.18600416 -0.81931655]
[ 1.          0.70783946 -1.86727492 -0.70229021  0.72381917 -0.46056538
 -0.77367686  0.64866701 -2.25851564 -0.15674094 -2.17120284 -0.32043839
  0.20636762  0.44228897  1.53991888 -0.17763746  0.27737701  0.22528402
  0.70794739 -1.2585604  -0.84706478]
[ 1.         -0.40438979 -2.17905403  0.79727012 -1.02039818  0.06296272
 -0.86962805 -2.71761135 -0.83664511  2.74307093  0.09673648 -0.50452671
 -3.50562356 -1.03733052 -0.77316318 -1.52364164  3.7237325   0.67189294
  2.22001821 -0.10254375 -2.8098486 ]
[ 1.         -2.78650764  1.73905976 -2.5969564   2.20671472 -3.72827822
 -1.86349843  1.5766241   1.09168085  2.14785104  1.84319853 -1.00135004
 -0.13513764 -0.24025361 -0.16945442 -0.65356872 -1.73429352  0.01262965
  2.22683809  0.62862005 -0.76335908]
[ 1.          1.02897048  1.15036854 -0.14286992  0.67336952  0.73031213
 -1.27372135 -0.65976915  0.9841478   0.28648382 -0.38945571  1.81541634
  0.53313733  1.00643895 -0.18808393 -0.49907126  1.17617537 -0.27009916
 -0.09225207  0.41356332 -0.14729369]
[ 1.          0.23899198 -0.37108868 -1.16242727 -0.39594467  0.95588752
  4.49254611  2.49611035  0.15897397  1.8085357   1.22569426  1.90299162
 -1.21594917  2.55494761  3.72798255 -1.30950922 -0.18923341  0.48091459
  0.73477033  1.72722549 -0.02626697]
[ 1.         -0.16510158  1.26474835 -0.97402793 -0.80463886  0.97614768
 -0.69086439 -0.31032768 -0.30180679 -0.23261633  1.10736906 -1.14949197
 -0.37031073 -0.34526285 -0.50573655 -1.11578883 -0.83616936  1.18864855
  0.14259063  0.18847296  1.10670713]
[ 1.         -0.11751416  0.28184171  0.10158879 -0.49754602 -0.2417899
  0.65147755 -1.6620746   1.05261338 -0.1285296  -1.07348654  0.56667854
  0.08604409 -0.22177469 -0.25725692  0.77079924  0.19372175 -0.89275424
  1.22146193 -0.90757595 -0.09749644]
[ 1.          0.36778899 -0.86401022 -1.88286876 -0.12139304  1.24366367
  0.05171827  0.46214938 -0.21023973 -3.10927722 -0.8143719  -2.72211614
  0.47777683  0.017386   -0.25206232 -1.67396871  0.32183069  0.11843724
  0.11011095 -1.00076357  1.0234986 ]
[ 1.         -0.19868561  0.09147757 -0.1110987  -0.12315354  0.18916322
  0.50594519 -1.56610653  0.07873064 -0.83351302  0.12590017  0.30103033
  0.71734832 -0.67028032 -0.39870366 -0.45407159 -0.18685227  1.56095437
  0.06376588  1.08559057 -0.97463763]
[ 1.         -0.64482928  1.08107829  0.73630843 -1.11476228 -0.12890662
  1.04409441 -0.62597624  0.41217132  0.24502371 -1.0334132  -0.95357609
  1.25941827 -1.88991916  2.01637259 -0.23988095 -0.37953116 -1.06038964
  0.3655911  -1.65120311  0.8808305 ]
[ 1.          0.07287253 -0.26427263  0.5140947   1.59584178 -0.14130661
  0.42968456 -0.06153307  1.00291386  0.25944828 -0.42668899  0.79999942
  1.28071171 -2.08490196  0.31640593 -0.81116996  1.60576861  2.17095306
 -0.12184313 -0.52335287  1.58690307]
[ 1.          1.35907761 -0.44642164  2.29172377  1.29559216 -0.61555683
  0.24819008  1.06210078  0.31083023 -0.67436427  1.89671625 -0.80608337
 -1.77742972 -0.63405126 -0.22021809  0.96406744 -0.52526671  1.35095533
  1.33337098 -0.02849028 -0.30937809]
[ 1.          0.67893531  0.95045006 -1.82893451  0.62084597 -0.80181379
  1.4514341   1.96751262  1.16199958  1.0177066   2.32914746  1.04585752
 -0.26591056 -3.29478405 -0.81698992  1.84072829 -1.21898537 -3.32038417
 -0.55659827 -0.19823531 -2.47870404]
[ 1.          0.2220183  -0.83061198 -0.37708094 -1.18842574 -0.73168322
 -0.10198514  0.12232287 -0.59379307  0.41891575  0.66141781  1.00670371
  0.27958098  0.64181841  0.99955143 -0.03680827  0.16802394  0.17877279
  1.07418168 -0.65126002  0.02428593]
[ 1.          0.79178923 -0.69558958 -0.10240199  0.68469396 -0.99438139
  0.28680434 -0.05200414 -0.34516795  0.18941434  2.32483746 -1.11958797
  2.12021726 -1.12938228  0.30622309 -0.27678706  1.58392273  0.36259819
 -0.77861335 -0.30774593 -0.8950325 ]
[ 1.          0.15571826 -0.33064525  0.1357201  -0.03701931  0.08572892
  0.73557528 -0.46041439 -0.35883535 -0.32107638  0.9418911   1.07281974
  1.52480559  0.23788985 -2.56141865 -0.35425679  0.36730123 -0.1747504
  0.37873508 -0.90426001 -1.19149489]
[ 1.         -0.6722417  -3.33412387  1.45778809  2.46586378  1.66407079
 -2.18186536  0.01914134 -1.33936378  0.28077531  0.59558985 -0.33335009
 -3.04873126 -2.18289668  1.32012019 -0.29037598 -0.29042478 -4.4266176
 -0.11590596  2.48006186  0.54419651]
[ 1.          4.8242528   4.4241802  -2.66131986  2.65902474  3.82109871
 -0.26122737 -1.33176874 -3.75617715  3.82385581  2.01716741 -0.32645076
 -0.84848419 -1.76141924  0.11402919  2.61547563  0.0107103  -1.17841029
  0.43871013  0.48679861  1.20937616]
[ 1.          0.4632831   0.22631623 -0.53963559 -1.04647685  0.2100249
  0.44136282 -0.64761389  0.30457736 -0.9752455   0.12363938 -0.68436756
  0.42334456 -0.91169562 -1.17911562 -2.19550341  0.52313125  0.34569608
  1.09587879  0.41362818  0.16571452]
[ 1.         -0.70893874 -2.52920072 -0.63404414  0.15908794  1.04885531
 -1.44784459 -2.22637561  0.17047624  0.29139044  0.49928702  1.42953761
 -1.56587892 -2.03703925  1.85533147  1.24747228 -0.57438313  1.10351309
 -1.31557738  0.04889777  0.02258775]
[ 1.          1.87607714  0.84980608  0.85744779 -1.82751692 -1.49494677
  0.28772275  0.53220216  0.45844348 -0.21711832  0.90077199 -1.03350175
  1.70121791 -2.98053758  1.52118755 -1.78622872 -0.0673742  -0.89875442
 -3.25944883  0.2340265  -1.287669  ]
[ 1.         -0.86842292  0.52860897  0.07677357 -0.29062557 -0.19813704
  0.59163628 -0.80037994 -1.44675212  0.4400355   0.83136147 -0.87913019
  0.30755432  0.8277326   0.50232625  0.35070638 -0.49931242  0.19232041
 -0.53443945 -0.92502463 -0.36810776]
[ 1.         -1.73741166  0.72433921 -0.19249792 -1.23557584  0.89106311
 -0.36926496 -1.25423452 -1.26138324 -0.30260756 -0.43493319 -0.04981821
 -1.14279036 -0.62556116  0.41107713 -0.52366666 -0.9672752   0.49462011
  1.33053941  3.17958066 -0.8539624 ]
[ 1.          0.58589599 -0.28644013 -0.41745427 -0.20092642 -0.06846906
  1.5503968   0.76141718 -0.14817016 -0.04363029  0.27864884 -0.10900883
 -1.13960666 -0.00378558  0.50827782  0.76471634 -0.25039369  0.11467152
  0.45257853  0.35339736 -0.09578499]
[ 1.         -0.99833368  0.1871821   1.56898895  0.08125924  0.04434394
 -0.11829015  0.86562685 -1.42457931  0.43798669 -1.23797881 -0.50024719
  0.26695216  0.33895789 -0.78885705  0.93078889  0.16186518  0.22893898
 -1.46787315  2.6282379  -1.07651349]
[ 1.         -0.88986707  1.41201176 -0.12840329 -1.04335595 -0.56671111
  0.80834811  0.74737463 -0.95268591 -0.57341512  0.04749939  0.69549722
 -0.88482831  0.69099615  0.48692801 -0.00352251  0.3427391  -0.48335374
  0.45532383  0.3657155   1.51892846]
[ 1.         -0.86700757 -0.2183204  -0.34472555  0.71210824 -0.30958497
 -0.09130651 -1.35456588  0.40875757  0.0336944  -0.53828758  0.52401794
 -0.00818211 -0.63182126  0.6781426  -0.50035253 -0.33193576  2.01668819
 -1.12710775 -0.95209317  1.58523552]
[  1.00000000e+00   3.20810133e-04  -1.40266825e+00   1.20357635e+00
   1.86619918e+00  -1.08433105e-02  -6.50114010e-02   6.74370553e-01
  -7.46081681e-01  -6.99697250e-02   7.84198457e-02  -7.89437352e-01
  -1.14538758e+00  -7.51742175e-01  -2.25617567e-01  -1.69577778e-02
  -2.59948361e-01  -8.23859757e-01   2.95898927e-02   3.37850839e-01
   7.24894763e-01]
[  1.00000000e+00  -1.66470144e-01   1.41283605e+00  -1.41762268e-01
  -1.88663953e+00   1.69052108e+00   3.64005428e-01   1.90270051e-03
  -4.53015830e-02   6.04711849e-01   1.94693218e+00  -2.56652519e+00
   5.20796701e-01  -2.31036398e+00   1.44786747e+00  -4.96464712e-01
  -1.11306524e+00  -1.55585820e+00  -6.08672248e-01  -2.88798697e+00
   1.50495215e+00]
[ 1.         -1.05173188 -0.11023567 -1.26109785  1.73818328 -3.83710414
 -1.04095885 -1.78163129 -0.21069667  1.9202009   3.67973989 -1.84936216
  1.56730447  1.97323109  2.30732888 -0.60934327  2.53666845 -0.78966226
 -0.04420409  0.35830787 -0.30124268]
[ 1.          1.34937713  0.62691633  3.10508973  1.68262176 -0.42752026
 -0.83885332 -0.12878424  0.77176794 -2.80972383  2.09582261  0.34257406
 -1.6569172   2.38751345  0.84072559 -0.57351237 -2.72032978  0.20135689
  1.18148661 -1.59832702 -1.56120361]
[ 1.         -0.29284388  0.81172279  1.42581825 -0.21877615  0.3446144
  0.93458274  1.12093527 -0.3737175   0.41630909  0.09582796 -0.29736287
 -0.46094448 -0.88970466 -0.62015469  2.60018542  1.91082172  1.31553953
 -0.75745813 -0.03821517 -1.44373268]
[ 1.         -0.66311017 -0.24206383  0.32677187 -1.35931343  1.83649646
 -1.13020237  0.49955394  0.3014957   0.1788318   0.70863976 -1.96273787
  0.06801103  0.40263884  0.34216802 -0.14796312 -0.54836778 -1.54470072
 -0.54507452 -1.94684699  0.95354734]
[ 1.         -0.13860626 -1.10177167 -1.0241204   1.45818501 -4.30815532
  0.03271393 -3.46082197  0.1085123   1.14972017  1.29035004 -3.87323854
  0.07077565  3.01659523  1.06908598  1.13435526  3.39626474 -1.006442
 -1.67613213  1.52317695  0.19688233]
[ 1.         -0.73244791 -2.10514681  0.26104146  0.41774043  1.56200426
 -1.93460337 -0.665658   -0.38936271  0.30311669  0.39281177  0.53712214
 -1.13732061 -0.83927585  1.17278588 -0.18524649  0.07344007 -2.00253012
 -0.10308147  1.12297952 -0.42457263]
[ 1.          0.41578306  0.97281495 -0.17702673 -0.20919517  0.79834845
  0.15961315 -1.36124501  0.12794711 -1.71902878  0.45599542  0.80049425
  0.11991711 -0.47903649  0.05907996 -1.43023529 -0.07250145 -0.19701869
 -0.09391143  2.01923166 -2.19529207]
[ 1.          0.32289949 -0.11351906 -0.93864347 -1.07620836 -0.04289787
 -0.02219489  0.06242775  0.247189   -2.51287781  0.46450268 -1.97643882
  0.35147481  0.32652426 -1.46016186 -0.62912406  0.04116347  0.60368678
  0.90359397  2.22706051  2.6341367 ]
[ 1.          0.87587688 -1.04189353 -0.77054141 -0.72262681 -0.6587541
 -1.17004425  0.56661333 -0.48717551  0.09161056 -0.43308375  1.71207796
  1.36754419  0.41511686 -0.00949161  0.39181572 -0.00756429  0.55601514
  1.18807307 -0.80416106 -0.37645398]
[ 1.         -1.03237164 -1.44166783  2.79955653  3.03594737 -0.80453967
  0.82906156  1.18142685 -5.40123243  0.05358464 -0.1547426   1.24143587
  0.95382209 -0.61519504 -3.67454741 -0.86654503 -2.00048984 -2.34056033
 -2.46529055  0.82928702  4.27357708]
[ 1.         -1.62745312  0.99048864 -0.00729663 -1.06513859  0.2595928
 -0.90071784  1.71236899 -0.69895738 -0.15700896 -0.09621748  0.01011222
 -0.95059293  0.7921898  -0.20891959  0.33245517  1.60980576 -1.13477566
 -0.52174628 -0.40086055  0.75125275]
[ 1.          1.28170402 -0.26956255 -0.13745386 -1.51370324 -1.59923366
 -0.9955092   1.51982006 -0.69817437  0.10631949 -0.72833022  0.50250526
  1.01776538  0.22505144  0.10562753  0.21998754 -0.5438514  -0.40361898
 -0.67000454 -0.20387425 -0.13812974]
[ 1.          0.00481418  1.18235881  1.01415604 -0.82696036 -0.53990916
  0.48469392  0.39969503  0.11578276 -0.10888476 -0.55228543  0.92076446
 -0.37660424 -0.49733688  0.61191455  0.30797075  1.95539212 -1.00933811
  0.43003361 -0.06298245  2.32937079]
[ 1.         -0.82405937 -0.75507729  0.16048071  0.05133139  2.21412726
  2.45792227  0.94546521  1.91424745  3.44386177 -0.21003451  0.33398232
 -0.01451223  3.35290214 -0.07903149 -2.53447249 -0.60761404  1.75277924
 -2.04698116 -0.01476554  0.43420079]
[ 1.          0.65025425 -1.02630784 -0.91080621 -0.26722674 -1.35277275
  2.4471629  -1.94058582  0.80287371  0.09079372 -0.56317549 -1.44020481
 -3.90521217  1.76428462 -3.08038261  1.39073792 -0.87836003 -1.19822344
 -1.83469387 -0.11691218  0.86692528]
[ 1.         -0.84878514  1.08886043  0.63231604 -0.26259084 -0.39909236
  0.88106193 -0.97892723  0.3834663   0.9036113  -2.33017898 -1.80831385
  1.12545457 -0.25201078  1.3403495   0.81093809 -1.91518985 -0.64285142
  0.47105112 -0.88290403 -0.97562196]
[ 1.          0.56285104 -0.21727047  0.40621733 -0.69893054 -0.59703238
  0.72611019 -1.07673415  0.49733869  0.24791512 -0.78568479 -0.17171801
 -1.05233981  0.29241072 -0.1164252   2.07785201 -1.05258944 -0.01555721
 -0.0937488  -0.13888364  0.44307959]
[ 1.          0.53567171 -0.45264452  0.48479691 -0.70956112 -1.78817499
 -0.44046507 -1.13623313 -0.19709399  0.79114574 -1.94118806 -1.30165935
  0.51609718  1.11165445  0.78896947  1.32174609  0.47733822 -0.48383777
 -0.15098744  0.95097    -1.04902696]
[ 1.         -0.7668507  -0.04622813 -0.44993769 -0.12435897  0.76714433
 -0.11612347 -0.15451888 -0.16795151 -1.61699122 -0.34271291  0.01276187
 -0.07677659 -0.7969685   0.58266912 -0.49384911  0.00701561 -0.35769293
 -0.3211568   2.33738629 -0.7922174 ]
[ 1.          2.2309938   0.94830399  4.29393835  0.53385113 -1.68873366
 -1.1815933   0.5525651   1.18556558 -3.9525554   2.3789482   0.34520427
 -3.35300037  3.23349375  1.76021547 -0.61398718 -4.79301501  0.890602
  0.93125035 -2.24835487 -0.48490082]
[ 1.          1.74618604  0.99683551 -0.12617062  0.04522625 -0.3661928
 -1.09037955  0.07151867  0.68356683  0.61216591 -0.91121179  0.93700982
  0.19778961 -0.24776739 -0.21727531 -0.47917096 -0.01808596  0.51860122
 -0.21319735  0.61029489  0.07263681]
[ 1.         -0.14250074 -0.12480786  0.51282941 -0.49711155  1.16127316
 -1.94498566  1.6258174   1.06448987  0.57111725  0.24220617 -0.95418746
  0.58748687  1.08554653 -0.56777783  0.85238367  0.22897036  0.49660187
 -1.62711579  0.15214202 -0.65690902]
[ 1.         -0.51720333 -1.30931554  0.76501192 -0.96398297  0.72808174
 -1.26291776 -0.73065246 -0.47008718  1.66794458 -0.73182949 -0.09601727
 -2.34979784 -0.50569082 -0.53326828 -1.50126427  1.64926398 -0.92928783
  1.94290291  0.27039535 -1.42587403]
[ 1.         -0.48648649 -0.89849532 -0.55505445 -0.45803569  0.41091525
 -0.43312358 -1.54544079  0.55899238  0.37869315 -0.0789432   1.09831156
 -0.40767548 -0.45112885  0.41136079  1.11711247 -1.00140859  0.5788834
 -0.21703609 -0.46630951  0.48320626]
[ 1.          0.05043214 -0.31729727 -0.478455    0.76606924  0.46295238
  1.68717483 -0.07901899  1.46692775  0.09920459 -0.57674322  0.63550534
  0.9098526   0.47318899  0.03532148 -0.29954175 -0.01682781 -0.40730934
  0.6247819   0.38400053  0.46361986]
[ 1.         -1.15282147 -0.29832762 -1.52812873  1.65298093 -1.70545249
 -0.24539614  0.66300945  1.32495025  1.07853866  0.27693557  1.23965521
 -0.34715341 -1.30622745 -0.97099879  0.03693674 -2.52532119 -1.47098197
  0.44002342 -0.34043705  0.69706731]
[ 1.         -0.96226383 -0.25241706  0.37383927 -0.50386689  1.93038045
 -0.56009232  1.39608572 -0.08580222  1.26848304  1.11833717 -1.8554762
 -0.20494846  1.778971   -0.46791033 -0.2614087  -0.46737849  0.23053207
 -2.037128   -0.84250982  1.29224257]
[ 1.          0.12896658 -1.22102061 -1.07792235  1.15033601  0.54660528
  1.09100248  1.52982011 -0.64991979 -0.79949255 -1.05253304 -0.06693874
 -0.46109144 -0.12037774  1.45151099 -0.50442038 -0.20817279  0.21289227
  0.11118618  0.31820638 -1.0405362 ]
[ 1.         -0.55754767 -0.06186828  0.26606313  1.88365612 -0.67574066
 -1.68579693 -2.12269533  0.56613866  0.3540726   1.70318018  1.44653281
  0.87017337  1.28040184  2.22487801 -1.69649822  2.10632762 -1.24511768
 -0.50072441  0.34507574  1.29656351]
[ 1.         -2.53660453  1.57413476  0.71212225 -0.16921914  0.17093704
  0.53661898 -1.12469966 -1.71270325 -0.22505042 -0.95516896 -0.55252875
  1.09815821  0.02501641  0.36720788  0.68177188 -1.63502518  0.72573456
  0.60441985  2.5701846  -2.07231104]
[ 1.          0.74989239 -0.47761385  0.06860463 -1.96010466 -0.89531064
 -1.0307729   0.48968613 -0.74352645  0.57631957 -1.21722414  0.18310276
 -0.94994725  0.23260178 -0.15147884 -0.84488447  1.44388849  0.03696788
  2.04561713  0.2220898   0.32581984]
[ 1.         -0.53287919  1.05217822  1.11984655  0.57444832  0.37839861
 -0.61427803 -1.26701068 -0.32588999 -1.60126121  1.50730469  1.46104386
  0.18324311  1.81150992  0.56530689 -1.18571939 -0.42017856 -0.40855373
  0.97465543 -1.69959863 -0.70518098]
[ 1.         -0.22714905 -0.5518693  -0.26199885 -0.74965404 -0.5864642
 -0.02759231  0.38767777 -1.33420618  0.84883565  0.93771135  1.78175262
 -0.2054976  -0.39514777 -1.8715957  -0.53437055 -1.02580547 -2.09910151
 -1.26652249 -0.65151398 -0.4312659 ]
[ 1.          0.61177046  0.22140205 -1.23542768 -0.00513969  0.20804229
  1.09751394 -0.75238727  0.98433072 -0.51874792  0.11958895  0.93753719
  0.21935294 -0.188754   -2.84660933 -1.17242577  0.90424397 -1.68497167
  0.2075632  -1.16295226 -2.06765455]
[ 1.          0.16460341 -0.01244171  1.19727462  1.10956488 -0.41303397
  0.28353041  0.08983211  0.79808471 -0.18948322 -0.3443137   0.82859162
  0.73756389 -0.38149557  0.33442665 -0.59971952  0.92321192 -0.96114624
 -0.41985907  1.13387196  1.97152663]
[ 1.         -0.00432272  0.4497521  -0.41816095 -1.62241638 -0.69619503
 -0.06202308 -0.58032549 -0.46247252  0.58985949  0.15015142 -0.79647285
 -1.42153612  0.15782941 -1.23424664 -1.90677558 -0.30448696  1.63537037
  0.1315085  -0.64455854  0.80919635]
[ 1.         -1.12235927 -0.1073732   1.62129455  0.95271868 -0.73743024
  0.82405896  0.34656443 -3.85310968  0.11475373 -0.20144371  1.76780013
  1.87109725  0.30754675 -2.39631845 -0.58569601 -1.04118575 -0.6663327
 -1.58237017  0.14836195  1.69009688]
[ 1.          0.1858009  -0.59684227  0.86665584  0.9451199   0.21360292
  1.41733829  0.82107648 -0.37393676 -0.38417031  0.00537798 -1.13380782
 -1.15037563 -2.12336477 -1.12233194 -1.2260458   1.05336115  0.74032251
  2.30265988  0.09627397  0.73813647]
[ 1.          0.53690205  0.15396929 -0.33723174 -1.35333203 -0.17331862
 -0.05451766 -0.36343836 -0.16940486 -0.34007468 -0.19214397  0.1291894
 -0.83445314 -0.5233644   0.21916446 -0.57515592 -1.16473673 -0.06315612
 -1.04735842  0.56713562 -0.35426225]
[ 1.          0.22085599 -0.74334035 -1.25300746  1.56275267 -1.73211212
  1.08896902 -1.4519359   0.81187244 -1.4066035  -0.68452513 -2.57580312
 -1.55057794  1.57160603 -1.47912383  0.58929863  0.53137445 -1.27940615
 -1.41873884  0.83327389  1.66140722]
[ 1.         -2.44945804  1.14384408  1.50737119  1.05475342 -0.26514499
  0.41853404 -1.98178164 -3.27291497 -0.94151555 -0.29131581  1.87583564
  2.14613424  0.90808626 -0.50824012 -0.98349953 -2.75008733  1.43158062
 -0.87833369  0.486762    0.21830365]
[ 1.          0.24956403 -0.58160225 -1.94761197  1.24450885  0.71025706
  1.16236344  0.47661217  0.13748928 -2.62661928 -1.28967825 -1.25583239
  0.35361603  0.95403249 -0.28372499 -0.71519861  1.13390272 -0.80275303
 -0.36089396 -0.55628282 -0.93115163]
[ 1.          0.68576411 -0.22614986  3.83420213  2.65789247 -0.3999314
  0.97269632  1.98399137  0.33133158 -0.27929044  1.87656177 -1.28699282
 -2.23225688 -2.83741591 -1.29839354  1.08205932  1.25465722  4.24403387
  4.25755192 -1.75916338 -0.50907592]
[ 1.         -1.47615306  0.28204357 -2.33942607  0.84841683 -0.04581681
 -1.28014601  1.65364671  1.56764361 -2.20008323 -0.50749363  2.337623
 -1.41253576 -1.32232036  0.22297574  2.17249357  0.75408465  0.45079173
 -2.1463563  -1.64820012 -0.38229034]
[ 1.          0.15594635 -0.64694387 -0.03872987 -0.15545723  0.83743365
 -0.29744953  0.16910204  0.37505971 -0.89398773  1.32267827 -0.28405564
  1.3825483   0.1417098  -0.11936817  0.29087214 -0.02395889  0.30662987
  0.15475959  0.30614873 -0.52065779]
[ 1.         -0.30959107  0.43365992  1.39763423  0.59848841  0.95448659
 -1.24117757  1.26155303  1.46190807  2.28631439 -1.79259082 -0.6046713
 -0.06428062  0.99291333 -0.93170304 -1.31737627  0.68841844  0.8729467
 -1.1173571   0.49803808 -1.80863377]
[ 1.          0.03132569 -0.91693051 -0.55888265 -1.21261405 -0.08684596
  1.08778726 -1.62042101  0.19916575  1.40731313  0.31405805  0.66457579
 -2.12116505  0.70411407 -3.35541595 -1.54766729 -0.3876859  -0.33551955
 -1.25497981 -1.23115877 -1.07712045]
[ 1.          1.0670359   0.37045425  1.23132723 -1.17700958 -1.13497782
 -0.24006105  0.60448437  0.23688506 -0.44927635 -0.21343197 -0.0718907
 -0.85626824 -0.02367035  0.41267743  0.14570301 -0.39749252  0.36536843
 -0.59148718  0.27205848  1.27836058]
[ 1.          1.03914287  0.83907558 -0.34092158 -0.27245981  0.47885515
  1.3641184   0.42616122 -0.45474295  0.77819236  2.19628961 -0.0087308
 -0.15061362 -1.48612999  0.23537065  0.77340578  0.28546804 -0.59758986
 -0.70597674 -0.05817283 -1.15211672]
[ 1.         -1.72865798  1.67280632 -1.00942078 -0.03425197  0.57978947
 -1.0172085   0.98151078  0.18290688 -1.99640441  0.03703963  1.0332752
 -1.10034781  0.89214252 -0.03898897  1.34482835  2.48153252  0.44829203
 -1.53621364 -1.1402505  -0.26348695]
[ 1.          0.73943875 -1.68530238 -0.3943464  -0.07233987 -0.95234951
 -0.36414989  0.89758819 -2.95647134  0.27077741 -0.94069373  0.87902461
  1.8646944   0.97508963  0.17857251  0.3495963  -0.23629991  0.78751937
  0.03652671 -1.68401761 -0.36563225]
[ 1.          0.14439169 -1.04919409 -0.18752836 -0.63712231  1.61148338
 -0.91090381  0.25073928  1.10146105  0.23042642  1.11672888 -0.28881829
  1.39684208  0.87619071 -0.61701211  1.80609732 -0.59745018  0.11932163
  0.73333759  1.12083304  0.90070164]
[ 1.          0.70946503 -1.09802546 -0.20503951 -0.99901757 -0.0344525
 -0.84529396  0.93688317  0.6009284  -0.48899917  1.25281457 -0.4310686
  1.88304574  0.65389018 -1.39389454  1.49723469 -0.12898859  0.56177048
  1.63893214  1.14640058  0.80649322]
[ 1.         -1.17626961  0.34694017  1.11799678 -0.12864139  1.27785645
  1.05258751 -0.52656536  1.07102109  0.45708572 -0.77453545 -0.60999713
  1.87472149 -0.05055643  0.39728029 -0.06222824 -0.02239975 -1.11415526
  1.49727597 -0.45989532  0.18967099]
[ 1.         -0.68157834  0.23031765  1.55138857  1.17139898  0.27327684
  0.65120782  0.64107185 -0.04061778  0.48142549 -0.49389925 -0.17805211
  0.16795736 -1.45963832 -0.71919362 -0.25299759  1.40075931  1.35227824
  1.33777719 -1.03654493  0.03304258]
[  1.00000000e+00   1.19252591e+00  -6.04249574e-01  -1.44270124e+00
   1.28687323e+00   1.36226306e-01   2.64409331e-01   8.79230180e-01
  -1.86400933e+00  -8.85088613e-01  -1.50312922e+00  -1.50444876e+00
   3.44586768e-01   6.42458160e-01   8.36337728e-01  -2.58823193e-01
  -1.69036069e-03   1.49923616e-01   9.51864522e-02  -1.47285436e+00
  -9.59058610e-01]
[ 1.         -0.8711371   1.19380831  0.46177896 -0.54055054  0.20139187
  0.97096543 -0.61457681 -0.31601154 -0.3645235  -0.0412578   0.48515306
 -0.28654859  0.02140719 -0.20520456  2.55618268  1.42904452  0.28443393
 -0.36204921 -0.72925378 -0.99717324]
