Cluster centers 

[-0.80636402  0.86808672  0.7389902  -1.02492229]
[ 1.43561455 -0.63469404  0.58498035 -1.10800218]
[ 0.68852404  0.1165666  -0.52354692  1.58260327]
[-0.85052502 -1.21684765 -1.4083623  -0.58736972]
[-1.08607305  0.69879089 -0.55946528  0.37510332]
[-0.71718221 -1.30996802  2.28219023 -1.24026311]
[ 1.3111331   0.54404854 -0.27026454 -0.52467066]
[ 0.13531801 -1.09045621  2.0275174   1.14215823]
[ 0.89080793 -0.07495475  0.61341785  0.71689045]
[-0.89679472 -0.18899069  1.7869829  -0.1089381 ]
[-0.8128922  -2.40753059 -1.32427365 -0.75469051]
[ 1.08160407  0.65125136 -0.4581903   0.49254422]
[ 1.58793898 -1.18589538  0.72268241 -1.84581766]
[-1.05343313 -1.14939869 -0.28636821  1.34998316]
[-0.88245982  0.21035555 -1.33347003 -0.41634218]
[ 0.25538708 -0.00219306  0.68708345  1.89021584]
[ 0.55070438 -2.02676247 -0.91981669  1.64019769]
[ 1.41445664  0.63215851 -0.44162552 -1.32589412]
[-0.80324845  1.59706057 -0.19697817 -0.8133015 ]
[-1.07318357 -0.38899583 -0.77655446  0.43322866]
[-1.01308357  0.49766761  1.22561852  0.4365792 ]
[-1.12782794  0.80245589  0.17586706  0.84023577]
[-0.43864536  0.02643439 -2.13377685 -1.41094942]
[ 1.52525044 -0.25006126  0.15766383 -1.70511615]
[ 0.33426587 -3.34988173 -0.70262887  1.55441109]
[ 0.09670008 -1.92972786 -0.43773225  2.11153068]
[-1.04464619 -1.06440386 -0.83859306  0.3527126 ]
[ 1.18677032  0.96187086 -1.0374334   0.10357717]
[ 0.72868359 -0.26645806  0.91397937  0.95854401]
[ 1.42797916 -1.199505    0.97279974 -1.12541212]
[-1.01960953  0.94010643  0.73970558  0.04393414]
[ 1.2021882   0.1208823   0.22193573 -0.09481465]
[ 0.91428364  0.40374036 -0.06771887  0.91869029]
[-0.56910284 -0.00782382  1.31961532  1.89513026]
[ 1.03690549  0.58905928 -1.03930442  0.75531871]
[-0.79682937 -0.51910604  1.85779568 -0.97046284]
[-1.03051566  1.19531566  0.33383451  0.03807865]
[-0.70079755 -3.88645649 -1.25149795 -1.25472118]
[-0.14666252  2.08230012 -1.26046428 -1.65236702]
[-0.91860105  0.13883371  1.53687545  1.10824534]
[-0.82914736  0.97646835 -1.28732895 -0.54480274]
[ 0.35483317 -0.2570908  -0.23098276  2.079164  ]
[ 1.61461962 -0.62781957  0.17308859 -2.74409866]
[ 1.30964483 -0.83084089 -2.71219506 -0.88620215]
[ 0.3981518  -0.20072142  1.02381579  1.5091071 ]
[-1.00336202  1.36988437 -0.24912691 -0.08157229]
[ 1.11403737  0.35854939  0.0170134   0.27202533]
[ 0.61849404 -0.38637793 -0.7129313   1.73859641]
[ 1.1941535   1.48711967 -1.14826761 -2.03826797]
[-0.89761589 -1.84098166 -1.21444047 -0.40357647]
[-0.83447984  0.37111278  1.20709299 -0.90870191]
[ 1.43229417 -0.0465056   0.14502643 -1.12260126]
[-0.59084532  0.80107802  0.62454343 -1.73403778]
[ 1.79338302 -2.29906867  0.88916355 -3.30595636]
[ 1.20355752 -0.59386693  0.81408598 -0.26927814]
[-0.58284315 -2.5238299   2.7607606  -1.82359906]
[ 1.26228075  0.98194024 -0.81815535 -0.31102207]
[-1.12735004 -0.13796456 -0.387251    0.95652514]
[-0.82642807  1.58638974 -0.85648381 -0.5986255 ]
[-1.00924627  0.86120647 -0.81960381  0.00589328]
[ 1.3323317   0.18982405  0.05368377 -0.61183839]
[-1.0024199  -2.13967879 -0.67414641  0.51668482]
[-1.00974491 -0.4344921  -1.02308303  0.06617103]
[-0.82178653 -3.12518973 -1.1475037  -0.70687047]
[-0.83389323 -0.64023634  2.10006414 -0.12916208]
[ 0.45488939 -1.38234704  2.00576066  0.75667165]
[-0.95156648  0.59198619  1.12132741 -0.27181738]
[ 0.74656    -1.1152706  -1.11201306  1.46456762]
[ 1.21769576  0.87880399 -1.98201232 -0.22259714]
[-1.06542655  0.19125448  0.32608366  1.5825086 ]
[-0.0961345  -0.78316494 -0.02711404  2.39156891]
[-0.92666962  0.85969621  0.8281076  -0.48414284]
[ 0.87046216 -0.64461304  1.14825389  0.51470136]
[ 1.36633529 -0.27856199  0.40706639 -0.78395874]
[ 0.65713604  0.25259469 -0.01441618  1.51840563]
[-0.93324333  0.19702344  1.48048913 -0.17760651]
[-0.19542085 -0.54599237  1.77963133  1.55629768]
[ 0.90866296  0.17107477  0.3137375   0.79582082]
[-0.67505855 -0.52290616  1.66390082 -1.67978525]
[-0.75898523 -0.81502555 -1.62067055 -0.8385873 ]
[ 1.26934689  1.26415256 -1.28125311 -0.55440995]
[-0.97373697 -1.57589025 -1.02597952 -0.02575778]
[-0.9374235  -0.82795503 -1.22411704 -0.25088756]
[ 1.08291194 -0.48338989 -1.67889599  0.65027294]
[-1.0820167   1.14459728 -0.12621066  0.31536851]
[-1.0699269  -1.24098524 -0.53187879  0.88334011]
[-0.66607233 -1.65498817  2.58983151 -0.66088386]
[ 1.20596297  0.67422271 -0.39927992 -0.01236633]
[-0.75328583  0.28229215 -1.6028543  -0.76112187]
[-0.71419619  1.08218363  0.47585712 -1.30246153]
[ 0.95763139  0.54405879 -0.53263341  0.9209766 ]
[-1.11908724  0.83002217 -0.27487481  0.57668769]
[-0.93962773  1.24076746  0.36178567 -0.41562409]
[-1.02556409  0.04268591 -0.95485088  0.11644683]
[-0.98901973  1.26573028 -0.59818483 -0.09616085]
[-0.87330278  0.76086857 -1.25889207 -0.42767125]
[-0.70466725 -0.24633089 -1.72692534 -0.92071318]
[ 0.6464845   0.0550712   0.55484197  1.30472957]
[ 0.15176744 -3.10993859 -1.99332912 -1.46700214]
[-0.85259662 -0.19166343  1.84093482  0.86823985]

Populations

0.0232855933375
0.0124470126717
0.00832735541199
0.00859165675885
0.0147921135654
0.0178030274418
0.0142275003677
0.0035639464317
0.0131775410884
0.00661203298043
0.0117106374052
0.013385662484
0.0101524293294
0.00376836087356
0.0119273401773
0.0148450078726
0.00155513944758
0.0283927011635
0.0202429200427
0.0173472453851
0.0109523674048
0.0149294145232
0.00346320854576
0.0093264537113
0.00298596160052
0.00990480315261
0.0100694806899
0.0148055455566
0.00962619528031
0.00620880055007
0.0104363445086
0.0273850076172
0.0160328822053
0.00818682100134
0.00939863725353
0.013776385257
0.011990543109
0.00339871807564
0.00214965776371
0.00171029346903
0.00327980437349
0.00981525635654
0.00166090441983
0.00191905742453
0.0141835499747
0.00818799894175
0.0220629294104
0.00601515204126
0.00174426081334
0.00467010574614
0.0186883769107
0.0092514012769
0.00861230570876
0.00185562598408
0.0224314223744
0.00224424948421
0.00937198461423
0.0109320208264
0.0089771600491
0.00531977918341
0.0197273916213
0.00358396023067
0.00864797394769
0.0049888358078
0.00706357249184
0.00146698725255
0.00843694818272
0.00574689759787
0.00432012205773
0.00764762353774
0.00681340853855
0.0173041728908
0.00775187290356
0.00893529040527
0.0159352115735
0.0110975544157
0.0112298200043
0.0205258245516
0.00332294961078
0.0132374906648
0.00843085270881
0.0159949937023
0.0110306851385
0.00398890626607
0.0137612982082
0.00347087698336
0.00170163087016
0.0145154792438
0.00691869235486
0.00710183865181
0.0253347477011
0.00645185895751
0.0122365020992
0.0207212111129
0.0104478000177
0.00952843313019
0.00458210769753
0.00683062512349
0.00338926197964
0.0016621983396

State labels

0
1
2
3
4
5
6
7
8
9
10
11
12
13
14
15
16
17
18
19
20
21
22
23
24
25
26
27
28
29
30
31
32
33
34
35
36
37
38
39
40
41
42
43
44
45
46
47
48
49
50
51
52
53
54
55
56
57
58
59
60
61
62
63
64
65
66
67
68
69
70
71
72
73
74
75
76
77
78
79
80
81
82
83
84
85
86
87
88
89
90
91
92
93
94
95
96
97
98
99

Eigen values

1.0
0.593821907721
0.552037645463
0.526291549823
0.516783522935
0.489763872968
0.473398047823
0.460051540472
0.437502921253
0.433020782547
0.425615737692
0.405007201081
0.398666632424
0.369075486654
0.361499205783
0.342647161507
0.33209234313
0.321520486779
0.314562005436
0.302088626933
0.297525888011

Left eigenvectors

[ 0.02328559 -0.0031199  -0.01665363 -0.01288812 -0.00982038 -0.00069118
 -0.00092834 -0.00641165  0.0360883  -0.01708842  0.02155461 -0.01280986
 -0.01106509  0.02057054  0.00493194 -0.00808966 -0.01333293  0.00634646
  0.00578034  0.02101744  0.00409452]
[ 0.01244701 -0.00217709 -0.0088022   0.01887194 -0.00254212 -0.00900954
  0.0001608   0.01502769 -0.00310457  0.02113575  0.01399315  0.00029298
  0.01660921 -0.0081092  -0.00016017  0.0034271  -0.00059909  0.00041767
  0.01338652 -0.00781015 -0.01062326]
[ 0.00832736 -0.00331617  0.00552644 -0.00031894  0.00975816  0.00546867
  0.00945791  0.00500306 -0.01017578  0.00203817 -0.00916165 -0.01075561
  0.00818414 -0.00062178 -0.02798546  0.00435175 -0.00772045 -0.003309
 -0.01113429 -0.00937857  0.00420481]
[ 0.00859166  0.00661851  0.00632463  0.0108053  -0.01052532  0.00143459
  0.00649793  0.00996717 -0.00253758 -0.00884605 -0.00487006  0.00736269
  0.00549519 -0.0075627   0.00974873 -0.00472514 -0.00672568 -0.00515378
  0.00011949 -0.02987801  0.0024523 ]
[  1.47921136e-02  -4.16390659e-03  -1.22215213e-03  -1.77117260e-02
  -6.34063467e-03   9.68521705e-03   1.61119661e-02  -6.04955450e-03
  -5.04042044e-03  -6.49707664e-05  -3.80204873e-03   1.48202528e-03
  -2.19565350e-02  -7.33252327e-03   4.97048800e-03   1.20546236e-02
  -1.87683103e-03  -2.14810262e-02   1.16343683e-02   2.56703593e-04
  -1.50245891e-02]
[ 0.01780303  0.00721743 -0.00354615 -0.0172137   0.00532059 -0.00430947
  0.0122031   0.0021301  -0.00827484 -0.01135196 -0.02842962  0.00153463
 -0.0087722  -0.02965062  0.01549491 -0.00549499 -0.00915763 -0.00377937
 -0.01982371  0.00563983  0.0040953 ]
[ 0.0142275  -0.00125121 -0.00957376 -0.01426994 -0.01413193  0.00541685
 -0.01981352  0.00257134 -0.01022458  0.00392044 -0.01221403  0.0037785
  0.01032184  0.00741714  0.00710522 -0.00456499  0.01946954  0.00291646
  0.01490287 -0.00017347  0.0028516 ]
[ 0.00356395  0.00248096  0.00735495  0.00181044 -0.00050184  0.00734662
  0.00525118  0.00026681 -0.0001955   0.00164797 -0.00112677 -0.00060549
 -0.0100013  -0.00593257 -0.00118132  0.00422228  0.00626493 -0.00081109
  0.00174236  0.00644668  0.00678629]
[ 0.01317754 -0.00093105 -0.0085128   0.00024477 -0.00388155 -0.00050331
  0.00342321 -0.00625324  0.00939339  0.01018515 -0.0059613   0.00116683
  0.00435892  0.00234546  0.00267479  0.00295576  0.03121368 -0.00787611
  0.0075623  -0.00696645  0.0045456 ]
[ 0.00661203  0.00680862  0.00865103  0.00355339 -0.00337341 -0.00520556
 -0.01511273 -0.00992556 -0.00850617 -0.00401094  0.00293034  0.00269989
 -0.00189296 -0.00396853 -0.00282845  0.01560907 -0.00527921 -0.00623371
  0.00199755  0.00591861  0.00289781]
[  1.17106374e-02   7.13653831e-03   3.18933467e-03  -5.83554919e-03
  -6.55843537e-03  -4.48974175e-03   9.37571200e-03   1.38729633e-02
  -2.46969986e-03  -7.54959444e-03   9.65074735e-04  -1.52879045e-03
  -3.87802275e-03   1.35364715e-02  -6.55854281e-03  -7.75921153e-03
  -1.30067260e-02   4.24874300e-03  -1.05586618e-02  -3.71830467e-05
   1.77786666e-03]
[ 0.01338566  0.0006958  -0.01160806 -0.00488208 -0.00528263 -0.00050913
 -0.01035536 -0.00436671  0.01671613  0.01221075 -0.01817033  0.02326951
  0.00298207  0.00742941 -0.00095826  0.00213175  0.01349334  0.00508766
 -0.00155523 -0.00048227  0.0006846 ]
[  1.01524293e-02   2.11254615e-03   2.48661971e-03   8.13975866e-03
  -1.08549481e-03  -6.62528846e-03  -5.78713155e-04   1.69398032e-02
  -7.67816142e-03   1.03030062e-03   3.12777169e-03   6.42671694e-04
   3.38238783e-03   3.09362152e-03  -3.11999163e-03  -4.10570050e-03
   6.07497143e-03   1.91967427e-03  -4.22740554e-05  -2.14860442e-02
  -1.53690953e-03]
[ 0.00376836 -0.04453072  0.0277517  -0.00705632 -0.00603189 -0.01458318
 -0.00176457  0.00534896  0.00529346 -0.0060057  -0.00613697  0.00207029
  0.00689709 -0.00064766  0.00425229  0.00247314  0.00155641  0.0062593
  0.00053081  0.00162335  0.00169963]
[  1.19273402e-02  -1.11458518e-03  -2.25839288e-03  -2.88513558e-02
  -1.40477408e-02   1.19305665e-02   5.78694501e-03   2.14116389e-03
  -5.77775977e-03  -6.00677213e-04   2.10784512e-02   2.00774773e-03
  -8.65637980e-03  -1.43109134e-03  -1.47089617e-03  -6.95127205e-05
  -1.80973525e-02   1.92014693e-03   5.78106251e-03  -5.04614591e-03
  -2.48241803e-03]
[ 0.01484501  0.00813247  0.0040075  -0.01726012  0.03881606 -0.02881734
  0.01036526  0.01472986 -0.02062846  0.01461141  0.01049424  0.00573558
 -0.00028079  0.01398517  0.01434722 -0.02301852  0.01821399 -0.01751083
 -0.0047812  -0.00546171  0.01735469]
[ 0.00155514  0.0018999   0.00386915 -0.00082594  0.00043391  0.00081701
 -0.00083778 -0.00080302  0.00104641  0.0005033  -0.00336249 -0.00481058
  0.0039365  -0.0014008  -0.0089106   0.00272921 -0.00269417 -0.00704386
  0.00092793 -0.00247181 -0.00190866]
[ 0.0283927  -0.00150615 -0.01411949  0.0106014   0.00499536  0.01237424
 -0.02307398 -0.01536102  0.03264039  0.0130732  -0.01534192  0.03030787
  0.02442749  0.01315266 -0.01495403 -0.00278367  0.00484738  0.01304751
 -0.01269572 -0.01280015  0.01797402]
[ 0.02024292  0.00430879 -0.0174693  -0.01577871 -0.00516525 -0.03586842
  0.01157652  0.00340402  0.00903372  0.03098685 -0.01787748  0.00647251
 -0.02777194  0.00124348  0.0069746   0.01975798 -0.01071692  0.02271887
 -0.00812288  0.01112038 -0.01179351]
[ 0.01734725  0.00850604  0.00466277 -0.00634787 -0.02004798 -0.00338281
 -0.00465707 -0.0186448  -0.00185299  0.00102373  0.01042499  0.00461657
  0.0025     -0.01163856 -0.00486172  0.0212553   0.01885137 -0.00764414
 -0.01527742 -0.01613312  0.00920598]
[ 0.01095237  0.00354271  0.01062101  0.00423875  0.00179394  0.01173537
  0.01322267 -0.00502145 -0.00489183  0.00665482 -0.00466447 -0.00479382
 -0.00488988 -0.00708927 -0.00760208  0.01128176  0.01704513 -0.00113115
 -0.01720873  0.00929519  0.02915413]
[ 0.01492941  0.01189653  0.00402413 -0.01846142  0.00998068 -0.01490878
  0.00842033 -0.00932217  0.00517644  0.00253632 -0.01051071 -0.00695012
  0.00791672  0.00794106  0.01928342  0.00694181  0.02115805  0.01568425
  0.00185106  0.00674364  0.00062588]
[  3.46320855e-03   3.60140153e-03   3.52642898e-03   4.44103637e-05
   2.47795924e-04  -7.70235514e-04  -1.10870421e-02  -2.49133923e-03
   7.23078721e-03   1.68759587e-04  -1.28884810e-03   3.32275727e-03
   8.31239824e-03   1.25544496e-03  -6.60669951e-03   2.63051873e-03
  -3.90662951e-03  -1.00451687e-02  -6.89762953e-03  -5.98641611e-04
  -6.55421497e-03]
[ 0.00932645 -0.00023407 -0.00359309  0.00415463  0.00216022  0.00590943
  0.00306391  0.00142792  0.00734961 -0.00109503 -0.00717837 -0.01089045
  0.00569718 -0.01239459 -0.00251195 -0.00062021 -0.00209162 -0.01287617
  0.01162139  0.01612975  0.02307263]
[ 0.00298596 -0.00079306 -0.00101838  0.00291725 -0.00061797  0.00230797
 -0.01195487 -0.0032782  -0.01116576  0.00397905 -0.00559609 -0.00439941
 -0.00132026  0.00139238  0.00526432  0.00551453 -0.00505244  0.00086057
  0.00979133  0.00028689 -0.00024631]
[ 0.0099048  -0.00018239 -0.00279379 -0.01405559  0.03660214  0.00621968
  0.01245885  0.00497802 -0.01082245 -0.01439237 -0.00233964 -0.00172394
  0.02072123 -0.00601432 -0.01041195  0.01931608  0.00463749  0.01370322
  0.00288235  0.00113848 -0.01523718]
[ 0.01006948  0.00678167  0.01460438  0.0130912  -0.00077098  0.01105395
  0.00233156  0.01128641 -0.00027912 -0.00121709 -0.0024911   0.0121918
 -0.00926271  0.00081169 -0.00321336  0.00159417  0.00219485  0.01604624
  0.00071377  0.00222007  0.02082288]
[ 0.01480555 -0.00804556 -0.01173066  0.01526421  0.00251772 -0.02351897
  0.00914733  0.00344282  0.00066258  0.03119869  0.01543794 -0.0032536
  0.00565778 -0.00791771 -0.01443344  0.00069898 -0.01975984 -0.00559256
  0.01214768  0.01381307  0.00422774]
[ 0.0096262   0.006217    0.00134294  0.00402811 -0.01320967  0.00186194
  0.00551756  0.02032367  0.00619698 -0.01235293  0.00477306 -0.02296609
  0.01364535  0.03937852  0.01600922  0.00316109 -0.00230539 -0.00527674
 -0.01650298  0.0132127  -0.00250769]
[ 0.0062088   0.00689872  0.00865694  0.0132041  -0.00653358 -0.00225655
  0.00310132  0.024658   -0.00268293 -0.00638464  0.00504281 -0.00129901
 -0.00297039  0.00390588  0.00113579 -0.00083933  0.00795122  0.00935148
  0.01147816  0.0020992  -0.01171735]
[ 0.01043634  0.00090007 -0.00402977 -0.01020229  0.01189258  0.00385597
  0.00779707  0.00544848 -0.00354764 -0.0161418  -0.01288533 -0.0133215
  0.00272093 -0.01331267 -0.01135143  0.00016392 -0.00716116 -0.00571725
 -0.00525743  0.00147445  0.00049135]
[ 0.02738501  0.0021615  -0.0146161   0.00419664  0.00644619 -0.01134065
 -0.03776148  0.01747167  0.00383069 -0.02569738 -0.00071818  0.0144781
  0.01986557  0.00974815  0.000416    0.00989165 -0.00419005 -0.02244764
 -0.01810949  0.02220261 -0.00071013]
[ 0.01603288 -0.0063683  -0.00038094  0.01542871  0.01702938  0.02676207
  0.01470589 -0.0153616   0.00580012 -0.00487913  0.02263793  0.00589151
  0.02557697 -0.02053981  0.02175921 -0.01061968 -0.0050094   0.02604504
 -0.01312698  0.01886245 -0.02251101]
[ 0.00818682  0.00410519  0.00017644 -0.01250212 -0.00889308 -0.00520263
  0.00834254 -0.00836559  0.00362272  0.00506437  0.00658506 -0.00639442
 -0.00901733 -0.00837121  0.01130127  0.02555582 -0.00454308  0.00771177
 -0.01125905 -0.01934743  0.00386538]
[ 0.00939864 -0.00138596 -0.00167426  0.01491598 -0.00094275  0.0098425
  0.00157212 -0.00155207  0.00153298  0.00388122  0.01131511  0.00352235
  0.01661919  0.01235144  0.01433834  0.00475023 -0.00053356  0.00834978
 -0.01229476 -0.0053142  -0.00585444]
[ 0.01377639  0.00475977 -0.00832763 -0.00235543 -0.00976441 -0.0087845
  0.00764237 -0.00138387  0.01269559 -0.00467651 -0.00910872 -0.01855546
  0.01147678  0.01083023  0.01050108  0.00382152 -0.00210112 -0.00328384
  0.01488508  0.000216    0.02019869]
[ 0.01199054 -0.00063619 -0.00043805  0.00822054 -0.0082031  -0.00458655
  0.02283508 -0.03767264 -0.01229011 -0.00766628  0.00217827  0.00410938
  0.00352977  0.01623717  0.00077832 -0.01335356  0.00887919  0.00462627
  0.00619495  0.00386519 -0.02508451]
[ 0.00339872  0.00279964 -0.00085524 -0.01783536 -0.01665197  0.00478382
 -0.00532259  0.00254602 -0.0118593   0.00382315  0.01011305  0.00544813
  0.01081761 -0.00699375 -0.00719628 -0.00720398  0.0062852   0.0074616
  0.00032144  0.0052967   0.00359174]
[  2.14965776e-03   1.30481918e-03  -1.00191680e-04  -5.44985705e-03
   9.52066415e-03  -5.61486934e-04   4.24767777e-03  -9.87659449e-05
  -2.08214510e-03  -3.46944147e-03  -2.29103713e-03  -1.64275203e-03
   7.36714669e-03  -4.53483379e-04   2.23154604e-04   7.90480099e-03
   5.88538593e-03   8.21549756e-03   1.45827779e-03   1.93153410e-03
  -5.80896640e-03]
[ 0.00171029  0.00070737  0.00069326  0.00390272 -0.00248586 -0.00498174
  0.00393968 -0.01041045 -0.006944   -0.00462681  0.00290283  0.00360479
  0.00013634  0.00400579 -0.00153908  0.00024913  0.00065508 -0.00277724
  0.00261448  0.00708867 -0.00333884]
[ 0.0032798  -0.00291639 -0.00275128 -0.00035233  0.00224678  0.00630718
 -0.00569769 -0.00250526 -0.00387308  0.00094121 -0.00512688 -0.00729043
 -0.00608378  0.00560816 -0.00481481 -0.00633132  0.00051551  0.00371823
  0.00248002 -0.00295797  0.00041756]
[ 0.00981526 -0.00636316 -0.00264622 -0.01654685  0.02081019  0.01703011
  0.0027753   0.00493307 -0.01054129 -0.00574295  0.01737805  0.01364547
 -0.01095217  0.01083417  0.00721281  0.01619574 -0.00641156 -0.01857352
  0.01819665 -0.0118749  -0.00986242]
[  1.66090442e-03   2.53208304e-03   3.83967668e-03   4.73911032e-03
  -2.66910558e-03   1.24372211e-03   3.17132885e-03   9.04725201e-03
  -8.44530917e-05  -2.25774508e-03   1.58922802e-05  -1.05696646e-03
  -2.88181306e-03  -1.53147258e-03   7.46543767e-04  -1.69044691e-03
   4.68970140e-03   3.62558961e-03   8.26118379e-03   2.39178842e-03
  -7.32588075e-03]
[ 0.00191906  0.00111726 -0.00158432 -0.00409735 -0.00236845 -0.00489282
  0.00315281 -0.00158392  0.0019499   0.00492283 -0.00047898 -0.00088638
 -0.0060046  -0.00227546  0.00436081  0.01099885 -0.0031272   0.00620317
 -0.00518375 -0.00502873 -0.00062564]
[ 0.01418355 -0.00014778 -0.01292156  0.00271489 -0.00723241 -0.0095236
 -0.01739412 -0.00686498 -0.00869782  0.00325042 -0.01377449 -0.01868077
  0.00109411 -0.00054707  0.0058896  -0.00204255  0.004061    0.02004266
  0.02538174 -0.01143012 -0.00484182]
[ 0.008188    0.00428374  0.00252194 -0.00145114 -0.00320558  0.00424559
  0.00451458 -0.00116779  0.00523769 -0.00336857 -0.01452869 -0.01452962
  0.00575437 -0.0030769  -0.00880929  0.00556894  0.0041595  -0.00971184
  0.02185295  0.00215926  0.00836194]
[ 0.02206293 -0.0072859  -0.02199738  0.00863348  0.02001375 -0.01073257
 -0.007248    0.01120794  0.00202136 -0.0007577   0.0106914  -0.00599111
  0.01353862 -0.01485922 -0.00854748 -0.00411338 -0.00288681 -0.01055694
  0.00329242  0.00277312 -0.00120607]
[ 0.00601515 -0.00329559 -0.00527493 -0.00100982  0.00275782 -0.00244502
 -0.00309488  0.00072645  0.00655291 -0.0112781   0.00763248 -0.00473668
 -0.00611958 -0.01228361  0.00493425 -0.00908004 -0.00465649 -0.00297811
 -0.00199754  0.00987577  0.00903829]
[ 0.00174426 -0.00095634 -0.00071783  0.00181895  0.00056911 -0.00222996
  0.00317147  0.00131955 -0.00151212  0.00643817  0.00205201 -0.00284315
 -0.00133631  0.00206321 -0.00668773 -0.00236039 -0.00715906  0.00084131
 -0.0010186   0.00312895  0.00122342]
[ 0.00467011 -0.0046663  -0.00306901  0.00331074  0.00016708  0.00873323
 -0.01586381 -0.00305327 -0.01840477  0.00813838 -0.01028661 -0.01174928
 -0.00433751  0.00548586  0.00798165 -0.00086672 -0.00550807  0.00397274
  0.00427332 -0.00144716 -0.00204204]
[ 0.01868838 -0.00074526  0.00801658  0.01291537 -0.00503182 -0.00020064
  0.01762017 -0.01802365 -0.00706658  0.01114754 -0.0007689   0.00669538
  0.00653964 -0.00689705 -0.01153     0.00107045  0.03999574 -0.01246443
 -0.00613961  0.00197054  0.01112403]
[ 0.0092514  -0.00108945 -0.0109592   0.00902493 -0.00038093 -0.01926721
 -0.00792498  0.00524512 -0.00335894  0.00923439  0.00526344 -0.00357611
 -0.00136772 -0.0077049  -0.00402594  0.00663765 -0.00198741  0.01120363
  0.01309571 -0.00050532 -0.0056922 ]
[ 0.00861231 -0.00174167 -0.00705331 -0.00471773  0.00872899 -0.00023518
 -0.00433953  0.00576039  0.00471532 -0.01491847  0.00669057  0.00313665
 -0.01150936  0.00786996 -0.01656576  0.00288942 -0.00105751 -0.00344573
  0.00178129 -0.00113605 -0.00365087]
[  1.85562598e-03   1.71189080e-03   9.07433681e-04  -4.09946636e-03
   9.38885984e-03  -7.35490537e-03   2.73693132e-03   4.00223109e-03
  -5.89380614e-03   4.21787140e-03   3.08207448e-03   1.77020878e-03
  -8.80414851e-05   4.73655550e-03   4.96101223e-03  -8.39730999e-03
   6.85577120e-03  -6.80782221e-03  -1.89994479e-03  -2.25997753e-03
   7.29125291e-03]
[ 0.02243142  0.00922623  0.00139428  0.01668128  0.00287323 -0.03874033
 -0.02662369  0.01505961 -0.02112993 -0.02996385  0.01692038  0.016409
 -0.02502676 -0.01107234 -0.00472722  0.01405534  0.00577047 -0.00189343
 -0.0076329   0.02557137  0.00371032]
[ 0.00224425 -0.00376731 -0.000158   -0.00425042  0.00485662  0.00430381
 -0.0006967   0.00192507 -0.0013953  -0.00389792  0.00822352  0.00419614
 -0.00557224  0.00380436  0.0019156   0.00428961 -0.00249833 -0.00583301
  0.00673266 -0.00872147 -0.00285117]
[ 0.00937198  0.00038095 -0.00805296 -0.00262916 -0.00185391 -0.00093523
  0.00273092  0.00591875  0.00372427  0.0096598  -0.02307438  0.02277696
 -0.00960335 -0.00988585  0.00761766 -0.00748938 -0.001076   -0.00580228
 -0.01228012  0.00352357 -0.01076775]
[ 0.01093202 -0.00169501 -0.00178338  0.00588248  0.00322338  0.00405654
 -0.01010988  0.00176374 -0.00190898 -0.00895359 -0.01033241  0.01839315
  0.00734781  0.00649398 -0.01361821 -0.00311768 -0.00451795  0.00659717
 -0.0007201  -0.00988668  0.02017013]
[  8.97716005e-03  -2.00108999e-04  -3.48302968e-03  -1.16346732e-03
   1.05136883e-02   6.65914798e-03  -5.20982245e-03  -2.61863785e-03
   8.50034306e-03  -5.12514666e-03  -7.54847310e-03   2.53944599e-03
  -2.43358110e-05   1.14615375e-02  -2.16365599e-02   6.16800726e-03
   1.13800243e-02   1.22919285e-02   1.36187300e-02  -1.77219190e-03
   7.64896234e-03]
[ 0.00531978 -0.00401354 -0.00406925 -0.00090126 -0.00019573 -0.00010563
 -0.00375521 -0.00411605  0.00558246 -0.00815124  0.00821903 -0.00494911
 -0.01108145  0.00221894 -0.01330324 -0.00452229  0.01299928  0.00165098
 -0.00363009 -0.01372616 -0.00640157]
[ 0.01972739 -0.00186322  0.0073471   0.0007349   0.00329622  0.00779158
  0.02206484  0.00928327 -0.01635755  0.02087798 -0.00146704 -0.02224155
 -0.02041678  0.02894358 -0.03594913 -0.01984075 -0.02748332  0.01421169
 -0.02464242  0.00250496  0.0025079 ]
[ 0.00358396  0.01093249  0.02046079 -0.00444299  0.00849698 -0.00318761
 -0.01142115 -0.00761385  0.00836098  0.00900427  0.00465641 -0.00289002
 -0.00118092 -0.00058839  0.00327181 -0.0113143  -0.00429192  0.00019892
  0.00406472 -0.00147645 -0.00417619]
[ 0.00864797 -0.02708474  0.01183833  0.00051328 -0.00118684  0.00078086
  0.00626096 -0.0046547  -0.00887074  0.012663   -0.008142   -0.00249993
  0.00132522 -0.00015552 -0.00416367  0.00034851 -0.00194389 -0.01372476
 -0.00045814  0.00760916 -0.00619577]
[  4.98883581e-03  -1.01517626e-03  -4.59685887e-03   2.38857134e-03
   7.65279884e-06  -1.71933226e-03  -1.55795166e-02  -2.26024693e-03
  -1.25816369e-02  -7.23185921e-03  -7.21586999e-03  -1.49331142e-02
  -8.67032049e-03  -5.74716184e-03   8.75202776e-03  -3.72552004e-03
   4.82426581e-03   5.21803451e-03  -1.39087573e-02  -1.13946778e-03
  -5.46862469e-03]
[ 0.00706357 -0.00062241 -0.00035682  0.00056953 -0.00518467  0.00333942
  0.00898337 -0.00762783  0.00334181 -0.00265271  0.00452429 -0.00754919
 -0.01167086  0.00747552 -0.00628259 -0.00429655  0.01307286 -0.00250304
 -0.00046107 -0.00598544 -0.01272464]
[  1.46698725e-03   3.18191009e-04  -1.03589235e-03   1.73360907e-03
   1.98525246e-04  -3.27031106e-03  -6.43476015e-03   4.93218868e-04
  -5.59295756e-03  -4.70258846e-03  -8.85618437e-04  -3.55000167e-03
  -5.15762611e-03  -3.16450743e-03   2.80912080e-03  -1.92093370e-05
   2.57709293e-03   1.98476451e-03  -6.83228188e-03   2.48241286e-03
  -2.04278258e-03]
[ 0.00843695 -0.00805989 -0.00971617  0.00123564  0.00449922  0.00391274
 -0.01151767 -0.00814187  0.00096987 -0.01156129 -0.00181456 -0.01866993
 -0.00864607 -0.00920022 -0.00791677 -0.02240735  0.01065269  0.00416565
 -0.00624223 -0.01133677 -0.00457763]
[ 0.0057469  -0.00246028 -0.00644988  0.00643525  0.0034796  -0.00268038
 -0.0002059   0.00254759  0.00421627  0.00379159  0.01127374 -0.00020471
  0.01026891 -0.00528346  0.0008766  -0.00163207 -0.00731077  0.00120421
  0.00212306  0.01073649 -0.0063791 ]
[ 0.00432012  0.01056592  0.01618368 -0.00894028  0.01307707 -0.00850581
 -0.00612547 -0.00674717  0.00554321  0.00912     0.0023617  -0.00308516
  0.00071913  0.00141561  0.01033392 -0.01568893 -0.00127792  0.0045523
  0.00612094 -0.00259976 -0.00024115]
[  7.64762354e-03   7.79427255e-03   2.56868820e-03  -1.86933383e-02
  -1.65641217e-02   5.72743338e-04  -3.96909718e-04   9.74150949e-03
  -5.47794060e-03   2.83155378e-03  -1.22772457e-03  -1.09489483e-03
   8.60646119e-03  -7.57728640e-05  -1.90911547e-03  -5.11487432e-03
  -4.65754916e-03  -5.16945961e-03  -8.84679714e-03   7.37361837e-03
  -7.24267557e-03]
[  6.81340854e-03   9.47976858e-03   1.53815521e-02   8.71591043e-03
  -4.08674251e-03   3.35024979e-05  -1.11298827e-03   7.21495313e-03
   7.11459740e-04  -5.13121723e-03   8.77965178e-04   2.45665517e-03
  -3.79630024e-03  -8.74717882e-03  -2.25428185e-03   7.52080654e-04
   2.82866411e-03   7.84916529e-04   6.67223834e-03  -4.01355411e-03
  -6.68653659e-03]
[  1.73041729e-02   4.06293430e-03   8.58695530e-03   9.46638670e-03
  -1.19167953e-02   4.21014419e-03   9.83829825e-05  -8.92240382e-03
   1.38332151e-03  -5.37710404e-04   1.76186965e-02  -1.84380241e-02
  -1.98475394e-04   1.01811567e-02   1.22215337e-02   1.88190567e-02
   1.19141416e-02  -8.37674734e-03  -2.80278642e-02  -1.34384324e-02
   1.31753194e-03]
[ 0.00775187 -0.00608817 -0.00900434  0.00082197  0.00326131  0.00749109
 -0.00037217 -0.00643323  0.0139506  -0.00915393  0.00981556 -0.01343034
 -0.00148176 -0.01841602  0.01002727 -0.01668546 -0.00370319 -0.00528792
  0.00318464  0.01223338  0.01293162]
[ 0.00893529  0.00135041 -0.00173849  0.00106319 -0.00723224  0.00295878
  0.0003969   0.01078206 -0.00540267  0.01420169 -0.01048854  0.00949002
  0.00312647 -0.00069354 -0.00140334 -0.00678411  0.00837193 -0.00392107
  0.00120464 -0.00094401 -0.00780904]
[ 0.01593521  0.01340403  0.01146927 -0.01041246  0.00464204 -0.00048618
  0.0021873  -0.00992587  0.00525493 -0.00965397 -0.01222771 -0.00134731
  0.00358251 -0.01194137  0.00405274 -0.00063527 -0.02381199  0.02480219
  0.00973143 -0.00516114  0.00474701]
[ 0.01109755 -0.0062671  -0.00255392  0.00532107 -0.00514177 -0.00561504
  0.01471409 -0.0076896   0.00223254  0.01196989  0.00543042 -0.00836866
 -0.00296884 -0.00730855  0.00119207  0.00261925  0.00041555 -0.0110843
  0.00497234  0.0021885  -0.00827187]
[ 0.01122982 -0.0049466  -0.01131879  0.00423349  0.00178146 -0.00925071
 -0.00581466 -0.0006677   0.01183586  0.00420446  0.00829642  0.00310972
 -0.00261239  0.00603298 -0.01413806  0.00470068  0.01041814  0.01024536
  0.0019612  -0.00325468 -0.00254801]
[ 0.02052582 -0.0282823   0.00438058 -0.00499456  0.00047061  0.00141762
 -0.01266032  0.00567682  0.01241495 -0.01918488  0.02727728  0.00133769
 -0.01749009  0.00211052 -0.00323366 -0.00889025 -0.00122499  0.00656123
 -0.00105844 -0.0232912   0.00630888]
[ 0.00332295 -0.00630131  0.00295114  0.00252972  0.00185337  0.00835517
 -0.00211593 -0.00275506 -0.01011293  0.0095629  -0.00327699 -0.00531795
 -0.00322192  0.00703033  0.00129954 -0.00037818 -0.00713729  0.00164916
 -0.00447153  0.004815   -0.00129248]
[ 0.01323749  0.01136798  0.03201795  0.01170314  0.00741551  0.01642832
 -0.00973326 -0.00180872  0.00414837  0.00472669  0.01143611  0.00481144
 -0.02196947 -0.00105556 -0.00311714  0.00445924  0.00341255  0.01613534
  0.00196908  0.01009531  0.01698086]
[ 0.00843085 -0.00260272 -0.00563933  0.006358    0.00234099  0.00361588
 -0.00026264  0.00068486  0.00321223 -0.00146244 -0.00738218  0.01683403
  0.00599336 -0.00849012  0.00013129 -0.01490292 -0.00341505 -0.003409
 -0.01607422 -0.00200057 -0.01165533]
[ 0.01599499  0.01140345  0.01864741  0.01467697 -0.00996761  0.01678108
  0.02050303  0.01817711  0.005771   -0.00284242 -0.01201491 -0.00484778
 -0.01425258 -0.01993408  0.00229335 -0.00877043  0.00987192 -0.00079702
  0.02077918  0.00840701 -0.01239695]
[ 0.01103069  0.00124642 -0.00840684 -0.00544056 -0.00314296 -0.00270296
 -0.00122783 -0.00836523  0.02165204 -0.00129826 -0.00917633  0.00864265
 -0.00416696  0.02013432 -0.00370997 -0.0003725  -0.0023705   0.00870276
  0.00802281  0.0138942  -0.00332158]
[  3.98890627e-03   2.09904077e-03  -6.21463044e-04  -5.69013755e-03
   9.43653032e-03   6.11372482e-05   1.86880738e-03   1.51704753e-03
  -2.80227554e-03  -8.54714648e-03  -6.08898339e-03   7.85077209e-04
   6.83278042e-03  -7.28407168e-03  -1.21326499e-04   6.28837349e-03
  -4.64032972e-03   6.20803978e-03  -2.67647239e-03   3.01433080e-03
  -4.08793612e-03]
[ 0.0137613  -0.00463631  0.00874012  0.01091462  0.01301837  0.03437694
 -0.00300266 -0.01073914 -0.00239546  0.01186345  0.01392394  0.01068193
  0.00111022  0.00845706  0.0173062   0.011349   -0.0031396   0.00994853
 -0.01366698  0.01166142  0.00596093]
[  3.47087698e-03  -5.22683653e-03  -3.46112722e-05   3.09027952e-03
  -3.93627732e-04   8.23600355e-04   3.23694532e-03  -8.34364944e-03
  -3.08286856e-03  -1.37923885e-04  -3.06627510e-03   3.54329336e-04
   8.62815754e-04  -2.11474949e-03  -3.77087045e-03  -1.09031674e-02
   7.44824710e-03  -3.88445838e-03  -5.50207974e-03  -5.86484057e-04
  -9.53511176e-03]
[ 0.00170163  0.00104546 -0.00067959 -0.01239095 -0.01000131  0.00418236
 -0.00194014  0.00171669 -0.0077239   0.00210971  0.00947932  0.00371909
  0.00523823 -0.00501729 -0.00527046 -0.00527412  0.00084478  0.00623198
  0.00156749  0.00319396  0.00242446]
[ 0.01451548 -0.00939224 -0.00550771  0.0095498   0.00758984  0.01774843
 -0.01483523  0.00647189 -0.01601869  0.01454889 -0.00819393  0.01147784
  0.00390631  0.00348132  0.01323392  0.00837156 -0.01023105 -0.01355408
  0.01450129  0.00558463  0.00323489]
[ 0.00691869  0.01477987  0.02253864 -0.0044604  -0.0026478  -0.00307627
 -0.01791919 -0.00851534  0.01067769  0.00424025  0.00121709 -0.00455978
  0.00942072 -0.00388164 -0.01212589  0.00416318 -0.00932674 -0.01985664
 -0.00564902 -0.00401287 -0.01909515]
[ 0.00710184  0.00078418 -0.00118333  0.00203077 -0.00400393  0.00287721
  0.00405772  0.00686525  0.00271046 -0.0024629  -0.01030579  0.01741769
 -0.01266256 -0.00932193  0.00590781 -0.00787774 -0.00482853 -0.01100373
 -0.00372954 -0.00176705 -0.01153198]
[ 0.02533475 -0.00524943 -0.01006441  0.02244183 -0.00653558  0.00063768
  0.00616113  0.00488514 -0.00039117  0.01690249  0.01136465 -0.01408464
  0.02111408 -0.01996315  0.00767609 -0.00216004 -0.01548459 -0.0004018
 -0.00405652 -0.03966394 -0.00016484]
[ 0.00645186  0.00535533  0.00210628  0.00403558 -0.00601979 -0.00801218
  0.00985806 -0.01117639 -0.01000862 -0.01835768 -0.00941982  0.00976405
  0.00614051  0.00395245  0.00356833 -0.0092687  -0.02042314  0.00357661
  0.00807539 -0.01462989  0.01633018]
[ 0.0122365   0.00871201  0.00172378 -0.0090848  -0.01606108  0.00470971
  0.00411699  0.01572062  0.00301902 -0.01155267 -0.01057721 -0.01867743
  0.01656417  0.01745516  0.01543277  0.00180865  0.00391205 -0.01757628
 -0.0035003   0.00789346  0.00041476]
[ 0.02072121 -0.01322433 -0.01055834 -0.01792901 -0.00342849  0.02785821
 -0.00619071 -0.00735335  0.01028755  0.00074762 -0.00508444  0.01401067
 -0.01562774  0.00866171  0.02175286 -0.00316018  0.00152875 -0.0294106
  0.01574232  0.00647417  0.00198675]
[ 0.0104478  -0.00142295 -0.00554077 -0.00050251 -0.0011141  -0.00334499
  0.00330263  0.0070216   0.01273842  0.00402636 -0.00508782  0.01497736
 -0.01820016  0.00859322 -0.0100215  -0.00680611 -0.01426723  0.00730623
 -0.00707707  0.0069801  -0.0014055 ]
[ 0.00952843 -0.00552931 -0.00882985  0.00349374 -0.00243884 -0.00498101
  0.00620638 -0.00359689  0.01088373  0.00680498  0.01204952 -0.0144931
  0.00325993 -0.01562291  0.00755172  0.00101873 -0.00435677 -0.00676016
  0.00555954 -0.0121842   0.01245334]
[ 0.00458211  0.0066      0.00661309 -0.00374234 -0.00102507 -0.00150366
  0.00020858 -0.00214693  0.00800464 -0.00115869 -0.00554337 -0.00149301
  0.00098383  0.0014869  -0.00122958 -0.00012249 -0.00387324  0.00276315
  0.00381075  0.00388492 -0.00850363]
[ 0.00683063  0.00372081  0.00330922  0.01172886 -0.00558902 -0.01688711
  0.00188031 -0.01679118 -0.01727334 -0.01164171  0.00863349  0.00932612
 -0.00157941  0.0025543  -0.00489164  0.00830121 -0.00332698 -0.00977752
  0.00303974  0.01491276  0.00637091]
[  3.38926198e-03   1.97781782e-03   2.24068076e-03   6.83233316e-03
  -1.90516838e-03   3.17826619e-03  -4.96795889e-04   5.13243895e-03
  -4.49403133e-05  -3.39227088e-03   6.21968347e-04   6.22651175e-03
   4.63287288e-03   1.89538969e-03   5.40583326e-03   1.14730695e-03
  -2.00180914e-03   2.59594068e-03  -5.00500123e-03  -8.37128068e-03
   4.89825395e-03]
[ 0.0016622   0.00106887  0.00042828  0.00207183 -0.00259473 -0.00273451
  0.00603581 -0.00884358 -0.00487895 -0.00662454 -0.00244804  0.00377269
  0.00257719  0.00445396  0.00140389 -0.00617396 -0.00592177  0.00242372
  0.00464278 -0.00524446  0.00103232]

Right eigenvectors

[ 1.         -0.13398419 -0.7151904  -0.55348062 -0.42173617 -0.02968256
 -0.03986758 -0.27534845  1.5498124  -0.73386219  0.92566276 -0.55011959
 -0.47519054  0.88340208  0.21180223 -0.34741061 -0.57258294  0.27254869
  0.24823694  0.90259418  0.17583908]
[ 1.         -0.17490892 -0.7071736   1.51618239 -0.20423549 -0.72383165
  0.01291905  1.20733339 -0.24942253  1.69805827  1.12421777  0.02353794
  1.33439313 -0.65149771 -0.01286803  0.27533532 -0.0481311   0.03355572
  1.07548025 -0.62747182 -0.85347882]
[ 1.         -0.39822623  0.6636487  -0.0382998   1.17182023  0.65671195
  1.13576423  0.6007983  -1.22197042  0.24475583 -1.10018686 -1.29160011
  0.98280205 -0.0746676  -3.36066635  0.52258522 -0.92711966 -0.39736459
 -1.33707381 -1.12623672  0.50493971]
[ 1.          0.77034172  0.73613638  1.25764978 -1.22506322  0.16697497
  0.75630709  1.16009929 -0.29535398 -1.02960883 -0.56683553  0.85695837
  0.63959612 -0.88023772  1.13467416 -0.54996901 -0.78281547 -0.59985888
  0.01390781 -3.47756148  0.28542752]
[ 1.         -0.28149504 -0.08262187 -1.19737629 -0.42864967  0.65475545
  1.08922677 -0.40897161 -0.34075052 -0.00439226 -0.25703215  0.10019023
 -1.48434062 -0.49570491  0.33602284  0.81493585 -0.12688052 -1.45219451
  0.78652508  0.01735408 -1.01571618]
[ 1.          0.40540453 -0.19918804 -0.9668973   0.29885846 -0.24206416
  0.68545102  0.11964826 -0.46479941 -0.63764199 -1.59689821  0.08620077
 -0.49273632 -1.66548162  0.87035277 -0.30865472 -0.51438611 -0.21228788
 -1.11350235  0.31679023  0.23003393]
[ 1.         -0.08794289 -0.67290515 -1.00298259 -0.99328259  0.38073115
 -1.39262135  0.18073049 -0.71864924  0.27555367 -0.8584803   0.26557751
  0.72548499  0.5213242   0.49940037 -0.32085662  1.36844405  0.20498772
  1.04746916 -0.01219255  0.20042907]
[ 1.          0.69612728  2.06370899  0.5079883  -0.14081058  2.06137143
  1.473416    0.07486477 -0.05485582  0.4624017  -0.3161574  -0.16989425
 -2.8062422  -1.66460818 -0.33146445  1.18471907  1.7578627  -0.22758164
  0.48888518  1.80885965  1.90414926]
[ 1.         -0.07065418 -0.64600809  0.01857481 -0.29455787 -0.03819425
  0.25977588 -0.47453756  0.71283317  0.77291733 -0.45238351  0.0885466
  0.33078392  0.17798884  0.20298111  0.22430275  2.36870293 -0.59769176
  0.573878   -0.5286612   0.3449509 ]
[ 1.          1.02973102  1.30837635  0.53741204 -0.51019273 -0.78728627
 -2.2856407  -1.50113594 -1.28646781 -0.6066126   0.44318251  0.40832935
 -0.28628947 -0.60019883 -0.42777351  2.36070722 -0.79842447 -0.94278205
  0.30210827  0.8951272   0.43826246]
[ 1.          0.60940648  0.2723451  -0.49831183 -0.56004085 -0.38339004
  0.800615    1.1846463  -0.21089372 -0.64467835  0.08241009 -0.13054716
 -0.33115386  1.15591244 -0.56005003 -0.66257807 -1.11067618  0.36281057
 -0.90162998 -0.00317515  0.15181639]
[ 1.          0.05198082 -0.86720086 -0.36472478 -0.39464802 -0.03803559
 -0.77361564 -0.32622298  1.24880833  0.91222599 -1.35744685  1.73839094
  0.22278106  0.55502727 -0.07158852  0.15925641  1.0080439   0.38008253
 -0.11618649 -0.03602852  0.05114406]
[ 1.          0.20808282  0.24492854  0.80175477 -0.10691971 -0.65258159
 -0.05700243  1.66854677 -0.75628809  0.10148316  0.30808111  0.06330226
  0.33316044  0.30471737 -0.30731478 -0.40440572  0.59837614  0.18908521
 -0.00416393 -2.11634511 -0.15138343]
[  1.         -11.81699983   7.36439626  -1.87251598  -1.60066705
  -3.86989935  -0.46825914   1.41943916   1.40471227  -1.59371756
  -1.62855131   0.54938845   1.8302615   -0.17186904   1.12841805
   0.65629092   0.41302151   1.66101522   0.14085914   0.43078316
   0.45102501]
[ 1.         -0.09344792 -0.18934589 -2.41892621 -1.17777649  1.0002705
  0.48518319  0.1795173  -0.48441309 -0.05036137  1.7672382   0.16833156
 -0.72575945 -0.11998411 -0.12332139 -0.00582802 -1.51729993  0.16098702
  0.48469    -0.42307386 -0.20812838]
[ 1.          0.54782498  0.2699561  -1.16268824  2.6147554  -1.94121389
  0.69823227  0.99224337 -1.38958897  0.98426407  0.70692015  0.38636412
 -0.01891502  0.94207914  0.96646738 -1.55058964  1.22694397 -1.17957731
 -0.32207484 -0.36791547  1.16905913]
[ 1.          1.22169206  2.48797644 -0.53110135  0.27901569  0.52535901
 -0.53871586 -0.51636426  0.67287257  0.32363618 -2.16217847 -3.09334468
  2.53128316 -0.90075613 -5.72977758  1.75496397 -1.73242908 -4.52940586
  0.59668648 -1.58944768 -1.22732108]
[ 1.         -0.05304716 -0.49729307  0.37338463  0.17593805  0.43582452
 -0.81267278 -0.54102007  1.14960494  0.46044239 -0.54034744  1.0674528
  0.86034407  0.46324091 -0.52668584 -0.09804189  0.17072631  0.45953735
 -0.44714719 -0.45082521  0.63305062]
[ 1.          0.21285432 -0.86298307 -0.77946798 -0.25516327 -1.77189927
  0.57188017  0.16815845  0.44626584  1.53074992 -0.88314722  0.31974178
 -1.37193357  0.06142766  0.34454527  0.97604405 -0.52941574  1.12231203
 -0.40127027  0.5493465  -0.58259912]
[ 1.          0.49033952  0.26879043 -0.36592929 -1.15568684 -0.19500564
 -0.26846189 -1.07479905 -0.10681763  0.05901392  0.60095942  0.26612672
  0.14411524 -0.67091692 -0.28025888  1.22528398  1.08670701 -0.44065452
 -0.88068294 -0.93001053  0.53068808]
[ 1.          0.32346482  0.96974589  0.38701657  0.16379485  1.07149117
  1.2072892  -0.45848034 -0.44664613  0.60761488 -0.42588726 -0.43769708
 -0.44646831 -0.64728192 -0.69410339  1.03007537  1.55629648 -0.10327879
 -1.57123418  0.84869239  2.66190167]
[ 1.          0.7968515   0.26954353 -1.23658061  0.6685248  -0.99861766
  0.56400953 -0.62441655  0.34672787  0.16988736 -0.70402664 -0.46553181
  0.53027685  0.53190671  1.29163932  0.46497563  1.41720559  1.05056008
  0.12398749  0.45170144  0.04192262]
[ 1.          1.03990317  1.01825487  0.01282347  0.07155097 -0.22240518
 -3.20137872 -0.71937315  2.08788674  0.04872926 -0.37215434  0.95944475
  2.40020147  0.3625092  -1.90768168  0.75956117 -1.12803762 -2.9005382
 -1.9916876  -0.17285751 -1.8925268 ]
[ 1.         -0.02509793 -0.38525824  0.44546745  0.2316233   0.63362011
  0.32851848  0.15310409  0.78803897 -0.11741108 -0.76967816 -1.16769426
  0.61086294 -1.32897093 -0.26933592 -0.06650052 -0.22426702 -1.3806068
  1.24606725  1.72946214  2.47389144]
[ 1.         -0.2655946  -0.34105488  0.97698746 -0.20695747  0.7729411
 -4.00369139 -1.09786923 -3.73941875  1.33258572 -1.87413381 -1.4733642
 -0.44215464  0.46630923  1.76302386  1.84681866 -1.69206405  0.28820505
  3.2791219   0.09608093 -0.08249022]
[ 1.         -0.0184142  -0.28206407 -1.41906801  3.69539285  0.62794625
  1.25785986  0.50258641 -1.09264649 -1.45306984 -0.23621228 -0.17405088
  2.09203825 -0.6072128  -1.05120227  1.95017274  0.46820621  1.38349265
  0.29100565  0.11494261 -1.53836256]
[ 1.          0.67348806  1.45036116  1.30008657 -0.07656563  1.09776766
  0.23154682  1.12085323 -0.02771893 -0.12086906 -0.24739116  1.21076753
 -0.91987927  0.08060905 -0.31911876  0.15831689  0.21797041  1.59355155
  0.0708841   0.22047546  2.06791974]
[ 1.         -0.54341552 -0.79231514  1.03097892  0.1700524  -1.58852442
  0.6178312   0.23253573  0.04475197  2.1072302   1.04271343 -0.2197556
  0.38213922 -0.53477987 -0.97486697  0.04721065 -1.33462455 -0.37773436
  0.82048184  0.93296592  0.28555099]
[ 1.          0.64584234  0.13950915  0.41845279 -1.37226256  0.19342471
  0.57318184  2.11128791  0.64376165 -1.28326245  0.49584068 -2.3857909
  1.41752257  4.09076704  1.66308928  0.32838409 -0.23949101 -0.54816497
 -1.71438209  1.37257796 -0.26050735]
[ 1.          1.11112001  1.39430164  2.1266751  -1.05231003 -0.36344385
  0.49950319  3.97145952 -0.43211789 -1.02832139  0.81220321 -0.20922063
 -0.47841661  0.62908814  0.18293276 -0.13518323  1.28063766  1.50616575
  1.84869254  0.33810078 -1.88721562]
[ 1.          0.08624379 -0.38612814 -0.97757335  1.13953519  0.36947529
  0.74710702  0.5220679  -0.33993113 -1.54669114 -1.23465919 -1.27645271
  0.26071679 -1.27560679 -1.08768264  0.01570685 -0.68617478 -0.54782081
 -0.50376196  0.14128051  0.04708036]
[ 1.          0.07892995 -0.53372649  0.15324596  0.23539131 -0.41411908
 -1.3789108   0.63800141  0.13988259 -0.93837389 -0.02622518  0.52868695
  0.72541771  0.3559666   0.01519089  0.36120667 -0.15300534 -0.81970529
 -0.66129207  0.81075776 -0.02593137]
[ 1.         -0.39720249 -0.02375969  0.96231699  1.06215366  1.66919903
  0.91723281 -0.95813107  0.36176415 -0.30432024  1.41196898  0.36746405
  1.59528223 -1.28110506  1.35716154 -0.66236899 -0.31244526  1.6244765
 -0.81875362  1.17648546 -1.4040526 ]
[ 1.          0.50143897  0.0215522  -1.52710326 -1.08626784 -0.63548889
  1.01902082 -1.02183609  0.44250573  0.61860071  0.80434847 -0.78106302
 -1.1014441  -1.02252293  1.38042204  3.1215809  -0.55492662  0.94197378
 -1.37526467 -2.36324031  0.47214646]
[ 1.         -0.14746344 -0.17813909  1.58703595 -0.10030755  1.0472264
  0.16727074 -0.16513769  0.16310701  0.41295591  1.20390919  0.37477257
  1.76825504  1.31417359  1.52557654  0.5054173  -0.05676946  0.88840378
 -1.30814324 -0.56542283 -0.62290347]
[ 1.          0.34550241 -0.60448579 -0.17097588 -0.70877899 -0.63764889
  0.55474401 -0.10045237  0.92154747 -0.33945835 -0.66118372 -1.34690323
  0.83307608  0.7861445   0.76225197  0.27739673 -0.15251633 -0.23836701
  1.08047827  0.01567936  1.46618184]
[ 1.         -0.0530577  -0.03653319  0.68558511 -0.68413075 -0.38251382
  1.90442393 -3.14186264 -1.02498356 -0.63936022  0.18166598  0.34271805
  0.29437931  1.35416491  0.06491116 -1.11367395  0.74051637  0.38582642
  0.51665306  0.32235345 -2.09202467]
[ 1.          0.82373306 -0.25163521 -5.247672   -4.89948486  1.40753587
 -1.56605786  0.74911125 -3.48934524  1.12488132  2.97554823  1.60299634
  3.18284947 -2.05776046 -2.1173511  -2.11961758  1.84928624  2.19541619
  0.09457821  1.55843953  1.0567934 ]
[ 1.          0.60698926 -0.0466082  -2.53522079  4.42892088 -0.26119829
  1.97597861 -0.04594496 -0.96859376 -1.61395061 -1.06576831 -0.76419235
  3.42712539 -0.21095608  0.10380936  3.67723696  2.73782461  3.82177
  0.67837672  0.89853098 -2.70227498]
[ 1.          0.4135971   0.40534584  2.28189897 -1.45346857 -2.91279763
  2.30351361 -6.08693722 -4.06012241 -2.70527295  1.69726964  2.10770069
  0.07971521  2.34216271 -0.89989061  0.14566269  0.38301936 -1.62384004
  1.52867255  4.14470685 -1.95220138]
[ 1.         -0.88919554 -0.83885477 -0.10742436  0.68503397  1.92303429
 -1.73720424 -0.7638436  -1.18088753  0.28697177 -1.56316515 -2.22282416
 -1.85492291  1.7099078  -1.46801653 -1.93039638  0.15717641  1.13367338
  0.75614931 -0.90187244  0.12731354]
[ 1.         -0.64829249 -0.26960305 -1.68582954  2.12018763  1.73506564
  0.28275375  0.50259231 -1.07396944 -0.58510487  1.77051418  1.39023034
 -1.11583176  1.10380888  0.73485659  1.65005767 -0.65322398 -1.89231117
  1.85391532 -1.20984138 -1.00480492]
[ 1.          1.52452063  2.3117987   2.85333115 -1.60701938  0.74882221
  1.90939877  5.44718402 -0.05084765 -1.35934678  0.00956845 -0.63638006
 -1.73508663 -0.92207147  0.44948027 -1.01778699  2.82358295  2.18290081
  4.9739068   1.44005181 -4.41077804]
[ 1.          0.58219087 -0.82557069 -2.13508401 -1.23417429 -2.5495957
  1.64289266 -0.82536604  1.01607252  2.56523389 -0.24959145 -0.46188051
 -3.12893293 -1.18571798  2.27236834  5.73138202 -1.62954935  3.23240653
 -2.70119692 -2.62041769 -0.32601502]
[ 1.         -0.01041936 -0.91102447  0.19141153 -0.50991515 -0.67145398
 -1.22635905 -0.48400971 -0.61323312  0.22916833 -0.97115943 -1.31707267
  0.07713947 -0.03857056  0.41524184 -0.14400829  0.28631733  1.41309207
  1.78951959 -0.80587159 -0.34136847]
[ 1.          0.52317276  0.30800505 -0.17722767 -0.39149794  0.518514
  0.55136571 -0.1426227   0.6396794  -0.41140351 -1.77438827 -1.77450229
  0.70278072 -0.37578158 -1.07587819  0.68013427  0.50799927 -1.18610724
  2.6688999   0.26371     1.02124386]
[ 1.         -0.3302327  -0.99702886  0.39131172  0.90712099 -0.48645273
 -0.32851475  0.50799862  0.09161809 -0.03434266  0.48458676 -0.27154636
  0.61363637 -0.67349266 -0.38741347 -0.18643834 -0.13084432 -0.47849232
  0.14922862  0.1256913  -0.05466509]
[ 1.         -0.54788088 -0.87694005 -0.16788002  0.45847838 -0.40647766
 -0.51451355  0.12076932  1.08940018 -1.8749489   1.26887594 -0.78745835
 -1.01736069 -2.0421111   0.82030276 -1.50952822 -0.77412676 -0.49510151
 -0.33208406  1.64181606  1.50258666]
[ 1.         -0.54827552 -0.41153661  1.04281757  0.32627634 -1.27845816
  1.81823337  0.75650838 -0.86691302  3.69105661  1.17643669 -1.63000528
 -0.76611927  1.18285734 -3.83413415 -1.35323126 -4.10435089  0.48233035
 -0.58397374  1.79385575  0.70139981]
[ 1.         -0.99918441 -0.65716093  0.70892213  0.03577716  1.87002836
 -3.39688391 -0.65379007 -3.9409754   1.74265445 -2.20265092 -2.51584956
 -0.92878179  1.17467602  1.70909392 -0.18558844 -1.17943203  0.85067551
  0.91503745 -0.30987812 -0.43725682]
[ 1.         -0.03987821  0.42896063  0.6910911  -0.26924872 -0.01073614
  0.942841   -0.96443082 -0.3781269   0.59649613 -0.04114313  0.35826414
  0.34993069 -0.36905544 -0.61696101  0.05727917  2.14013961 -0.66696167
 -0.32852561  0.10544203  0.595238  ]
[ 1.         -0.11776022 -1.18459911  0.97552071 -0.04117576 -2.08262589
 -0.85662503  0.56695464 -0.36307327  0.99816085  0.56893427 -0.38654811
 -0.14783897 -0.83283559 -0.43517066  0.71747504 -0.21482308  1.21102013
  1.41553823 -0.05462038 -0.61528028]
[ 1.         -0.2022304  -0.81898003 -0.54778907  1.01354904 -0.02730771
 -0.5038758   0.66885611  0.54750967 -1.7322267   0.77686122  0.36420527
 -1.33638492  0.91380355 -1.92349923  0.33549937 -0.12279042 -0.40009425
  0.20683022 -0.13190991 -0.42391338]
[ 1.          0.92254086  0.48901755 -2.2092094   5.05967254 -3.96357102
  1.47493695  2.15680915 -3.17618216  2.27301808  1.66093518  0.95396852
 -0.04744571  2.55253782  2.67349793 -4.52532464  3.69458676 -3.66874697
 -1.02388348 -1.21790574  3.9292686 ]
[ 1.          0.41130833  0.06215742  0.74365677  0.12808948 -1.72705651
 -1.18689267  0.67136217 -0.9419789  -1.33579823  0.75431593  0.73151834
 -1.11570081 -0.49360841 -0.21074113  0.62659171  0.25724945 -0.08440955
 -0.34027702  1.13997987  0.1654071 ]
[ 1.         -1.67864818 -0.07040362 -1.89391708  2.16402706  1.91770498
 -0.31043631  0.85777766 -0.6217218  -1.73684772  3.66426416  1.86972947
 -2.48289869  1.69515765  0.85355952  1.91137788 -1.11321511 -2.5990913
  2.99995854 -3.88614221 -1.2704325 ]
[ 1.          0.04064796 -0.85925885 -0.28053421 -0.19781436 -0.09979027
  0.29139237  0.63153695  0.3973828   1.03071056 -2.46205869  2.43032436
 -1.02468709 -1.05483021  0.81281212 -0.79912386 -0.11481057 -0.61910859
 -1.31030076  0.37596868 -1.14892905]
[ 1.         -0.15504966 -0.16313401  0.53809675  0.2948566   0.3710697
 -0.92479529  0.16133683 -0.17462315 -0.8190243  -0.94515081  1.68250192
  0.67213677  0.59403278 -1.24571715 -0.28518783 -0.41327696  0.6034725
 -0.06587089 -0.90437814  1.84505035]
[ 1.         -0.0222909  -0.38798792 -0.12960305  1.17115972  0.74178782
 -0.58034194 -0.29170003  0.94688554 -0.57090958 -0.84085313  0.28287855
 -0.00271086  1.27674425 -2.4101787   0.68707779  1.26766419  1.36924467
  1.51704213 -0.1974112   0.85204701]
[ 1.         -0.7544556  -0.76492877 -0.16941678 -0.03679282 -0.0198556
 -0.70589532 -0.77372646  1.04937774 -1.53225183  1.54499519 -0.93032218
 -2.08306541  0.41711079 -2.5007128  -0.85008891  2.44357586  0.31034692
 -0.68237548 -2.58021193 -1.20335171]
[ 1.         -0.09444836  0.37243128  0.03725293  0.16708832  0.39496238
  1.11848752  0.47057744 -0.82917958  1.05832428 -0.07436579 -1.12744525
 -1.03494589  1.46717721 -1.82229492 -1.00574624 -1.39315533  0.72040407
 -1.24914728  0.12697884  0.12712793]
[ 1.          3.05039289  5.7089893  -1.23968659  2.37083482 -0.88940942
 -3.18674059 -2.12442232  2.33288918  2.51238135  1.29923686 -0.80637749
 -0.32950106 -0.16417394  0.91290362 -3.15692604 -1.19753617  0.05550259
  1.13414263 -0.41195958 -1.16524569]
[ 1.         -3.13191714  1.36891367  0.05935306 -0.13723854  0.09029426
  0.72398033 -0.53824209 -1.0257591   1.46427327 -0.94149178 -0.28907644
  0.15324094 -0.01798302 -0.48146224  0.04029955 -0.22477982 -1.58704884
 -0.05297643  0.87987746 -0.71644178]
[  1.00000000e+00  -2.03489612e-01  -9.21429176e-01   4.78783313e-01
   1.53398491e-03  -3.44635968e-01  -3.12287620e+00  -4.53060997e-01
  -2.52195850e+00  -1.44960858e+00  -1.44640358e+00  -2.99330640e+00
  -1.73794465e+00  -1.15200461e+00   1.75432267e+00  -7.46771428e-01
   9.67012345e-01   1.04594232e+00  -2.78797657e+00  -2.28403544e-01
  -1.09617251e+00]
[ 1.         -0.0881153  -0.05051576  0.08062954 -0.73400058  0.47276608
  1.27178842 -1.07988288  0.47310528 -0.37554729  0.64050965 -1.06875
 -1.65226032  1.05832057 -0.8894346  -0.60826889  1.85074366 -0.35435855
 -0.06527396 -0.84736701 -1.80144584]
[ 1.          0.216901   -0.70613589  1.18174788  0.13532854 -2.22927026
 -4.38637769  0.3362121  -3.81254681 -3.20560963 -0.6036988  -2.41992673
 -3.51579477 -2.15714719  1.91489108 -0.01309441  1.75672483  1.3529528
 -4.657356    1.69218434 -1.39250193]
[ 1.         -0.9553088  -1.15162168  0.14645538  0.53327563  0.46376204
 -1.3651467  -0.96502608  0.1149556  -1.37031682 -0.2150729  -2.21287704
 -1.02478593 -1.09046768 -0.93834557 -2.6558594   1.26262365  0.49373873
 -0.73986811 -1.34370525 -0.54256987]
[ 1.         -0.42810636 -1.12232424  1.11977736  0.60547481 -0.46640405
 -0.0358277   0.44329789  0.73365987  0.65976284  1.96170868 -0.03562144
  1.78686213 -0.91935841  0.1525352  -0.2839923  -1.2721244   0.20954132
  0.3694271   1.86822407 -1.1100079 ]
[ 1.          2.4457468   3.74611638 -2.06944984  3.02701381 -1.96888143
 -1.41789188 -1.56180189  1.28311363  2.11105232  0.54667431 -0.71413652
  0.16645999  0.32767884  2.39204417 -3.63159338 -0.29580658  1.05374343
  1.4168449  -0.60177969 -0.05581941]
[ 1.          1.01917576  0.33588058 -2.44433297 -2.16591751  0.07489168
 -0.05189975  1.27379564 -0.71629318  0.37025277 -0.16053674 -0.14316798
  1.1253772  -0.00990803 -0.24963513 -0.66881879 -0.60901915 -0.67595634
 -1.15680343  0.9641712  -0.94704918]
[ 1.          1.39134011  2.25754143  1.27922909 -0.59980882  0.00491714
 -0.16335264  1.05893447  0.10442053 -0.75310576  0.12885844  0.36056185
 -0.55718077 -1.28381834 -0.33085963  0.11038244  0.41516138  0.11520174
  0.97928053 -0.589067   -0.98137908]
[ 1.          0.23479506  0.4962361   0.54705803 -0.68866598  0.24330225
  0.00568551 -0.51562151  0.0799415  -0.03107403  1.01817617 -1.06552473
 -0.0114698   0.58836425  0.70627668  1.08754442  0.68851263 -0.48408828
 -1.61971707 -0.77660068  0.07613955]
[ 1.         -0.78538089 -1.1615696   0.10603562  0.42071283  0.96635809
 -0.0480107  -0.82989409  1.79964198 -1.18086691  1.26621832 -1.73252882
 -0.19114891 -2.3756869   1.29352891 -2.15244205 -0.47771571 -0.68214693
  0.41082185  1.57811965  1.66819335]
[ 1.          0.15113172 -0.19456451  0.11898767 -0.80940161  0.33113383
  0.04441974  1.2066822  -0.6046441   1.58939347 -1.17383268  1.06208334
  0.34990151 -0.07761862 -0.15705537 -0.75924927  0.93695066 -0.43883015
  0.13481783 -0.10564985 -0.87395439]
[ 1.          0.84115821  0.71974394 -0.65342438  0.29130728 -0.03050996
  0.13726201 -0.62288928  0.32976829 -0.60582652 -0.76733904 -0.08454895
  0.22481719 -0.74937017  0.25432587 -0.0398657  -1.49430052  1.55643917
  0.61068702 -0.32388253  0.29789469]
[ 1.         -0.56472773 -0.23013339  0.47948117 -0.46332467 -0.50597092
  1.32588611 -0.69290969  0.20117433  1.07860637  0.48933493 -0.75409963
 -0.26752171 -0.65857268  0.1074174   0.23602091  0.03744517 -0.99880581
  0.44805721  0.19720576 -0.74537791]
[ 1.         -0.44048801 -1.00792308  0.37698665  0.15863636 -0.82376332
 -0.51778719 -0.05945753  1.05396696  0.37440131  0.73878487  0.27691585
 -0.23262995  0.53722881 -1.25897458  0.41858867  0.92772121  0.91233539
  0.17464255 -0.28982462 -0.2268968 ]
[ 1.         -1.37788842  0.21341807 -0.24333062  0.02292781  0.06906498
 -0.61679965  0.27656945  0.60484544 -0.93467037  1.32892502  0.06517109
 -0.85210186  0.10282281 -0.15754124 -0.43312494 -0.05968049  0.31965735
 -0.05156642 -1.13472674  0.30736315]
[ 1.         -1.89629936  0.88810753  0.76128837  0.55774742  2.51438343
 -0.63676232 -0.82909969 -3.04335924  2.87783403 -0.98616968 -1.60037014
 -0.96959706  2.1156909   0.39107935 -0.11380843 -2.14787662  0.49629285
 -1.34564987  1.44901247 -0.38895591]
[ 1.          0.85877171  2.41873261  0.88409021  0.56018975  1.24104485
 -0.73527976 -0.13663611  0.31338031  0.35706844  0.86391844  0.36347034
 -1.65964035 -0.07974016 -0.23547789  0.33686462  0.25779419  1.21891224
  0.14875038  0.76263054  1.28278539]
[ 1.         -0.30871406 -0.66889178  0.75413511  0.27766909  0.42888649
 -0.03115265  0.08123257  0.38100843 -0.17346229 -0.87561507  1.99671748
  0.71088444 -1.00703013  0.0155722  -1.76766487 -0.40506525 -0.40434797
 -1.90659503 -0.23729197 -1.38246165]
[ 1.          0.71293857  1.16582781  0.91759799 -0.62317068  1.04914589
  1.28184043  1.13642487  0.36080025 -0.17770702 -0.75116702 -0.30308095
 -0.89106514 -1.24626984  0.14337893 -0.54832325  0.61718841 -0.04982937
  1.29910505  0.5256023  -0.7750519 ]
[ 1.          0.11299601 -0.76213187 -0.49322012 -0.28492896 -0.24503993
 -0.11131008 -0.75835986  1.96289155 -0.11769507 -0.83189109  0.78350973
 -0.37776105  1.82530079 -0.33633216 -0.03376935 -0.21490023  0.7889594
  0.72731762  1.25959506 -0.30112157]
[ 1.          0.52621963 -0.15579786 -1.42649066  2.36569367  0.01532682
  0.4685012   0.38031667 -0.70251727 -2.14272934 -1.52647944  0.19681516
  1.71294585 -1.82608244 -0.03041598  1.5764656  -1.16330879  1.55632631
 -0.67097901  0.75567852 -1.02482632]
[ 1.         -0.33690908  0.63512298  0.79313867  0.9460135   2.49808835
 -0.21819572 -0.78038713 -0.17407242  0.86208791  1.01181858  0.77622954
  0.08067684  0.61455375  1.25759911  0.82470388 -0.2281469   0.72293577
 -0.99314643  0.84740669  0.43316628]
[ 1.         -1.50591236 -0.00997191  0.89034545 -0.11340872  0.23728883
  0.93260157 -2.40390238 -0.88821026 -0.03973747 -0.88342949  0.1020864
  0.24858725 -0.60928391 -1.08643161 -3.14132926  2.14592656 -1.11915761
 -1.58521312 -0.16897287 -2.74717652]
[ 1.          0.61438662 -0.39937448 -7.28180856 -5.87748546  2.4578521
 -1.14016572  1.00885225 -4.53911377  1.23981912  5.57072832  2.18560256
  3.07836034 -2.94851627 -3.09729656 -3.09944725  0.49645447  3.66235484
  0.92116784  1.8770022   1.42478368]
[ 1.         -0.64705007 -0.37943734  0.65790483  0.52287921  1.22272402
 -1.0220283   0.44586116 -1.10355916  1.00230144 -0.56449587  0.79073095
  0.26911317  0.23983476  0.91171085  0.57673323 -0.70483736 -0.93376761
  0.99902274  0.38473614  0.22285789]
[ 1.          2.1362228   3.25764502 -0.64468787 -0.38270237 -0.44463178
 -2.58996783 -1.23077262  1.54331061  0.61286925  0.17591319 -0.65905257
  1.36163343 -0.56103701 -1.75262781  0.60172945 -1.34804905 -2.86999885
 -0.81648632 -0.58000445 -2.75993627]
[ 1.          0.11041923 -0.16662269  0.28595049 -0.56378743  0.40513568
  0.57136222  0.96668573  0.38165593 -0.34679788 -1.45114438  2.45256072
 -1.78299741 -1.31260865  0.83186979 -1.10925322 -0.67989826 -1.54942016
 -0.52515071 -0.24881653 -1.62380247]
[ 1.         -0.20720264 -0.39725712  0.88581214 -0.25796891  0.02517002
  0.24318878  0.19282363 -0.01544022  0.66716633  0.44857961 -0.55594164
  0.83340388 -0.78797499  0.30298666 -0.0852601  -0.6111998  -0.01585965
 -0.16011691 -1.5655946  -0.00650665]
[ 1.          0.83004386  0.32646129  0.62549036 -0.93303159 -1.24184064
  1.52794093 -1.73227476 -1.55127714 -2.84533171 -1.46001687  1.51337003
  0.95174224  0.61260582  0.55307046 -1.43659415 -3.16546547  0.55435322
  1.25163709 -2.26754678  2.5310818 ]
[ 1.          0.71196924  0.14087202 -0.74243441 -1.31255453  0.38488981
  0.33645139  1.28473149  0.24672253 -0.94411507 -0.86439781 -1.52636996
  1.35366857  1.42648271  1.2612079   0.14780789  0.31970294 -1.43638091
 -0.28605402  0.64507527  0.03389564]
[ 1.         -0.63820253 -0.50954254 -0.8652492  -0.16545783  1.3444298
 -0.29876205 -0.35487069  0.49647434  0.03608015 -0.24537391  0.67615092
 -0.75419052  0.41801189  1.04978704 -0.15250951  0.07377682 -1.41934753
  0.75971998  0.31244164  0.09588019]
[ 1.         -0.13619636 -0.5303291  -0.04809719 -0.1066351  -0.32016242
  0.3161078   0.67206539  1.2192442   0.38537857 -0.48697546  1.43354224
 -1.74200889  0.82249113 -0.95919753 -0.65143993 -1.365573    0.69930751
 -0.67737395  0.66809236 -0.13452632]
[ 1.         -0.58029543 -0.92668447  0.3666643  -0.25595356 -0.52275225
  0.6513537  -0.3774902   1.14223752  0.7141758   1.26458552 -1.52103682
  0.34212671 -1.63960937  0.79254599  0.10691443 -0.45723856 -0.70947272
  0.5834681  -1.27872055  1.30696658]
[ 1.          1.44038565  1.44324128 -0.81672962 -0.22371233 -0.32815973
  0.04552065 -0.46854531  1.74693311 -0.2528724  -1.2097858  -0.32583507
  0.2147119   0.32450097 -0.26834405 -0.02673301 -0.8452972   0.60303078
  0.83165783  0.84784649 -1.85583435]
[ 1.          0.54472497  0.4844675   1.71709907 -0.81822993 -2.47226467
  0.27527676 -2.45821957 -2.52880758 -1.70434031  1.26393841  1.36533889
 -0.23122526  0.37394847 -0.71613328  1.21529273 -0.48706795 -1.43142424
  0.44501628  2.18321995  0.93269756]
[ 1.          0.58355413  0.6611117   2.01587638 -0.56211895  0.9377458
 -0.14657937  1.51432347 -0.01325962 -1.00088777  0.18351144  1.83712908
  1.36692675  0.55923375  1.59498832  0.33851233 -0.59063275  0.76593096
 -1.47672303 -2.46994205  1.4452273 ]
[ 1.          0.64304718  0.25765582  1.2464373  -1.56102186 -1.64511593
  3.63121936 -5.32041138 -2.93523668 -3.98541017 -1.472775    2.26970084
  1.5504681   2.67955773  0.84459855 -3.71433667 -3.56261266  1.45814392
  2.7931561  -3.15513514  0.62105637]
