Cluster centers 

[-0.8608653   0.91513816 -1.07415112 -0.36211523]
[ 1.07423026 -0.54685136 -0.3776787   0.84972917]
[-1.07233182 -0.98751837  0.26894829 -0.13333094]
[ 0.60179846  1.53384033 -0.20125437 -1.7034566 ]
[-1.04584415  0.36332525  2.52158838  0.23021635]
[-1.0049635  -0.8787937  -1.44006069  0.42925906]
[ 0.94962548 -0.36292505  1.75711851 -1.11707068]
[-0.85848002  2.24054881 -0.40184779  0.76125479]
[ 1.06335415 -0.67658539  0.0200203  -1.03362428]
[ 1.01405966  0.8045956   0.43026536  2.55919405]
[-0.89202258  0.19841364 -1.1576443  -0.77625579]
[ 1.13304103  1.43192328  0.3424173   0.65076493]
[ 1.02370924 -1.76934066  0.39753444 -0.05806808]
[-1.10024204 -0.94810196  1.23530422  0.61503137]
[ 1.10730966 -0.7056207  -0.31295048 -0.25765323]
[ 1.13118045  0.33288754 -0.14229222  0.22420074]
[-0.88015025  1.41938227  3.67307774  0.15229289]
[ 0.99202165 -0.56511946 -0.3666856   1.56210465]
[-0.93893321  1.55863716 -0.71594011  0.96465041]
[ 0.904138    0.138991    0.01201654 -1.7138452 ]
[-0.95117209  0.28196602  1.83147656 -0.53373146]
[ 1.07095444  0.67873709 -0.12839294 -0.54689176]
[ 1.02524886  2.00285884  0.38196327 -0.06402252]
[-1.06172418 -1.43061199 -0.37191159  0.11743401]
[ 1.00533486 -0.45590288  0.18263689 -1.42274546]
[-0.91078246 -0.15232428  0.55283341 -1.08818994]
[-0.98873793  0.06310999 -1.32550039  0.45245765]
[ 1.01953    -0.86227656  1.7842314  -0.47122717]
[ 0.94346187  0.22658979  3.41700605 -0.24030492]
[-1.09196935 -1.22528028  0.90899124  0.6630143 ]
[-0.74622626  1.81143278 -0.71272861 -0.21859121]
[-1.08665399 -1.24453179  0.44776239  0.31371866]
[ 1.00269471  0.07540941 -0.04271723  2.01700807]
[-0.82911312 -0.09226249 -0.5751709  -1.44861031]
[ 1.0487531  -1.54927066 -0.23308079  0.04753512]
[ 0.74041346  0.92346244 -0.20489267 -1.83051072]
[-0.4280476   2.66106137 -0.27074258 -0.64149198]
[-0.62940804  0.99237557 -0.91125236 -1.3449785 ]
[ 0.66780731  0.63843823  2.49975354 -1.59035313]
[-1.04102946 -0.89222968 -0.19259482 -0.4854718 ]
[ 0.4179685   2.33700574 -0.05054443 -1.40655999]
[ 1.07865742 -0.20922917 -0.24947327  1.14559439]
[-0.96775731  1.18029812 -0.67381092  2.01324467]
[-1.10152322 -0.75936922  2.26215755  1.50381605]
[-1.06421007 -0.15040409  1.76019746  0.05850124]
[-0.9769061   0.64706733 -1.09420997  1.00927047]
[-1.076494   -1.43708053  0.18407381  0.37779783]
[-0.99713908 -0.67807092 -0.96027183 -0.62137072]
[-1.02624616 -0.54160741  0.57199529 -0.52748993]
[ 0.82769481 -2.08626631  1.39734301  0.92055377]
[ 1.08364649 -0.91662808 -0.42141569  0.31926113]
[ 1.05670359  1.06040045 -0.01376762 -0.43514114]
[-0.90585032  1.39686649 -0.86048429  0.4268949 ]
[-1.00454838 -1.64006028 -1.09176598  0.4835434 ]
[ 0.6756038   0.23199616  0.96800305 -2.15979155]
[ 1.08737554  0.80052948  0.31991867  1.96112872]
[ 1.08121736 -1.0136051   0.03543876 -0.73897658]
[-0.71845184  3.45660542  0.36301799  0.98746111]
[-0.95006207 -0.45249277 -0.24396125 -1.02919488]
[-0.97820955 -0.1644313  -1.31113332 -0.20835362]
[ 1.11025129 -0.04121138 -0.26016152 -0.37381842]
[ 1.01982343 -0.29697623 -0.03891271 -1.33209597]
[-1.07977911 -0.71574613  0.90388529 -0.01120515]
[ 0.91599543 -1.32625292 -0.62367146  1.34232264]
[-0.85458699 -0.01247117 -0.89965934 -1.20973241]
[-0.54085173  1.0814452   2.35541598 -1.3844427 ]
[-0.9700993  -0.51090823 -1.42803508  1.06146198]
[-0.67497845  2.76141545 -0.18191679  0.21329892]
[ 0.99185074  0.60695712 -0.17988284 -1.12497841]
[-0.93379609  2.71608487  0.16256977  2.0769239 ]
[-1.05151508 -1.64715136  0.55299239  0.88446107]
[ 1.13210514  0.38949858 -0.06125677  0.75347924]
[ 1.1016763   0.32749454 -0.00664009  1.35678461]
[ 0.92552587  1.30569186 -0.0581009  -1.01859406]
[-0.95690395  0.63621749 -1.16174502  0.3273877 ]
[ 0.91027979 -0.28744583  0.9549485  -1.6195614 ]
[ 1.11848971 -0.0639941  -0.23495138  0.62344149]
[ 1.08940711 -0.23873595 -0.24339577 -0.73175734]
[ 1.06899272  1.58665655  0.89084669  2.61861758]
[-0.31932109  0.81787234 -0.54332977 -2.1615106 ]
[-0.95376397  1.76016303 -0.53079038  1.42290022]
[-0.56955656  0.63746516  1.43332561 -1.67296477]
[ 0.56359452  0.46772817  0.30254696 -2.35965481]
[ 0.20344012  1.93413696 -0.3158644  -1.7979557 ]
[-1.01624762 -0.2908648   1.06874887 -0.46736747]
[ 1.13195333  0.84427337  0.05575086  0.39225778]
[ 0.83389976  0.15276734  2.14650321 -1.39703633]
[ 0.83153748 -2.39712593 -0.18673489  0.81712714]
[-1.0429578  -1.1281062  -0.85262657 -0.23403703]
[ 1.08137366  0.24779867 -0.21605064 -0.65839594]
[ 1.13937024  1.16496704  0.3992864   1.44805012]
[-1.11133173 -0.63132792  1.88513082  0.88791885]
[-1.02293319 -0.88838634 -1.24524345 -0.11955645]
[ 1.12088082 -0.2605324  -0.30474995  0.17484956]
[-0.70057019  0.18117497  0.19341602 -1.75592698]
[ 1.03264051  0.06136893 -0.19232716 -1.13923953]
[ 1.04447583 -1.0485017   0.90303173 -0.78528856]
[-1.11459466  0.11285025  2.76061587  0.96204663]
[ 0.79297477  2.47916127  0.33315962 -0.67626321]
[ 1.12169466  0.26503136 -0.18620076 -0.07486189]

Populations

0.0144314974769
0.0174726356702
0.013773452072
0.010388919752
0.00949302575691
0.00824863323117
0.00739497722554
0.0102140281229
0.0110735127598
0.00864587327633
0.0158631806356
0.00492145921125
0.0049527958028
0.0100639853829
0.0229530186809
0.00989427324997
0.00589530496106
0.0122776746595
0.0101103395063
0.00931417180779
0.0126914487685
0.00733327045862
0.00310306882617
0.0120007961819
0.0135136685029
0.0109430167899
0.0186631919965
0.00181361709983
0.00124512802018
0.00648208209442
0.0111466665422
0.00574789839166
0.0153729258646
0.00417514141943
0.0109373102878
0.00795919313662
0.00423181614863
0.0100399557925
0.00309786223419
0.0125642025225
0.00366305003037
0.0128358508024
0.00128668877174
0.00427429494706
0.0177784189171
0.0120335383612
0.00479785282307
0.0192585147385
0.0161234798124
0.00311584782646
0.020905780846
0.00618146592817
0.0216138794601
0.00849064788445
0.00368452982424
0.00936603054562
0.0130362979306
0.00483337254965
0.00996648893248
0.0179222416902
0.0104550984463
0.00675776104236
0.0197128961449
0.0122441617
0.00976770843792
0.00168138774767
0.00950441311732
0.00533626273067
0.00926514975152
0.00238131927038
0.00457129183924
0.0203705942017
0.0160409389291
0.00553801839336
0.0218206322269
0.0130474373713
0.0142839695318
0.0155876838492
0.00550462653826
0.00358583727241
0.00418582067261
0.0017881716347
0.00739320416157
0.00491967914271
0.0140478911603
0.0129045128293
0.00496830928367
0.00920985319685
0.0156338679515
0.0130007172578
0.0117741251754
0.0125539738611
0.0138100545493
0.0146916830767
0.0018109410015
0.0121647120756
0.0074557744709
0.0132423121324
0.00184950604718
0.0135244088344

State labels

0
1
2
3
4
5
6
7
8
9
10
11
12
13
14
15
16
17
18
19
20
21
22
23
24
25
26
27
28
29
30
31
32
33
34
35
36
37
38
39
40
41
42
43
44
45
46
47
48
49
50
51
52
53
54
55
56
57
58
59
60
61
62
63
64
65
66
67
68
69
70
71
72
73
74
75
76
77
78
79
80
81
82
83
84
85
86
87
88
89
90
91
92
93
94
95
96
97
98
99

Eigen values

1.0
0.640237594793
0.369551956292
0.342448473776
0.321763047636
0.303358101207
0.295019006635
0.278755560806
0.271627417495
0.264181139773
0.257591325744
0.250210135459
0.242788933185
0.231221901964
0.229418842452
0.22514918541
0.218874316292
0.217326455279
0.203124494094
0.199773748398
0.193569406068

Left eigenvectors

[ 0.0144315   0.01045868 -0.00348278  0.00840479  0.00415345 -0.01171301
 -0.0195487  -0.01726245  0.0142597  -0.0173633   0.0086635  -0.00555847
  0.02079718  0.02326221 -0.0097744   0.00457764 -0.02185739 -0.0092662
 -0.00780388  0.011122    0.00784083]
[ 0.01747264 -0.02039065 -0.00249783  0.01296001  0.00079826  0.00495283
 -0.00984709  0.02837323 -0.01412462  0.02102066  0.03224591 -0.01409127
  0.00568939  0.00999074  0.00827043  0.01285628  0.00010746 -0.00140514
 -0.00349519  0.00878426  0.00679366]
[ 0.01377345  0.01315327  0.00237112 -0.01302849 -0.01132747 -0.01011767
 -0.00036796  0.0010192  -0.02022978  0.00515213 -0.00472363 -0.00733208
  0.0262198  -0.0168786  -0.00356531  0.00662812  0.00954259 -0.02035151
  0.00781393  0.00931305 -0.01285148]
[  1.03889198e-02  -7.75451061e-03  -8.60091147e-03   5.62715731e-03
   3.69103896e-03  -1.20184139e-02   6.95314945e-03   7.60251438e-03
  -2.00947039e-03  -7.49928712e-04  -5.09586946e-03  -2.23631461e-03
   2.26801963e-03  -4.72702995e-03   2.07829384e-02  -4.01566155e-03
   7.36276090e-03   7.53837769e-03   8.46044396e-03  -1.15443665e-02
   7.49579438e-05]
[ 0.00949303  0.00994206  0.00615756  0.00935619 -0.01095761  0.0067076
 -0.00637416 -0.00797658  0.01449116  0.0005163  -0.00115312 -0.00904567
 -0.00316457 -0.00282767  0.00627718 -0.01596656  0.00254142  0.00441935
 -0.0033837  -0.00107718  0.00701051]
[  8.24863323e-03   5.04914847e-03   7.95877663e-03  -7.49184990e-05
  -5.60534134e-03   1.14654539e-02   2.18520199e-02   3.76570203e-03
  -2.85699559e-03  -1.48895522e-02   6.63310864e-03  -4.20347759e-04
  -1.58283082e-02   3.68998036e-04  -5.76929386e-03   9.37155308e-03
  -1.57074569e-04   6.40288236e-03  -2.83529382e-03   6.07836218e-03
  -6.04990094e-03]
[ 0.00739498 -0.00734432  0.00796702 -0.00970003 -0.0012667  -0.0185026
 -0.00144448  0.00088897 -0.01546943  0.00178925 -0.01418165 -0.02274051
 -0.00413915  0.00256085 -0.00688999  0.00395058 -0.00933964  0.01201151
 -0.00888693  0.00744901 -0.01253041]
[ 0.01021403  0.00932871 -0.00173596  0.00472772 -0.00433286  0.00939552
 -0.00222474 -0.00238085 -0.00332217  0.00790013 -0.00472521  0.00368531
  0.01026554 -0.00677713 -0.00127016 -0.00361515  0.00218492  0.01781269
 -0.00818474  0.01566678  0.01209342]
[  1.10735128e-02  -1.11155931e-02   1.16132596e-02   2.21132961e-02
   1.64998490e-02   1.55623073e-03  -1.76155834e-02  -2.73417540e-03
  -4.17850708e-05   1.54141042e-02  -5.42146011e-03  -1.37253500e-02
  -5.34206297e-03   7.70973609e-03  -9.11953442e-03   2.30783165e-03
   9.41297191e-03   8.27000506e-03   7.70936397e-03   2.12098859e-02
  -6.93362504e-03]
[ 0.00864587 -0.01005156 -0.00187753  0.01235736 -0.00983298 -0.00438067
  0.00453583 -0.00333909 -0.03091488 -0.01065223 -0.00323513  0.01722884
  0.01034455 -0.00761989  0.02096633 -0.00272235  0.00858384 -0.0046114
 -0.00451516 -0.00896043  0.01578229]
[ 0.01586318  0.01558125  0.00175831 -0.01133678 -0.00055479 -0.0036514
 -0.01685143  0.00509605 -0.01131169  0.00178707  0.01138602  0.00441998
  0.00418734  0.01412661 -0.01197479 -0.02835913  0.00738105  0.00720291
  0.00234232 -0.00223929 -0.02324033]
[ 0.00492146 -0.00682738  0.00321747 -0.01336403 -0.00295254  0.00762925
 -0.00940103  0.00988142  0.01062515 -0.00978143 -0.00717279  0.0141226
 -0.00178226  0.00125078 -0.00454353  0.00298718  0.00778871 -0.00565229
 -0.00144695  0.00434141  0.00203145]
[ 0.0049528  -0.00376181 -0.00883512 -0.00199145 -0.00424999  0.00428959
 -0.0031284  -0.00655404 -0.01354166 -0.00121698 -0.00268098  0.00295758
 -0.00435363  0.00065105  0.0006096  -0.00378444  0.00246883 -0.00910044
  0.00118934 -0.00191681  0.00838556]
[ 0.01006399  0.01093891  0.00055407  0.01171937 -0.01657713 -0.00523942
 -0.00326345  0.00379155  0.01078459  0.00147919 -0.01343557 -0.00192743
 -0.0122685   0.0005443   0.00309821 -0.01478103 -0.00821673 -0.00681984
  0.00145506 -0.00805088  0.00244808]
[  2.29530187e-02  -2.68119204e-02   8.09125367e-05   3.29737006e-02
   7.40483875e-03   2.73523009e-03  -1.26587578e-02  -8.16647090e-03
  -2.56272494e-02  -6.80643659e-03   9.47275056e-04   2.89407911e-02
   3.15725056e-03   4.92560609e-02   2.28324589e-02  -2.56040679e-03
   5.35784509e-03  -1.48803474e-02  -7.72575584e-03   1.20652529e-02
  -3.41481127e-03]
[ 0.00989427 -0.01095404 -0.00536203 -0.00050946  0.00123815  0.00253695
  0.00169111  0.00852202  0.01985704 -0.00351358 -0.00080048  0.01526829
  0.00090574 -0.00275678  0.00081774  0.00314434  0.00800716 -0.00954774
  0.00046957  0.00849731 -0.01398174]
[  5.89530496e-03   4.62430875e-03   9.23703821e-03   4.60339500e-03
  -1.00205033e-02  -5.96816808e-03  -2.92563058e-03  -1.49564315e-02
  -2.66121116e-03   5.22652970e-04   5.81527433e-03   4.14383094e-03
   7.52758553e-03   4.14630617e-03   2.88034856e-04   1.19392414e-02
  -4.37322292e-03  -3.75157890e-03  -3.85704867e-05   1.18276315e-04
   3.64240189e-03]
[  1.22776747e-02  -1.51577815e-02  -7.38763377e-03   7.52425412e-05
  -6.09068394e-03  -7.78888404e-03   1.24409884e-02   2.67422822e-02
   1.52032096e-02   9.00354567e-03   1.58951917e-02   2.42392219e-03
   4.02988089e-03  -5.67385027e-03   1.35314988e-02  -7.21109356e-03
  -5.95113961e-03   6.38145174e-03   5.61317708e-03   1.23025799e-02
   2.74450135e-04]
[  1.01103395e-02   1.06710377e-02  -1.62105861e-03  -8.61371503e-05
   7.10735902e-03  -9.46919252e-03  -8.25231289e-03   2.54765507e-03
   4.68569373e-03  -7.43635352e-03  -5.30402568e-05   2.63393710e-03
   4.25518256e-03   2.84249885e-03  -3.95686633e-03   4.45588228e-03
   6.50587442e-03  -9.21829469e-04   2.87722755e-03  -6.17409308e-03
   1.29815207e-02]
[ 0.00931417 -0.01177904 -0.00500364 -0.01346336 -0.00691237  0.00384069
  0.00247663  0.00430022 -0.00117323 -0.00308672  0.0023955  -0.00397595
  0.01035898 -0.00535497 -0.00657932 -0.00491529 -0.01169216 -0.00261328
 -0.01766483 -0.00757308  0.00189812]
[ 0.01269145  0.0091303   0.0036793  -0.00138167 -0.0033704   0.00051863
  0.00472369 -0.00770434  0.03013932  0.02631409 -0.00356552  0.00847063
  0.01179183 -0.00029038  0.00076619 -0.0121835   0.01954788 -0.00387312
 -0.02689922 -0.01510116  0.00110905]
[ 0.00733327 -0.0054562  -0.00353409  0.0031745  -0.0074345   0.00599242
 -0.00862185  0.00832293 -0.01708022  0.00020499  0.01697326 -0.00082079
  0.00464411  0.00989878 -0.00455773 -0.00918213  0.00025674 -0.00280914
 -0.01348388 -0.00085263  0.00828276]
[  3.10306883e-03  -3.66987229e-03  -8.15323708e-04   2.91564501e-03
   1.65902177e-03  -9.54025180e-05   3.43230135e-03  -5.17411384e-03
  -1.57680703e-03   3.51220107e-05   7.70985507e-04  -1.40455769e-04
   3.58637507e-03  -1.07069710e-02  -1.06769217e-02  -6.42000230e-04
  -1.37059841e-03   1.54185709e-03  -8.96493143e-03  -1.21412813e-02
  -6.11187253e-03]
[ 0.0120008   0.01531393 -0.00254702 -0.00180688  0.00403359 -0.00406044
 -0.00327939 -0.00984736 -0.00266133  0.00399666  0.00752344  0.01603652
 -0.01028511 -0.00786658 -0.00774667  0.01082448 -0.01914813 -0.00131772
  0.00235368  0.01193142  0.00666979]
[ 0.01351367 -0.01526966  0.03727541 -0.00275236  0.02476568  0.01449097
 -0.02459004 -0.00600301 -0.00289079 -0.00800938 -0.01589763 -0.01353727
 -0.00650324 -0.01986363  0.02081649 -0.0057766  -0.01430715  0.00265359
  0.01412668 -0.00143255 -0.00632915]
[ 0.01094302  0.00950557  0.00151892 -0.00078329  0.00225936 -0.00920828
  0.00280366  0.01544621 -0.00672855  0.01277088  0.0067971   0.01182679
 -0.01819844  0.00565313  0.00491567  0.01303091 -0.01281736 -0.00216754
 -0.0107584  -0.00615223 -0.00483408]
[ 0.01866319  0.0110759  -0.00514109 -0.00173056  0.02009679  0.02351034
  0.00037588 -0.01047854 -0.00080124 -0.00773126  0.01019357 -0.00531502
  0.01305091  0.00795047  0.01568568 -0.00418342 -0.01626843 -0.02527451
 -0.02279892 -0.0088364  -0.02807536]
[ 0.00181362 -0.00093784  0.00661849 -0.00197073  0.00220383  0.00365426
 -0.00279504  0.00269327  0.0004921  -0.00231416  0.00116561  0.00172555
 -0.00211143 -0.00282328 -0.00131835  0.00248046  0.00243747  0.00175233
  0.00428507 -0.00439973  0.0008684 ]
[  1.24512802e-03  -2.12732959e-03  -6.15085702e-03  -7.89015350e-03
  -5.82601881e-03   1.86656281e-03  -4.41772674e-03  -3.20994089e-03
  -1.06846883e-03   4.71521357e-04   2.83046253e-03  -2.57920362e-03
  -3.78387846e-03  -8.49942913e-04   3.02357135e-04  -1.06119470e-03
  -1.45381516e-03  -6.17886648e-04   3.21776851e-03   9.42481748e-05
  -3.02499101e-04]
[ 0.00648208  0.00847613  0.00493046  0.00769622 -0.01653879  0.00304394
 -0.00462199  0.00400195  0.00177655  0.00950634 -0.00626755 -0.00142591
 -0.00279879 -0.00159401 -0.00064318  0.02046054  0.00126186 -0.00490736
  0.00060391 -0.00759718 -0.00721555]
[ 0.01114667  0.00834907  0.0004386   0.00067974  0.00798318 -0.01690741
 -0.00776719  0.01276723  0.00240056 -0.00117831 -0.00765806 -0.00673802
 -0.00838454  0.01467435 -0.00137903 -0.0005107   0.00326268  0.00353765
  0.00602448 -0.01859362 -0.01107345]
[ 0.0057479   0.01028801  0.0083988   0.02185943 -0.04195968  0.00951553
 -0.00890654  0.00217287  0.01216801 -0.00281923 -0.01688421 -0.01152304
 -0.00375039 -0.00095129  0.00429939  0.00204316 -0.01317087 -0.0020693
  0.00176749 -0.00302304 -0.00319644]
[ 0.01537293 -0.00752178 -0.00789354  0.00369094  0.01362338 -0.00613645
 -0.00194481 -0.01697951  0.00920338  0.00147871 -0.03301358 -0.00859943
 -0.00646577 -0.00971914 -0.01525825  0.01142444  0.01190677  0.00163527
 -0.00649643  0.01541919 -0.00517221]
[ 0.00417514  0.00478987 -0.00159473  0.00387699 -0.00977213 -0.00062052
 -0.00135751  0.01139985 -0.00742364  0.00392034 -0.00566408 -0.00548522
  0.01183278 -0.00726089  0.00201184  0.01626072  0.00140438 -0.01459203
  0.00802012  0.00562448  0.00082937]
[ 0.01093731 -0.00748655  0.01141121  0.00554663  0.00571973  0.00100953
 -0.0076203  -0.00607457  0.00192435  0.00732771  0.00983058 -0.00360585
 -0.00193707 -0.01178899 -0.00704183  0.00852135  0.0139443   0.0159371
  0.00563156 -0.01634395  0.00963074]
[ 0.00795919 -0.00798671 -0.01358329 -0.00558155  0.00153897  0.01241701
  0.00016762 -0.01579299  0.00089638  0.00156982 -0.01979745  0.00193491
 -0.00782788  0.01719876  0.01098896  0.00167483  0.00716181 -0.00883802
  0.0114983   0.00630001 -0.00585635]
[  4.23181615e-03   6.48018172e-03  -2.86473250e-03   2.78294001e-04
   3.35176244e-03  -3.96167736e-03   4.83475998e-04   2.16969546e-04
   7.16931794e-05  -1.08327894e-02   4.39090712e-03  -6.93471882e-03
   5.06749180e-04   1.38254885e-03   4.78704826e-03   1.52853004e-02
  -3.04239367e-03  -1.13316200e-02  -8.26646057e-03   4.17597318e-03
   5.25219751e-03]
[ 0.01003996  0.00998577  0.00245493  0.00355479 -0.00765196  0.00078404
 -0.00040533  0.00748928 -0.00320165 -0.00776253  0.00150709  0.00628632
  0.00835305  0.00809959 -0.00763127 -0.01296574  0.00589115  0.01848923
 -0.00121929  0.00683927 -0.00133204]
[ 0.00309786 -0.00375097  0.0132095  -0.00972971  0.00338914  0.00548755
 -0.00601692  0.00437216  0.00125617 -0.00521856 -0.00875805  0.00438955
  0.00367074 -0.00623343  0.00466449 -0.00220775 -0.01240038  0.00077853
 -0.00529343 -0.00342013  0.0035875 ]
[ 0.0125642   0.01349152  0.00350969 -0.00356828  0.00264066  0.00072262
 -0.00129133  0.00202062 -0.01088588  0.0169571   0.00431432  0.02030584
 -0.02670016  0.00155351 -0.00541749  0.02329902 -0.01977306  0.0105703
  0.00981645 -0.01294494 -0.00353631]
[ 0.00366305 -0.00092417  0.0155286  -0.00178056  0.00118213 -0.00107103
 -0.00416555 -0.01427548  0.00185096  0.00497259  0.00972721 -0.00127297
 -0.00337412 -0.00576789  0.00527203  0.00320882 -0.00013259 -0.00139378
  0.01325029  0.00071838  0.00170999]
[ 0.01283585 -0.0065378   0.00336775  0.01015046  0.00287611  0.00276276
 -0.00202144  0.00364828  0.01258055 -0.00536493 -0.00845986  0.01400027
 -0.01097535  0.0054454  -0.01464063  0.00229049  0.03009801 -0.00564259
  0.00512373  0.01329416  0.00135066]
[  1.28668877e-03  -2.73969467e-04  -4.15586730e-03  -3.59476335e-03
   1.33695273e-03   8.11581914e-03   2.29193039e-03  -5.66508008e-03
   5.74499919e-04   4.50076596e-03  -5.23049269e-03  -2.77920525e-04
   7.96371920e-04   9.12895393e-03   5.24325685e-03   2.68362056e-03
  -1.82510394e-03   4.48112532e-04   2.15864028e-03  -3.18377741e-03
   1.31235396e-05]
[ 0.00427429  0.00195819 -0.00312705 -0.0028913   0.0043272   0.00586768
  0.00156232 -0.00534159  0.00336463 -0.00054139 -0.00892503  0.00189244
 -0.00558721 -0.00094568  0.00306668 -0.00272139  0.00160072 -0.007304
  0.00311232  0.00872522  0.00340499]
[ 0.01777842  0.01722538 -0.01219091 -0.00332285 -0.00154002 -0.00827929
 -0.01294773  0.00213686  0.00270377 -0.0044964   0.00349537  0.00653048
  0.00869327 -0.00147598 -0.00332262 -0.00734389 -0.00953881 -0.00059517
  0.01293472 -0.0214245  -0.00859185]
[ 0.01203354  0.0113889   0.00514165 -0.0081272   0.00787997 -0.00286739
  0.00378055 -0.00539178 -0.00696412 -0.00027542  0.00182809 -0.00245441
 -0.01389242 -0.01420199  0.00473717 -0.01224106 -0.00400659 -0.0043457
  0.00981351  0.0119092   0.01222657]
[ 0.00479785  0.00471142 -0.00218062  0.00025577  0.00128559 -0.00473564
  0.0030731   0.00249337 -0.00049793 -0.00168555 -0.00218871 -0.00037966
 -0.00826786  0.00037769 -0.00133048  0.00166332 -0.00258506  0.00257201
  0.00650797 -0.0195308  -0.00331525]
[ 0.01925851  0.01458878 -0.00705802  0.00886191  0.00092506 -0.00472288
 -0.00567879  0.00554302  0.01697861  0.01626131 -0.0164302   0.01177184
 -0.00622826  0.01096242 -0.00325874 -0.01051108  0.00275548 -0.01773579
 -0.01007207 -0.02385418 -0.01312823]
[ 0.01612348  0.01780856  0.000914   -0.00062797  0.01204047  0.02503277
  0.02983702  0.00237246 -0.00164857 -0.02531636  0.01297695 -0.02300125
 -0.02547869 -0.00611888  0.02261432  0.016912    0.01331753 -0.02100409
 -0.03619996  0.01496175 -0.00924772]
[ 0.00311585 -0.00415997  0.01428592 -0.01229572 -0.00369536 -0.00363354
  0.0036222   0.00012835  0.00247116  0.00082827 -0.00472256  0.00162229
  0.00733139  0.00188444  0.00131251  0.00086964 -0.00618721 -0.00301924
 -0.00689043 -0.00077532  0.00734461]
[ 0.02090578 -0.02151115 -0.00948608  0.01527492 -0.00281791 -0.00264675
  0.00546616 -0.00995128  0.00187135 -0.01061117  0.01363144 -0.00093668
 -0.00385748 -0.00116246 -0.00771946 -0.01615697 -0.00643401 -0.01094632
  0.01220455 -0.02295346  0.02171516]
[ 0.00618147 -0.00590094  0.00171194  0.00278266  0.00353462  0.00215304
 -0.00029247 -0.00829569  0.00612398 -0.00249827  0.01191241  0.00464554
 -0.0023866  -0.00429628  0.00307209  0.00564857 -0.00600958 -0.00358894
  0.00642968  0.00329921 -0.00430464]
[ 0.02161388  0.02201334  0.01740602  0.00522512 -0.01703045  0.01469225
  0.02342169 -0.01112371 -0.00645091 -0.01984119  0.01908814  0.00947484
 -0.02308218 -0.00560549  0.00315107  0.00173185  0.02194761  0.0187476
  0.00066966  0.0141002  -0.00630995]
[  8.49064788e-03   8.44831165e-03  -1.68880202e-03   1.27590458e-03
   5.01119969e-04   2.43309930e-03  -1.06265401e-03   1.20473129e-03
  -1.16424499e-02   6.60351576e-03   9.60194917e-03   9.54998104e-03
  -6.59849038e-03   3.21768697e-03  -2.80440766e-03   1.29438217e-02
  -1.67586213e-02   3.88233277e-05  -9.76244796e-03   2.53000896e-03
  -1.51851325e-03]
[ 0.00368453 -0.00087155  0.00249451  0.00209898 -0.00090797  0.00807156
 -0.00356771  0.00116355  0.00368725  0.01441682  0.00409567 -0.00670962
  0.00103449  0.00059236 -0.00087939  0.0087105   0.01154731  0.00863662
 -0.00400306 -0.00291426  0.01129957]
[ 0.00936603 -0.01374013 -0.01853983 -0.00642917 -0.01159162 -0.00424675
  0.00316328 -0.00019926  0.01139543  0.00563263  0.0198783   0.00071457
 -0.00815758 -0.0158718   0.01522251 -0.00130014 -0.01213372  0.00143389
  0.01484505  0.00623455  0.00197456]
[ 0.0130363  -0.01353718 -0.00019235  0.0069523  -0.00381429 -0.00347939
  0.01709326 -0.01202357  0.00215304 -0.00466336  0.00026473 -0.01062574
 -0.00496549 -0.007362   -0.04497384  0.00416558  0.0022944  -0.00190851
 -0.0168698  -0.00925251  0.00804708]
[ 0.00483337  0.00332988 -0.00309822 -0.00397813  0.00520713  0.01734967
  0.01011046 -0.00243035  0.00182029  0.01898802 -0.00560518 -0.00296183
  0.00690558  0.01192771  0.00386698  0.00614693  0.00048221  0.00963753
 -0.00242668 -0.00752432  0.00632128]
[ 0.00996649  0.01003736  0.00150722 -0.00655754  0.00517837  0.0180572
  0.00842655 -0.00382178 -0.00535351  0.00300689  0.00284949  0.00207233
  0.00539333 -0.00111486  0.00603258  0.00118355 -0.01669067  0.01742246
 -0.00541477 -0.00182642  0.00192304]
[  1.79222417e-02   1.94772329e-02  -9.59888329e-03  -1.09103113e-02
   1.66744118e-02   9.03313504e-04  -5.80358293e-03  -8.93896337e-03
   6.86003569e-03  -8.95534334e-03   7.30583503e-06  -1.11137578e-02
   2.10940302e-02  -6.25086169e-03   2.96421060e-03  -2.16662654e-02
  -1.25580765e-02   1.11866402e-02   7.01966489e-03   1.05314076e-02
   1.80639232e-03]
[ 0.0104551  -0.01157544  0.00278456  0.00613017 -0.00666572 -0.01292257
  0.00090991  0.00014391 -0.00998739  0.00116933 -0.00335201  0.01033493
  0.00655746 -0.00365155  0.00382589 -0.00686608 -0.01686815  0.01390955
 -0.02402986 -0.00633636  0.01062518]
[  6.75776104e-03  -8.20982240e-03  -2.39334897e-03   6.46687491e-03
   1.07262044e-03  -7.61400153e-03  -1.22353175e-03  -1.01280369e-02
  -1.95405029e-02  -8.52213723e-03  -1.80443575e-02   8.97904857e-03
  -4.67483939e-05  -1.04389883e-02   1.61996327e-02   2.65907539e-03
   6.94435990e-03   8.99276232e-03  -5.03778438e-03  -6.59853472e-03
   2.95609402e-03]
[ 0.0197129   0.0190477  -0.0094157  -0.00610437  0.00805615  0.01609607
  0.01694437 -0.00510953  0.00047715  0.00098627  0.00478346 -0.00025684
  0.04033864 -0.03401342 -0.00162212  0.00018308  0.0120227  -0.00026733
 -0.00017546  0.00131808 -0.01616616]
[  1.22441617e-02  -7.01416991e-03   3.02983423e-03   1.08641410e-02
   3.00007919e-03   6.95969743e-03  -7.61385812e-03  -7.03934618e-05
   2.48756403e-03   3.10774892e-03   5.51140445e-03   8.49424595e-03
   5.06033656e-04   7.90124662e-03  -1.26904381e-02  -1.21204268e-02
   1.40365835e-02  -5.90535632e-03  -8.16628190e-03   2.31196915e-03
   2.75979647e-02]
[ 0.00976771  0.01026155 -0.00383972 -0.00591155  0.01030456  0.00154009
  0.00533797 -0.0024022  -0.00478551  0.01375454 -0.00050219  0.0121633
 -0.01243543 -0.00649519 -0.00406905 -0.00250064 -0.00628871  0.00523926
 -0.00112237  0.01286472  0.01162602]
[ 0.00168139  0.00244209 -0.00184128 -0.00073998  0.00278757 -0.00487969
 -0.00191943 -0.00222968  0.00405148 -0.0086015   0.00198833 -0.00421468
  0.00556919  0.00593932  0.00043387  0.00190768 -0.00117136  0.00261511
  0.00157274 -0.00055633  0.00404677]
[ 0.00950441  0.01129542 -0.00362704 -0.00546035  0.00557399 -0.00479249
  0.00136783  0.00210682 -0.00040452  0.00041931 -0.00261677  0.00618469
 -0.00209561 -0.01234543 -0.00553901 -0.01244581  0.00324864  0.00427101
  0.0105052   0.00452192  0.00301631]
[ 0.00533626  0.00392048 -0.00329772  0.00144821  0.00138597 -0.00866978
 -0.00265574 -0.00942069  0.01022579 -0.01609264  0.00610286 -0.00449957
  0.0131447   0.0094457  -0.00401057  0.00936648 -0.00355048  0.00170873
  0.0027341   0.00067687  0.00063449]
[ 0.00926515 -0.00759861 -0.00342431  0.00970621  0.00997433  0.00493965
  0.00294512 -0.01134645 -0.00114398  0.00158708 -0.01554646 -0.00823372
  0.00411125 -0.01243364 -0.00230399  0.00123529  0.00966735 -0.00291771
  0.00071959 -0.00828348 -0.01270968]
[ 0.00238132  0.00191979 -0.00148664 -0.00074829  0.00326108 -0.00360795
 -0.00195351  0.00292903  0.00278854 -0.00280692 -0.00023435 -0.01107958
 -0.00478958 -0.00141576  0.00939089 -0.00109464  0.00514438  0.00317583
 -0.00338536 -0.00356843  0.00429198]
[  4.57129184e-03   5.32414516e-03   5.23532291e-03   5.86834011e-03
  -1.12613608e-02   1.50775219e-02  -7.16731164e-04  -7.17405431e-05
  -5.86221790e-03  -1.03647401e-02   3.59998917e-03  -6.00640088e-03
  -2.19649774e-03  -5.38669245e-04   3.04668979e-03  -1.70578286e-02
   1.53329044e-03   1.57282334e-02  -1.38028124e-03   6.90648493e-03
  -1.58018813e-03]
[ 0.02037059 -0.02092186 -0.00364803  0.01870001 -0.00489166 -0.00912467
  0.02696605  0.01856317  0.0142168   0.00105143  0.004275   -0.0137495
 -0.01105705 -0.0007898  -0.00351798 -0.02656597 -0.0099861  -0.02165258
  0.01706788  0.00012408  0.00224421]
[ 0.01604094 -0.01880348  0.00015413  0.01509951  0.00572556 -0.00898382
  0.00905321  0.01072371 -0.0050335   0.0042785   0.00793832  0.00354992
 -0.01012792  0.01041584  0.00294944  0.00436507 -0.01174577  0.00141525
 -0.00108874  0.00796897 -0.02667018]
[ 0.00553802 -0.00627369 -0.00090199 -0.00554107  0.00122252 -0.00059976
 -0.01351044  0.00605702  0.00115021  0.00642874  0.0058502  -0.02044724
 -0.00575311 -0.00843187  0.00987669  0.00689853  0.00895191  0.00892624
 -0.00378573 -0.0023672   0.00340394]
[ 0.02182063  0.02023355 -0.01415825 -0.00228702  0.00794901 -0.00298584
 -0.01753199  0.02751757 -0.00572784  0.01501923 -0.01877829  0.00496815
  0.01130969 -0.00463365 -0.00826278  0.00492641  0.00583003 -0.01457173
  0.01477748  0.02049368  0.02110842]
[ 0.01304744 -0.00918532  0.00075598 -0.01046827 -0.00054546  0.00514844
  0.03082031  0.00783015 -0.0044244   0.0177765  -0.01498195 -0.01693281
  0.01450451  0.02113995 -0.0127824  -0.00123887 -0.00741382  0.01434476
  0.00606538  0.00100606  0.01479347]
[ 0.01428397 -0.01810322 -0.01918718 -0.00901223 -0.01070176 -0.00702178
 -0.01165569 -0.00276703  0.0226313  -0.00027185  0.00228259  0.00800823
  0.00268234 -0.00470382  0.01197371  0.00725852 -0.00201616  0.01681901
 -0.01557265  0.01078466 -0.01615913]
[ 0.01558768 -0.01500524 -0.01584008 -0.01298556 -0.01065572  0.00153935
  0.00374492 -0.00688565  0.01132745  0.00523926  0.00423012 -0.00880368
  0.00252833 -0.01599064 -0.00165548 -0.00539649 -0.01290807 -0.0037951
  0.00695914  0.00409599  0.02113365]
[ 0.00550463 -0.00496096  0.01051214  0.00936311  0.00428584 -0.00740718
 -0.01322563 -0.00986572 -0.00188186  0.0048081   0.00303337 -0.00519611
  0.00153235  0.00723238 -0.00207417  0.00039007 -0.0070468   0.00762264
 -0.00120238  0.01156148 -0.00160485]
[ 0.00358584  0.00089353 -0.00247259  0.00100245 -0.00362584 -0.00257274
  0.00392894  0.00951749 -0.00783245  0.00090631 -0.00373398  0.00235322
  0.01579247 -0.00508874  0.0048302   0.00505258  0.00622209  0.00173565
  0.00946237  0.00219969 -0.00184674]
[ 0.00418582  0.00533957  0.00180842 -0.00452012  0.00114867 -0.0147018
  0.00306698  0.00227003  0.00046218  0.00722052  0.00044567  0.00064051
 -0.01104119  0.00521836  0.00920349 -0.00895386  0.00568946 -0.00304168
 -0.00385108 -0.00778889  0.00033695]
[ 0.00178817  0.00173181  0.0082125  -0.00555523 -0.00484747 -0.00771442
  0.00642563 -0.00603572 -0.00148802  0.00496347  0.00442092  0.00106963
 -0.00159583  0.00527752  0.00456747 -0.00631654  0.00800161 -0.00308608
  0.00060696  0.0014563  -0.00502045]
[ 0.0073932  -0.0037961  -0.00042862 -0.00041334 -0.00128965 -0.00505681
  0.00840279 -0.00545903  0.0108707  -0.00263769 -0.00223154  0.00109216
  0.00039249  0.00275785 -0.00435156  0.0066697  -0.00038816 -0.00089167
 -0.00699953  0.00860459 -0.00219541]
[ 0.00491968 -0.00325772 -0.00036116  0.00071889 -0.00042134 -0.0021845
  0.00335592 -0.00745642  0.00267131 -0.00159037  0.00908383 -0.00234414
  0.00023973 -0.00526892 -0.00636223  0.0055411  -0.00174451 -0.00336337
  0.01639485 -0.00065874  0.00088095]
[  1.40478912e-02   1.66239159e-02  -6.43764432e-03  -1.83341157e-03
   8.00529734e-03  -1.80410500e-02  -6.45432401e-03   6.39476953e-03
   7.15459681e-03  -1.36651138e-02  -3.41290390e-04   1.77470212e-04
  -1.15196197e-02   1.32436345e-02   4.21766746e-03  -7.87986825e-03
   1.97062956e-03   6.98710166e-03   6.14984331e-03   3.82970392e-05
   2.22919780e-02]
[ 0.01290451 -0.01395304 -0.00693015  0.00762988  0.00041986 -0.01176423
 -0.0014491  -0.00500361  0.00433197 -0.00606306 -0.00927067  0.01841398
  0.00444246 -0.00302139  0.00753475  0.01541863  0.00910593  0.02235809
 -0.00276818  0.00907614 -0.01900619]
[ 0.00496831 -0.00555    -0.01072381 -0.02462086 -0.01525243  0.00507293
 -0.02317721 -0.00273208 -0.01442984 -0.00181515  0.00473734 -0.01014099
 -0.00833877  0.00332121 -0.00998412 -0.00425927  0.0126522  -0.0051104
 -0.00775204 -0.00072564 -0.01306093]
[ 0.00920985 -0.00512882 -0.00418692  0.00827851 -0.00341702  0.00599566
  0.01474089 -0.00478688 -0.01091364 -0.00645656 -0.00281789 -0.00944328
 -0.00649926  0.0002162  -0.00747639 -0.00630153  0.00186215 -0.01180697
  0.01824783 -0.0062117   0.01088512]
[ 0.01563387  0.01672206  0.00259505 -0.00362726  0.01126993 -0.00057173
 -0.01367728  0.01451715 -0.00891816  0.01130324 -0.00374989  0.01630005
  0.0004242  -0.00639607 -0.0127777  -0.00240255 -0.00875922 -0.00027654
  0.01080361 -0.00990758 -0.01697592]
[ 0.01300072 -0.01033476  0.00246963  0.01697242  0.02309811  0.01788868
 -0.00133286  0.00442618  0.0016623   0.01080265  0.01326968 -0.01330672
  0.01402868 -0.00399835  0.00100593 -0.02192269 -0.01360752 -0.0256523
  0.00306509 -0.01655648 -0.02531098]
[ 0.01177413 -0.01178097  0.01171165 -0.0140795  -0.00704145 -0.01535002
  0.02964832  0.00799082 -0.00874471 -0.00024106 -0.01514927 -0.01705116
 -0.00032596  0.01673168 -0.01551081 -0.00459891 -0.01084332  0.00628967
  0.01143362  0.01701544 -0.01354604]
[ 0.01255397  0.01595118 -0.00319196 -0.00059825  0.00629314  0.00346319
 -0.00319218  0.00134697 -0.00719201  0.01002319 -0.00469307  0.00893175
 -0.00242625 -0.0099956  -0.01156494 -0.01731565  0.00279664 -0.0062893
 -0.00389534  0.0278345   0.00315398]
[ 0.01381005  0.0124999  -0.00803136 -0.00880767  0.01510041 -0.02562427
  0.00202797  0.00588504  0.00072112 -0.00706105 -0.01023028 -0.02442154
 -0.01025909 -0.00489778  0.01401181  0.00920025  0.00808605 -0.00869941
 -0.01674562 -0.00735602  0.01868503]
[  1.46916831e-02  -1.93085761e-02   3.31790273e-02  -2.48721449e-02
   8.65210097e-05   1.21082466e-02   1.40111820e-03   3.24749276e-02
   1.44323304e-02  -2.58512609e-02  -1.17271566e-02   2.03653439e-02
  -4.50753486e-04   4.97857821e-03  -1.24657620e-03   3.05639775e-04
  -6.77734012e-04  -1.02648073e-02   5.22198865e-04  -3.91017289e-03
   7.65512046e-03]
[ 0.00181094  0.00084781  0.01265485 -0.00693132 -0.00594571 -0.00741901
  0.00354337 -0.01112208  0.00106027  0.00791532  0.00461593  0.00193734
  0.00579898  0.00184724  0.0056101  -0.00110668  0.00536545 -0.00762154
  0.00024707  0.00038739 -0.00024486]
[ 0.01216471 -0.01099411  0.01256232 -0.01016899  0.00029091  0.0125288
 -0.00586818  0.01023362  0.00430775 -0.00175904  0.01761483 -0.00117524
  0.00024402  0.00878635 -0.01395438  0.01880963  0.01408176 -0.00643624
  0.00672184 -0.01266369  0.0120182 ]
[ 0.00745577 -0.00617353 -0.01602445 -0.01649004 -0.00770539  0.00861637
 -0.00079336 -0.01389605  0.00016976 -0.00129543 -0.00751684  0.00339027
 -0.00421691  0.01063321  0.00528801  0.00428512 -0.01074381  0.0051219
  0.01212033 -0.00539778  0.0064898 ]
[ 0.01324231  0.01262706  0.00108248 -0.00573881 -0.00034274  0.00625333
  0.00825959  0.00667397 -0.00044443 -0.0265235   0.0125701  -0.00078703
  0.01854977  0.01791005  0.00466549  0.00782791  0.01989422  0.02867413
  0.02422188 -0.02102308 -0.01550121]
[  1.84950605e-03  -2.70564030e-03  -4.61939452e-03  -1.32200941e-03
  -3.32896721e-03  -2.99333819e-03  -3.19388170e-05   8.57119774e-04
   9.44945579e-03   3.36328676e-03   3.29463370e-03   4.29291389e-03
   1.38583321e-03  -4.11138004e-03   6.79976698e-03   7.34821430e-04
   2.23425314e-04   6.33154502e-03  -3.71752903e-03   4.18079740e-03
  -5.44669408e-03]
[ 0.01352441 -0.01105512 -0.00715122  0.00078485 -0.00484755 -0.00866424
  0.00438655 -0.02170228 -0.00240546 -0.00924193 -0.00201939  0.0148595
 -0.00912213 -0.01825494 -0.02289926  0.00621109  0.00426466  0.00652891
 -0.00726733 -0.01754039 -0.00500032]

Right eigenvectors

[ 1.          0.72471229 -0.2413316   0.58239186  0.28780469 -0.81162784
 -1.35458571 -1.19616501  0.98809535 -1.20315276  0.60031905 -0.38516266
  1.44109674  1.61190552 -0.67729618  0.31719785 -1.51456129 -0.64208188
 -0.54075296  0.7706756   0.54331336]
[ 1.         -1.167005   -0.14295668  0.74173169  0.04568626  0.28346226
 -0.56357208  1.62386685 -0.80838517  1.20306167  1.84550892 -0.80647656
  0.32561739  0.5717933   0.47333643  0.73579536  0.00615022 -0.08041951
 -0.20003805  0.50274404  0.38881685]
[ 1.          0.95497236  0.17215151 -0.94591316 -0.82241318 -0.73457766
 -0.02671523  0.07399732 -1.46875167  0.37406261 -0.34295174 -0.53233428
  1.90364783 -1.22544443 -0.25885354  0.48122454  0.69282515 -1.47758956
  0.56731786  0.67615971 -0.93306167]
[ 1.         -0.74642126 -0.82789276  0.5416499   0.35528612 -1.15684924
  0.66928512  0.73179065 -0.19342438 -0.07218544 -0.49051004 -0.21525959
  0.2183114  -0.45500688  2.0004908  -0.38653312  0.70871285  0.72561709
  0.81437187 -1.11121914  0.00721518]
[ 1.          1.04730147  0.64863996  0.98558548 -1.15427968  0.70658136
 -0.67145702 -0.84025694  1.52650553  0.05438727 -0.12147067 -0.95287529
 -0.33335757 -0.29786858  0.66124079 -1.68192579  0.2677149   0.46553686
 -0.35644078 -0.11347037  0.73849006]
[ 1.          0.61211941  0.96486005 -0.00908253 -0.67954789  1.38998227
  2.64916857  0.45652436 -0.34635988 -1.80509325  0.80414639 -0.05095969
 -1.91890071  0.04473445 -0.69942422  1.13613405 -0.0190425   0.77623555
 -0.34372892  0.73689325 -0.73344283]
[ 1.         -0.99314973  1.07735584 -1.31170566 -0.17129164 -2.50204991
 -0.19533268  0.12021285 -2.0918832   0.24195481 -1.91774105 -3.0751295
 -0.55972396  0.34629595 -0.93171258  0.53422477 -1.26297084  1.62427954
 -1.20175214  1.00730662 -1.69444849]
[ 1.          0.91332302 -0.16995852  0.46286576 -0.42420669  0.91986417
 -0.21781251 -0.2330959  -0.32525546  0.77345929 -0.46261931  0.36080848
  1.00504302 -0.66351235 -0.12435488 -0.3539401   0.21391386  1.74394338
 -0.80132294  1.53384975  1.18400089]
[ 1.         -1.00380009  1.04874215  1.99695405  1.49002845  0.14053632
 -1.59078549 -0.2469113  -0.00377343  1.39197963 -0.4895881  -1.23947571
 -0.4824181   0.69623219 -0.82354485  0.20841008  0.85004389  0.74682761
  0.69619859  1.91537107 -0.62614504]
[ 1.         -1.16258436 -0.21715898  1.42927786 -1.13730277 -0.50667801
  0.52462321 -0.38620679 -3.57568008 -1.23205937 -0.37418242  1.99272408
  1.19647267 -0.88133226  2.42501017 -0.31487312  0.99282454 -0.53336464
 -0.52223264 -1.03638269  1.82541313]
[ 1.          0.98222725  0.11084214 -0.71466018 -0.03497321 -0.23018099
 -1.06229845  0.32125033 -0.71307834  0.11265549  0.717764    0.27863159
  0.26396567  0.89052847 -0.7548798  -1.78773286  0.46529429  0.45406488
  0.14765736 -0.14116279 -1.46504872]
[ 1.         -1.38726729  0.65376275 -2.71546072 -0.59993267  1.55020031
 -1.91021218  2.00782379  2.15894391 -1.98750606 -1.45745107  2.86959581
 -0.36214152  0.25414729 -0.92320891  0.60697025  1.58260212 -1.14849866
 -0.29400909  0.88213819  0.4127741 ]
[ 1.         -0.75953265 -1.7838651  -0.40208551 -0.85809844  0.86609435
 -0.63164395 -1.32330119 -2.73414368 -0.24571537 -0.54130631  0.5971529
 -0.87902444  0.13145119  0.123081   -0.76410115  0.49847259 -1.83743572
  0.24013509 -0.38701668  1.69309601]
[ 1.          1.08693658  0.05505461  1.16448627 -1.64717385 -0.52061109
 -0.3242699   0.37674475  1.07160279  0.14697811 -1.3350152  -0.19151719
 -1.21904974  0.05408436  0.30785078 -1.46870507 -0.81644928 -0.67764832
  0.14458094 -0.79996952  0.24325143]
[ 1.         -1.16812175  0.00352514  1.4365736   0.32260849  0.11916646
 -0.55150732 -0.35579071 -1.11650889 -0.29653775  0.04127017  1.2608708
  0.13755274  2.14595133  0.99474754 -0.11154989  0.2334266  -0.64829588
 -0.33658997  0.52564994 -0.14877395]
[ 1.         -1.10710868 -0.54193291 -0.05149086  0.12513785  0.25640571
  0.1709178   0.86130882  2.006923   -0.35511201 -0.08090332  1.54314383
  0.09154223 -0.27862368  0.08264825  0.31779434  0.80927233 -0.96497608
  0.04745919  0.85881117 -1.41311401]
[ 1.          0.78440535  1.56684654  0.78085782 -1.69974298 -1.01235952
 -0.4962645  -2.53700726 -0.45141196  0.0886558   0.98642468  0.70290358
  1.27687806  0.70332344  0.04885835  2.02521183 -0.74181454 -0.63636723
 -0.00654258  0.0200628   0.61784792]
[ 1.         -1.23458081 -0.60171278  0.0061284  -0.49607797 -0.63439407
  1.01330169  2.17812273  1.23828087  0.73332662  1.29464187  0.19742518
  0.32822835 -0.46212743  1.10212228 -0.58733382 -0.48471227  0.51976062
  0.45718568  1.0020285   0.02235359]
[ 1.          1.0554579  -0.16033671 -0.00851971  0.70297926 -0.93658502
 -0.8162251   0.25198512  0.46345563 -0.73551966 -0.00524614  0.26051915
  0.42087435  0.28114771 -0.39136829  0.44072529  0.64348724 -0.09117691
  0.28458268 -0.61067119  1.28398465]
[ 1.         -1.26463584 -0.53720721 -1.44546991 -0.74213468  0.4123494
  0.26589866  0.46168572 -0.12596139 -0.33140072  0.25718907 -0.4268711
  1.11217449 -0.57492718 -0.70637783 -0.52772208 -1.25530888 -0.28057067
 -1.8965541  -0.81307088  0.20378803]
[ 1.          0.71940602  0.28990394 -0.10886647 -0.26556455  0.04086435
  0.37219468 -0.60704978  2.37477397  2.07337187 -0.28093838  0.66742834
  0.92911622 -0.02288004  0.0603707  -0.95997737  1.54024044 -0.30517582
 -2.11947619 -1.18986909  0.08738568]
[ 1.         -0.74403332 -0.48192488  0.43289063 -1.01380394  0.81715501
 -1.17571751  1.13495437 -2.32914041  0.02795296  2.31455587 -0.1119264
  0.63329278  1.34984568 -0.62151429 -1.25211872  0.03501033 -0.38306803
 -1.83872713 -0.11626858  1.12947724]
[ 1.         -1.182659   -0.26274754  0.9396005   0.53463905 -0.03074457
  1.10609901 -1.66741833 -0.50814439  0.01131848  0.24845904 -0.0452635
  1.15575106 -3.45044588 -3.44076213 -0.20689204 -0.44169127  0.49688137
 -2.88905336 -3.91266903 -1.96962197]
[ 1.          1.27607635 -0.21223783 -0.15056355  0.33611004 -0.33834748
 -0.2732645  -0.82055892 -0.22176315  0.33303267  0.62691192  1.33628794
 -0.8570359  -0.65550498 -0.64551334  0.90198045 -1.59557146 -0.10980305
  0.19612697  0.99421898  0.55577914]
[ 1.         -1.12994194  2.75834894 -0.20367196  1.83263912  1.07231982
 -1.81964234 -0.44421789 -0.21391613 -0.59268748 -1.17641127 -1.00174614
 -0.48123423 -1.46989211  1.54040286 -0.42746384 -1.05871695  0.19636374
  1.04536241 -0.10600776 -0.46835186]
[ 1.          0.86864289  0.13880302 -0.07157855  0.20646633 -0.84147572
  0.25620523  1.41151277 -0.61487136  1.16703423  0.62113574  1.0807617
 -1.66301836  0.51659739  0.44920625  1.19079647 -1.17128253 -0.19807536
 -0.98312963 -0.56220608 -0.44175067]
[ 1.          0.5934624  -0.27546701 -0.09272606  1.07681432  1.25971718
  0.02013995 -0.56145498 -0.04293166 -0.41425168  0.54618553 -0.28478602
  0.69928613  0.42599739  0.84046083 -0.22415357 -0.87168517 -1.35424364
 -1.22159818 -0.47346675 -1.50431692]
[ 1.         -0.51711051  3.64933162 -1.08662885  1.21515656  2.01490426
 -1.54113879  1.48502476  0.27133466 -1.27599294  0.64270151  0.95143949
 -1.16421076 -1.55671077 -0.72691813  1.36768842  1.34398498  0.96620507
  2.36272168 -2.42594282  0.47882483]
[ 1.         -1.70852278 -4.93993944 -6.33682109 -4.67905204  1.49909309
 -3.54801006 -2.57800069 -0.85811966  0.37869307  2.27323013 -2.07143649
 -3.03894732 -0.68261488  0.24283217 -0.85227758 -1.16760296 -0.49624347
  2.58428728  0.07569356 -0.24294618]
[ 1.          1.30762452  0.76062896  1.18730668 -2.55146328  0.4695935
 -0.71304172  0.61738679  0.27407036  1.46655648 -0.96690406 -0.2199765
 -0.43177255 -0.24591043 -0.09922455  3.1564773   0.19466886 -0.75706486
  0.09316657 -1.17202768 -1.11315236]
[ 1.          0.74901953  0.0393482   0.06098107  0.71619462 -1.51681277
 -0.69681712  1.14538539  0.21536146 -0.10570988 -0.68702708 -0.60448711
 -0.75220165  1.31647918 -0.12371719 -0.0458164   0.29270447  0.31737309
  0.54047378 -1.66808753 -0.99343168]
[ 1.          1.78987356  1.46119469  3.80303023 -7.30000347  1.65547999
 -1.54952952  0.3780294   2.11695016 -0.49048026 -2.93745749 -2.00473993
 -0.65248043 -0.16550142  0.74799376  0.35546241 -2.29142341 -0.36000952
  0.30750213 -0.5259389  -0.55610664]
[ 1.         -0.48928717 -0.51347035  0.2400936   0.88619279 -0.39917263
 -0.12650879 -1.10450764  0.59867438  0.09618913 -2.14751467 -0.55938801
 -0.42059445 -0.63222434 -0.99254009  0.74315301  0.77452833  0.10637338
 -0.4225888   1.00300932 -0.33644906]
[ 1.          1.14723512 -0.38195818  0.92858906 -2.3405501  -0.14862209
 -0.32513998  2.73041071 -1.77805622  0.93897163 -1.35661941 -1.31377958
  2.83410378 -1.73907559  0.48186263  3.89465063  0.3363661  -3.49497891
  1.92092146  1.34713587  0.19864561]
[ 1.         -0.68449626  1.04332917  0.50712949  0.52295612  0.09230182
 -0.69672538 -0.55539851  0.17594379  0.66997408  0.8988117  -0.32968388
 -0.17710647 -1.0778693  -0.64383521  0.7791088   1.27492993  1.45713161
  0.51489439 -1.49432967  0.88054037]
[ 1.         -1.00345678 -1.70661702 -0.70127106  0.19335775  1.56008457
  0.02106004 -1.98424568  0.11262204  0.19723313 -2.48736868  0.24310391
 -0.98350122  2.16086716  1.38066305  0.2104266   0.89981556 -1.11041689
  1.44465625  0.79153827 -0.73579697]
[ 1.          1.53130039 -0.67695108  0.06576231  0.79203877 -0.93616481
  0.11424787  0.05127102  0.01694147 -2.55984406  1.03759402 -1.63870985
  0.11974745  0.32670343  1.13120421  3.61199539 -0.71893333 -2.67772029
 -1.9534073   0.98680402  1.24112138]
[ 1.          0.99460332  0.24451648  0.35406468 -0.76215052  0.0780922
 -0.0403715   0.74594761 -0.31889066 -0.77316417  0.15010961  0.62613005
  0.83198115  0.80673566 -0.76009005 -1.29141362  0.58677028  1.84156517
 -0.1214442   0.68120557 -0.13267404]
[ 1.         -1.21082414  4.26406824 -3.14078053  1.09402668  1.77139829
 -1.94228039  1.41134847  0.40549436 -1.68456902 -2.82712572  1.41696123
  1.18492804 -2.01217012  1.50571374 -0.71266807 -4.00288287  0.25131201
 -1.70873552 -1.10402815  1.15805596]
[ 1.          1.07380643  0.27934074 -0.28400374  0.21017321  0.05751403
 -0.10277877  0.16082363 -0.86642021  1.34963582  0.34338196  1.61616608
 -2.12509768  0.12364591 -0.43118433  1.85439728 -1.57376149  0.84130304
  0.78130329 -1.03030366 -0.28145943]
[ 1.         -0.25229478  4.23925425 -0.48608777  0.32271619 -0.29238848
 -1.13718133 -3.89715737  0.50530591  1.35749923  2.65549386 -0.34751596
 -0.92112232 -1.57461344  1.4392452   0.87599799 -0.03619611 -0.38049578
  3.61728379  0.19611462  0.46682061]
[ 1.         -0.50933891  0.26237044  0.79079019  0.2240685   0.21523779
 -0.15748414  0.28422618  0.98011056 -0.41796473 -0.65908091  1.09071641
 -0.85505435  0.42423349 -1.14060493  0.17844437  2.34483984 -0.43959632
  0.39917364  1.03570552  0.10522549]
[ 1.         -0.21292598 -3.22989319 -2.79380953  1.03906458  6.3075231
  1.78126245 -4.40283634  0.44649486  3.49794454 -4.06507992 -0.2159967
  0.61893127  7.09492002  4.07500008  2.08567963 -1.4184502   0.34826801
  1.67767088 -2.47439589  0.01019947]
[ 1.          0.45813219 -0.73159368 -0.67644004  1.01237737  1.37278344
  0.36551632 -1.24970176  0.78717737 -0.12666265 -2.08807092  0.44274992
 -1.30716415 -0.22124843  0.7174704  -0.63668823  0.37449965 -1.7088196
  0.72814776  2.0413237   0.79662032]
[ 1.          0.96889249 -0.68571381 -0.18690341 -0.08662311 -0.46569339
 -0.72828342  0.12019418  0.15208168 -0.25291358  0.1966073   0.36732629
  0.4889787  -0.08302099 -0.18689058 -0.41307882 -0.53653844 -0.03347685
  0.72755176 -1.20508451 -0.48327436]
[ 1.          0.9464301   0.42727676 -0.67537917  0.65483421 -0.23828287
  0.3141677  -0.44806254 -0.57872586 -0.02288771  0.15191616 -0.2039641
 -1.15447508 -1.18020093  0.39366395 -1.01724514 -0.33295176 -0.36113208
  0.81551328  0.98966728  1.01604123]
[ 1.          0.98198412 -0.45449989  0.05330897  0.26795125 -0.98703246
  0.64051623  0.51968435 -0.10378132 -0.3513125  -0.45618532 -0.07913121
 -1.72324256  0.07872088 -0.27730674  0.34667911 -0.53879607  0.53607619
  1.35643405 -4.07073739 -0.69098648]
[ 1.          0.7575235  -0.36648804  0.46015551  0.04803364 -0.24523611
 -0.29487159  0.28782167  0.88161556  0.84437005 -0.85313938  0.61125357
 -0.32340282  0.56922433 -0.16921035 -0.54578867  0.14307863 -0.92093253
 -0.52299306 -1.23863006 -0.68168435]
[ 1.          1.10451119  0.05668728 -0.03894774  0.74676591  1.5525661
  1.85053221  0.14714311 -0.10224625 -1.57015509  0.80484775 -1.42656891
 -1.5802227  -0.37950148  1.40257085  1.04890533  0.82597097 -1.30270194
 -2.24517017  0.92794818 -0.57355584]
[ 1.         -1.33509974  4.58492077 -3.94618765 -1.1859895  -1.16614685
  1.16250943  0.04119248  0.79309375  0.26582456 -1.51565706  0.52065717
  2.35293618  0.60479136  0.42123659  0.27910126 -1.98572394 -0.96899387
 -2.21141271 -0.24883252  2.35717944]
[ 1.         -1.02895703 -0.45375373  0.73065513 -0.13479089 -0.12660387
  0.26146631 -0.47600631  0.08951373 -0.50757103  0.65204158 -0.04480484
 -0.18451725 -0.05560462 -0.36925014 -0.77284691 -0.3077623  -0.52360234
  0.58378808 -1.09794796  1.03871567]
[ 1.         -0.95461741  0.27694671  0.45016239  0.57180891  0.34830541
 -0.04731358 -1.3420265   0.99069961 -0.40415437  1.92711783  0.75152758
 -0.38608911 -0.69502584  0.49698451  0.9137914  -0.97219328 -0.58059633
  1.0401545   0.53372558 -0.69637924]
[ 1.          1.01848168  0.80531693  0.24174819 -0.78794058  0.67976012
  1.08364109 -0.51465606 -0.29846142 -0.91798376  0.88314248  0.43836816
 -1.06793324 -0.25934666  0.14578911  0.08012656  1.01544078  0.86738687
  0.03098282  0.65236801 -0.29193959]
[ 1.          0.99501378 -0.19890143  0.15027176  0.05902023  0.28656227
 -0.12515582  0.14188921 -1.37120866  0.77773991  1.13088533  1.1247647
 -0.77714804  0.37896837 -0.33029372  1.52447986 -1.97377415  0.00457248
 -1.14978834  0.29797596 -0.17884539]
[ 1.         -0.23654313  0.67702209  0.569674   -0.24642731  2.19066104
 -0.96829439  0.31579305  1.0007395   3.91279731  1.11158559 -1.82102554
  0.28076708  0.1607693  -0.23867176  2.36407378  3.13399949  2.34402268
 -1.08645137 -0.79094409  3.0667603 ]
[ 1.         -1.46701706 -1.97947577 -0.68643509 -1.23762367 -0.45342097
  0.33773958 -0.02127431  1.21667682  0.60138871  2.12238251  0.07629416
 -0.8709752  -1.69461329  1.62528894 -0.13881463 -1.29550318  0.15309435
  1.58498873  0.66565578  0.21082134]
[ 1.         -1.03842177 -0.0147552   0.53330323 -0.29259001 -0.26690036
  1.31120494 -0.92231479  0.1651575  -0.35772132  0.02030685 -0.81508905
 -0.38089699 -0.56473117 -3.4498932   0.319537    0.17600097 -0.14639979
 -1.29406338 -0.70974953  0.6172823 ]
[ 1.          0.68893449 -0.64100489 -0.82305527  1.07732874  3.58955801
  2.09180265 -0.50282782  0.37660766  3.92852381 -1.1596827  -0.61278828
  1.42872896  2.46778234  0.80005892  1.27176869  0.09976718  1.99395464
 -0.50206673 -1.55674348  1.30784008]
[ 1.          1.0071105   0.1512291  -0.65795848  0.51957832  1.81179161
  0.84548836 -0.38346292 -0.53715112  0.3016999   0.28590716  0.2079295
  0.54114632 -0.111861    0.60528623  0.11875308 -1.6746795   1.74810383
 -0.54329772 -0.18325634  0.1929502 ]
[  1.00000000e+00   1.08676321e+00  -5.35584970e-01  -6.08758185e-01
   9.30375343e-01   5.04018147e-02  -3.23820146e-01  -4.98763688e-01
   3.82766610e-01  -4.99677635e-01   4.07640693e-04  -6.20109805e-01
   1.17697499e+00  -3.48776777e-01   1.65392848e-01  -1.20890376e+00
  -7.00697866e-01   6.24176392e-01   3.91673375e-01   5.87616646e-01
   1.00790534e-01]
[ 1.         -1.1071573   0.26633471  0.58633281 -0.63755663 -1.23600633
  0.08703039  0.01376486 -0.95526469  0.11184265 -0.32061054  0.98850625
  0.62720198 -0.3492606   0.36593528 -0.65672068 -1.6133895   1.33040792
 -2.29838723 -0.60605431  1.01626819]
[ 1.         -1.21487314 -0.35416301  0.95695525  0.15872423 -1.12670476
 -0.18105579 -1.4987267  -2.89156465 -1.26108887 -2.67016802  1.3287017
 -0.00691773 -1.54474067  2.39718933  0.39348467  1.02761253  1.33073103
 -0.74548128 -0.97643801  0.4374369 ]
[ 1.          0.96625572 -0.47764141 -0.30966354  0.40867434  0.81652492
  0.85955754 -0.25919714  0.02420517  0.05003175  0.24265622 -0.01302918
  2.04630707 -1.72543987 -0.08228741  0.00928738  0.60988994 -0.01356109
 -0.00890102  0.06686408 -0.82008028]
[ 1.         -0.57285832  0.24745134  0.88729153  0.2450212   0.56840947
 -0.6218358  -0.00574915  0.20316328  0.25381476  0.4501251   0.69373847
  0.04132857  0.64530728 -1.0364481  -0.98989438  1.14638992 -0.48229977
 -0.66695312  0.18882217  2.25396931]
[ 1.          1.05055898 -0.39310338 -0.60521353  1.05496138  0.15767197
  0.54649166 -0.24593273 -0.4899322   1.40816421 -0.05141366  1.2452559
 -1.27311659 -0.66496569 -0.41658185 -0.25601055 -0.64382637  0.53638616
 -0.11490583  1.31706601  1.19025028]
[ 1.          1.45242677 -1.0950963  -0.44009997  1.65789741 -2.90217778
 -1.14157294 -1.32609647  2.40960606 -5.11571468  1.18255409 -2.50666594
  3.3122586   3.53239035  0.25804109  1.13458948 -0.69666192  1.55532709
  0.93537974 -0.33087409  2.40680622]
[ 1.          1.18843925 -0.38161664 -0.57450671  0.58646385 -0.50423825
  0.14391478  0.22166715 -0.04256141  0.04411745 -0.27532154  0.65071769
 -0.22048771 -1.29891588 -0.58278322 -1.30947682  0.34180293  0.44937136
  1.1052976   0.47577106  0.31735837]
[ 1.          0.73468563 -0.61798224  0.27139095  0.25972747 -1.62469145
 -0.49767858 -1.76540972  1.9162836  -3.0157142   1.14365817 -0.84320538
  2.46327873  1.77009677 -0.7515687   1.75525147 -0.66534886  0.32021126
  0.51236243  0.12684286  0.11890112]
[ 1.         -0.82012859 -0.36958998  1.04760468  1.07654307  0.53314347
  0.31787059 -1.22463723 -0.12347102  0.17129532 -1.6779504  -0.88867671
  0.44373233 -1.34197973 -0.24867279  0.13332613  1.04341001 -0.31491226
  0.07766662 -0.89404662 -1.37177227]
[ 1.          0.80618896 -0.6242922  -0.31423165  1.36944234 -1.51510498
 -0.82034912  1.23000512  1.17100535 -1.17872679 -0.09840977 -4.65270507
 -2.01131432 -0.59452698  3.94356737 -0.45967907  2.16030561  1.33364209
 -1.42163015 -1.49850807  1.80235262]
[ 1.          1.16469159  1.14526114  1.28373779 -2.46349635  3.29830656
 -0.15678963 -0.01569371 -1.28239852 -2.26735472  0.78752119 -1.31393949
 -0.48049825 -0.11783742  0.66648333 -3.73151162  0.33541732  3.44065397
 -0.30194555  1.51083877 -0.34567649]
[ 1.         -1.02706192 -0.17908319  0.91799055 -0.24013326 -0.44793327
  1.32377334  0.91127302  0.69790808  0.05161494  0.20986139 -0.67496814
 -0.54279487 -0.03877154 -0.17269886 -1.30413331 -0.49022133 -1.06293308
  0.83786852  0.00609135  0.11016932]
[ 1.         -1.17221792  0.00960869  0.94131063  0.35693449 -0.56005562
  0.56438145  0.66852142 -0.31379094  0.26672354  0.494879    0.22130374
 -0.63137966  0.64932874  0.18386922  0.27212091 -0.73223724  0.08822715
 -0.06787246  0.49678951 -1.66263226]
[ 1.         -1.13284053 -0.16287265 -1.00055046  0.22075046 -0.10829884
 -2.43958001  1.09371685  0.20769253  1.16083677  1.05637114 -3.69215808
 -1.03883986 -1.52254362  1.78343453  1.24566701  1.61644564  1.61181077
 -0.68358928 -0.42744454  0.61465033]
[ 1.          0.92726702 -0.64884708 -0.10481014  0.36428871 -0.13683544
 -0.80345929  1.2610805  -0.26249668  0.68830412 -0.86057509  0.22768121
  0.51830264 -0.21235168 -0.37866823  0.22576846  0.26717965 -0.66779616
  0.67722506  0.93918819  0.96736057]
[ 1.         -0.70399422  0.05794076 -0.80232368 -0.04180582  0.39459406
  2.36217331  0.60012925 -0.33910132  1.36245109 -1.14826796 -1.29778831
  1.11167497  1.62023798 -0.97968647 -0.09495094 -0.56822041  1.09943088
  0.464871    0.07710812  1.13382201]
[ 1.         -1.26738043 -1.34326643 -0.63093327 -0.74921469 -0.49158462
 -0.81599764 -0.19371556  1.5843847  -0.01903176  0.15980081  0.56064482
  0.18778658 -0.32930791  0.83826205  0.50815855 -0.14114816  1.17747419
 -1.09021868  0.75501867 -1.13127747]
[ 1.         -0.96263449 -1.01619171 -0.83306509 -0.6835989   0.0987541
  0.24024857 -0.44173641  0.72669214  0.33611559  0.27137596 -0.56478447
  0.16220069 -1.02585111 -0.10620464 -0.3462021  -0.82809395 -0.24346754
  0.44645118  0.26277071  1.35579164]
[ 1.         -0.90123517  1.90969251  1.70095212  0.77858843 -1.34562852
 -2.40263849 -1.79225959 -0.34186929  0.87346491  0.55105891 -0.9439537
  0.2783757   1.31387293 -0.37680502  0.07086209 -1.28015933  1.38476996
 -0.21843113  2.10032007 -0.29154589]
[ 1.          0.24918327 -0.68954235  0.27955728 -1.01115626 -0.71747309
  1.09568173  2.65418835 -2.18427477  0.2527467  -1.04131195  0.65625328
  4.4041248  -1.41912171  1.34702159  1.40903769  1.7351844   0.48402856
  2.63881652  0.61343964 -0.51501035]
[ 1.          1.27563318  0.43203578 -1.0798652   0.2744202  -3.5122865
  0.73270757  0.54231443  0.11041678  1.72499502  0.10647135  0.15301835
 -2.63776107  1.24667516  2.19873032 -2.13909332  1.35922198 -0.72666373
 -0.92002913 -1.86078005  0.08049872]
[ 1.          0.96848033  4.59267989 -3.10665472 -2.71085246 -4.31413773
  3.59340835 -3.37535949 -0.83214842  2.7757238   2.47231224  0.59817029
 -0.89243405  2.95134741  2.55426638 -3.53239885  4.47474644 -1.72582919
  0.33942876  0.81440981 -2.80758678]
[ 1.         -0.51345774 -0.05797523 -0.0559076  -0.17443691 -0.68398066
  1.13655637 -0.73838477  1.47036386 -0.35677198 -0.3018365   0.14772481
  0.05308835  0.37302515 -0.58858853  0.90213966 -0.05250281 -0.12060653
 -0.94675168  1.16385131 -0.29695005]
[ 1.         -0.66218172 -0.07341057  0.14612457 -0.08564476 -0.44403375
  0.68214133 -1.51563121  0.54298448 -0.32326627  1.84642751 -0.47648312
  0.04872945 -1.07098949 -1.29322058  1.12631358 -0.35459882 -0.68365654
  3.33250314 -0.13389817  0.17906703]
[ 1.          1.18337448 -0.45826411 -0.13051152  0.56985759 -1.28425326
 -0.45945145  0.45521206  0.50930042 -0.97275197 -0.02429478  0.01263323
 -0.82002484  0.94274894  0.30023492 -0.56092891  0.14027939  0.49737726
  0.43777698  0.00272618  1.58685583]
[ 1.         -1.08125286 -0.53703318  0.59125671  0.03253594 -0.91163666
 -0.11229437 -0.38774106  0.33569457 -0.4698402  -0.71840493  1.4269413
  0.34425644 -0.23413422  0.58388494  1.19482494  0.70563914  1.73257907
 -0.21451224  0.70333091 -1.47283264]
[ 1.         -1.11708067 -2.15844235 -4.9555816  -3.06994426  1.02105744
 -4.66500974 -0.54990124 -2.9043765  -0.3653448   0.95351246 -2.04113593
 -1.67839223  0.66847799 -2.00956106 -0.85728824  2.54658156 -1.02859861
 -1.560297   -0.14605312 -2.6288472 ]
[ 1.         -0.55688352 -0.45461331  0.8988752  -0.37101828  0.65100483
  1.60055599 -0.51975657 -1.18499633 -0.70104927 -0.30596466 -1.02534577
 -0.70568601  0.02347445 -0.81178124 -0.68421571  0.20219157 -1.28199303
  1.98133757 -0.67446192  1.18189914]
[ 1.          1.06960507  0.16598874 -0.23201316  0.72086632 -0.03656972
 -0.87484935  0.9285705  -0.5704385   0.72299734 -0.239857    1.04261138
  0.02713313 -0.40911659 -0.8173089  -0.15367579 -0.56027233 -0.0176884
  0.69103879 -0.6337252  -1.08584282]
[ 1.         -0.79493797  0.189961    1.30549847  1.77667933  1.37597658
 -0.10252237  0.34045686  0.12786201  0.83092761  1.02068797 -1.0235376
  1.07906942 -0.30754824  0.0773751  -1.68626789 -1.04667479 -1.9731451
  0.2357632  -1.27350502 -1.94689105]
[ 1.         -1.00058105  0.99469362 -1.19580005 -0.59804477 -1.30370828
  2.51809117  0.67867674 -0.74270562 -0.02047408 -1.28665799 -1.44818944
 -0.02768432  1.42105476 -1.31736392 -0.390595   -0.92094458  0.53419462
  0.97108014  1.44515547 -1.15049215]
[ 1.          1.27060811 -0.25425891 -0.04765396  0.50128641  0.27586403
 -0.25427635  0.10729457 -0.57288745  0.79840802 -0.37383145  0.71146777
 -0.19326515 -0.79621005 -0.92121737 -1.37929655  0.22276955 -0.50098105
 -0.31028735  2.2171863   0.25123329]
[ 1.          0.90513011 -0.58155886 -0.63777241  1.09343585 -1.85547938
  0.14684754  0.42614192  0.05221734 -0.51129751 -0.74078507 -1.76838804
 -0.74287106 -0.35465335  1.01460895  0.66619913  0.58551925 -0.62993323
 -1.21256743 -0.53265715  1.35300165]
[ 1.         -1.31425215  2.25835441 -1.69294047  0.00588911  0.82415653
  0.09536812  2.21042936  0.98234697 -1.75958471 -0.79821737  1.38618182
 -0.03068086  0.33887052 -0.08484911  0.02080359 -0.04613045 -0.69868151
  0.03554384 -0.26614874  0.52105129]
[ 1.          0.46815935  6.98799538 -3.82746961 -3.28321727 -4.09676893
  1.95664627 -6.14160173  0.58548247  4.37083393  2.54891135  1.06979863
  3.20219284  1.02004266  3.09789422 -0.6111101   2.96279412 -4.20860978
  0.13642964  0.21391484 -0.13521224]
[ 1.         -0.90377108  1.03268518 -0.83594187  0.02391445  1.02992996
 -0.48239376  0.84125452  0.35411891 -0.144602    1.44802691 -0.09661099
  0.02005952  0.72228149 -1.14711988  1.54624535  1.15759091 -0.52909115
  0.55256891 -1.04101846  0.98795627]
[ 1.         -0.82802062 -2.14926663 -2.21171454 -1.03347916  1.15566438
 -0.10640852 -1.86379703  0.0227692  -0.17374878 -1.0081905   0.45471692
 -0.56559013  1.42617136  0.70925018  0.57473907 -1.4410051   0.68697155
  1.62563017 -0.7239735   0.87043919]
[ 1.          0.95353885  0.08174394 -0.43336906 -0.02588221  0.47222317
  0.62372726  0.50398811 -0.03356105 -2.00293585  0.94923741 -0.05943295
  1.40079542  1.35248655  0.35231707  0.59112839  1.50232202  2.1653414
  1.82912736 -1.58756889 -1.17058193]
[ 1.         -1.46289887 -2.49763688 -0.71479053 -1.79992232 -1.61845277
 -0.01726884  0.46343172  5.1091781   1.81847838  1.78135871  2.32111374
  0.7492991  -2.22296112  3.67653136  0.39730685  0.12080269  3.42337081
 -2.01001183  2.26049404 -2.94494527]
[ 1.         -0.81742009 -0.52876389  0.0580321  -0.35842981 -0.64063739
  0.32434343 -1.60467487 -0.17786064 -0.68335182 -0.14931454  1.09871734
 -0.67449373 -1.34977737 -1.6931801   0.45925022  0.31533072  0.48275007
 -0.5373494  -1.29694318 -0.36972589]
