Cluster centers 

[ 1.87798734 -0.91155015  0.04277415  0.56240193]
[ 0.07878224  0.36747264 -1.06999904  0.99972178]
[-0.72230652 -0.80638431  0.35039302 -1.34529208]
[-0.19927335  2.07854214  1.88289619 -0.1500708 ]
[-0.9418543  -1.2161242   0.26889524  0.58449521]
[ 0.38132489  0.41895485 -1.45153811 -0.27947889]
[-0.75361917  1.01038809 -0.00888003  0.86122976]
[ 0.32817292  1.77751303  1.59080575  0.20835104]
[-0.39665303 -0.3771163   0.84573467 -2.45495699]
[-0.17457579 -1.2288683   0.27585024  0.55193649]
[ 2.40580038  0.97684646 -0.16625316 -2.33422866]
[-1.375452    0.37538424 -1.67132327 -0.16470483]
[-0.32517129  0.32094076 -1.54905167  0.38877313]
[ 0.72538207  0.60763148 -1.25005386 -0.9431721 ]
[ 2.29434751 -0.68198193 -0.10569165  0.09889936]
[ 1.19124883  0.40287296 -0.18877451  1.24126924]
[-2.02517675 -0.81840704 -0.0812793  -0.99304918]
[ 0.52137485 -0.99392294  0.31899846 -0.6358801 ]
[-1.08877174  0.22915087  1.23294231 -3.64782595]
[ 1.68075846  0.04047713 -1.05574419  0.41999945]
[-1.28970031  0.78372162 -0.49746587  0.91258852]
[-2.59870756  1.53973246  1.05775044  0.05462399]
[ 0.84961929 -0.11070812  2.34919962  0.76949612]
[-0.67086096 -1.00620955  0.87743239  0.98531225]
[-2.24812785 -1.06841619  0.11032945  0.54915379]
[ 1.24616054 -1.05904741  0.30664989  0.91724931]
[-1.65301266 -1.035251   -0.03136317 -0.44446979]
[-0.24814369 -1.05709218  0.23338321 -0.56467993]
[ 1.57120503  0.46595991 -1.02964282 -0.81733965]
[-0.70185876  0.86214346 -1.23261355 -1.70457461]
[-2.31642047 -0.17461312  1.90358939  0.44292037]
[ 0.07753682  0.31650595 -1.51405383  0.26580007]
[ 1.76608862 -0.67840984  0.45697877 -1.08228281]
[-1.12920266 -0.36881992  0.6261666  -2.38467147]
[-0.54722915  0.53251344 -0.88863334  1.0284709 ]
[ 0.14190844 -0.7485633   0.54525423 -1.48692027]
[ 0.75164117 -1.16975604  0.24612203  0.59621649]
[-0.40153918  0.8027322  -0.31038056  1.01197892]
[ 0.6194574   1.37631877  1.09836347  0.61909464]
[ 1.45845525  1.25825702 -0.39579044 -2.63293999]
[-1.02371039  0.36257953 -1.44403664  0.6383431 ]
[ 0.67461385  0.7945357   0.16178015  1.08059349]
[-0.96408514 -0.99475835  0.15659448 -0.76222499]
[ 0.41047412  0.93351105 -1.03609368 -1.78404727]
[-0.42123278  0.49768119 -1.55160836 -0.50904248]
[-1.39243926  2.52432186  2.45282616 -0.8629961 ]
[ 0.22640967 -1.19359495  0.21130144  0.221007  ]
[ 0.75865332 -0.84024052  1.0181353   1.16311607]
[-0.29864814 -0.73467655  1.41109681  0.96316744]
[ 1.10463169  0.24032042 -1.2919581   0.10153909]
[ 0.15368446  2.37674198  2.44608762 -0.51664309]
[ 0.08190453  0.54290235 -1.44705397 -0.66574124]
[-0.53792847  1.54625693  0.94730978  0.42330788]
[ 1.1820663   1.02401357  0.91434142  0.8956108 ]
[-1.13096798  1.16911189  0.21433732  0.7036793 ]
[ 0.8692696   0.18090313 -1.26717975  0.63370372]
[ 1.88824308  0.1360719   0.58103607  1.28978272]
[-2.4070517  -0.9687012  -0.25303198 -0.28044376]
[-1.07024577 -1.17018499  0.07858281 -0.03561109]
[ 0.96875484  0.39574282 -1.30203992 -0.3724443 ]
[-0.30925956  2.21246237  2.06015808 -0.31869173]
[ 0.07194616 -0.85466815  1.17056276  1.08167735]
[-0.39473712 -0.15945556  1.07964446 -2.94569658]
[-1.17001062 -0.67356545  0.33995344 -1.64473907]
[-0.12833373  0.94260586  0.03626043  0.95863907]
[ 0.19161524 -1.11891917  0.22290452 -0.22798987]
[ 1.07016763  0.24889042  2.8978432   0.46634348]
[ 1.35613089 -1.03566167  0.16810264  0.11669461]
[ 0.20809334  1.13808565  0.51056439  0.83244216]
[-1.68211696  0.98607701 -0.12188209  0.74882845]
[ 1.39199383 -0.2783357   1.73314204  1.07228076]
[-1.56142111 -0.86252222  0.0700181  -1.04128771]
[ 1.00689092  0.77077773 -1.03016449 -1.42738061]
[-0.40150575  0.24448117  1.5271395  -3.78854739]
[-0.99965818 -0.93151564  0.18819561 -0.95790577]
[-1.38324058 -0.87083633  1.02584788  0.89898429]
[ 1.09595759 -0.92134522  0.68770326  1.15579782]
[ 2.09536129 -0.50040013  0.18464886  1.29225907]
[-0.55861171  1.80808949  1.37764059  0.13854895]
[-0.55243633 -1.17670697  0.48716013  0.84647316]
[-1.6967814  -0.447326    0.30761725 -2.04700154]
[ 1.22705068 -0.9292219   0.30518233 -0.54491521]
[-0.48362976 -1.12656526  0.16776503 -0.30270263]
[ 0.16720299 -0.89173347  0.40444661 -1.06141116]
[ 0.03193288  0.66339847 -0.42404224  1.1023409 ]
[-0.46023989  1.24601348  0.4682856   0.70758874]
[-0.67962528  0.33482421 -1.59039905  0.34380958]
[-1.72321729  0.32275867 -1.50893061  0.56388507]
[ 0.67695285  0.29952744 -0.86629401  1.12264067]
[ 0.95576138  1.33088204  1.2305263   0.64199715]
[ 0.39760087 -1.14757675  0.47276782  0.91693701]
[ 0.18162989  0.27725022 -1.44240264  0.53026017]
[-0.32411881  2.37898981  2.31062547 -0.52992476]
[-1.05327714  0.48141808 -1.61042857 -0.55355763]
[-0.35257241  0.34699701 -1.3120176   0.83391769]
[-0.51736632 -1.20372796  0.16304727  0.10888376]
[ 0.23535834  1.60481918  1.27988516  0.39658718]
[-0.97158002 -1.11611527  0.09619037 -0.31487023]
[-0.01497081  0.72034576 -1.322044   -1.21267642]
[ 0.16303567 -1.08382504  0.67554351  1.0186731 ]

Populations

0.013592461019
0.0205087394393
0.0185494291195
0.00200993312417
0.0139696386406
0.0148231560503
0.00761078820924
0.0168042041876
0.00430864233291
0.0334128178105
0.0053602958188
0.00314026450742
0.01327613367
0.00662172545011
0.0238232939299
0.0148362870209
0.00299465088065
0.0117775346724
0.002085355396
0.00652516256412
0.0161136658997
0.00285987836689
0.00217996098392
0.00854913428582
0.0117737511762
0.00620866916013
0.00604959490833
0.0141177561835
0.017084040036
0.00421859506151
0.00272680292541
0.0202019014083
0.0098532115334
0.00780878034318
0.020613279844
0.0207465289677
0.0108628937695
0.00714120148424
0.00282549630366
0.0133957841944
0.0123383996832
0.0152147553718
0.00621440125923
0.00785033167931
0.0161404466005
0.00352426076138
0.0209891411552
0.0148600702545
0.00601400136163
0.00688753274746
0.00514323236511
0.0169565545262
0.0101702317641
0.00412779700317
0.00820118874492
0.00631311256305
0.0066092744741
0.00392969370001
0.0148610060875
0.0124439526832
0.00488800473605
0.0103413343759
0.00225907763473
0.00821577002163
0.0124420012772
0.0246388589171
0.0033867122044
0.00614737973916
0.0121073372658
0.00959665462066
0.0062022378649
0.00718108081648
0.00840641928864
0.00309030569651
0.00833508076057
0.00292993813049
0.0170888135098
0.00219105329614
0.0160092822673
0.00362188942513
0.0044344633565
0.00605284263249
0.0122345299494
0.0194867248035
0.00301458025012
0.0159711944326
0.0184957471001
0.00231346638425
0.00240873438985
0.00505821025189
0.00590728206517
0.00927296164927
0.00534716587815
0.00225999896475
0.0128330309296
0.0249390801452
0.00628029467415
0.0175297086988
0.00728513101315
0.00964479511784

State labels

0
1
2
3
4
5
6
7
8
9
10
11
12
13
14
15
16
17
18
19
20
21
22
23
24
25
26
27
28
29
30
31
32
33
34
35
36
37
38
39
40
41
42
43
44
45
46
47
48
49
50
51
52
53
54
55
56
57
58
59
60
61
62
63
64
65
66
67
68
69
70
71
72
73
74
75
76
77
78
79
80
81
82
83
84
85
86
87
88
89
90
91
92
93
94
95
96
97
98
99

Eigen values

1.0
0.691677561452
0.650342189841
0.635120006329
0.62127983062
0.584483007362
0.574758481125
0.565799396343
0.535387072074
0.516270260743
0.506807316465
0.499237200653
0.484191908329
0.470023769156
0.464959526643
0.436225820232
0.428223581585
0.410695828421
0.391375755966
0.388073035177
0.377476035566

Left eigenvectors

[ 0.01359246 -0.00968541 -0.01659026 -0.00523191 -0.001759    0.00263039
  0.00726983  0.01220493  0.00269624 -0.00282788  0.01803562  0.00089365
 -0.01056748  0.00169903 -0.02090436 -0.01063004 -0.00182163 -0.00628049
 -0.01778048 -0.0035498   0.00760935]
[ 0.02050874 -0.01102705  0.00513215 -0.00400335  0.00484564 -0.03478658
  0.01379439 -0.04050252 -0.00644424  0.01216327 -0.00395851  0.00873114
 -0.00221034  0.02960121  0.00796589 -0.00275143  0.02830106  0.00570172
 -0.0125951  -0.0076229  -0.03344432]
[  1.85494291e-02   2.39325542e-05   4.90228966e-03   1.65202541e-02
   1.88415151e-02   1.46576130e-03  -1.24270686e-02   1.05930315e-02
   1.06804205e-03   1.89209142e-02   7.45891204e-03  -5.21127313e-03
  -3.13418538e-03   1.94834529e-03  -2.25322203e-02  -9.77623541e-03
  -1.18344899e-02  -2.71441521e-04  -1.12666123e-02   1.07944791e-02
  -6.54881987e-03]
[  2.00993312e-03   1.87415410e-04  -1.54647731e-03   3.50359866e-03
  -1.87389076e-03   1.75068449e-05   5.66235820e-03   3.12524950e-05
  -5.48713630e-03   4.48628737e-03  -9.08757643e-04   2.34959155e-03
   9.07886203e-03  -2.59877962e-03   1.62420764e-03  -3.43452130e-03
  -9.70726138e-03   3.95474391e-03  -5.77649475e-03  -4.69316206e-05
   1.91344408e-03]
[ 0.01396964  0.00470449  0.02018168 -0.01305604 -0.01172627 -0.00263534
  0.01437949 -0.00264833 -0.01339424 -0.01066925  0.01532763 -0.00636602
 -0.0279359   0.01112787  0.00988811 -0.01260843  0.00781929  0.02113852
  0.00244803 -0.00166215  0.02023349]
[ 0.01482316 -0.01341469 -0.02503876  0.01205563  0.00029284  0.01087906
  0.01952224  0.0057534   0.00492298 -0.0028639   0.00843496 -0.00525174
 -0.00722146 -0.00728097  0.00225146 -0.00243015 -0.02402131  0.00609465
 -0.01351291 -0.00480818  0.00178871]
[  7.61078821e-03   3.29223510e-06   3.82270931e-03   4.30464853e-04
   4.42467367e-03   2.20396989e-03  -3.06382103e-03   6.14573910e-04
   4.83204858e-03   7.88268787e-04   1.04208456e-03   6.24503525e-03
  -2.34604991e-03   2.64095562e-03  -1.00589810e-02   1.61250934e-02
  -4.13633818e-03   3.47511388e-03   3.62727267e-03   1.29946390e-02
  -3.77543923e-03]
[ 0.0168042  -0.008861   -0.00276649  0.02075974  0.00828903 -0.00509458
 -0.00322335  0.00740013 -0.02381139 -0.00122631 -0.01505649 -0.00657302
 -0.00021084  0.00853917  0.00085923 -0.0009897   0.01615999  0.00469434
  0.0088605  -0.01576442  0.00970736]
[  4.30864233e-03  -3.63524078e-03   9.64614964e-05   2.26644275e-03
   2.35370358e-04   1.49694547e-03  -2.25523447e-03  -4.88109888e-03
   6.23766478e-04  -1.71009093e-03   4.08916666e-04   3.99061915e-03
  -4.81129917e-03   7.66263688e-04  -4.58344263e-03  -4.24654426e-03
  -4.26672645e-03  -4.30432216e-03  -2.98092149e-03  -6.94328581e-03
  -8.81547239e-03]
[ 0.03341282  0.01808074  0.00579622 -0.01948903  0.00734292  0.00348199
  0.00513013  0.01067771 -0.01528924 -0.03385926  0.00735073 -0.01034616
 -0.00781072 -0.01648706  0.01503363 -0.03109787  0.01102231 -0.01640637
 -0.0149845   0.01930116  0.00724406]
[  5.36029582e-03   5.23198817e-03   9.57027097e-04  -2.64871313e-03
   5.19862126e-04   1.17520325e-02  -7.06909144e-03  -1.06556065e-02
   1.96018965e-03   2.85875286e-03  -1.85514279e-03  -7.22672346e-03
   3.39094841e-03  -1.11202455e-02  -2.83497597e-03  -1.08922312e-02
   8.25796649e-05   1.09689492e-02   5.64107081e-04   2.19970730e-03
  -7.77989559e-03]
[ 0.00314026 -0.00127642 -0.00253524 -0.00440003  0.0041776  -0.0041804
 -0.00142071  0.00172609 -0.000518   -0.00336701 -0.00858099 -0.00561287
  0.00586384  0.00139591  0.00795573 -0.00021284  0.00239258 -0.00548991
 -0.00596599 -0.00063515  0.00744609]
[ 0.01327613  0.00348124 -0.00276913  0.01180248  0.00090761  0.00021863
  0.01027847  0.00211108 -0.00636654  0.00398016  0.00080389  0.01270396
  0.02369063  0.01136538  0.00114268 -0.00681932 -0.00933802  0.00198333
 -0.02774159 -0.00936163 -0.00027494]
[  6.62172545e-03   3.17992548e-03  -1.37135707e-03  -1.08420962e-03
  -1.67405357e-03   6.45828506e-03  -3.58866517e-03  -5.16120292e-03
   1.66549889e-03  -3.12183196e-03   2.02537442e-03  -6.43623747e-03
   1.44491524e-03  -7.24896029e-03   8.76394216e-05  -8.68836088e-03
  -8.36953798e-04   9.73817525e-03   3.36506327e-03  -2.31880920e-03
  -8.51009113e-03]
[ 0.02382329 -0.01686701  0.01952159 -0.02989179 -0.04492602 -0.0177881
  0.00663052  0.00901203  0.00285139  0.01026457 -0.05587774  0.0069352
 -0.01071853 -0.04343409 -0.01417984  0.0269685  -0.02023182 -0.01608645
 -0.00197086 -0.00288367 -0.01121462]
[ 0.01483629 -0.01013667  0.03326232  0.03950922  0.00451223 -0.00940065
 -0.01716781  0.01681939 -0.00340981  0.01030945  0.00711778 -0.02249478
  0.0080703   0.00674451 -0.00530792 -0.00276908 -0.00290799 -0.01026873
  0.0085112  -0.01799703  0.00685389]
[ 0.00299465  0.00022472  0.00170262 -0.00189831 -0.00076452 -0.00289043
  0.00449372 -0.00569474 -0.00017415  0.00559267  0.00242862  0.00136669
  0.00033421  0.00718399  0.00545426  0.00091285  0.00794476 -0.00113334
 -0.00039458  0.00110787 -0.00773565]
[ 0.01177753 -0.00146188  0.01915318 -0.00084826 -0.01489162 -0.00444297
 -0.00489243  0.0188287   0.01176544  0.00905823 -0.00247826  0.0222098
 -0.01179875  0.00091676  0.02026599 -0.00105446 -0.00798691  0.01111407
  0.00064725  0.0258172   0.00298433]
[ 0.00208536 -0.00041131  0.00017854 -0.00069505 -0.00386985  0.00517039
 -0.00274172 -0.00191784  0.00343994  0.00448409 -0.00374449  0.00586008
  0.00096449 -0.00557377  0.0007813  -0.00244136  0.00467912 -0.00305882
  0.00616727 -0.00814764  0.0001563 ]
[ 0.00652516 -0.00423239 -0.00333687 -0.00048339  0.00335222  0.00281621
  0.00308336  0.00941645  0.00517294 -0.01377005  0.00691464  0.00790695
  0.0065457  -0.00553837 -0.00245594  0.00646976  0.01308898  0.00833268
 -0.0034817  -0.01375637 -0.00979352]
[ 0.01611367 -0.01193212  0.00531461 -0.00962811  0.0278778  -0.01592832
 -0.01562375 -0.01210955  0.00851486  0.00850769  0.00105146  0.00393763
 -0.00034864  0.00182581  0.01890035  0.00116525 -0.01839531  0.00483861
  0.01007465  0.00419704 -0.0070737 ]
[  2.85987837e-03   1.65957021e-03  -1.78259298e-03   6.81861458e-04
  -4.71329497e-04   3.20026517e-03   4.51157210e-03   2.02068468e-03
  -2.13670650e-03   5.49771294e-03   1.93107318e-03  -2.87232922e-04
   6.70328770e-05   3.73773072e-04   4.09288231e-03   1.74879633e-04
   4.91655236e-03  -3.33487611e-03   4.59241552e-03   7.58343215e-03
  -1.31436754e-03]
[  2.17996098e-03   1.94877896e-03  -5.24689945e-04  -5.80958744e-04
  -1.08934777e-03   3.65588305e-03  -2.63725239e-03  -1.98060080e-03
   6.54999450e-03   6.72852879e-03  -4.13274171e-03   3.08344498e-03
   8.86743405e-04  -5.13494134e-03  -3.02303066e-03  -5.69729529e-03
   8.31015896e-03   4.98978172e-05   4.07726256e-03  -5.75908677e-03
   7.05076586e-03]
[ 0.00854913  0.001582    0.00102964 -0.0032069   0.01441548  0.01077177
  0.00065255 -0.00341938 -0.00728055  0.00703182 -0.0033904   0.00543517
 -0.00231022  0.0084779  -0.01511093  0.02726581  0.0072235   0.00707596
 -0.00946154  0.00943172  0.01434423]
[ 0.01177375  0.01249807  0.00114242 -0.00212752  0.00506487  0.00308858
 -0.00771511  0.00164056  0.00179759  0.00822819  0.00273116 -0.00361104
 -0.00828971  0.00312678 -0.00687891  0.01760275 -0.01171155  0.00819485
  0.00239248  0.00276058 -0.00737258]
[ 0.00620867  0.00185345 -0.00188379  0.00182093  0.00613439  0.00575834
  0.0023706   0.00490544 -0.01481522  0.00341519 -0.01265205 -0.00147949
 -0.00594101  0.00816127 -0.00959099  0.01434508  0.00571581  0.00901105
  0.00611912 -0.00056165  0.00763072]
[ 0.00604959  0.00645837 -0.00584377  0.00042238  0.00012354  0.00313516
  0.00307978  0.01086934 -0.00252112  0.00151672 -0.00307222  0.00265254
 -0.00265809  0.00348332  0.00366414 -0.01122802  0.0030322  -0.01163501
 -0.00019538  0.00716425 -0.00485809]
[  1.41177562e-02  -8.86330799e-03   1.15830574e-02  -1.47376188e-02
  -1.52558391e-02  -1.51301305e-02   1.44349955e-02  -7.84692288e-03
  -1.38432453e-03  -8.09661335e-03   1.26411727e-03  -6.71521460e-03
  -1.74788414e-02  -1.63019426e-02  -2.61873935e-02  -4.97330443e-03
  -1.00417275e-02  -2.53590551e-02   5.65310084e-05   1.99108247e-03
  -7.42730025e-04]
[ 0.01708404 -0.00413511  0.00114667 -0.00481737 -0.00484281 -0.00492279
  0.01450695  0.0004274   0.00603702 -0.00434692  0.00265519 -0.00071931
  0.02097544 -0.00438039 -0.02198882  0.02215442  0.00886448 -0.0136287
  0.02045993  0.03039057 -0.01289476]
[ 0.0042186   0.00592839 -0.01099035  0.0133495  -0.00011868 -0.01143599
  0.0034107  -0.00717441 -0.01567271  0.00628264 -0.00048923  0.00712689
 -0.01064104 -0.01392976  0.00639199  0.00336809  0.00443276 -0.00311181
  0.00852461  0.00158728  0.00086206]
[ 0.0027268  -0.00254401  0.00879886  0.00888049  0.00035213 -0.00393396
 -0.00369605  0.00571454 -0.00017825  0.0022355   0.00306276 -0.00862503
  0.00129914 -0.00078861 -0.00788949 -0.00071981 -0.0007452  -0.00840734
  0.00438036  0.00077455 -0.00015325]
[ 0.0202019   0.00905408  0.0055773  -0.00888197  0.03214684  0.01692057
 -0.01024308 -0.01022776 -0.01254699  0.00573489 -0.00735595  0.01133966
 -0.00695961  0.00725962 -0.0224703   0.0104784   0.00677267  0.0046546
 -0.01973826  0.00821108 -0.00252086]
[  9.85321153e-03  -1.38459172e-03   4.75393196e-05  -5.14294257e-03
   1.86413939e-02   3.62893410e-04  -1.09678317e-02  -6.97901945e-03
   6.02791863e-03   1.48759622e-02  -5.08635081e-03  -6.36902740e-03
  -2.75732815e-04  -6.69841443e-04  -1.87536886e-03   6.26002394e-03
  -2.00596268e-03   5.57092839e-03  -1.12686861e-02   1.04620656e-02
   1.16092039e-02]
[  7.80878034e-03   2.93783967e-02  -1.13178540e-02   2.06448068e-03
  -1.10767061e-02  -1.18653518e-02  -1.14592187e-02   3.77099038e-03
   1.10794520e-02  -4.23229057e-03   5.09440583e-03  -6.54104020e-05
  -6.53122326e-04   8.69863521e-03   9.73161049e-04   2.80494345e-03
  -1.19744805e-02  -4.70875828e-03  -2.27677447e-03  -8.37471546e-03
  -5.27931126e-03]
[ 0.02061328 -0.01362006 -0.01295262  0.00199332  0.00811435  0.0026769
 -0.00590211  0.00706764  0.00707304 -0.00191498  0.01236112 -0.0066425
 -0.00513193 -0.00956917  0.00392092  0.00175487 -0.01534894  0.02280299
  0.00150138 -0.01190113 -0.01980915]
[ 0.02074653  0.01464739  0.01279952 -0.01921031  0.02598528  0.02305189
 -0.01605764 -0.01681648  0.00211371  0.01982785  0.00448993 -0.00962375
 -0.0055529  -0.02374477  0.01275818 -0.00304158 -0.0057032  -0.0152486
 -0.01624741  0.00368193  0.00481135]
[  1.08628938e-02  -1.43332722e-03   6.14857650e-03   1.50547457e-03
  -8.26136742e-03  -5.82955070e-03   1.36334806e-02  -1.48307646e-02
   4.77263619e-03  -5.38104174e-03  -3.04754919e-05   1.57191017e-03
   1.68757661e-02   8.97325398e-03  -1.33484577e-02   1.46786936e-03
   8.16923985e-03  -1.11106572e-02   8.79956030e-03   1.33921361e-02
   3.66079192e-03]
[ 0.0071412   0.00438661  0.00238576 -0.00708735 -0.00843369  0.01031834
 -0.00331306 -0.0003736   0.01330633  0.01905638 -0.01048906  0.015325
  0.00037422 -0.01290873  0.00018217 -0.00771752  0.01451008 -0.01284057
  0.01157169 -0.02060505  0.014249  ]
[ 0.0028255   0.0057681   0.00217683 -0.00462284 -0.002133    0.00354829
  0.00153314  0.00036453 -0.00655256 -0.00283422 -0.00620255 -0.00734723
 -0.00215619  0.00396672 -0.00377304  0.00062544 -0.00670095  0.00954438
  0.00927598 -0.00696351 -0.002726  ]
[ 0.01339578 -0.01595861 -0.00676933 -0.01380221  0.01154424 -0.02089003
  0.00258958 -0.0055504   0.00980121 -0.00035365  0.00444979 -0.00376866
  0.00512866  0.00086816  0.00325141  0.00445305 -0.00754405  0.00033833
  0.02251289 -0.00199563 -0.00863782]
[ 0.0123384  -0.00834429 -0.00796271  0.01330266 -0.00447557  0.0257251
  0.01114187 -0.00309698  0.00867017 -0.01222563  0.00387483  0.00192702
 -0.00242631 -0.00903995  0.01395434  0.02625814 -0.00550567 -0.00367564
 -0.0068486  -0.00603947 -0.00707669]
[  1.52147554e-02  -4.69353961e-03   2.93576497e-02   1.81952853e-02
  -8.92584603e-03  -1.01588142e-02  -8.49753149e-03   2.18249861e-02
   5.54497565e-03  -1.43021492e-02  -3.41392352e-05  -4.67064698e-03
  -1.12371983e-02  -1.00976387e-02   1.37795682e-02  -2.12379279e-03
   1.69301237e-02   1.97525527e-02  -1.03613004e-02   1.40320857e-02
  -8.33080678e-04]
[ 0.0062144  -0.00323023  0.00354306 -0.006975    0.01727671 -0.00465104
 -0.00621417 -0.00217837 -0.00057676 -0.011396    0.00581246  0.01687528
  0.00335322 -0.00022543  0.00990425 -0.00449288 -0.01585341 -0.00314225
  0.02224385  0.00226586  0.0070326 ]
[ 0.00785033 -0.00489438  0.00035584  0.01954424 -0.00436288  0.00551956
  0.00256428 -0.02067043  0.01397851 -0.00934693 -0.01525771 -0.00320193
 -0.00420384  0.01170826 -0.00210404 -0.01130372  0.0075182  -0.00092785
  0.01051305  0.00674032  0.00387825]
[  1.61404466e-02  -1.01995006e-02   3.60578321e-04  -5.43005629e-03
   1.62485278e-03   4.22157030e-03   1.07947676e-02  -1.71467075e-03
   7.63705305e-03  -1.52240669e-02   2.04601086e-02   2.86553575e-02
   2.50984568e-05  -1.25921278e-03  -2.63236091e-02   2.01541885e-02
   2.57062799e-03  -7.69396962e-04   1.53693464e-03  -3.95130760e-03
   2.22903889e-02]
[ 0.00352426 -0.01184515 -0.00938463 -0.00406158 -0.01604951  0.00653982
 -0.02344546 -0.00297132 -0.01487146 -0.0019917   0.00588754 -0.00101622
  0.00162525  0.00909908  0.00187597  0.00111993  0.00108966 -0.0050552
 -0.00121088  0.00601295  0.00241327]
[  2.09891412e-02   1.52141141e-02   1.06239849e-02  -1.34190298e-02
  -1.27893654e-02   1.52797140e-02   2.26511392e-02  -1.04697337e-03
   6.12838816e-03   2.91271104e-02   2.30976974e-02   4.13477379e-05
   5.01075397e-03   1.61011324e-02   2.87573563e-02   9.19075309e-03
   1.80024183e-02  -1.36464355e-02   1.23951157e-02   1.53575201e-02
  -4.75841440e-03]
[  1.48600703e-02  -3.28134306e-03   2.19422314e-05   2.74706980e-03
   1.66071642e-02   4.00200833e-03  -3.76396840e-03   3.64138221e-03
  -1.03319046e-02  -2.11862227e-02  -2.06212714e-04   2.00667210e-02
   1.61829627e-02   7.63194227e-04  -3.82017100e-04  -3.65212982e-03
   7.56178398e-03  -8.85881593e-05  -4.76512370e-04  -2.33616147e-02
  -1.11917596e-02]
[  6.01400136e-03  -3.57066341e-03   1.14472257e-02   7.57548601e-03
  -1.34912260e-03  -6.78588674e-03  -1.59229578e-03   7.55706021e-03
   1.38331082e-03   3.23382791e-04   4.15556485e-03  -1.00114650e-02
  -1.17535551e-03  -5.64828812e-03  -1.61686765e-02  -1.07715777e-04
  -5.77452587e-05  -1.23119586e-02   4.23125602e-03   1.14878499e-02
  -4.08020603e-03]
[ 0.00688753  0.00116864  0.00736101  0.00033613 -0.01329917 -0.00125845
  0.01114937 -0.00483343 -0.00593943  0.01036948 -0.00262522  0.00102952
  0.0284921  -0.00099443 -0.00102507 -0.00374651 -0.01894503  0.00818315
 -0.00321536 -0.0003725  -0.00197655]
[  5.14323237e-03   1.70033861e-02  -7.31718107e-03   3.68702633e-03
  -4.14744796e-03  -9.22701572e-03  -9.52812808e-03  -5.58476567e-03
   8.67539562e-03  -7.99423802e-03   2.04579050e-03  -4.41108561e-03
   7.40529575e-03  -2.69996084e-03  -6.40960383e-03   6.17686398e-03
   3.05994713e-03   2.78224497e-03   3.36840771e-05   4.38806139e-03
   7.13950008e-03]
[ 0.01695655 -0.02757912 -0.02046214 -0.01336424 -0.01980864 -0.00666467
 -0.01844689  0.00707422 -0.01001275  0.00214289  0.006369   -0.00985288
 -0.00529825  0.00607954 -0.00527643 -0.00096959 -0.00210267  0.00202726
 -0.00986348 -0.00760712  0.02213274]
[ 0.01017023  0.00332053 -0.00884585  0.0024213   0.00716317  0.00632983
  0.00049059  0.01347416 -0.00175443  0.00944555  0.00293537  0.00485898
 -0.00748756  0.0078104  -0.01632555 -0.01120526 -0.00112287 -0.01041641
 -0.01394339  0.0074282  -0.00472908]
[ 0.0041278   0.00132439  0.0052201   0.00333432  0.00110829  0.00876605
  0.00073564 -0.00237792  0.00082875  0.00456354  0.01020584 -0.00987924
 -0.00054553 -0.00228342  0.01175096  0.01310856 -0.0019617  -0.01228235
 -0.0013393  -0.01507765  0.00259047]
[  8.20118874e-03   2.26440633e-03   1.72147120e-03   7.93211489e-05
  -5.31130163e-04   1.24988049e-02   1.23895826e-02  -2.58972047e-03
  -6.34371972e-04   5.27530587e-03   8.96790853e-03   1.06569524e-03
   7.82822202e-03   7.07924958e-03   4.86705394e-03   2.59381682e-02
   5.12360116e-03  -4.19112710e-03  -4.36022309e-03   7.76418615e-03
   2.28322051e-03]
[ 0.00631311 -0.00490603  0.0101633   0.01884197 -0.00061568 -0.00274185
 -0.00466891  0.00195364  0.0007729  -0.00405545 -0.00675703 -0.00857595
 -0.00207206  0.00576125  0.00106005 -0.00616771  0.01010062  0.00271923
  0.00689219 -0.00241779  0.00622575]
[  6.60927447e-03  -8.83956633e-03  -1.64673101e-03  -1.12422974e-02
   9.44027258e-05  -1.66720521e-02  -3.43100480e-04  -5.79493413e-03
   4.03564897e-03   7.34908332e-03  -1.77204548e-02  -8.13970915e-03
   5.51963363e-04   7.74167250e-04   1.02083592e-02   6.80681761e-03
   8.73799149e-05  -3.79241992e-03  -1.05876011e-02  -2.85448909e-03
   1.16328972e-03]
[  3.92969370e-03  -4.34106662e-03  -1.07448921e-02  -4.45300562e-04
   1.78416893e-03  -1.13935872e-03   4.08787686e-03   7.49611676e-03
   1.54394351e-03   5.33020331e-03   2.37866804e-03  -7.94776470e-03
   9.46191606e-04  -1.85967530e-03   7.82219828e-04  -2.88448680e-03
   4.36127148e-03   4.86326683e-03   1.05491280e-02   3.69840038e-03
  -6.30982840e-05]
[ 0.01486101 -0.02159626 -0.03275236 -0.01225546  0.00324173 -0.01142722
  0.00711014  0.01918721  0.0178055   0.01123687  0.01234184 -0.02575394
  0.00543237  0.00098015  0.00224316 -0.00440052  0.00530095  0.01733898
  0.0201802  -0.00561388  0.00130805]
[  1.24439527e-02  -1.35803857e-03   1.06304677e-02  -4.46734933e-03
   1.14181537e-02   5.97665501e-05  -5.86677795e-03   2.72264664e-03
   5.31953176e-04  -3.46744031e-03   1.28161998e-02   1.45108963e-02
  -1.06254829e-02  -2.38536865e-03   6.59521363e-03  -9.26216968e-03
  -1.51387423e-02   4.58992743e-03   6.00041572e-03   7.88694035e-03
   6.68270524e-03]
[  4.88800474e-03   3.67192838e-03  -1.67104536e-04   5.06126800e-05
   1.17583671e-03   1.31276629e-03  -1.02825027e-03  -5.77429464e-03
   6.39796991e-04   2.03821104e-03   6.46352584e-03  -2.28376445e-03
  -3.52246629e-03  -2.03294142e-03   2.11228946e-03   3.02091322e-03
  -4.98048390e-04  -3.62110557e-03  -4.40646576e-03  -6.62842595e-03
  -4.19122291e-03]
[  1.03413344e-02  -5.35424608e-03   7.44691317e-03  -8.11586425e-04
  -1.60139426e-02  -1.62278617e-03  -1.65168694e-03   8.90161839e-04
   2.87516522e-03   2.35861066e-03   7.60033612e-03   1.79677578e-02
   2.76647890e-03   3.46486023e-03  -5.27338016e-04  -2.65774364e-03
   8.80321250e-05   2.07746083e-02  -6.56007015e-03  -3.04527888e-03
   2.99778393e-02]
[ 0.00225908 -0.00099017  0.00650277  0.0069743   0.00105683  0.00158496
 -0.00256143  0.00194242 -0.00028202  0.00372086  0.0055007  -0.0083633
  0.00134386  0.00035148  0.00415526  0.00562443 -0.00159162 -0.00856142
  0.00134901 -0.01243721  0.00313987]
[ 0.00821577  0.00586578  0.00835376 -0.0100264  -0.00776236  0.00144445
  0.01091927 -0.0039853  -0.00769828 -0.00732277  0.01334572 -0.00836641
 -0.01348546  0.00377863  0.00526626 -0.01362978  0.0028476   0.00605134
  0.00196766  0.00017837  0.00927011]
[ 0.012442    0.01357559  0.00634898 -0.01316236 -0.00043471  0.00857653
  0.00315886  0.01117637 -0.0221844  -0.00256921 -0.03064895 -0.00720427
 -0.01720133  0.01965123 -0.01557717  0.01729215 -0.01066105  0.02018611
  0.01727057 -0.01896387 -0.00280966]
[ 0.02463886  0.01708905 -0.00399492 -0.00791368  0.01931933  0.00486676
  0.00091743  0.02006979 -0.02361153 -0.04357429 -0.0324246  -0.0037201
  0.035701    0.00270716  0.01928671 -0.01148744  0.02285731 -0.02883401
 -0.01403485 -0.00174087  0.01388704]
[ 0.00338671  0.00330822  0.00259165 -0.00065268 -0.00512758 -0.00060728
 -0.00142513  0.01053023  0.00592716  0.00507807 -0.00275756  0.0102996
 -0.00443359  0.00680632  0.00802135 -0.00456108 -0.00409486 -0.0018772
 -0.00083117  0.00808323 -0.00303098]
[  6.14737974e-03  -5.66227007e-03   1.58340471e-04  -5.53897637e-03
   1.23766443e-02  -4.89017013e-03  -1.35747618e-03  -1.64986710e-03
   9.02393504e-04  -1.26225058e-02   7.15130507e-03   1.67363800e-02
   6.77662348e-03   6.68516274e-05   1.41892530e-03   1.48395759e-03
  -8.82412696e-03  -1.98116193e-03   2.11965959e-02  -6.80858004e-03
   3.35863471e-03]
[ 0.01210734  0.04383869 -0.01854124  0.01005396 -0.01319576 -0.02743619
 -0.02239068 -0.00689179  0.01410481 -0.01035878  0.01248053 -0.00109045
 -0.0022812  -0.00264685 -0.00224493  0.01977018 -0.00860876  0.00312879
 -0.00533511 -0.00428528  0.00479844]
[ 0.00959665 -0.00211485 -0.00238774  0.01207488  0.00228897 -0.01365193
  0.00706812 -0.02255276 -0.00776633  0.00367804 -0.00086578  0.00968936
 -0.00871214  0.00737671  0.00037025 -0.00804248  0.00944368 -0.00591444
 -0.0068783  -0.00907741 -0.01547776]
[ 0.00620224  0.00633487  0.0041311  -0.00692034  0.01064501  0.01375072
 -0.00902057 -0.01107288 -0.00012992  0.00836003 -0.00065948 -0.0052398
 -0.00099273 -0.01316443 -0.00088675 -0.00601834 -0.00087701  0.00215023
 -0.00988794  0.00458119 -0.00401308]
[  7.18108082e-03   7.32697723e-03   7.85795084e-03  -5.27257497e-03
  -5.84018068e-03   1.08638058e-02   1.14442276e-02  -4.08351982e-03
  -2.29373284e-03   6.21826370e-03   1.61580095e-02  -1.02080974e-02
   9.47987290e-05   6.65735574e-03   1.65145193e-02   1.16907871e-02
   4.14872502e-03  -3.72805138e-03   5.60322144e-03  -1.84325846e-03
   4.14222941e-03]
[ 0.00840642  0.01201351 -0.00130793 -0.00244467 -0.00241125 -0.00329177
  0.00184156 -0.0035925  -0.00057908 -0.01834182 -0.00515187 -0.00851827
  0.02283825 -0.00016287 -0.00599537  0.00110554  0.00862979 -0.00909231
  0.00693651  0.01212488  0.00588714]
[  3.09030570e-03  -5.47209165e-04   3.88404249e-03  -2.65803915e-03
  -1.36528678e-03  -5.18351807e-03   4.52713514e-03  -6.15656133e-03
  -3.58032584e-03  -3.06257646e-04   2.55857643e-03   4.46305229e-05
  -6.42145277e-03   7.47059477e-03   3.58956860e-03  -3.53506513e-03
   7.14800869e-03   6.50489767e-03  -1.88972672e-03  -2.00434783e-03
  -1.38124673e-03]
[ 0.00833508  0.005668    0.00173238  0.00677092 -0.00536615 -0.01004965
 -0.00441688 -0.00452747  0.00593882  0.00022979  0.00268449  0.00615545
  0.00356901  0.00393837  0.00020756 -0.00218494  0.00850464  0.01841784
 -0.01579277 -0.00093456  0.00684938]
[ 0.00292994 -0.00927234 -0.00692434 -0.00194654 -0.01414391  0.00838541
 -0.02084447 -0.00454914 -0.01250023 -0.00232849  0.00414077  0.00111871
  0.00254235  0.00656877  0.00269406  0.00109622  0.00129157 -0.00422353
  0.00118213  0.00585448 -0.0029318 ]
[  1.70888135e-02  -8.70419920e-03  -2.49420149e-02  -8.82487352e-03
   8.96833627e-04  -6.32637657e-05   9.44623712e-03   2.30446161e-02
   2.40446820e-02   6.37125016e-03   1.92804036e-02  -1.01664822e-02
   8.32820156e-03   3.22166268e-03  -9.28885623e-03  -4.90216460e-03
   1.77478737e-02   1.43656206e-02   1.28685490e-02  -8.00579748e-03
  -1.40091045e-02]
[  2.19105330e-03  -6.51552032e-04   1.22629097e-03  -1.54937323e-03
  -3.08810902e-03   1.80410684e-03   1.02350314e-04  -8.51557115e-05
   3.41878695e-03   2.49228748e-03   1.00579898e-03   8.23736221e-03
   5.00995130e-04  -2.18578294e-03  -2.65215233e-03  -9.42363477e-06
   3.51291468e-03   7.05178017e-04   1.74443722e-03  -6.10022524e-03
   1.22149861e-02]
[ 0.01600928 -0.01980544 -0.01410362 -0.02317645  0.01389773 -0.02777475
 -0.00883035 -0.00292767  0.01224613  0.01021475 -0.0232527  -0.02592567
  0.00591992  0.0049003   0.02506309  0.00638289 -0.00421995 -0.00439324
 -0.01463458 -0.00137963  0.0195332 ]
[  3.62188943e-03  -9.48246791e-04  -8.58471161e-03   8.66445424e-03
   6.32397678e-05   6.39837097e-04   9.31833172e-03   1.94509299e-03
  -1.14371684e-02   6.40070058e-03  -1.47290284e-03   2.13249227e-03
   2.63289906e-03  -9.82926023e-03   4.40971398e-03  -4.36307721e-03
  -1.06395844e-02   4.26643566e-03  -2.47218271e-03   2.97115492e-03
   5.15280942e-03]
[ 0.00443446 -0.0054625  -0.00764253  0.01209151 -0.00173604  0.012648
  0.00848941 -0.00834221  0.01445886 -0.01096119 -0.00866162 -0.003392
 -0.00950627  0.00608712  0.00666093  0.00350269 -0.0143469  -0.00355074
 -0.00239775  0.00296693  0.00579859]
[ 0.00605284  0.00252173  0.00199499 -0.00589621  0.01310695  0.00093992
 -0.00346669  0.00078211 -0.00600741 -0.01283807 -0.00153751  0.00859829
  0.00449356 -0.00022355  0.00575808 -0.00565034 -0.0035022  -0.00722087
  0.00637493  0.00496635  0.00725787]
[ 0.01223453 -0.00527413  0.00930757  0.01013906  0.01787767 -0.00413992
 -0.01086487 -0.00544537 -0.00430538  0.00281624  0.00481396  0.00929303
 -0.00391897  0.00585107 -0.00614493 -0.00941423 -0.00847566 -0.00466481
 -0.00421774 -0.01308437 -0.01601995]
[ 0.01948672 -0.01518217 -0.0035596   0.0089005  -0.02199855  0.0283103
 -0.01959223 -0.01794804  0.00085801 -0.00436568 -0.00841146  0.01494137
  0.00722568 -0.01528276  0.00587526 -0.00044251  0.00085589  0.00820839
  0.01483179 -0.00670514 -0.03226432]
[ 0.00301458  0.00585291 -0.00064802 -0.0029723  -0.00143614  0.0023411
  0.00057121  0.00753165 -0.00270088  0.00162896 -0.0093353   0.00147052
 -0.00500657  0.0112977  -0.00289959  0.00091602 -0.00421303  0.00032018
  0.00440188 -0.00808149 -0.00493742]
[  1.59711944e-02   9.92847829e-03  -8.91706547e-03   8.06398585e-03
   6.42792625e-03   9.57681325e-03  -1.41317042e-02  -1.42495467e-02
   2.23609085e-02   1.13888096e-02  -8.70045070e-03  -7.55493718e-03
   5.03630399e-03  -8.52025053e-03  -1.90650291e-02  -1.89847744e-02
   2.08467438e-02   2.37917860e-02   7.08226301e-05   7.95631672e-03
   9.36971226e-03]
[ 0.01849575 -0.01325452 -0.00194706 -0.01013397 -0.01026462 -0.01096357
  0.01738305 -0.01398629 -0.00476453 -0.01276099  0.01982292  0.00406883
 -0.0270877  -0.00381771 -0.02875846 -0.01289011 -0.00517315 -0.02223928
 -0.01941808 -0.0134094   0.00232275]
[ 0.00231347  0.00059457 -0.00578306  0.00805473  0.00066925 -0.00369788
  0.0039233  -0.0009057  -0.01162481  0.00444959 -0.00225872  0.00268622
 -0.00285434 -0.00839335  0.00437744 -0.00069816 -0.00107653  0.00126814
  0.00378545  0.00013612  0.00438173]
[ 0.00240873 -0.00318663 -0.00297209  0.009873   -0.00184944  0.00714262
  0.00455826 -0.00967542  0.01120247 -0.00842014 -0.00925939 -0.0027936
 -0.00649864  0.00735148  0.00300674 -0.00204949 -0.00591758 -0.00261184
  0.00269661  0.00476539  0.00564082]
[  5.05821025e-03  -2.74498463e-03   2.03253416e-03  -7.03845063e-05
  -5.49678941e-03  -2.11475876e-03   4.39463007e-03  -8.30487070e-03
  -1.51705691e-03   3.45869881e-03  -1.97008410e-03   3.33897508e-03
   1.27753652e-02   1.34796304e-03  -2.01675882e-03   2.19265835e-03
  -1.45856358e-04   2.61850320e-03   3.00872027e-03   3.50453114e-03
  -1.51791184e-02]
[ 0.00590728  0.00499214  0.00476827 -0.00827251 -0.0008627   0.00248845
  0.00172063 -0.00488231 -0.00289706 -0.00388342  0.00260009 -0.00953302
 -0.00317972 -0.0100271  -0.00198491 -0.0090741  -0.00608396 -0.00718144
 -0.00077891  0.0023095  -0.0002415 ]
[ 0.00927296 -0.00436953  0.00290437  0.00456673 -0.00053581  0.00485902
  0.00167128  0.01490403  0.00429509 -0.02364878 -0.00158426  0.00177464
  0.0021852  -0.01715116  0.01233648  0.01222722  0.01510032  0.01134479
 -0.01652545 -0.00823904 -0.01599492]
[  5.34716588e-03  -1.70876096e-03  -4.22831982e-03   3.89064198e-03
   1.85835677e-03   2.58305759e-03  -1.04471688e-03  -1.86139498e-03
   7.73748178e-03  -7.40226821e-04  -7.99482435e-03  -7.89206538e-04
  -4.56849618e-03   6.71290247e-03   3.20672096e-05  -2.00453876e-04
  -5.01099273e-03  -2.54727143e-03  -2.65704997e-03  -6.65382291e-04
   5.33438589e-04]
[  2.25999896e-03   8.33608288e-03  -7.12321639e-03   6.96435974e-03
  -2.10010976e-03  -9.59240091e-03  -2.22659824e-03  -4.45542233e-03
  -5.02718090e-03   1.20999601e-03   2.12798805e-03   3.48109567e-03
  -6.13861164e-03  -8.20832314e-03   3.08922505e-03   6.37260323e-03
   7.36131091e-04  -1.22401532e-03   4.31694592e-03  -8.35305633e-06
   1.81797279e-03]
[ 0.01283303  0.0226542   0.00629921 -0.01307005 -0.01215121  0.01005066
  0.00482139 -0.01072237 -0.0082847  -0.01104463  0.00480605 -0.02681945
  0.00956972 -0.00452295  0.00094795 -0.01703133 -0.01527516  0.0144819
  0.0150306  -0.00425264 -0.00662829]
[ 0.02493908  0.00260905 -0.03096438  0.02186826  0.00904476  0.01461987
  0.01866622  0.02025763 -0.02580767  0.01570766 -0.00881355 -0.00244272
 -0.00491924 -0.01461343  0.0004725  -0.00874275  0.01557933 -0.00802532
  0.01654127  0.03246635 -0.00310879]
[ 0.00628029 -0.00221427  0.00780505 -0.00052679 -0.00601539 -0.00218005
  0.00019009  0.01030692  0.00144508 -0.01217615 -0.00742029 -0.00035844
 -0.00386222 -0.01626775  0.00687051  0.005158    0.00788964  0.00499414
 -0.01189632  0.00189517 -0.00849206]
[ 0.01752971  0.02809545 -0.01420905 -0.00316926 -0.00990992  0.00369874
 -0.0007132   0.03410076  0.01516578  0.01367115 -0.01134324  0.01914701
 -0.00363482  0.03417187  0.00671637 -0.02041721 -0.0058172  -0.02779183
 -0.00475229 -0.0094856  -0.01793574]
[ 0.00728513 -0.00165639  0.01046605  0.00820857 -0.01009495 -0.00369839
  0.0068805  -0.00210527 -0.0033093   0.00791104  0.00183412  0.00330698
  0.02834377  0.00625625 -0.00506489 -0.00497463 -0.01342175  0.00674965
 -0.00640044 -0.00405027  0.01095539]
[ 0.0096448  -0.00618988  0.0166077   0.00940493 -0.0004425  -0.00367034
 -0.01269745  0.00797978  0.00718307  0.00361635  0.00032246  0.00581903
 -0.00402817 -0.00108348  0.00963957  0.00551146 -0.00594922  0.01040575
  0.00733056  0.01452588 -0.00695408]

Right eigenvectors

[ 1.         -0.71255749 -1.22054829 -0.38491255 -0.12941029  0.19351831
  0.53484279  0.89791912  0.19836318 -0.20804736  1.32688418  0.0657461
 -0.77745127  0.124998   -1.53793792 -0.78205403 -0.13401792 -0.46205667
 -1.30811361 -0.26115948  0.55982124]
[ 1.         -0.53767566  0.250242   -0.19520216  0.2362719  -1.69618335
  0.67261054 -1.97489056 -0.31421932  0.59307758 -0.19301565  0.42572776
 -0.10777566  1.44334601  0.3884142  -0.13415891  1.37995106  0.27801431
 -0.61413355 -0.37169054 -1.63073489]
[ 1.          0.0012902   0.26428251  0.89060714  1.01574636  0.07901921
 -0.66994345  0.57107049  0.05757816  1.02002676  0.40211006 -0.28093981
 -0.16896398  0.10503532 -1.21471233 -0.527037   -0.63799753 -0.01463342
 -0.60738324  0.58193053 -0.35304698]
[ 1.          0.0932446  -0.7694173   1.74314191 -0.93231498  0.00871016
  2.81718736  0.01554902 -2.73000939  2.23205803 -0.45213327  1.16898992
  4.51699707 -1.2929682   0.80809039 -1.70877392 -4.82964396  1.96759975
 -2.8739736  -0.02334984  0.9519939 ]
[ 1.          0.33676502  1.44468141 -0.93460106 -0.83941078 -0.18864767
  1.02933904 -0.18957752 -0.95881104 -0.76374583  1.09721036 -0.45570377
 -1.99975813  0.79657559  0.70782883 -0.90255964  0.55973494  1.51317588
  0.17523903 -0.11898326  1.44839046]
[ 1.         -0.90498174 -1.68916541  0.81329736  0.01975551  0.73392302
  1.31701001  0.38813569  0.33211411 -0.19320432  0.56903962 -0.3542929
 -0.48717415 -0.4911886   0.1518879  -0.16394305 -1.6205259   0.41115758
 -0.91160783 -0.3243697   0.12067026]
[  1.00000000e+00   4.32574788e-04   5.02275086e-01   5.65598255e-02
   5.81368650e-01   2.89584972e-01  -4.02562908e-01   8.07503629e-02
   6.34894632e-01   1.03572556e-01   1.36922029e-01   8.20550392e-01
  -3.08253212e-01   3.47001592e-01  -1.32167401e+00   2.11871530e+00
  -5.43483547e-01   4.56603677e-01   4.76596191e-01   1.70739726e+00
  -4.96064156e-01]
[ 1.         -0.52730841 -0.16463089  1.23538974  0.49327138 -0.30317283
 -0.19181827  0.44037377 -1.41698995 -0.07297609 -0.89599528 -0.39115331
 -0.01254672  0.50815686  0.05113192 -0.05889586  0.96166349  0.27935531
  0.52727847 -0.93812341  0.5776747 ]
[ 1.         -0.84370911  0.02238791  0.52602249  0.0546275   0.34742858
 -0.52342114 -1.1328624   0.144771   -0.39689786  0.09490615  0.92618947
 -1.11666246  0.17784342 -1.06377886 -0.98558756 -0.99027167 -0.99899732
 -0.69184705 -1.61147881 -2.04599772]
[ 1.          0.54113173  0.17347294 -0.58328001  0.21976355  0.10421124
  0.15353775  0.3195693  -0.45758602 -1.01336149  0.21999717 -0.3096463
 -0.23376414 -0.4934351   0.44993615 -0.93071663  0.32988269 -0.49102039
 -0.44846576  0.57765725  0.21680481]
[ 1.          0.97606333  0.17853998 -0.49413563  0.09698385  2.19242238
 -1.31878756 -1.98787658  0.36568684  0.53331998 -0.34608963 -1.34819489
  0.63260472 -2.07455817 -0.52888424 -2.03202054  0.0154058   2.04633281
  0.10523805  0.4103705  -1.45139296]
[ 1.         -0.40646911 -0.80733285 -1.40116477  1.33033456 -1.33122661
 -0.4524163   0.54966359 -0.16495535 -1.07220576 -2.73256793 -1.78738749
  1.86730858  0.44452055  2.5334601  -0.06777832  0.7619037  -1.74823224
 -1.89983588 -0.20226015  2.37116534]
[ 1.          0.26221813 -0.20857941  0.88900015  0.06836381  0.01646801
  0.77420646  0.15901288 -0.47954775  0.2997983   0.06055128  0.95690181
  1.78445249  0.85607578  0.08607034 -0.51365226 -0.70336913  0.14939089
 -2.08958323 -0.70514723 -0.02070951]
[ 1.          0.48022611 -0.20709966 -0.16373521 -0.25281229  0.97531755
 -0.54195318 -0.77943475  0.25152038 -0.47145294  0.30586808 -0.97198797
  0.21820827 -1.09472378  0.01323513 -1.31209923 -0.12639512  1.47064014
  0.50818526 -0.35018202 -1.28517728]
[ 1.         -0.70800486  0.81943283 -1.25472937 -1.88580223 -0.74666849
  0.27832101  0.37828641  0.11968919  0.43086257 -2.34550856  0.29110984
 -0.44991817 -1.82317725 -0.59520908  1.13202221 -0.84924545 -0.67524038
 -0.08272818 -0.12104421 -0.47074173]
[ 1.         -0.68323481  2.24195717  2.6630129   0.30413454 -0.63362553
 -1.15715028  1.13366574 -0.22982918  0.69488083  0.47975487 -1.51620018
  0.54395707  0.45459567 -0.35776623 -0.18664267 -0.19600524 -0.69213625
  0.57367482 -1.21304145  0.46196777]
[ 1.          0.07504112  0.56855273 -0.63390045 -0.25529596 -0.96519749
  1.50058324 -1.90163833 -0.05815521  1.86755423  0.81098685  0.45637714
  0.11160172  2.39894096  1.82133466  0.30482758  2.65298295 -0.37845409
 -0.13176173  0.36995072 -2.58315634]
[ 1.         -0.12412413  1.62624702 -0.07202355 -1.2644087  -0.37724096
 -0.41540375  1.59869641  0.9989727   0.76911116 -0.21042229  1.88577704
 -1.00180125  0.07784006  1.72073293 -0.08953128 -0.67814768  0.94366667
  0.05495629  2.19207153  0.25339188]
[ 1.         -0.19723769  0.08561424 -0.33329834 -1.85572701  2.47938263
 -1.31474907 -0.91967161  1.6495695   2.15027636 -1.79561197  2.81011101
  0.46250857 -2.67281626  0.3746622  -1.17071805  2.24380051 -1.46680843
  2.95741758 -3.90707532  0.0749516 ]
[ 1.         -0.64862597 -0.51138536 -0.07408061  0.51373684  0.43159259
  0.47253378  1.44309848  0.79276785 -2.11029974  1.05968843  1.21176233
  1.00314762 -0.84877173 -0.37637927  0.99150962  2.00592358  1.27700684
 -0.53358125 -2.10820392 -1.50088536]
[ 1.         -0.74049668  0.32982007 -0.59751234  1.73007199 -0.98849759
 -0.96959632 -0.75150827  0.52842492  0.52797977  0.06525248  0.24436601
 -0.02163632  0.11330819  1.17293931  0.07231417 -1.14159698  0.30027961
  0.62522423  0.26046478 -0.43898781]
[ 1.          0.58029398 -0.62331077  0.23842324 -0.16480753  1.11902143
  1.57753985  0.70656315 -0.74713195  1.92235901  0.67522913 -0.10043536
  0.02343907  0.13069544  1.4311386   0.06114933  1.71914737 -1.16609019
  1.60580799  2.65166247 -0.45958861]
[ 1.          0.8939513  -0.24068777 -0.26649961 -0.49970976  1.67704059
 -1.20977045 -0.90854874  3.00463841  3.08653633 -1.89578701  1.41444962
  0.40677031 -2.35551984 -1.38673613 -2.61348498  3.81206775  0.02288932
  1.8703374  -2.6418302   3.23435415]
[ 1.          0.18504804  0.12043783 -0.37511431  1.68619212  1.25998366
  0.07632942 -0.39996759 -0.85161273  0.82251873 -0.39657797  0.63575645
 -0.27022873  0.99166764 -1.7675396   3.18930638  0.84493967  0.82768109
 -1.10672492  1.1032368   1.67785738]
[ 1.          1.06152015  0.09703127 -0.18070024  0.43018341  0.26232777
 -0.65528093  0.13934014  0.15267815  0.69885912  0.23197032 -0.30670288
 -0.70408387  0.2655718  -0.58425847  1.49508438 -0.99471711  0.6960272
  0.20320491  0.234469   -0.62618755]
[ 1.          0.29852546 -0.30341271  0.29328752  0.98803557  0.92746792
  0.38182036  0.79009453 -2.38621538  0.55006811 -2.03780449 -0.23829345
 -0.95689009  1.31449577 -1.54477418  2.31049141  0.92061715  1.45136548
  0.98557675 -0.09046171  1.22904276]
[ 1.          1.067571   -0.96597705  0.06981934  0.02042117  0.51824319
  0.50908929  1.79670488 -0.41674115  0.25071382 -0.50783967  0.43846634
 -0.43938246  0.57579319  0.60568344 -1.85599563  0.50122303 -1.92327117
 -0.03229671  1.18425353 -0.80304308]
[ 1.         -0.6278128   0.82046022 -1.0439066  -1.08061358 -1.07170929
  1.02247094 -0.55581941 -0.09805556 -0.57350568  0.08954095 -0.47565736
 -1.23807503 -1.15471201 -1.85492604 -0.35227301 -0.71128354 -1.79625252
  0.00400425  0.14103392 -0.05260964]
[ 1.         -0.24204539  0.0671196  -0.28198069 -0.28346961 -0.28815145
  0.84915212  0.02501757  0.35337203 -0.25444327  0.1554191  -0.04210446
  1.22777979 -0.25640237 -1.28709709  1.29679041  0.51887504 -0.7977448
  1.19760499  1.7788868  -0.75478385]
[ 1.          1.40529923 -2.60521553  3.16444289 -0.02813276 -2.71085246
  0.80849118 -1.7006643  -3.71514996  1.48927373 -0.11597032  1.68939918
 -2.52241249 -3.30198913  1.51519466  0.79839243  1.05076661 -0.73764216
  2.02072201  0.37625738  0.20434707]
[ 1.         -0.9329645   3.22680422  3.25674088  0.12913719 -1.44269982
 -1.3554515   2.09569343 -0.06537083  0.81982363  1.12320625 -3.16305503
  0.47643273 -0.28920767 -2.89331111 -0.2639757  -0.27328794 -3.08322393
  1.60640711  0.28404904 -0.05619971]
[ 1.          0.44817977  0.27607817 -0.43966027  1.59127773  0.83757323
 -0.5070352  -0.50627733 -0.62107966  0.28387856 -0.3641218   0.56131639
 -0.34450275  0.3593531  -1.1122865   0.51868394  0.33524921  0.23040423
 -0.97704973  0.40645097 -0.12478312]
[ 1.         -0.14052187  0.00482475 -0.52195597  1.89191046  0.03682996
 -1.11312253 -0.70829896  0.61177197  1.50975773 -0.51621248 -0.64639101
 -0.02798406 -0.06798204 -0.19033072  0.63532828 -0.20358466  0.56539214
 -1.14365617  1.06179244  1.17821523]
[ 1.          3.76222603 -1.44937538  0.2643794  -1.41849375 -1.51948849
 -1.46747868  0.48291669  1.41884539 -0.54199124  0.65239456 -0.00837652
 -0.08363948  1.11395568  0.12462395  0.35920378 -1.53346361 -0.60300816
 -0.29156595 -1.0724742  -0.67607373]
[ 1.         -0.6607418  -0.62836304  0.09670093  0.39364691  0.12986282
 -0.28632548  0.34286843  0.34313018 -0.09290016  0.59966801 -0.32224361
 -0.24896254 -0.46422352  0.19021329  0.08513301 -0.74461433  1.10622793
  0.07283554 -0.57735237 -0.96098961]
[ 1.          0.7060163   0.61694751 -0.92595292  1.25251203  1.1111203
 -0.77399152 -0.81056828  0.10188259  0.95571906  0.21641828 -0.46387286
 -0.26765447 -1.14451755  0.61495483 -0.14660682 -0.27489914 -0.73499514
 -0.78313876  0.17747188  0.23191093]
[ 1.         -0.13194709  0.56601644  0.13858872 -0.76051258 -0.53664804
  1.25505053 -1.36526831  0.43935219 -0.49535988 -0.00280547  0.14470455
  1.55352399  0.82604637 -1.22881232  0.13512692  0.75203164 -1.02280823
  0.81005674  1.2328332   0.3369997 ]
[ 1.          0.61426845  0.33408364 -0.99245882 -1.18099022  1.44490264
 -0.46393635 -0.05231617  1.86331782  2.66851226 -1.46880878  2.1459981
  0.05240344 -1.80764162  0.02550979 -1.08070307  2.03188244 -1.79809725
  1.62041259 -2.88537514  1.99532234]
[ 1.          2.04144539  0.77042345 -1.63611575 -0.75491294  1.25581111
  0.54261071  0.12901573 -2.31908184 -1.0030867  -2.1952063  -2.60033187
 -0.76312022  1.40390349 -1.33535554  0.22135613 -2.37160044  3.37794779
  3.28295773 -2.46452796 -0.96478498]
[ 1.         -1.19131595 -0.50533314 -1.0303402   0.86178123 -1.55944833
  0.19331309 -0.41433949  0.73166412 -0.02639995  0.33217811 -0.28133169
  0.38285601  0.06480867  0.24271915  0.33242174 -0.56316567  0.02525653
  1.68059505 -0.14897473 -0.64481664]
[ 1.         -0.67628616 -0.64535993  1.07815104 -0.36273524  2.08496255
  0.90302379 -0.25100336  0.70269817 -0.9908601   0.31404641  0.15618102
 -0.19664741 -0.73266802  1.13096857  2.12816427 -0.44622253 -0.29790239
 -0.55506415 -0.48948577 -0.57355022]
[ 1.         -0.30848604  1.92955121  1.19589733 -0.58665722 -0.66769487
 -0.55850596  1.43446185  0.36444724 -0.94001835 -0.00224382 -0.3069814
 -0.7385724  -0.66367407  0.90567136 -0.13958771  1.11274373  1.29824977
 -0.68100342  0.92226825 -0.05475479]
[ 1.         -0.51979717  0.57013657 -1.12239223  2.7801081  -0.74842932
 -0.99996246 -0.35053631 -0.09280986 -1.83380538  0.93532037  2.71551248
  0.53958878 -0.03627509  1.59375735 -0.72297819 -2.55107528 -0.5056407
  3.57940336  0.36461388  1.131661  ]
[ 1.         -0.6234618   0.04532802  2.48960719 -0.5557572   0.7030988
  0.3266466  -2.63306507  1.78062679 -1.190641   -1.94357476 -0.40787251
 -0.5354985   1.49143506 -0.26801937 -1.43990357  0.95769153 -0.1181926
  1.33918543  0.8586027   0.49402321]
[  1.00000000e+00  -6.31921834e-01   2.23400461e-02  -3.36425405e-01
   1.00669630e-01   2.61552261e-01   6.68802286e-01  -1.06234406e-01
   4.73162437e-01  -9.43224639e-01   1.26762965e+00   1.77537575e+00
   1.55500386e-03  -7.80159811e-02  -1.63090959e+00   1.24867601e+00
   1.59266224e-01  -4.76688769e-02   9.52225598e-02  -2.44807823e-01
   1.38102677e+00]
[ 1.         -3.36103157 -2.66286434 -1.15246331 -4.55400811  1.85565602
 -6.65258953 -0.84310384 -4.21973843 -0.56514076  1.67057538 -0.28835037
  0.4611607   2.5818419   0.53230212  0.31777758  0.30918816 -1.43440009
 -0.34358402  1.70615872  0.68475791]
[ 1.          0.72485644  0.50616577 -0.63933201 -0.60933248  0.72798186
  1.07918371 -0.04988167  0.29197899  1.38772283  1.10045939  0.00196996
  0.23873078  0.76711726  1.37010638  0.43788133  0.85770152 -0.65016646
  0.59054897  0.73168883 -0.22670839]
[  1.00000000e+00  -2.20816120e-01   1.47659002e-03   1.84862504e-01
   1.11756970e+00   2.69312881e-01  -2.53294119e-01   2.45044750e-01
  -6.95279661e-01  -1.42571484e+00  -1.38769676e-02   1.35037861e+00
   1.08902330e+00   5.13587226e-02  -2.57076241e-02  -2.45768005e-01
   5.08865964e-01  -5.96148994e-03  -3.20666297e-02  -1.57210661e+00
  -7.53143114e-01]
[ 1.         -0.59372508  1.90342918  1.25964155 -0.22433028 -1.12834806
 -0.26476479  1.25657774  0.23001505  0.05377165  0.69098169 -1.66469284
 -0.19543652 -0.9391897  -2.68850563 -0.01791083 -0.0096018  -2.0472158
  0.70356752  1.91018412 -0.67845113]
[ 1.          0.1696741   1.06874349  0.04880273 -1.93090432 -0.18271383
  1.61877529 -0.70176552 -0.86234516  1.50554298 -0.38115559  0.14947607
  4.13676503 -0.1443815  -0.14882944 -0.54395562 -2.75062642  1.18811021
 -0.46683737 -0.0540829  -0.28697548]
[ 1.          3.30597276 -1.42268141  0.71686948 -0.80638938 -1.79401105
 -1.85255641 -1.08584743  1.68675942 -1.55432177  0.39776358 -0.85764852
  1.43981357 -0.52495408 -1.24622093  1.20096926  0.59494631  0.54095261
  0.0065492   0.85317191  1.38813485]
[ 1.         -1.62645757 -1.20673953 -0.78814581 -1.16819948 -0.39304399
 -1.08789114  0.41719687 -0.59049414  0.12637522  0.37560716 -0.5810664
 -0.31246053  0.35853609 -0.31117325 -0.05718064 -0.12400329  0.11955592
 -0.5816912  -0.44862409  1.30526172]
[ 1.          0.32649481 -0.86977905  0.23807703  0.70432708  0.62238754
  0.0482381   1.32486267 -0.17250638  0.92874488  0.28862336  0.47776503
 -0.73622328  0.76796698 -1.60522867 -1.10177052 -0.11040759 -1.02420539
 -1.37100029  0.73038619 -0.46499235]
[ 1.          0.32084554  1.26462125  0.80777314  0.26849455  2.1236633
  0.17821496 -0.57607576  0.2007732   1.10556398  2.4724667  -2.39334481
 -0.13216115 -0.5531809   2.84678632  3.17568045 -0.4752426  -2.97552182
 -0.32445916 -3.6527117   0.62756786]
[ 1.          0.27610709  0.20990508  0.00967191 -0.06476258  1.52402357
  1.5107057  -0.31577379 -0.07735122  0.64323674  1.09348886  0.129944
  0.95452285  0.86319798  0.59345713  3.16273274  0.62473884 -0.51103898
 -0.53165745  0.94671472  0.27840117]
[ 1.         -0.77711764  1.60987223  2.98457625 -0.09752477 -0.43431099
 -0.73955762  0.30945802  0.12242819 -0.64238453 -1.07031748 -1.35843517
 -0.32821581  0.91258417  0.16791308 -0.97696763  1.59994241  0.43072789
  1.09172659 -0.38297871  0.98616161]
[ 1.         -1.33744882 -0.24915458 -1.70098812  0.01428337 -2.52252379
 -0.05191197 -0.87678824  0.61060393  1.11193496 -2.68114978 -1.23155865
  0.08351346  0.11713347  1.54455065  1.02988878  0.0132208  -0.57380276
 -1.60193091 -0.43189144  0.17600869]
[ 1.         -1.1046832  -2.73428234 -0.11331686  0.45402239 -0.28993576
  1.0402533   1.90755752  0.39289157  1.35639155  0.60530622 -2.02248961
  0.24077999 -0.47323671  0.19905364 -0.73402332  1.10982479  1.23756893
  2.6844657   0.94114215 -0.01605679]
[ 1.         -1.45321631 -2.20391294 -0.8246724   0.21813638 -0.76894018
  0.47844239  1.29111132  1.19813531  0.75613089  0.83048513 -1.73298739
  0.36554494  0.06595416  0.15094263 -0.29611206  0.35670208  1.16674329
  1.35792971 -0.37775881  0.0880187 ]
[ 1.         -0.10913241  0.85426777 -0.35899761  0.91756647  0.00480286
 -0.47145614  0.21879275  0.04274793 -0.27864461  1.02991389  1.16610024
 -0.85386719 -0.19168898  0.52999347 -0.7443109  -1.21655415  0.36884803
  0.48219532  0.63379704  0.53702432]
[ 1.          0.75121212 -0.03418666  0.01035447  0.24055556  0.26856895
 -0.21036196 -1.18131936  0.13089124  0.41698221  1.32232397 -0.46721813
 -0.7206348  -0.41590414  0.43213736  0.61802584 -0.10189196 -0.74081466
 -0.90148558 -1.35605964 -0.85745066]
[ 1.         -0.51775195  0.72011144 -0.07847986 -1.54853735 -0.15692232
 -0.159717    0.08607804  0.27802652  0.22807605  0.73494733  1.73746996
  0.26751663  0.33504963 -0.05099323 -0.257002    0.00851265  2.0088905
 -0.63435432 -0.2944764   2.89883666]
[ 1.         -0.43830829  2.87850575  3.08723274  0.46781498  0.70159402
 -1.13384105  0.85982851 -0.12483786  1.64707058  2.43493079 -3.70208586
  0.59487001  0.15558738  1.83936089  2.48970043 -0.70454506 -3.78978431
  0.59715267 -5.50543544  1.38989246]
[ 1.          0.71396583  1.01679547 -1.22038441 -0.94481234  0.17581375
  1.32906232 -0.48507893 -0.93701292 -0.89130684  1.62440235 -1.01833547
 -1.6414115   0.45992426  0.64099467 -1.65897801  0.34660189  0.73655139
  0.23949744  0.02171108  1.12833123]
[ 1.          1.09110962  0.51028579 -1.05789723 -0.03493857  0.68932059
  0.25388708  0.89827783 -1.7830247  -0.20649463 -2.463346   -0.57902853
 -1.38252118  1.57942705 -1.2519829   1.38982098 -0.85685947  1.62241689
  1.38808597 -1.52418164 -0.22582045]
[ 1.          0.69358138 -0.16213903 -0.32118708  0.78409987  0.19752368
  0.03723513  0.81455832 -0.95830445 -1.76851902 -1.31599442 -0.1509852
  1.44897138  0.10987379  0.78277618 -0.46623274  0.92769347 -1.17026546
 -0.56962262 -0.07065555  0.56362343]
[ 1.          0.97682302  0.76524069 -0.19271774 -1.51402942 -0.17931398
 -0.42079942  3.10927691  1.75012304  1.49940973 -0.81422943  3.04118094
 -1.30911475  2.00971419  2.36847688 -1.34675803 -1.20909684 -0.55428491
 -0.24542098  2.38674826 -0.8949628 ]
[ 1.         -0.92108676  0.02575739 -0.90103046  2.01332028 -0.79548854
 -0.22082192 -0.26838542  0.14679319 -2.05331479  1.16330947  2.72252255
  1.10235967  0.01087482  0.2308179   0.24139677 -1.43542897 -0.32227746
  3.44807004 -1.10755807  0.54635224]
[ 1.          3.62083696 -1.53140556  0.83040231 -1.08989762 -2.26607928
 -1.84934779 -0.56922429  1.16498076 -0.85557861  1.03082368 -0.09006503
 -0.18841462 -0.21861507 -0.18541907  1.63290864 -0.71103667  0.25842125
 -0.44065089 -0.35394078  0.39632477]
[ 1.         -0.22037342 -0.24881014  1.25823827  0.23851767 -1.42257134
  0.73651901 -2.35006505 -0.80927429  0.38326254 -0.09021726  1.00966037
 -0.90783124  0.76867519  0.03858106 -0.8380502   0.98405984 -0.61630193
 -0.71673891 -0.94589304 -1.61282865]
[ 1.          1.0213851   0.66606658 -1.11578084  1.71631769  2.21705718
 -1.45440576 -1.78530463 -0.02094695  1.34790609 -0.10632969 -0.84482333
 -0.1600601  -2.12252891 -0.14297285 -0.97035002 -0.14140191  0.34668665
 -1.59425425  0.73863581 -0.64703784]
[ 1.          1.02031678  1.0942574  -0.73423139 -0.81327322  1.51283714
  1.59366367 -0.56864975 -0.31941332  0.86592309  2.25008044 -1.42152661
  0.01320118  0.92706877  2.29972614  1.62799827  0.57772989 -0.51914906
  0.7802755  -0.2566826   0.57682534]
[ 1.          1.42908739 -0.1555865  -0.29080934 -0.28683379 -0.39157828
  0.21906629 -0.42735214 -0.06888588 -2.18188279 -0.61284975 -1.01330552
  2.71676339 -0.0193747  -0.71318962  0.13151084  1.02657157 -1.08159163
  0.8251447   1.44233591  0.70031491]
[ 1.         -0.17707283  1.25684734 -0.86012175 -0.44179667 -1.677348
  1.46494735 -1.99221758 -1.15856688 -0.0991027   0.82793635  0.01444211
 -2.07793448  2.41742905  1.16155777 -1.14392085  2.31304259  2.10493663
 -0.61150155 -0.64859209 -0.4469612 ]
[ 1.          0.68001747  0.20784254  0.81233973 -0.64380297 -1.2057056
 -0.5299147  -0.54318208  0.7125094   0.02756893  0.32207069  0.73849945
  0.42819102  0.47250497  0.02490171 -0.26213833  1.02034283  2.20967699
 -1.89473477 -0.11212408  0.82175292]
[ 1.         -3.16468767 -2.36330682 -0.66436068 -4.82737556  2.86197505
 -7.11430415 -1.55264093 -4.26637958 -0.79472358  1.41326306  0.38182165
  0.86771534  2.24194848  0.91949487  0.37414391  0.44081702 -1.44150777
  0.40346668  1.99815994 -1.00063658]
[ 1.         -0.5093507  -1.45955218 -0.5164123   0.05248074 -0.00370206
  0.55277314  1.34852055  1.40704222  0.37283163  1.12824706 -0.59492031
  0.48734815  0.18852466 -0.54356356 -0.28686395  1.03856676  0.84064471
  0.75303935 -0.46848176 -0.81978216]
[  1.00000000e+00  -2.97369322e-01   5.59681033e-01  -7.07136258e-01
  -1.40941757e+00   8.23397060e-01   4.67128362e-02  -3.88651940e-02
   1.56033947e+00   1.13748373e+00   4.59048159e-01   3.75954443e+00
   2.28654926e-01  -9.97594600e-01  -1.21044629e+00  -4.30096100e-03
   1.60329951e+00   3.21844301e-01   7.96163753e-01  -2.78415192e+00
   5.57493790e+00]
[ 1.         -1.23712235 -0.88096526 -1.44768838  0.86810438 -1.73491533
 -0.55157705 -0.18287305  0.76493912  0.63805155 -1.4524512  -1.6194147
  0.36978066  0.30609108  1.56553482  0.39869958 -0.26359393 -0.274418
 -0.91413107 -0.08617713  1.22011718]
[ 1.         -0.26180998 -2.37023018  2.39224704  0.01746044  0.17665837
  2.57278194  0.5370382  -3.15779062  1.76722694 -0.40666698  0.58877896
  0.72694076 -2.71384879  1.21751756 -1.2046412  -2.93757846  1.17795856
 -0.68256714  0.82033286  1.42268546]
[ 1.         -1.23182833 -1.72343999  2.72671255 -0.39148865  2.85220581
  1.91441542 -1.88122255  3.26056518 -2.47181782 -1.95325123 -0.76491834
 -2.14372507  1.37268441  1.50208297  0.78987804 -3.2353191  -0.80071467
 -0.54070816  0.6690624   1.30761921]
[ 1.          0.41661945  0.32959517 -0.97412198  2.16542124  0.15528548
 -0.57273782  0.12921384 -0.99249422 -2.1209985  -0.2540142   1.42053679
  0.74238861 -0.03693376  0.95130153 -0.93350168 -0.57860424 -1.19297212
  1.05321227  0.8204989   1.19908495]
[ 1.         -0.43108539  0.76076241  0.82872477  1.461247   -0.33837979
 -0.88805002 -0.44508171 -0.35190362  0.23018783  0.39347362  0.7595736
 -0.32032013  0.47824258 -0.50226126 -0.76948046 -0.69276535 -0.38128194
 -0.34474029 -1.06946219 -1.30940482]
[ 1.         -0.77910338 -0.18266773  0.45674684 -1.12889942  1.45279925
 -1.00541438 -0.9210393   0.04403054 -0.22403332 -0.43165076  0.76674606
  0.37080011 -0.78426533  0.30150078 -0.02270808  0.04392178  0.42122978
  0.76112302 -0.34408779 -1.65570792]
[ 1.          1.94153378 -0.21496286 -0.98597617 -0.47639907  0.77659172
  0.18948364  2.49840633 -0.89593906  0.54035932 -3.09671487  0.48780364
 -1.66078419  3.74768564 -0.96185465  0.30386238 -1.3975521   0.10620894
  1.46019541 -2.6808002  -1.63784739]
[ 1.          0.62164908 -0.55832177  0.50490813  0.40246998  0.59963037
 -0.8848245  -0.89220295  1.40007741  0.7130844  -0.54475892 -0.4730352
  0.31533672 -0.5334761  -1.19371342 -1.18868845  1.30527143  1.48966855
  0.0044344   0.49816667  0.58666321]
[ 1.         -0.71662507 -0.10527067 -0.54790795 -0.55497205 -0.59276142
  0.93984065 -0.75618925 -0.25760132 -0.68994167  1.07175543  0.21998756
 -1.46453678 -0.2064103  -1.55486885 -0.69692277 -0.27969389 -1.20239983
 -1.04986733 -0.72499886  0.12558281]
[ 1.          0.25700598 -2.49973727  3.48167173  0.28928521 -1.5984136
  1.69585531 -0.39149053 -5.02484551  1.92334145 -0.97633604  1.16112304
 -1.23379339 -3.62804052  1.89215738 -0.30178172 -0.46533398  0.54815787
  1.63626741  0.05884019  1.89401215]
[ 1.         -1.3229469  -1.23388095  4.09883499 -0.7678071   2.96530202
  1.89238843 -4.01680519  4.65077204 -3.49567056 -3.84408954 -1.15977946
 -2.69794601  3.05201101  1.24826571 -0.85085812 -2.45671671 -1.08432155
  1.1195122   1.97837962  2.34181978]
[ 1.         -0.54267903  0.40182872 -0.0139149  -1.08670639 -0.41808439
  0.86881127 -1.64185953 -0.2999197   0.68377917 -0.38948245  0.66010998
  2.52566907  0.26649012 -0.39870996  0.43348501 -0.02883557  0.51767385
  0.59481914  0.69284015 -3.00088719]
[ 1.          0.84508203  0.80718584 -1.40039216 -0.14604087  0.42125044
  0.29127304 -0.82648967 -0.49042124 -0.65739612  0.4401504  -1.61377493
 -0.53827103 -1.69741312 -0.33601016 -1.53608643 -1.02990907 -1.2156933
 -0.13185628  0.39095815 -0.04088233]
[ 1.         -0.47121157  0.31320795  0.49247784 -0.05778213  0.52399857
  0.18023201  1.60725622  0.46318437 -2.55029453 -0.17084698  0.19137819
  0.23565323 -1.8495886   1.33037103  1.31858851  1.62842426  1.22342653
 -1.78211089 -0.88850187 -1.72489858]
[ 1.         -0.31956386 -0.79075905  0.72760825  0.34754051  0.48307041
 -0.19537768 -0.3481087   1.44702483 -0.13843349 -1.49515174 -0.14759343
 -0.85437712  1.25541317  0.00599705 -0.03748787 -0.93713059 -0.47637786
 -0.49690809 -0.12443644  0.099761  ]
[  1.00000000e+00   3.68853394e+00  -3.15186710e+00   3.08157652e+00
  -9.29252533e-01  -4.24442713e+00  -9.85220912e-01  -1.97142671e+00
  -2.22441735e+00   5.35396710e-01   9.41588063e-01   1.54030852e+00
  -2.71620109e+00  -3.63200305e+00   1.36691437e+00   2.81973724e+00
   3.25721871e-01  -5.41599949e-01   1.91015394e+00  -3.69604432e-03
   8.04413109e-01]
[ 1.          1.76530431  0.49085923 -1.01846942 -0.94687023  0.7831867
  0.37570181 -0.83552875 -0.64557604 -0.86064043  0.37450609 -2.08987636
  0.74571033 -0.35244572  0.07386821 -1.32714784 -1.19030044  1.12848622
  1.17124291 -0.33138238 -0.51650244]
[ 1.          0.10461678 -1.24160077  0.87686732  0.36267424  0.58622327
  0.74847249  0.81228467 -1.03482834  0.62984107 -0.35340336 -0.09794755
 -0.19725025 -0.58596515  0.01894604 -0.35056445  0.6246955  -0.3217968
  0.66326689  1.30182646 -0.12465553]
[ 1.         -0.35257354  1.24278352 -0.08387993 -0.95782045 -0.3471247
  0.03026755  1.64115169  0.23009824 -1.93878691 -1.18151927 -0.05707297
 -0.61497479 -2.59028508  1.09397871  0.82129955  1.25625339  0.79520738
 -1.89422889  0.301765   -1.35217579]
[ 1.          1.60273322 -0.8105695  -0.18079352 -0.56532161  0.2109981
 -0.04068549  1.94531254  0.86514725  0.77988443 -0.6470865   1.09226072
 -0.20735195  1.94936898  0.38314235 -1.16472041 -0.33184827 -1.58541306
 -0.27109899 -0.54111588 -1.02316238]
[ 1.         -0.22736558  1.43663105  1.12675696 -1.3856919  -0.5076628
  0.9444573  -0.28898143 -0.45425338  1.08591554  0.25176145  0.45393593
  3.89063255  0.85876966 -0.69523658 -0.68284684 -1.84234907  0.92649713
 -0.87856273 -0.5559643   1.50380181]
[ 1.         -0.64178479  1.72193428  0.97513022 -0.0458801  -0.38055131
 -1.31650761  0.82736605  0.74476172  0.37495336  0.03343325  0.60333335
 -0.41765201 -0.11233849  0.99945854  0.57144355 -0.61683264  1.07889776
  0.76005345  1.50608461 -0.72101904]
