Cluster centers 

[ 0.61551709 -1.91104434 -1.46967144 -0.6033805 ]
[-1.10302004 -0.3832451   0.01027617  0.04633487]
[ 0.69561633  1.16267574 -0.29393123 -0.13776781]
[ 0.78863422 -0.6061051   0.06943505 -1.26215857]
[ 1.36075128  1.42375308  0.94663599  1.96126414]
[-0.29463119 -1.85535739 -0.21305253  0.64772151]
[-0.90427977 -0.33829917  1.48704779  0.40270893]
[-0.89956421 -0.43939387 -1.58392972 -0.17956336]
[ 0.71122521  0.54112306 -1.22593075 -0.12279452]
[ 0.36766502  0.63930925  0.48315645 -1.57666021]
[-1.2696203   1.39335058  0.11908261  1.08444899]
[ 0.93166391 -2.36053744  3.4383221   3.02768551]
[ 1.9328134   0.59070972  0.20171733  2.69213584]
[-1.41073757  0.84018658  1.39680182 -0.16619079]
[-0.2225491   0.13569418 -1.27824672  2.74621616]
[ 1.51349661 -1.7798218   0.66814117 -0.33727976]
[ 1.41625304  0.19817008 -1.19969036  1.55716616]
[ 0.78639932  1.65488199  0.59417537  0.51320988]
[ 2.96258704 -4.19823602  0.78593062  2.07833626]
[-1.32265427  0.17183712  0.23969932 -0.06119068]
[-1.21912947  0.24223472 -1.01047405  0.14092243]
[-0.61159092 -1.08191397 -1.52808471 -0.24863038]
[ 0.01414519 -1.53440662  2.42901119  1.68336633]
[ 0.85560749 -0.36038389  1.07724129 -1.13650819]
[ 1.07548652 -1.38135322 -0.12108017 -0.87030088]
[ 0.62305538 -0.03553829  0.48838311 -1.42971506]
[ 0.5689476  -0.14869837 -0.15038713 -1.46250966]
[ 0.33011358  1.27728073  0.10489489 -1.10482382]
[-0.83390518 -0.9281397  -0.07386292  0.23098185]
[-0.70913501  0.96632293 -0.2352364   2.31745439]
[ 0.29086585 -0.34060402 -2.5005635   0.62368367]
[-0.18788251 -1.73009937  1.34124784  1.34401242]
[ 1.42518541 -1.32133996  1.33571654 -0.40846904]
[-0.89857623 -0.69826228 -1.17124735 -0.15682527]
[-1.40554601  0.39714088  0.04034299 -0.08070841]
[-0.81376065 -0.07613165 -1.91009075  0.31812685]
[-1.3064407   2.36872179  1.56829229  0.64687595]
[-0.5579682  -1.17199063  1.10074655  0.81584482]
[ 0.52958425  0.35282158  1.36979599 -1.37199217]
[ 1.59788709  0.66246348 -0.23141648  1.90732017]
[-1.44354327  0.69351657  0.9067983  -0.12732118]
[-1.27189377  0.94029626 -0.4995003   0.77629141]
[-1.03708262  0.14595566  1.81394291  0.189225  ]
[-0.91443263 -0.58248968  0.85566405  0.35965731]
[ 1.13635356  1.40900204  0.52561084  1.23760326]
[-0.66754517 -0.48041367  2.08031498  0.67268581]
[ 1.16277407  0.99999154 -0.21281484  0.98616075]
[ 0.83811791  0.31878788 -1.51274531  0.30479953]
[ 0.18688557  1.80920684  0.80974799 -0.95786586]
[-0.17008603 -1.09657188 -2.07859214 -0.62394641]
[ 0.51023725 -0.34054781 -2.20830826  1.78435122]
[ 1.04824676 -0.90408271  0.63484883 -0.96468398]
[ 1.33322816 -1.82360788  0.04453382 -0.51627188]
[ 1.95335849  0.05920317 -0.6924984   2.64374247]
[ 1.64626149  0.88782685  0.27796699  2.15613714]
[ 0.40358067  0.1452     -0.83645013 -1.3884146 ]
[ 0.67224052 -1.1239096  -0.98936932 -1.11258471]
[ 0.23028901  1.08279661  0.81526484 -1.55716205]
[ 0.45109748  2.06706254  1.09811287  0.16338795]
[ 0.91685682  1.39122279  0.22456294  0.59912804]
[ 0.37451498  0.56099098 -0.02899768 -1.53074376]
[-1.18090867 -0.21748862 -0.37159895 -0.06160157]
[-0.23212737 -0.42572769 -2.4805937   0.01388958]
[-0.94337453  0.47333113 -1.25512379  1.07625658]
[ 0.4135101   1.11432583 -0.19731046 -0.96700756]
[ 0.22372341 -1.15886455 -1.88134449 -0.90771392]
[-0.97514074  1.10890921 -0.22669341  1.72703199]
[ 1.02959385 -1.63643526 -0.55938468 -0.78637511]
[ 0.27881724  1.0382986   0.32794757 -1.46971517]
[-0.37706107 -0.71088062 -2.26317709 -0.44296857]
[-1.0706042  -0.40140565 -0.85745051 -0.10686476]
[-1.47992841  0.79306207 -0.11600468  0.06519178]
[ 0.38951561  0.47302135 -0.52591302 -1.38655319]
[ 1.27643825 -1.35608424  0.62992479 -0.66642628]
[ 0.02613126 -1.72624582 -1.75349427 -0.38668171]
[-0.49316916 -1.43914947 -1.13849948  0.01161188]
[-1.35796998  0.32004857 -0.42798025 -0.03414935]
[-1.28357555  0.17590084  0.68477571 -0.01056825]
[-0.33344449 -1.44063477 -1.64903818 -0.28198588]
[ 0.44963942  1.52835121  0.25023782 -0.56316253]
[ 0.47661551 -0.33047315 -0.91877037 -1.38502243]
[ 0.49237517  0.1498986   0.00522374 -1.52472122]
[ 0.55019946  0.84725063 -0.73055652 -0.6200944 ]
[-0.85568736 -0.53596505  1.28492931  0.46489942]
[-0.66136728 -1.10631536  0.72667285  0.62338886]
[-1.57448452  1.22629308  0.52517196  0.01519133]
[ 1.37777281  1.15001776  0.36336669  1.65265418]
[ 1.17344348  0.47905471 -1.03632225  0.96848405]
[ 0.51828433  0.28245593  0.76571195 -1.48857042]
[ 0.83714604 -0.92147928 -0.25795964 -1.16368771]
[ 0.90159773  0.80892813 -0.75036907  0.29631694]
[ 1.88073035  0.48359982 -0.09749198  2.51112108]
[-0.46756437 -0.85038122  2.10757604  0.96192037]
[ 0.89320159  1.14638094 -0.22241722  0.36735252]
[-0.21014992 -1.39585615  1.99081921  1.36653282]
[-1.3111063   0.37130921  1.03341524 -0.03856521]
[-1.06618624 -0.28282944  0.81751972  0.19338471]
[ 0.65989854  1.4148612   0.08745655 -0.0834034 ]
[ 1.30507757  0.9947886  -0.04649542  1.34449737]
[ 1.77162619  0.32360555 -0.5560731   2.23188612]

Populations

0.00447136021066
0.0290757383218
0.0192533628423
0.0180382271498
0.00202686542431
0.0108469907945
0.0140938652025
0.0163825495049
0.0136938038098
0.0123362420758
0.0029433698511
0.00312389449984
0.00357698785369
0.00333154124682
0.0240965591981
0.00293022464823
0.00256124366934
0.00321285910596
0.0213058130799
0.0240618237825
0.0142579583044
0.00336584428404
0.0117744536555
0.00551760763426
0.00799894991977
0.0126108241919
0.016145663667
0.0355237783131
0.0107594523353
0.00585176996814
0.0144949975788
0.0146185490629
0.0102957565234
0.0106115103659
0.00361045935743
0.0118516808941
0.00601370156341
0.00501848819177
0.0170794187763
0.0147889675714
0.0171435365746
0.0176026988775
0.0129490020677
0.00706001411293
0.0203201842936
0.00957198302235
0.00402933581466
0.005381587595
0.00283172458557
0.00981021167469
0.00719443612206
0.00664275181696
0.00319083959806
0.010465841689
0.00985600366831
0.0112979350702
0.0033641569886
0.0143231712225
0.00876179716686
0.0123214611124
0.00402624173542
0.00975427598219
0.00605145871231
0.00497226453279
0.00264991324972
0.00850630674778
0.0127614836758
0.00266756974588
0.0150182877267
0.00435411063972
0.00535668788644
0.00861393584201
0.00637340024026
0.00645697538597
0.0168139858206
0.0126368150252
0.0032096094773
0.0167276393547
0.00290154167584
0.0089898060658
0.0191868410131
0.0152201053492
0.0161528573346
0.00730448680881
0.0108134288461
0.0143995980531
0.00990172752657
0.00627088306465
0.00634061734139
0.00548571840738
0.00660280151619
0.0056785534042
0.0139486333498
0.0194077226739
0.0137279424357
0.00649098844799
0.00655295740078

State labels

0
1
2
3
4
5
6
7
8
9
10
11
13
14
15
16
17
18
19
20
21
22
23
24
25
26
27
28
29
30
32
33
34
35
36
37
38
39
40
41
42
43
44
45
46
47
48
49
50
51
52
53
54
55
56
57
58
59
60
61
62
63
64
65
66
67
68
69
70
71
72
73
74
75
76
77
78
79
80
81
82
83
84
85
86
87
88
89
90
92
93
94
95
96
97
98
99

Eigen values

1.0
0.706952956719
0.68545118753
0.661020527202
0.645304557334
0.636015372537
0.628429119152
0.607026751414
0.604947895334
0.568442113473
0.543433600007
0.510317708393
0.499035755159
0.49254360681
0.473545785711
0.464734977303
0.453441134781
0.434380117547
0.423306794827
0.41013456399
0.404493788961

Left eigenvectors

[  4.47136021e-03   8.05031816e-03  -1.33050357e-03   1.99425245e-03
   4.96270168e-04  -1.01073312e-05  -1.36513734e-03  -1.78484187e-03
   3.40944290e-03   1.71952410e-03  -3.91169988e-03  -3.33208093e-04
   5.10891493e-03  -4.39321773e-04  -1.18867987e-02  -3.92562734e-03
  -8.28763233e-03   9.95542579e-03  -6.18193495e-03  -1.15796573e-03
  -3.43496249e-03]
[  2.90757383e-02   5.06924094e-02   2.69266006e-03   8.01400872e-03
  -1.55698367e-02   1.10412599e-02  -2.32263573e-03  -6.92969069e-03
  -1.89967777e-03  -1.76712734e-05  -2.24057324e-02   2.43710646e-02
   1.98284204e-02  -1.73192055e-02  -1.19293838e-02   1.25517880e-03
  -3.48038364e-02   9.24880526e-03  -3.87902031e-02   8.41998255e-03
  -2.12845446e-03]
[ 0.01925336  0.01608811 -0.00923131  0.00601954  0.01223745 -0.00684524
 -0.00569686 -0.00473635  0.01829983  0.0081295  -0.00387382 -0.0164038
  0.00897912  0.00885633 -0.03941545 -0.01592524 -0.00980431  0.03022924
  0.00212571 -0.00912407 -0.01023115]
[ 0.01803823 -0.00387375  0.01839709  0.01382579  0.0001056   0.0073722
 -0.00039828 -0.00405904 -0.00646648  0.02046973  0.01123891 -0.00265205
  0.02232196  0.00029799 -0.01554482  0.024784    0.01003359 -0.00405682
  0.00920142  0.01627395 -0.00574907]
[ 0.00202687  0.01364101  0.00088797  0.00817811 -0.01680361 -0.00396452
  0.00533052  0.00147397  0.00019243 -0.00895087  0.01285021 -0.00468796
 -0.00010224  0.00453432  0.00631481 -0.00099621 -0.00246421 -0.00378452
  0.0005707   0.000309   -0.00317291]
[ 0.01084699  0.00779747 -0.02183458 -0.00410176  0.02074427  0.00155659
  0.00686758 -0.001673   -0.00685497 -0.00107127  0.01436233 -0.01357658
  0.00039871  0.01927231 -0.00131665 -0.015658    0.00369741  0.02539716
 -0.00276417 -0.00214672 -0.00046043]
[ 0.01409387  0.0032794   0.0061733  -0.01114864  0.00264993  0.00770898
  0.00671879 -0.01176081  0.00138881  0.00597791 -0.00498463 -0.01058866
 -0.00663184 -0.00382476  0.01572793  0.01516229 -0.01295849 -0.00275041
  0.02472235 -0.00675169  0.01834246]
[ 0.01638255  0.01021143 -0.00999609  0.00172855  0.00622101 -0.00456028
 -0.00695835  0.00176324 -0.0095023   0.00991886 -0.0020911  -0.00328218
 -0.00373247 -0.00634648 -0.01075728  0.00938099  0.00671408 -0.02552554
 -0.01874647  0.00901838 -0.00231977]
[  1.36938038e-02  -5.96482268e-03   6.24468131e-03  -1.10524709e-02
  -6.53473751e-03  -1.43077827e-02  -2.29261021e-02   1.46910664e-03
  -1.63134391e-02   4.87690929e-03   1.25356663e-02   4.43300506e-03
  -2.67714027e-03  -3.66489896e-03  -8.71606272e-03   9.55100097e-05
  -2.99840544e-03   5.69318811e-03   3.35462203e-03  -3.40312477e-02
  -1.29818781e-02]
[ 0.01233624 -0.00266374 -0.00555693  0.00250991  0.00177667 -0.00826507
 -0.0076462   0.00743747 -0.00589301  0.00841099  0.00773789 -0.00023686
  0.0038028   0.0014295  -0.02309552  0.00924095 -0.0118928  -0.00051615
  0.00826473  0.0015446  -0.01368142]
[ 0.00294337 -0.00394439 -0.0024434  -0.0016925  -0.00099168 -0.00848323
  0.01024493  0.00014254 -0.00292062 -0.0025242  -0.00543209 -0.00181341
 -0.00676019 -0.00925238 -0.00566152  0.00015594 -0.00780725 -0.00654628
  0.0071744   0.00689611 -0.00753682]
[ 0.00312389 -0.00613936 -0.01364174 -0.00192325 -0.01289666  0.01192042
 -0.00547509 -0.00768397  0.00801239 -0.00086253 -0.00440591 -0.00470814
  0.00216474 -0.00466169  0.00231129 -0.00100026  0.00569868  0.00118352
 -0.0006016   0.00166843 -0.00554677]
[ 0.00357699  0.01068653 -0.00120339  0.00297229 -0.00321803 -0.00284875
  0.00115252 -0.00070665  0.00210112  0.00280401 -0.00797214  0.00219551
 -0.00445979 -0.00615076 -0.00716534 -0.00164527  0.00557601  0.00796575
  0.00205808 -0.00421423  0.00373719]
[ 0.00333154  0.00158615  0.00550372 -0.00713505 -0.00264532  0.00049328
 -0.00705972 -0.00142177 -0.00342043  0.00241575  0.00143624 -0.00220292
 -0.0024323  -0.00655424  0.00869414 -0.00834257 -0.00359311  0.00099503
 -0.00188635  0.00207776 -0.00310606]
[ 0.02409656 -0.00082202  0.02336287 -0.00522652  0.01058207  0.00690772
 -0.00065256  0.00352931  0.03561539 -0.00352351 -0.00086091 -0.02337752
  0.00596308  0.01510436 -0.02887533 -0.0237034   0.00498201 -0.01393153
 -0.0132681   0.02314939  0.01142882]
[ 0.00293022 -0.0015317  -0.00098391  0.00779405  0.00531448  0.00286993
  0.00119262 -0.00018797 -0.00413522  0.00178168  0.00581846 -0.00407746
 -0.00326653 -0.00812452  0.00274825  0.00393669  0.00515216 -0.0022014
 -0.00512438 -0.00397145 -0.00229741]
[ 0.00256124 -0.00130499  0.00063138  0.00232799  0.00225572  0.00386524
 -0.00017294  0.00654882  0.00191034 -0.00842286 -0.00186542  0.002239
  0.00281437 -0.00201424  0.00011186 -0.00752752 -0.00201189 -0.00322437
  0.00421634 -0.00698887  0.00566923]
[ 0.00321286  0.00619142 -0.00715619  0.00358456  0.00648803 -0.00069623
 -0.00126307  0.00388338 -0.00232567  0.00696066 -0.00427885 -0.00377346
  0.00028534 -0.00234483  0.00966181  0.00372125  0.00025071 -0.00970181
 -0.00677591 -0.00341771  0.00346603]
[ 0.02130581 -0.01074596 -0.00533285  0.01385398  0.01265093  0.0004756
  0.00099164  0.00941282  0.00454725 -0.00595881  0.02034533 -0.00564064
 -0.0021017  -0.00145388 -0.00280892 -0.01903997  0.00320365 -0.02255592
 -0.00280453 -0.00746947  0.02536375]
[ 0.02406182  0.00266162  0.0041104  -0.00759569  0.00466673 -0.00318714
 -0.01724641 -0.01235893  0.02439362 -0.02555195 -0.01537485 -0.01030379
  0.01453478 -0.00048319  0.00579146 -0.00985426 -0.01094007  0.00956251
 -0.00512398 -0.00197065 -0.002289  ]
[ 0.01425796 -0.00316388  0.01270721 -0.00344196  0.00885907  0.01272869
  0.01703375  0.00711355  0.02718228 -0.00397927  0.00345195 -0.00328908
  0.00526078  0.00521824 -0.0099698  -0.0243539  -0.00868132 -0.02174811
 -0.00410959 -0.02749463  0.0053923 ]
[ 0.00336584 -0.00359218  0.00195361  0.0097322   0.00420965  0.00234484
  0.00206971 -0.00411537 -0.00138914  0.00332531  0.00879462 -0.00047826
  0.00238935 -0.00666121  0.00240383 -0.00330251  0.00304207 -0.00025886
 -0.00110924  0.00179315  0.00318459]
[ 0.01177445  0.01094771 -0.00537799 -0.01813507 -0.000362    0.02388419
 -0.00634195 -0.02718508 -0.0232224  -0.02468042  0.0002456  -0.00393535
 -0.0096502  -0.0080939  -0.01442032  0.01171692  0.00415495 -0.01742036
 -0.00321997  0.00390372 -0.00026159]
[  5.51760763e-03  -3.27371545e-03   1.81008801e-03   2.46512084e-03
   2.63927909e-03  -1.40220340e-03  -2.43722573e-03  -5.84666428e-03
   6.97386364e-03  -1.40016076e-02  -2.22777674e-03   1.12698173e-02
  -5.17160163e-03  -1.37360593e-03   8.79710248e-03   6.05657789e-03
  -2.85089431e-03   2.71414064e-03   1.32831912e-03  -9.94433106e-05
   6.05467283e-03]
[ 0.00799895 -0.00171854  0.0029148   0.00183092  0.00239108  0.00979171
  0.00392194  0.00183756 -0.00297564 -0.01999676 -0.00605175  0.01015614
 -0.00468505 -0.01339132  0.00190446  0.00697069  0.00378561  0.01091949
 -0.00938774 -0.00273496 -0.00536514]
[  1.26108242e-02  -7.78117581e-03  -1.85146107e-02   1.86670741e-02
   5.37874234e-03   1.50798281e-03  -1.15783909e-02   4.14980238e-03
   1.54886361e-03   1.40760818e-02   9.95476396e-03   5.58140042e-03
  -1.80124768e-02   1.47857714e-02  -8.35813686e-05  -3.99407784e-03
  -2.25478592e-02  -1.45221302e-02   8.08365321e-03   2.44046600e-03
  -1.26223610e-02]
[ 0.01614566 -0.00433177  0.00878404 -0.01401441 -0.00333256 -0.01778634
 -0.01225171  0.00529531  0.00785363 -0.00256965  0.00319925 -0.01012724
 -0.00740198  0.0041699   0.01035165 -0.00481954  0.01747962  0.00316851
 -0.00694739  0.04072199  0.01558546]
[ 0.03552378 -0.01602337  0.00668703  0.02158625  0.00943935 -0.00163816
 -0.00322677 -0.02827527  0.02659503 -0.02802307 -0.01063201  0.02743281
 -0.02708993  0.01109848  0.0165695  -0.00785066 -0.01491622 -0.01904127
  0.01764389  0.00648572  0.00506608]
[ 0.01075945 -0.01201739 -0.00068199  0.01185972 -0.01043201  0.00439078
 -0.00354387  0.00028925 -0.00765853  0.00884392 -0.00594774  0.01789425
 -0.03356606  0.01870147  0.00047251 -0.00634166 -0.01346237  0.00341808
  0.00044401  0.00362599  0.0133561 ]
[ 0.00585177  0.00381137 -0.00317213 -0.00667808  0.00049218  0.00556851
 -0.00479379 -0.01111099 -0.01168274 -0.01060377 -0.00282036 -0.0050291
 -0.00683163 -0.00207672 -0.00944582  0.00681206  0.00495057 -0.01634317
 -0.01088757  0.0019768  -0.00212076]
[ 0.014495   -0.01080672  0.01635374  0.02036128  0.00046601 -0.002593
  0.00222843 -0.01810064 -0.00545762  0.00487558 -0.00556216  0.00173967
  0.02330246  0.01970796  0.00878528  0.01354075  0.02511503 -0.00634603
  0.01480895 -0.00196479 -0.01946553]
[ 0.01461855  0.0334062  -0.01597257  0.00383459  0.01213381 -0.00660003
  0.00114395  0.00011314  0.00063459  0.02726692 -0.02978393  0.00709907
  0.0049417  -0.00987368  0.02302602  0.01383501  0.00035552 -0.01581894
 -0.01002322 -0.00258289  0.01421151]
[ 0.01029576 -0.0050801   0.00209771 -0.00276308  0.00410494 -0.01342455
 -0.01183357 -0.0095139   0.01593995 -0.02073681  0.00300268  0.01459231
  0.00189466  0.00059921  0.01707771  0.01743498 -0.0035174   0.00936843
  0.00183626 -0.00160109  0.01820257]
[ 0.01061151  0.00755192 -0.00431229  0.00686396  0.00752471 -0.00731478
 -0.01038989 -0.00561287  0.00725973  0.01173516 -0.00883613  0.00064392
  0.00486813  0.0054469   0.00266038  0.00111576 -0.00432384 -0.00277312
  0.01886758  0.00075253 -0.01541078]
[  3.61045936e-03  -6.23669600e-03   4.76211002e-03   5.06524272e-03
  -3.59287413e-03  -5.26516415e-03   3.14628135e-03  -6.64280645e-03
  -9.89196530e-03   2.73855736e-05  -1.17547484e-02  -4.69983762e-03
   9.57415432e-03   1.65917625e-02   4.42453980e-03   1.05823578e-03
   7.58795676e-03  -6.29196462e-04  -4.93587786e-03  -9.34012580e-03
  -4.39052457e-03]
[ 0.01185168 -0.00248687  0.01005482 -0.0009383  -0.00172388  0.01038946
 -0.00422399  0.00476374 -0.01110413 -0.00236537  0.00977764 -0.01162249
 -0.00699967 -0.00637709 -0.02077179  0.02157042  0.00558136 -0.00334677
  0.00277425 -0.01083636  0.00776352]
[ 0.0060137  -0.00326487 -0.00981361 -0.00383863 -0.00874162  0.01295725
 -0.00745925 -0.01463011  0.00680522 -0.01077099 -0.00666909 -0.0043794
 -0.00047939 -0.00556273  0.00132727 -0.00038167  0.00414149 -0.00361576
 -0.00053008  0.00343559 -0.0066263 ]
[  5.01848819e-03  -6.85570415e-03  -3.72112614e-05   7.50913415e-03
   3.03484023e-03  -1.60933600e-03   1.16256140e-02  -7.30631367e-03
  -6.68346004e-03  -6.77388920e-03  -1.36586428e-03  -1.29769758e-03
  -8.58095027e-04  -1.41193165e-02   7.23994389e-03  -1.12036439e-02
  -1.32264464e-03   1.63139145e-02  -7.51218588e-03   2.41260673e-03
   2.74378843e-03]
[ 0.01707942 -0.00525981  0.00964061 -0.02274919  0.00147479  0.01522869
  0.0414875   0.01918908  0.0193154   0.00811298  0.00407685  0.00771887
 -0.00687631  0.00566133  0.01163286 -0.00223681  0.00523099 -0.0106211
 -0.00462215 -0.0270821  -0.02169706]
[ 0.01478897 -0.01405294 -0.0129728  -0.01002688 -0.00453663 -0.02217886
  0.0081391   0.00728596  0.003081   -0.00223042  0.01027197 -0.00657037
  0.01427866 -0.01125398 -0.0089309   0.00833999 -0.01016067 -0.00647503
  0.00438503  0.00504024  0.0129277 ]
[ 0.01714354  0.00482218  0.0052711  -0.00043088  0.00705599 -0.00280456
 -0.01451708  0.00939524  0.0056943  -0.01200096 -0.0137173  -0.01592494
  0.00795504  0.00451637  0.00932641 -0.0110857   0.00382844  0.00392306
  0.00261238  0.02010598 -0.00708366]
[ 0.0176027   0.00105227  0.01198317 -0.00018412  0.00420304 -0.00606438
 -0.01915915 -0.02032497  0.00828072 -0.00332218 -0.00544579  0.00374895
  0.01998043  0.00058645  0.01244638  0.00566262 -0.00863364  0.00059171
  0.02573753 -0.01663785 -0.0139318 ]
[ 0.012949   -0.00086373  0.00207518  0.00429472 -0.01249336  0.01734113
  0.00097516  0.02464511 -0.0078191  -0.00276139 -0.00680226  0.0285734
  0.00648505  0.00082649 -0.00937274  0.006738    0.00330658  0.01217989
 -0.00404961  0.00951913 -0.00280298]
[ 0.00706001 -0.00793914 -0.00070526  0.01673622  0.00203955  0.00368606
 -0.00159744 -0.00656585 -0.00163266  0.00766703  0.00602738  0.01009511
 -0.01571033  0.00468472  0.00469574 -0.00464852 -0.01042042 -0.00174051
  0.00400995  0.00614409  0.00071032]
[ 0.02032018  0.00534135  0.01670871  0.01339056  0.00844426  0.01365986
  0.0039987  -0.01456985  0.01629877  0.0064973   0.00188214 -0.00211974
  0.01692364 -0.0069992  -0.02014759 -0.00208614 -0.02355323  0.00450601
  0.00200488 -0.01388634  0.00520904]
[ 0.00957198  0.00981811 -0.00785791 -0.01855151  0.00826594  0.0065444
  0.02140353  0.00145818 -0.00722151  0.00903627  0.00802377  0.0217387
  0.01082493  0.01294425  0.00809112 -0.00562455 -0.00077653  0.0021599
  0.00759108  0.00388178 -0.00437331]
[ 0.00402934 -0.0009436   0.00035778  0.00418719  0.00151095  0.009013
 -0.00222006  0.01690227 -0.00446113 -0.01477906 -0.00720171  0.00587171
  0.00531361 -0.00563397  0.00141059 -0.00215673  0.00030327  0.00550493
  0.00748213 -0.00135306  0.0011668 ]
[ 0.00538159 -0.00185656 -0.00526813  0.00280311  0.00713866 -0.00129082
  0.00834597 -0.00193399 -0.00320649 -0.0039452   0.00391953 -0.00441066
 -0.007336   -0.0019715   0.00131722 -0.01214054  0.00370263  0.01052396
 -0.00397976 -0.00265764  0.00380975]
[  2.83172459e-03   1.10033522e-02   6.79694069e-04   7.19299918e-03
  -1.34374024e-02  -4.86360679e-03   4.70625419e-03   1.97930493e-03
   3.91575704e-04  -4.33032937e-03   7.65728072e-03  -4.49099190e-03
  -3.26620086e-03   2.90103516e-03   1.25779633e-03  -3.12878619e-05
   6.97432460e-03  -1.66031109e-04   7.23340627e-03  -1.87430244e-03
   2.52400394e-03]
[ 0.00981021 -0.0038517  -0.00365863 -0.00462838  0.00379962 -0.01362533
  0.00126612  0.00363504  0.00674922 -0.00522361  0.00719493  0.01108625
 -0.00016924 -0.00188871  0.00281263  0.00618753  0.01559728 -0.00305817
 -0.00282705  0.00323524  0.00996434]
[ 0.00719444 -0.01222032  0.00488595  0.00322506 -0.00948914 -0.0120786
  0.00678423 -0.00708274 -0.0211738  -0.00236669 -0.02273397 -0.01044269
  0.00746783  0.02281088  0.00398899 -0.00478196  0.00122607  0.00207014
 -0.01571956 -0.01431595  0.00260634]
[ 0.00664275  0.00952975 -0.01287091 -0.01573515  0.01353876  0.0111211
  0.01298572 -0.00985261 -0.01415758 -0.0031708   0.01348052  0.00210106
  0.0019476   0.02040312  0.00149308 -0.00661868  0.00146497  0.01437732
  0.0158468   0.00390353  0.00365627]
[ 0.00319084 -0.00240815 -0.00295588  0.00502663  0.00170906  0.00018178
 -0.00254888 -0.00124487  0.00230825  0.00088658  0.0014196   0.00380414
 -0.00699159  0.00479303  0.00155871 -0.00184398 -0.00773939 -0.00618465
  0.00428461  0.00146275 -0.00335824]
[ 0.01046584 -0.00087897  0.00749973  0.00900053  0.00447648 -0.00277935
 -0.00797127 -0.00981522  0.00421642  0.00297081 -0.00638009  0.00023731
  0.01476935  0.00890356  0.00623197  0.00722311  0.00479259 -0.00478924
  0.02244704  0.00527072 -0.01820822]
[ 0.009856   -0.00848928 -0.01391395 -0.00774531  0.0017118  -0.02185649
 -0.00775792  0.00347255  0.00368882 -0.00595117  0.01987711  0.005742
  0.00659446 -0.00085074 -0.00530803  0.02164218 -0.0081217   0.0102569
 -0.0101591  -0.01593177  0.00319726]
[  1.12979351e-02   3.53192601e-03  -2.28281744e-02   1.44389672e-02
   2.08025809e-02   2.47382255e-03  -6.97187489e-03   1.76192575e-02
  -1.11328934e-02   5.76981205e-03   8.70575349e-03  -2.07151225e-02
  -3.27404146e-03  -8.85870403e-07   1.41476013e-02   8.36355036e-04
   5.41959570e-04  -1.77697401e-02  -1.27478226e-02  -8.26532316e-03
  -1.95560946e-03]
[ 0.00336416 -0.00798891 -0.0118124  -0.00303525 -0.01335686  0.00644716
  0.00215229 -0.00019532  0.00538568  0.00639136 -0.00097463 -0.0039148
  0.00786147 -0.00466346  0.00284147 -0.00036722  0.00403089  0.00074922
  0.00390396 -0.00260414  0.00578119]
[ 0.01432317  0.00705996  0.01363122  0.00491905 -0.00768963  0.01433321
  0.00043826  0.00452605 -0.00440384  0.00508186 -0.00746279  0.01014762
  0.00576735 -0.00345673 -0.01204223  0.01539416 -0.0179518   0.01760257
 -0.01739944  0.00553012  0.00353563]
[ 0.0087618   0.00673885 -0.0082076  -0.00338446  0.00992802 -0.00575685
 -0.00102419  0.00236489  0.00472593 -0.00174902 -0.00392466 -0.00256208
  0.00448401  0.00555498  0.00920827 -0.00247892  0.00806247  0.00850282
 -0.01002717  0.00941888 -0.00259611]
[ 0.01232146  0.031298   -0.00746589  0.01068322 -0.00779783 -0.01892189
  0.00653496  0.00021665  0.01039746  0.01187484 -0.02122697 -0.00365178
 -0.02632619 -0.01403105 -0.01939019 -0.00630995  0.03594969  0.02120842
  0.02557415 -0.01701076  0.01230125]
[ 0.00402624 -0.00072857  0.00469376 -0.00290985  0.00112643 -0.00170596
 -0.0020516   0.00145375  0.00719319 -0.00107239  0.00042946 -0.00657041
 -0.00028503  0.003917   -0.00392314 -0.00614414  0.00495137 -0.00248338
 -0.0047787   0.0155718   0.00667893]
[ 0.00975428 -0.00384492  0.00398057 -0.00606285  0.00016155  0.00849552
  0.01705797  0.01479198  0.00837734 -0.00646594 -0.00246823  0.01982974
 -0.00412228  0.00339593  0.00279865  0.00618992  0.01804757  0.00232335
 -0.01491872 -0.0008994  -0.02936156]
[ 0.00605146 -0.00134124 -0.00465144 -0.00487059  0.002838   -0.00539254
  0.00264899  0.00600518  0.00445026 -0.00231676  0.00225985  0.00375983
 -0.0001819   0.00407879  0.00215649  0.0028915   0.00793994  0.00529903
 -0.01159309  0.0119808  -0.01496146]
[  4.97226453e-03   2.79407851e-05  -2.10765123e-03   6.43485598e-03
   5.43784347e-03   8.02566076e-03  -8.36867248e-03   2.54225452e-02
  -9.83475858e-03  -1.48885653e-02  -9.00945491e-03  -6.97200338e-03
   7.55862851e-03  -3.33165679e-03   5.89930268e-03  -5.56242423e-04
   5.99114167e-05   4.43019776e-03   1.48036727e-02   4.34950790e-03
  -1.76107755e-03]
[  2.64991325e-03   6.14779522e-04  -4.82345426e-03   5.15465042e-03
   6.07498299e-03   3.72595370e-03  -4.77791084e-03   1.43164760e-02
  -6.42093131e-03  -5.52845621e-03  -2.33822651e-03  -8.43670711e-03
   3.11342601e-03  -1.74518927e-03   6.82914444e-03  -9.09861212e-05
   1.78722504e-04  -2.31943986e-03   5.37735495e-03   2.97055128e-04
  -1.70822135e-03]
[ 0.00850631 -0.00037083  0.01136919  0.00354398  0.00281146  0.00723178
 -0.00044152 -0.00170014  0.00529908  0.00394445  0.0051198  -0.00913095
  0.00787332 -0.00028852 -0.02117138  0.00682175 -0.00057275 -0.00428231
  0.00061463  0.00238293  0.00568045]
[ 0.01276148 -0.01215408  0.01162189  0.03712488  0.01245338  0.00990309
  0.00836345 -0.02142709 -0.00786235  0.01566164  0.02281606  0.00101572
  0.00909403 -0.02159331  0.00906214 -0.00139982  0.00784984  0.00992635
 -0.00185977  0.00853468 -0.00327231]
[ 0.00266757 -0.00419535  0.0021671   0.00954247  0.00344273  0.00148196
  0.00549961 -0.00700056 -0.00393302  0.00109831  0.0048789  -0.00026525
  0.00198887 -0.01150481  0.00559061 -0.00532573  0.00162646  0.01062978
 -0.00420002  0.00387849  0.00035034]
[ 0.01501829 -0.00431068  0.01005647  0.00803893 -0.01674933  0.00039076
  0.00366414  0.00844658 -0.00965239  0.00415958  0.00799766 -0.00111551
  0.00707901  0.00976764 -0.00693727  0.01302831  0.0196575  -0.00270709
  0.01188906  0.00647645  0.01982812]
[ 0.00435411 -0.00172286  0.00140387  0.00372306  0.002932    0.00382043
  0.00313519  0.00105008 -0.00437313 -0.00406361  0.00233777 -0.00198241
 -0.01057585 -0.01072748 -0.00338321  0.00933537  0.00805235 -0.0014249
 -0.00458337 -0.00821299 -0.00240073]
[  5.35668789e-03  -9.30029600e-03  -5.74456948e-03  -4.36367257e-03
  -3.39719069e-03  -1.76387718e-02   1.73147211e-02   4.33025743e-04
  -7.24320628e-03  -4.18433964e-03  -7.62915178e-03  -4.74200947e-03
   7.76182668e-04  -1.45285683e-02  -8.23465706e-03  -5.90928219e-05
  -1.84270288e-02  -6.94684912e-03   9.88263268e-03   1.40555516e-02
  -9.43769074e-03]
[ 0.00861394 -0.00353246 -0.00776328 -0.00710123  0.00269121 -0.01495713
  0.0067949   0.00278141 -0.00079031 -0.00127184  0.00453774  0.00837158
  0.00183832 -0.00159223 -0.00549158  0.00574347 -0.00897578  0.00096704
  0.0061477   0.01365679 -0.01648671]
[ 0.0063734  -0.00211429  0.00404457  0.00113661  0.00452473  0.0047981
  0.00197059  0.00215552  0.01282288 -0.01168132 -0.00307093  0.00160892
  0.00319039  0.00112782 -0.00074727 -0.01609135 -0.00768311 -0.01084715
  0.00310313 -0.01604861  0.0072346 ]
[ 0.00645698 -0.00031177  0.00670285 -0.0108963  -0.00423373 -0.00835857
 -0.01449607  0.00191461 -0.00712464  0.00698699  0.00687193  0.00144954
 -0.00550259 -0.00903695  0.00607291 -0.01193743  0.00389838  0.00500316
  0.00663283 -0.01159262 -0.01229051]
[  1.68139858e-02  -1.29534452e-03   2.29877740e-02  -2.34767113e-02
  -6.94634032e-03  -1.05323251e-03  -1.51250626e-02   6.26782566e-03
   7.50591516e-04   1.07717182e-02   4.95968386e-04  -2.50791544e-02
  -1.94413295e-02  -3.47869297e-03   3.13339046e-02  -5.38924457e-03
  -9.64690320e-03   1.93932453e-02  -4.89341984e-04   1.39379180e-02
   1.90255200e-05]
[ 0.01263682 -0.00212676  0.00412257 -0.01316375 -0.00675932  0.0002752
  0.00150107  0.00950787 -0.01120923  0.013546    0.01298474  0.02452836
  0.01830332 -0.00510606 -0.0030742  -0.01392029  0.01597685 -0.01211649
  0.00202452  0.00838499  0.01261508]
[  3.20960948e-03   6.01772657e-03  -1.76493280e-03  -1.11781163e-03
   2.63529373e-03   7.76107997e-05   1.35124438e-03  -2.04126801e-03
   3.67082892e-04   6.72704932e-03  -7.38342206e-03  -5.83288040e-04
  -2.57527505e-04  -3.17020948e-03   9.22066962e-03   6.95403982e-03
  -2.95144015e-03  -4.93126250e-03   3.45102579e-03  -2.48911165e-03
   8.93569447e-03]
[ 0.01672764 -0.01254616  0.01340974  0.00338959 -0.01911741 -0.00113926
 -0.01005041  0.0088539  -0.0266335   0.01055778 -0.01121801  0.00840109
 -0.02001936  0.02675273 -0.00426767 -0.00393496 -0.01054253  0.01275859
 -0.01062362 -0.00275444  0.02547121]
[  2.90154168e-03   1.55728128e-02   9.93477508e-04   7.99612028e-03
  -1.67481853e-02  -2.64988867e-03   4.77670422e-03   7.58861939e-04
   2.78406002e-06  -9.27228785e-03   1.14991718e-02  -2.60257611e-03
   2.21379103e-03   3.35400867e-03   6.37086819e-03  -1.10334066e-03
  -7.70896327e-03  -3.87841760e-03  -4.59005008e-03   1.64972663e-03
  -4.92730060e-03]
[ 0.00898981 -0.00175374  0.01670998 -0.0160058  -0.00177753  0.01100001
  0.01111012  0.01054584  0.00954746  0.01284108  0.00393586 -0.01915239
 -0.01405391  0.00089998  0.01636357  0.01390001 -0.00952613  0.01005284
 -0.00361749 -0.00524115 -0.00969415]
[ 0.01918684 -0.00879386 -0.03632203 -0.00019204  0.00571429 -0.01256523
 -0.00989668  0.00690116  0.005551    0.00317084  0.02088609 -0.01430834
  0.00322583  0.01009068 -0.01112677  0.00660015 -0.00466391  0.00714909
 -0.02492412 -0.01235387 -0.00810326]
[ 0.01522011 -0.00068214  0.02644825 -0.01466799 -0.00224026  0.01658514
  0.00575743  0.00877432  0.00871354  0.01723982  0.00509343 -0.03041388
 -0.01330802 -0.00049807  0.00797071  0.02755771 -0.01520719  0.01469582
 -0.00250523  0.00341741 -0.00067344]
[ 0.01615286 -0.00661921 -0.00037455 -0.0053148  -0.00180035 -0.01258096
 -0.00904958 -0.00843644 -0.00975168 -0.01422041 -0.013232   -0.01318232
 -0.0087433   0.01304055 -0.00249636 -0.00300884  0.00657401 -0.0079031
 -0.02024555 -0.00861875 -0.00553147]
[ 0.00730449  0.01762609 -0.00618467 -0.00444021  0.00390757  0.002239
  0.00786822 -0.00045129 -0.00288061  0.01167799 -0.00946191  0.01654986
  0.01030097 -0.00044567  0.00977207  0.00239872 -0.00725675 -0.00297558
 -0.00813053  0.00301603  0.00286689]
[ 0.01081343 -0.00551619  0.00689873  0.00184967  0.00356939 -0.00090441
  0.00948155  0.00049777  0.01111701 -0.00614232 -0.0035564   0.01047046
 -0.00539121  0.00821401 -0.00091816  0.00281276  0.02239993 -0.0093103
 -0.00375159  0.00370311 -0.01656902]
[ 0.0143996   0.00542606 -0.00024257 -0.00481858  0.00167226 -0.02032736
 -0.01159316  0.00196309  0.00574632  0.00390949 -0.00388907  0.00035784
 -0.01115251 -0.00497427  0.00290432 -0.00678488  0.01882672  0.00184414
  0.01432059  0.01862291 -0.0070475 ]
[ 0.00990173  0.00746672  0.00886553 -0.01421187 -0.00606557  0.00249973
 -0.01750479 -0.00888    -0.01280357  0.00179802  0.00436642  0.00819384
  0.0043074  -0.01721166  0.00596205 -0.0199509  -0.00399582 -0.00894651
 -0.00447788 -0.00319582 -0.00751457]
[ 0.00627088 -0.00233372  0.0019229   0.00352438 -0.00244103  0.00578387
 -0.00614539  0.01681105 -0.01153068 -0.00384663 -0.00343518  0.0013415
  0.00071054  0.00209933 -0.00930902  0.00725145 -0.00256756  0.00660994
  0.00760689  0.00178702  0.00214132]
[ 0.00634062  0.00840034 -0.00691367 -0.01577282  0.00708415  0.01555128
  0.00549152 -0.01757356 -0.0161283  -0.01065381  0.00714679 -0.0026365
 -0.0045844   0.00878914 -0.00245429  0.00463953  0.00012131  0.00081828
  0.0165316   0.00351661  0.00757268]
[ 0.00548572 -0.01162034 -0.00188134 -0.0005711  -0.00672616 -0.01212925
  0.0173461  -0.0035744  -0.01284728 -0.00318885 -0.01280452 -0.00846729
  0.00808124 -0.00590066  0.00165022 -0.00684273 -0.00982266  0.00235866
 -0.00203786  0.00043557  0.00335713]
[ 0.0066028  -0.00938018 -0.01350663  0.00684165 -0.01367215  0.01176739
 -0.00558127  0.004488    0.00196461  0.00911581 -0.00230143  0.01147571
 -0.0112444   0.00828236 -0.00071931 -0.0022624  -0.00671522  0.0039186
  0.00111154  0.00462427 -0.00100163]
[ 0.00567855 -0.00483855 -0.00444396 -0.00438349  0.00275702 -0.01482632
 -0.00621966 -0.00115822  0.00842048 -0.01115599  0.0108397   0.0115461
  0.00352881 -0.00068195  0.00600868  0.01960726 -0.00028097  0.00842065
 -0.00515924 -0.00784128  0.01468044]
[ 0.01394863 -0.01634833 -0.00804527 -0.01386456 -0.01868682 -0.00278254
  0.02403975  0.00695562  0.00022151  0.0105424   0.00156269 -0.00539524
  0.02179387 -0.01128188  0.00456719  0.00171756  0.00196452 -0.00948268
  0.01447349 -0.00708577  0.02374523]
[ 0.01940772 -0.0044558  -0.00215331  0.00029687  0.00314085 -0.00979647
  0.02399688 -0.00033798  0.00162891 -0.00427504 -0.01202416  0.00397933
 -0.04504479 -0.00949348 -0.00661514  0.00110749  0.01616789 -0.01290838
  0.00566517 -0.01071989 -0.00727846]
[ 0.01372794 -0.00125826  0.00821815 -0.00921535 -0.00429096 -0.00172938
 -0.00885079  0.0059668  -0.00790503  0.00889735  0.00790731  0.0096505
  0.00513174 -0.00046875 -0.00679873 -0.02246177  0.01166623 -0.01934771
 -0.01275514  0.01860669  0.02204856]
[ 0.00649099 -0.01430688 -0.02793535 -0.00119614 -0.02485509  0.01745488
 -0.00628108 -0.00382103  0.01269554  0.0091909  -0.002835   -0.00524776
  0.00490328 -0.00358382  0.00308429 -0.00149908  0.00623453  0.00585292
 -0.00048777 -0.00077893 -0.00226498]
[ 0.00655296  0.00022836  0.00648977 -0.01230044 -0.0057844  -0.00535235
 -0.01459095  0.0006546  -0.01213583  0.00770273  0.01038026  0.01056123
  0.0026687  -0.0126526   0.00224387 -0.01738498  0.00437802 -0.00246726
  0.00376717 -0.01595473 -0.01069152]

Right eigenvectors

[  1.00000000e+00   1.80041817e+00  -2.97561257e-01   4.46005770e-01
   1.10988635e-01  -2.26046007e-03  -3.05306948e-01  -3.99172015e-01
   7.62506875e-01   3.84563985e-01  -8.74834434e-01  -7.45205212e-02
   1.14258630e+00  -9.82523779e-02  -2.65843013e+00  -8.77949250e-01
  -1.85349244e+00   2.22648709e+00  -1.38256250e+00  -2.58973930e-01
  -7.68214219e-01]
[  1.00000000e+00   1.74346078e+00   9.26084846e-02   2.75625287e-01
  -5.35492394e-01   3.79741343e-01  -7.98822616e-02  -2.38332407e-01
  -6.53354955e-02  -6.07766970e-04  -7.70598916e-01   8.38192458e-01
   6.81957588e-01  -5.95658322e-01  -4.10286530e-01   4.31692838e-02
  -1.19700611e+00   3.18093565e-01  -1.33410896e+00   2.89587919e-01
  -7.32037973e-02]
[ 1.          0.83560006 -0.47946492  0.31264897  0.63560083 -0.35553453
 -0.29588918 -0.24600131  0.95047435  0.42223795 -0.20120234 -0.85199654
  0.46636606  0.45998884 -2.04719837 -0.82714087 -0.5092261   1.57007601
  0.11040734 -0.47389511 -0.53139553]
[ 1.         -0.2147525   1.01989448  0.76647158  0.00585449  0.40869872
 -0.02207997 -0.22502445 -0.35848752  1.13479704  0.62306061 -0.14702414
  1.23748062  0.01651964 -0.86177111  1.37397117  0.55624017 -0.22490101
  0.51010689  0.90219216 -0.31871565]
[ 1.          6.73009957  0.43810025  4.03485355 -8.29044069 -1.95598415
  2.62993108  0.72721482  0.09494186 -4.41611571  6.33994311 -2.31291168
 -0.05044205  2.23710992  3.11555387 -0.49150107 -1.21577596 -1.86717767
  0.28156556  0.15245355 -1.56542606]
[ 1.          0.71885976 -2.01296216 -0.37814772  1.91244426  0.14350397
  0.63313217 -0.15423642 -0.63196929 -0.0987617   1.32408459 -1.25164496
  0.03675806  1.77674208 -0.12138417 -1.44353381  0.34086953  2.34140122
 -0.25483329 -0.19790904 -0.04244783]
[ 1.          0.23268267  0.43801311 -0.79102813  0.18802044  0.54697428
  0.47671735 -0.83446335  0.09854028  0.42414951 -0.35367382 -0.75129535
 -0.47054797 -0.27137782  1.11594191  1.07580744 -0.91944209 -0.19514971
  1.75412106 -0.47905143  1.30145024]
[ 1.          0.62331166 -0.61016664  0.10551178  0.37973373 -0.27836222
 -0.42474151  0.10762886 -0.58002598  0.60545248 -0.12764213 -0.20034596
 -0.2278323  -0.38739262 -0.65663026  0.57262078  0.40983096 -1.55809322
 -1.14429479  0.55048705 -0.14160017]
[ 1.         -0.43558552  0.4560224  -0.80711474 -0.47720397 -1.04483625
 -1.67419531  0.10728258 -1.19130078  0.35613985  0.91542617  0.32372342
 -0.19550012 -0.26763192 -0.63649683  0.00697469 -0.21896074  0.41574921
  0.24497372 -2.48515666 -0.94801111]
[ 1.         -0.21592813 -0.45045601  0.20345858  0.14402066 -0.66998261
 -0.61981589  0.60289569 -0.4776986   0.68181119  0.62724884 -0.01920064
  0.30826218  0.11587847 -1.87216836  0.74908952 -0.96405398 -0.04184044
  0.66995538  0.12520792 -1.1090431 ]
[ 1.         -1.34009258 -0.83013631 -0.57501978 -0.33692122 -2.88214974
  3.48068145  0.04842613 -0.99227207 -0.85758691 -1.84553367 -0.61609874
 -2.29675109 -3.14346494 -1.92348302  0.05297974 -2.65248648 -2.2240756
  2.43747967  2.34293124 -2.56061019]
[ 1.         -1.96528985 -4.3669024  -0.61565695 -4.12839084  3.8158829
 -1.75264871 -2.45973997  2.56487172 -0.2761067  -1.41039105 -1.50713645
  0.6929626  -1.49226797  0.7398758  -0.32019548  1.82422274  0.37886032
 -0.19258142  0.53408581 -1.77559459]
[ 1.          2.9875768  -0.33642665  0.83094912 -0.8996481  -0.79640973
  0.3222051  -0.19755316  0.58739842  0.78390195 -2.22873003  0.61378752
 -1.24680088 -1.71953699 -2.00317675 -0.45995962  1.55885563  2.22694244
  0.57536768 -1.17815134  1.0447867 ]
[ 1.          0.4761014   1.652004   -2.14166597 -0.79402405  0.14806476
 -2.1190544  -0.4267612  -1.02668188  0.72511338  0.43110275 -0.66123226
 -0.73008236 -1.96732976  2.60964628 -2.50411682 -1.07851367  0.29867075
 -0.56620835  0.62366333 -0.93231883]
[ 1.         -0.03411357  0.96955204 -0.21689885  0.43915288  0.2866683
 -0.02708087  0.1464655   1.47802799 -0.14622473 -0.0357274  -0.97016018
  0.24746623  0.6268266  -1.19831739 -0.98368386  0.20675208 -0.57815445
 -0.55062209  0.96069258  0.47429266]
[ 1.         -0.52272518 -0.3357802   2.65988036  1.81367797  0.9794237
  0.40700577 -0.064149   -1.41123065  0.60803427  1.98567106 -1.39151907
 -1.11477098 -2.77266189  0.93789677  1.34347731  1.7582805  -0.75127223
 -1.74879962 -1.35533823 -0.78403886]
[ 1.         -0.50951483  0.24651333  0.90893107  0.88071265  1.50912504
 -0.0675231   2.55689158  0.74586229 -3.28858056 -0.72832594  0.87418286
  1.09882871 -0.78643149  0.04367531 -2.93900954 -0.78551312 -1.25890902
  1.64620821 -2.72870216  2.21346704]
[ 1.          1.92707541 -2.2273592   1.11569049  2.0193948  -0.21670036
 -0.39313027  1.20870055 -0.72386444  2.16649936 -1.33178988 -1.17448647
  0.08881113 -0.72982779  3.00723158  1.15823747  0.07803427 -3.01967982
 -2.10899736 -1.06375854  1.07879798]
[ 1.         -0.50436751 -0.25030035  0.65024414  0.5937781   0.02232244
  0.04654305  0.44179565  0.21342757 -0.2796802   0.95491912 -0.26474637
 -0.09864441 -0.06823884 -0.13183843 -0.89365138  0.15036498 -1.05867444
 -0.13163201 -0.35058361  1.19046152]
[ 1.          0.1106158   0.17082662 -0.31567407  0.19394739 -0.13245636
 -0.71675422 -0.51363243  1.01378945 -1.06192919 -0.63897262 -0.42822137
  0.60405961 -0.02008118  0.24069067 -0.40953909 -0.45466516  0.3974141
 -0.21295044 -0.08189937 -0.09513007]
[ 1.         -0.22190285  0.89123645 -0.24140656  0.62134216  0.89274283
  1.19468366  0.49891767  1.90646354 -0.27909127  0.24210693 -0.23068398
  0.36897153  0.36598823 -0.69924491 -1.70809136 -0.60887513 -1.52533108
 -0.28823144 -1.92837089  0.37819563]
[ 1.         -1.06724515  0.58042176  2.89145799  1.25069758  0.69665775
  0.61491509 -1.22268682 -0.41271701  0.98795855  2.61290079 -0.14209252
  0.70988281 -1.97905955  0.71418423 -0.98118418  0.90380684 -0.0769067
 -0.32955771  0.53274753  0.94614959]
[ 1.          0.92978486 -0.45675064 -1.54020513 -0.03074436  2.02847519
 -0.53861954 -2.3088192  -1.97226952 -2.09609937  0.02085857 -0.33422775
 -0.81958797 -0.68741166 -1.22471258  0.99511402  0.35287824 -1.47950496
 -0.27347105  0.33154158 -0.02221639]
[ 1.         -0.59332154  0.32805667  0.44677349  0.47833758 -0.2541325
 -0.44171784 -1.05963756  1.26392888 -2.53762291 -0.40375773  2.0425188
 -0.93729057 -0.24894955  1.59436898  1.09768187 -0.51669029  0.49190534
  0.24074186 -0.0180229   1.09733661]
[ 1.         -0.21484599  0.36439769  0.22889562  0.2989244   1.22412389
  0.49030672  0.22972541 -0.37200433 -2.49992283 -0.75656756  1.26968396
 -0.58570808 -1.67413487  0.23808903  0.87145048  0.47326382  1.36511505
 -1.17362195 -0.34191469 -0.67073085]
[ 1.         -0.61702357 -1.46815232  1.48024219  0.42651791  0.11957845
 -0.91813118  0.32906671  0.12282017  1.11619047  0.7893825   0.44258808
 -1.42833462  1.1724667  -0.00662775 -0.31671822 -1.78797665 -1.15156075
  0.64100911  0.19352153 -1.00091483]
[ 1.         -0.26829281  0.54404969 -0.86799856 -0.20640577 -1.10161709
 -0.75882327  0.32797123  0.48642363 -0.15915445  0.1981489  -0.62724228
 -0.45845001  0.25826739  0.64114094 -0.29850338  1.08261998  0.19624551
 -0.43029453  2.5221628   0.96530295]
[ 1.         -0.45106033  0.18824087  0.6076563   0.26571906 -0.04611437
 -0.09083422 -0.79595344  0.74865429 -0.78885397 -0.29929275  0.77223806
 -0.76258578  0.31242396  0.46643395 -0.22099746 -0.41989389 -0.53601468
  0.49667817  0.182574    0.14261109]
[ 1.         -1.11691496 -0.06338518  1.10226095 -0.96956721  0.40808598
 -0.32937315  0.02688329 -0.71179595  0.82196716 -0.55279245  1.6631189
 -3.11968135  1.73814325  0.04391563 -0.58940354 -1.25121287  0.31768168
  0.04126673  0.33700494  1.24133619]
[ 1.          0.65131974 -0.54208039 -1.1412065   0.08410801  0.95159416
 -0.81920277 -1.89873987 -1.99644579 -1.81206211 -0.48196622 -0.85941448
 -1.1674463  -0.35488736 -1.61418219  1.1641029   0.84599571 -2.79286008
 -1.8605602   0.33781209 -0.36241301]
[ 1.         -0.74554834  1.12823339  1.40471075  0.0321498  -0.17888902
  0.15373777 -1.24875072 -0.37651761  0.33636264 -0.38372945  0.1200187
  1.6076211   1.35963862  0.60609055  0.93416713  1.73266845 -0.43780845
  1.0216595  -0.13554919 -1.34291349]
[ 1.          2.28519282 -1.09262355  0.26230975  0.83002868 -0.45148291
  0.07825302  0.00773952  0.04340971  1.86522735 -2.03740683  0.48562082
  0.33804314 -0.67542157  1.57512332  0.94640088  0.0243195  -1.0821142
 -0.68565091 -0.17668567  0.97215594]
[ 1.         -0.49341677  0.20374486 -0.26837036  0.39870178 -1.30389129
 -1.14936424 -0.92405992  1.54820575 -2.01411247  0.29164273  1.41731332
  0.18402348  0.0581996   1.65871353  1.69341373 -0.34163585  0.90993096
  0.17835067 -0.15551003  1.76796805]
[ 1.          0.7116727  -0.40637843  0.64684073  0.70910796 -0.68932497
 -0.97911485 -0.52894175  0.68413742  1.10588974 -0.83269281  0.06068121
  0.45875961  0.51330094  0.25070661  0.10514634 -0.40746658 -0.26133124
  1.77802963  0.07091683 -1.45227012]
[ 1.         -1.72739682  1.31897622  1.40293581 -0.99512937 -1.45830866
  0.87143519 -1.83987847 -2.73980796  0.00758507 -3.2557487  -1.30172844
  2.65178288  4.59547134  1.22547836  0.29310281  2.10165965 -0.17427047
 -1.36710523 -2.58696328 -1.21605705]
[ 1.         -0.20983275  0.84838797 -0.07916983 -0.14545423  0.87662315
 -0.3564042   0.40194603 -0.93692453 -0.19958081  0.82499998 -0.98066139
 -0.5906058  -0.53807502 -1.75264467  1.82003052  0.47093379 -0.28238795
  0.2340806  -0.91433113  0.65505637]
[ 1.         -0.54290568 -1.63187582 -0.63831415 -1.45361776  2.15462157
 -1.2403759  -2.43279632  1.13161989 -1.79107535 -1.10898255 -0.72823657
 -0.07971572 -0.92501006  0.22070756 -0.0634671   0.68867635 -0.60125418
 -0.08814472  0.57129371 -1.10186655]
[ 1.         -1.36608953 -0.00741483  1.49629408  0.60473197 -0.32068144
  2.31655702 -1.45587942 -1.33176761 -1.34978682 -0.27216648 -0.25858337
 -0.17098676 -2.81346014  1.44265436 -2.2324739  -0.2635544   3.25076276
 -1.49690217  0.48074373  0.54673605]
[ 1.         -0.30796172  0.56445751 -1.33196511  0.08634885  0.89163965
  2.42909311  1.12352084  1.13091653  0.47501516  0.23869976  0.45193991
 -0.40260779  0.33147084  0.68110391 -0.13096506  0.30627424 -0.62186551
 -0.2706268  -1.58565701 -1.27036265]
[ 1.         -0.95023119 -0.8771947  -0.67799724 -0.3067576  -1.49968969
  0.55034911  0.49266217  0.20833095 -0.15081616  0.69456946 -0.44427508
  0.96549411 -0.76097132 -0.60388939  0.56393346 -0.68704424 -0.43782849
  0.29650699  0.34081106  0.87414484]
[ 1.          0.28128245  0.30746874 -0.02513385  0.41158282 -0.16359257
 -0.84679596  0.54803415  0.33215411 -0.70002808 -0.80014426 -0.92891774
  0.4640257   0.26344447  0.54401894 -0.64664017  0.22331665  0.22883594
  0.15238268  1.17280235 -0.41319722]
[ 1.          0.05977869  0.68075777 -0.01045977  0.23877258 -0.34451401
 -1.0884209  -1.15465053  0.47042313 -0.18873105 -0.3093724   0.21297612
  1.13507773  0.03331578  0.70707239  0.32169042 -0.49047278  0.033615
  1.46213525 -0.94518762 -0.79145836]
[ 1.         -0.06670274  0.16025794  0.33166402 -0.9648124   1.33918664
  0.07530768  1.90324425 -0.60383776 -0.21325097 -0.52531129  2.20661053
  0.50081439  0.06382654 -0.72381966  0.5203491   0.2553541   0.94060468
 -0.3127352   0.73512448 -0.21646339]
[ 1.         -1.12452192 -0.09989488  2.37056517  0.28888706  0.52210349
 -0.22626531 -0.93000588 -0.23125416  1.08598011  0.85373427  1.42989878
 -2.2252541   0.6635574   0.66511722 -0.65842872 -1.4759766  -0.24653121
  0.56798067  0.87026641  0.10061188]
[ 1.          0.26285957  0.82227155  0.65897849  0.41555997  0.67223119
  0.19678475 -0.71701367  0.80209752  0.31974635  0.09262408 -0.10431701
  0.83284882 -0.34444554 -0.99150641 -0.10266358 -1.15910513  0.22175039
  0.09866423 -0.68337669  0.25634831]
[ 1.          1.02571302 -0.82092765 -1.93810476  0.86355582  0.68370412
  2.23606055  0.15233794 -0.75444222  0.94403273  0.83825599  2.27107621
  1.13089734  1.3523057   0.84529202 -0.58760553 -0.08112544  0.22564836
  0.79305221  0.40553611 -0.45688684]
[ 1.         -0.23418283  0.08879276  1.03917671  0.37498857  2.23684437
 -0.55097303  4.1948034  -1.10716349 -3.66786623 -1.78731859  1.45724081
  1.31872991 -1.39823855  0.35007907 -0.53525755  0.07526594  1.36621313
  1.85691503 -0.33580303  0.28957601]
[ 1.         -0.34498386 -0.97891837  0.52087043  1.32649731 -0.23985805
  1.55083883 -0.35937191 -0.59582596 -0.73309146  0.72832164 -0.81958302
 -1.36316587 -0.36634179  0.24476344 -2.2559394   0.68801732  1.95554927
 -0.73951411 -0.49384014  0.70792261]
[ 1.          3.88574235  0.24002831  2.54014787 -4.74530696 -1.71754231
  1.66197455  0.69897508  0.13828171 -1.52921982  2.70410504 -1.58595646
 -1.15343169  1.02447645  0.44418032 -0.01104905  2.46292476 -0.05863251
  2.5544173  -0.66189433  0.89133101]
[ 1.         -0.39262139 -0.37294048 -0.47179191  0.38731315 -1.38889266
  0.12906178  0.37053613  0.68797872 -0.53246628  0.73341281  1.13007288
 -0.017251   -0.19252443  0.28670447  0.63072337  1.58990285 -0.31173351
 -0.28817386  0.32978328  1.01571066]
[ 1.         -1.69857906  0.67912919  0.4482709  -1.31895496 -1.67888009
  0.94298266 -0.98447468 -2.94307957 -0.32896157 -3.15993723 -1.45149589
  1.0380014   3.17062843  0.55445482 -0.66467412  0.1704194   0.28774211
 -2.18496028 -1.98986351  0.36227106]
[ 1.          1.43460894 -1.93758705 -2.3687699   2.03812461  1.67417093
  1.95487007 -1.48321193 -2.1312826  -0.47733284  2.02935817  0.31629356
  0.29319149  3.07148559  0.22476776 -0.99637684  0.22053666  2.16436238
  2.38557741  0.58763683  0.55041482]
[ 1.         -0.75470809 -0.92636372  1.57533159  0.53561558  0.05697035
 -0.798811   -0.39013905  0.72339833  0.27785109  0.44489823  1.19220612
 -2.19114392  1.50212141  0.4884955  -0.57789955 -2.42550387 -1.93825072
  1.34278455  0.45842237 -1.05246308]
[ 1.         -0.08398451  0.7165908   0.85999077  0.42772266 -0.2655641
 -0.76164622 -0.93783378  0.40287445  0.28385817 -0.60961103  0.02267477
  1.41119599  0.85072612  0.59545772  0.69016092  0.45792727 -0.45760645
  2.14479073  0.50361141 -1.73977562]
[ 1.         -0.86133064 -1.41172297 -0.7858471   0.17368051 -2.21758125
 -0.7871264   0.35232881  0.37427171 -0.60381117  2.01675154  0.58258938
  0.66908027 -0.08631644 -0.53855764  2.19583702 -0.82403539  1.04067557
 -1.03075228 -1.6164537   0.32439744]
[  1.00000000e+00   3.12616951e-01  -2.02056166e+00   1.27801825e+00
   1.84127283e+00   2.18962362e-01  -6.17092844e-01   1.55951131e+00
  -9.85391876e-01   5.10696159e-01   7.70561473e-01  -1.83353174e+00
  -2.89791138e-01  -7.84099393e-05   1.25222894e+00   7.40272475e-02
   4.79697898e-02  -1.57283078e+00  -1.12833208e+00  -7.31578214e-01
  -1.73094415e-01]
[ 1.         -2.37471524 -3.51125024 -0.90223145 -3.97034482  1.91642526
  0.63977013 -0.0580583   1.60090095  1.89983985 -0.28970856 -1.16367898
  2.33683134 -1.38621996  0.84462989 -0.10915514  1.1981862   0.22270619
  1.16045825 -0.77408438  1.71846721]
[ 1.          0.49290507  0.95168984  0.34343319 -0.53686679  1.00070115
  0.03059819  0.31599469 -0.3074626   0.35479997 -0.52102949  0.7084756
  0.40265865 -0.2413386  -0.84075162  1.07477334 -1.25333993  1.2289579
 -1.21477569  0.38609612  0.24684669]
[ 1.          0.76911731 -0.93674789 -0.38627506  1.13310366 -0.65703964
 -0.11689274  0.26990882  0.53937877 -0.19961932 -0.44792816 -0.29241461
  0.51176843  0.63400039  1.050957   -0.28292385  0.92018448  0.970442
 -1.14441879  1.07499444 -0.29629878]
[ 1.          2.54012064 -0.60592555  0.86704181 -0.63286544 -1.53568523
  0.53037189  0.01758298  0.84384938  0.96375249 -1.72276387 -0.2963752
 -2.1366126  -1.13874882 -1.57369259 -0.51211046  2.91764796  1.72125819
  2.07557749 -1.38057958  0.9983593 ]
[ 1.         -0.18095566  1.1657917  -0.72272069  0.27977224 -0.4237114
 -0.50955813  0.36106771  1.78657614 -0.26634982  0.10666403 -1.63189567
 -0.07079243  0.9728674  -0.9743928  -1.5260236   1.2297735  -0.61679915
 -1.18688896  3.86757625  1.65884935]
[ 1.         -0.394178    0.40808505 -0.62155811  0.01656187  0.87095367
  1.74876845  1.51646072  0.8588382  -0.66288295 -0.25304078  2.03292791
 -0.42261261  0.34814808  0.28691544  0.63458502  1.85022147  0.23818743
 -1.52945462 -0.09220584 -3.01012157]
[ 1.         -0.22163874 -0.76864756 -0.8048625   0.46897724 -0.89111419
  0.43774357  0.99235223  0.73540323 -0.38284275  0.37343821  0.62131009
 -0.03005888  0.67401803  0.35635818  0.47781811  1.31207105  0.87566231
 -1.91575158  1.97982042 -2.47237221]
[ 1.          0.00561933 -0.42388156  1.29414997  1.09363519  1.61408564
 -1.68307065  5.11287061 -1.97792344 -2.99432286 -1.81194199 -1.40217869
  1.52015816 -0.67004818  1.18644184 -0.11186903  0.01204912  0.89098191
  2.97724962  0.87475392 -0.35418018]
[ 1.          0.23199987 -1.82023101  1.94521478  2.29252146  1.40606629
 -1.80304425  5.40262062 -2.42307227 -2.08627819 -0.88237851 -3.18376728
  1.1749162  -0.65858355  2.57712    -0.03433551  0.06744466 -0.87528898
  2.02925698  0.11209994 -0.64463293]
[ 1.         -0.0435942   1.33656037  0.41662992  0.3305152   0.8501667
 -0.05190489 -0.19986858  0.62295908  0.46370922  0.60188261 -1.07343317
  0.92558638 -0.0339183  -2.48890368  0.80196338 -0.06733208 -0.50342726
  0.07225575  0.28013695  0.66779251]
[ 1.         -0.95240338  0.91070082  2.90913477  0.9758568   0.77601374
  0.65536678 -1.67904385 -0.61610037  1.22725861  1.78788466  0.07959299
  0.71261538 -1.69206901  0.71011633 -0.10969121  0.61511969  0.77783704
 -0.14573275  0.66878454 -0.25642103]
[ 1.         -1.57272387  0.81238561  3.57721582  1.29058736  0.55554855
  2.06165596 -2.62432296 -1.47438326  0.41172497  1.8289671  -0.09943465
  0.74557195 -4.31284327  2.09577024 -1.99647338  0.60971682  3.98481672
 -1.57447452  1.45394207  0.13133214]
[ 1.         -0.28702877  0.66961463  0.53527591 -1.11526236  0.02601885
  0.24397824  0.56241993 -0.64270884  0.27696783  0.53252817 -0.07427706
  0.47135918  0.65038297 -0.46192118  0.86749612  1.30890401 -0.18025267
  0.79163891  0.4312376   1.32026492]
[ 1.         -0.39568597  0.3224241   0.85506778  0.67338673  0.87742966
  0.72005386  0.24117009 -1.00436759 -0.93328028  0.5369108  -0.45529684
 -2.42893374 -2.4637584  -0.77701551  2.14403696  1.8493662  -0.32725372
 -1.05265407 -1.8862601  -0.55137061]
[ 1.         -1.7362027  -1.07241071 -0.8146214  -0.63419612 -3.2928504
  3.23235578  0.08083834 -1.35218001 -0.78114307 -1.42422929 -0.88525028
  0.14489974 -2.71222977 -1.53726654 -0.0110316  -3.44000419 -1.29685531
  1.84491478  2.62392581 -1.7618519 ]
[ 1.         -0.41008721 -0.90124683 -0.82438831  0.31242464 -1.73638703
  0.78882681  0.32289692 -0.09174774 -0.14764915  0.52679028  0.97186513
  0.21341183 -0.18484292 -0.63752268  0.66676462 -1.04200661  0.1122642
  0.71369258  1.58542964 -1.91395826]
[ 1.         -0.3317363   0.63460188  0.17833597  0.70994037  0.75283183
  0.30918962  0.33820517  2.011937   -1.83282319 -0.48183475  0.25244285
  0.50057819  0.17695672 -0.11724841 -2.52476626 -1.20549596 -1.70194006
  0.48688773 -2.51806169  1.13512425]
[ 1.         -0.04828424  1.03807869 -1.6875238  -0.65568276 -1.29450208
 -2.24502468  0.29651818 -1.10340179  1.08208462  1.06426492  0.22449231
 -0.85219354 -1.39956391  0.94051949 -1.84876423  0.60374752  0.77484511
  1.02723498 -1.79536314 -1.9034475 ]
[  1.00000000e+00  -7.70397060e-02   1.36718172e+00  -1.39626092e+00
  -4.13128713e-01  -6.26402637e-02  -8.99552477e-01   3.72774530e-01
   4.46409034e-02   6.40640374e-01   2.94973715e-02  -1.49156510e+00
  -1.15625942e+00  -2.06892822e-01   1.86356197e+00  -3.20521537e-01
  -5.73742794e-01   1.15339965e+00  -2.91032709e-02   8.28947884e-01
   1.13152944e-03]
[ 1.         -0.16829877  0.32623526 -1.04169846 -0.53489145  0.02177772
  0.1187856   0.75239446 -0.8870297   1.07194736  1.02753297  1.94102386
  1.44841258 -0.40406187 -0.24327353 -1.101566    1.26430998 -0.95882457
  0.16020808  0.66353678  0.99828008]
[ 1.          1.87490927 -0.5498902  -0.34827029  0.82106367  0.02418076
  0.42099962 -0.63598641  0.11436996  2.09590898 -2.30041135 -0.18173178
 -0.0802364  -0.98772437  2.87283225  2.16663113 -0.91956363 -1.53640576
  1.07521673 -0.77551854  2.78404414]
[ 1.         -0.75002545  0.80165151  0.20263433 -1.14286348 -0.06810631
 -0.60082665  0.52929734 -1.59218497  0.63115797 -0.67062694  0.50222809
 -1.19678337  1.59931313 -0.25512657 -0.23523718 -0.63024639  0.76272501
 -0.63509366 -0.16466406  1.52270174]
[  1.00000000e+00   5.36708226e+00   3.42396429e-01   2.75581783e+00
  -5.77216775e+00  -9.13269210e-01   1.64626421e+00   2.61537494e-01
   9.59510607e-04  -3.19564179e+00   3.96312480e+00  -8.96963202e-01
   7.62970613e-01   1.15594020e+00   2.19568385e+00  -3.80260147e-01
  -2.65685078e+00  -1.33667479e+00  -1.58193491e+00   5.68568995e-01
  -1.69816641e+00]
[ 1.         -0.19508085  1.8587696  -1.78043909 -0.19772676  1.22360977
  1.23585743  1.17308913  1.0620322   1.4284051   0.43781338 -2.13045605
 -1.56331578  0.10011114  1.82023637  1.54619698 -1.05965937  1.11824888
 -0.40239933 -0.58301033 -1.07834933]
[ 1.         -0.45832754 -1.8930699  -0.01000888  0.29782363 -0.65488774
 -0.51580578  0.35968173  0.28931293  0.16526108  1.08856332 -0.74573689
  0.16812742  0.52591644 -0.57991656  0.34399378 -0.24307876  0.37260384
 -1.29902144 -0.64387181 -0.42233448]
[ 1.         -0.04481802  1.73771821 -0.96372475 -0.14719083  1.08968648
  0.3782779   0.57649514  0.57250194  1.13270051  0.33465125 -1.99826998
 -0.87437109 -0.03272479  0.523696    1.81061245 -0.99915156  0.96555331
 -0.16460006  0.2245325  -0.04424702]
[ 1.         -0.40978587 -0.02318804 -0.32903129 -0.11145677 -0.77886884
 -0.56024621 -0.52228801 -0.60371254 -0.88036487 -0.81917393 -0.81609863
 -0.54128527  0.80732183 -0.15454591 -0.18627265  0.40698751 -0.48926951
 -1.25337283 -0.53357443 -0.34244542]
[ 1.          2.41304937 -0.84669529 -0.60787492  0.53495507  0.30652431
  1.07717664 -0.06178269 -0.39436229  1.5987414  -1.29535595  2.26571106
  1.41022533 -0.0610126   1.33781791  0.32838995 -0.99346419 -0.40736395
 -1.11308696  0.41290166  0.3924833 ]
[ 1.         -0.51012398  0.63797789  0.17105347  0.33008906 -0.08363731
  0.87683099  0.04603294  1.02807406 -0.56802714 -0.32888736  0.96828304
 -0.49856645  0.75961188 -0.08490942  0.26011715  2.07149222 -0.860994
 -0.34693786  0.3424545  -1.53226283]
[ 1.          0.37682014 -0.01684529 -0.33463312  0.1161327  -1.41166166
 -0.8051033   0.13632968  0.39906129  0.27150015 -0.27008155  0.02485097
 -0.77450168 -0.34544538  0.20169424 -0.4711854   1.30744778  0.12806896
  0.99451332  1.29329379 -0.48942356]
[ 1.          0.75408281  0.89535151 -1.43529166 -0.61257719  0.25245437
 -1.7678526  -0.89681318 -1.29306474  0.18158626  0.44097526  0.82751584
  0.43501469 -1.73824848  0.60212235 -2.01489084 -0.40354748 -0.9035302
 -0.45223201 -0.32275341 -0.75891454]
[ 1.         -0.37215195  0.30664001  0.56202361 -0.38926473  0.92233707
 -0.97998848  2.68081118 -1.83876455 -0.61341169 -0.54779799  0.21392479
  0.11330804  0.3347743  -1.48448318  1.15636859 -0.40944134  1.05406826
  1.21304865  0.28497104  0.34147092]
[ 1.          1.32484601 -1.09037748 -2.48758441  1.11726481  2.45264513
  0.86608679 -2.7715845  -2.54364802 -1.68024811  1.12714388 -0.41581157
 -0.72302048  1.38616448 -0.3870748   0.73171521  0.01913201  0.12905323
  2.60725427  0.55461607  1.19431323]
[ 1.         -2.11829025 -0.3429519  -0.10410665 -1.22612245 -2.21105945
  3.16204734 -0.65158208 -2.34195108 -0.58129976 -2.33415518 -1.54351598
  1.47314198 -1.07564102  0.30082069 -1.24737128 -1.79058815  0.42996368
 -0.37148533  0.07940058  0.61197724]
[ 1.         -1.42063638 -2.04559134  1.03617347 -2.07065869  1.78218159
 -0.8452877   0.67971202  0.29754219  1.380598   -0.34855344  1.73800661
 -1.7029746   1.25437125 -0.1089404  -0.3426422  -1.01702662  0.59347571
  0.16834421  0.70035025 -0.15169741]
[ 1.         -0.85207456 -0.78258631 -0.77193758  0.48551529 -2.61093282
 -1.09528969 -0.20396447  1.48285591 -1.96458262  1.90888351  2.03328144
  0.62142827 -0.12009196  1.05813613  3.45286169 -0.04947881  1.4828866
 -0.90854819 -1.38085872  2.58524286]
[ 1.         -1.17203807 -0.57677846 -0.99397285 -1.33968795 -0.19948463
  1.72344851  0.49865979  0.01588029  0.75580168  0.11203168 -0.38679375
  1.5624375  -0.80881623  0.32742947  0.12313433  0.14083931 -0.67982829
  1.03762766 -0.50799009  1.70233388]
[ 1.         -0.2295888  -0.11095144  0.01529661  0.16183503 -0.5047718
  1.23646039 -0.01741446  0.08393124 -0.22027511 -0.61955566  0.20503833
 -2.32097232 -0.4891601  -0.34085095  0.05706441  0.83306483 -0.66511541
  0.29190268 -0.55235158 -0.37502927]
[ 1.         -0.09165688  0.59864411 -0.6712845  -0.31257088 -0.1259755
 -0.64472792  0.4346462  -0.57583475  0.64811949  0.5760009   0.70298192
  0.37381708 -0.03414539 -0.49524743 -1.63620808  0.84981601 -1.40936742
 -0.92913671  1.3553881   1.6061084 ]
[ 1.         -2.20411468 -4.3037123  -0.18427774 -3.82916879  2.68909502
 -0.96766153 -0.58866639  1.9558716   1.41594785 -0.43675882 -0.80846853
  0.75539855 -0.55212293  0.47516466 -0.23094757  0.96048965  0.90169966
 -0.0751455  -0.12000189 -0.3489417 ]
[ 1.          0.0348485   0.99035803 -1.87708246 -0.88271629 -0.81678362
 -2.22662008  0.09989325 -1.85196237  1.17545784  1.5840574   1.61167339
  0.40725145 -1.93082254  0.3424217  -2.65299739  0.66809902 -0.37651066
  0.57488079 -2.43473762 -1.63155654]
