Cluster centers 

[ 0.43540028  0.59348328 -2.04896226  0.59880693]
[-0.17173778 -0.80702294  0.99627072 -0.84361596]
[ 0.95181675  0.70982503  0.06350721 -0.18837524]
[-2.75498384  0.95667314 -0.39931881  0.35584832]
[ 0.10037677 -1.25208025  0.27176118  1.02789424]
[ 0.42898809  1.30020245  0.53990514  1.05579735]
[ 0.82010959  0.41864998  0.33871355 -2.02908844]
[ 0.35271938 -1.91345082 -2.06591325  0.03862429]
[-2.48534361  0.28401881 -1.33780227 -0.92053384]
[-1.13045765 -0.18497373  0.78319964 -0.37428822]
[-1.25711277  0.25092181  1.50416836  0.68687454]
[ 1.30090865  0.03711446  0.07307427 -1.39246824]
[ 0.87946518 -1.77261403 -0.57290651 -0.66924012]
[ 0.53375334  1.08011794 -0.06006146  0.87111257]
[ 0.01560591 -0.89446418  1.40852984  0.13834217]
[-1.65099751 -0.00406995 -0.01973801 -0.69561732]
[-0.29000794 -0.57001322 -0.43225347 -2.54846134]
[ 0.4020724   1.36637306  0.87661544 -0.80882378]
[ 0.47270057  0.93451486 -0.79170218  0.91216988]
[-0.37076599 -1.89011039 -3.72552849  0.60813065]
[ 0.06122776 -1.59960968 -1.15656692  0.86191765]
[-0.76122587  0.86675673  2.33376624  2.52128933]
[ 1.04493407  0.17714584 -1.12586886 -0.42011804]
[ 0.88838974 -0.45863889 -2.88460877 -0.70285192]
[ 0.11578907  1.15835261 -0.80880023  1.62065404]
[-0.75861286  1.13760151 -3.15615833  2.27456189]
[ 1.00253996  0.68701454  0.53118216 -0.90818297]
[ 0.92889374  0.59748869 -0.4097367  -0.06510516]
[ 0.5724594  -1.55984835  0.22613345 -0.08703048]
[-0.68858342  2.23002464  0.81079473 -0.16883864]
[ 0.59972831  1.24008755  0.73087029  0.48112543]
[ 0.35265274  1.53994709  1.21691468  0.69043873]
[-0.43288554 -0.61611534  1.15877677 -0.44369566]
[-0.30723864 -0.74224952  0.49992411 -1.45292436]
[ 0.34510201 -1.2746488   0.87208629  0.20468334]
[-0.19446325  0.89102685 -2.86766495  1.43728574]
[-0.12110154 -0.83173143  0.91775125  1.52074442]
[ 1.33768594 -0.40569372 -0.95832073 -1.16928983]
[-0.57089381 -0.74686778 -0.53294627  2.35916485]
[ 0.78007444  0.73466295 -0.51350107  0.28475383]
[-0.79379813 -0.06762913  1.772712    0.79130929]
[-1.87856959  0.43751711  0.57954152  0.2286104 ]
[ 0.15801022 -1.07887527  1.11714033  0.5783197 ]
[-0.61870873  1.90871028 -0.02326222 -1.21497546]
[-0.06857682  1.03347388 -1.87209069  1.62980261]
[ 0.68401478 -1.54681664  0.37456809 -0.43054808]
[ 0.7831983   0.40799069 -1.45722642  0.0860418 ]
[-0.06332847  1.20082216 -0.1629308  -2.03055516]
[ 0.1029055   1.41049724  0.4533551   1.82294092]
[ 0.49755978 -1.86676192 -1.46193153 -0.05219221]
[ 0.05888023 -1.12167617  0.60447088  1.10510849]
[ 1.36780813 -0.76906313  0.04406893 -2.04757454]
[ 1.17824319  0.34945822  0.06351208 -0.88873574]
[-0.38679409  0.6552995  -1.17623798 -2.94554649]
[ 1.04038841 -1.54905645  0.18475763 -1.28698686]
[ 0.34428939 -1.45985044  0.17613043  0.46269272]
[ 0.21037835  1.6209111   1.32533868  1.16365695]
[-2.43197455  0.40203874 -0.82971551 -0.51739433]
[-1.41052325 -0.10696833  0.28080131 -0.65243711]
[ 0.12688947  1.28452073 -0.14583657  1.73400669]
[ 0.85589945  0.92364842  0.45272638 -0.10246445]
[ 0.23692555 -1.5790467  -0.59228562  0.64347912]
[-1.84958952  0.04485909 -0.40867919 -0.85020441]
[-1.45620228 -0.23037568 -0.57281025 -1.47148325]
[-0.15338044 -0.79612053  1.26973356 -0.31835652]
[ 1.28114511 -1.51791591 -1.38243838 -1.40619833]
[ 0.34736158  0.85601573 -1.44498417  0.98833914]
[ 0.4011552   1.0762867  -0.43770093  1.12618843]
[-0.97698974 -0.36314713  0.501458   -0.85784009]
[ 0.00720662 -1.78972927 -2.15219803  0.62723554]
[ 0.6297826   1.10035321  0.2930933   0.61154291]
[ 0.94399066  0.47301253  0.45035715 -1.70951576]
[-1.59990143  0.2363701   0.77574865  0.12445695]
[ 0.80441362  1.00856069  0.75943592 -0.56451321]
[ 1.0124415   0.68344558  0.30562061 -0.50247622]
[-0.29461564 -1.40775089 -1.46580236  1.45308531]
[-1.85509729  0.22802487  0.15991526 -0.25948876]
[ 1.25346547 -0.06174846  0.24537759 -1.8237788 ]
[ 0.31689736 -1.15573261  1.07966613 -0.464472  ]
[-1.33849989  0.41010632  1.60040603  0.90120976]
[-1.23819318  0.10937603  1.28417108  0.36904924]
[ 0.41928545  1.43902359  1.04355914 -0.3989975 ]
[ 1.03527492  0.41844229 -0.52199998 -0.33215441]
[ 0.79559689  0.85914842 -0.0363727   0.24485076]
[ 0.33585854  1.02977231 -0.80898508  1.19017094]
[ 1.35674854 -0.14156613 -0.26046797 -1.31064529]
[ 1.18184993  0.17314832 -0.54118859 -0.71682035]
[ 0.38449156  0.25395046 -0.22773515 -2.66575701]
[ 0.69782918  0.78011265  0.49954933 -1.65563796]
[ 0.68841093  1.17196504  0.77053399  0.14990372]
[-0.58624437 -0.46897244  1.28692222 -0.16605827]
[ 0.52383913 -1.7045383  -0.51764901  0.0599108 ]
[-0.05520685 -0.81082564  1.39627639  0.93132223]
[ 0.67150025  0.95370596 -0.12098026  0.55215859]
[-0.09254773  0.74777787 -0.64811331 -2.65844134]
[-2.9761714   0.59177223 -1.76697223 -0.62268889]
[-2.20170507  0.13258358 -1.10308235 -1.07657143]
[ 0.05010556 -1.35248019 -0.23576129  1.09688842]
[ 0.40265968  1.23388765  0.21034979  1.16609986]
[-0.76775481 -0.21995393  1.5443524   0.35169062]

Populations

0.0119783553398
0.0146317688184
0.026030847962
0.00849780208349
0.0194487994615
0.021164451673
0.0135505125768
0.0108875558575
0.00899822346664
0.0223382645551
0.00245871816183
0.0117215716198
0.0106140209435
0.0096041442709
0.0207694972548
0.00189811398171
0.00252724177735
0.0131012196015
0.0142809275215
0.0015458863583
0.015053009358
0.00269051580548
0.00381545583708
0.00217501972192
0.0153440700994
0.00569844285107
0.0139168552929
0.0132148999563
0.00603882374962
0.00347877793962
0.00793878539097
0.0061661466084
0.00820838440467
0.0147453162894
0.00805937396042
0.00249793252391
0.0151798433094
0.00468476274609
0.0012931634328
0.0282812159116
0.00972956874148
0.0102281358972
0.0171351534013
0.00486993862049
0.00921262856502
0.0147219339529
0.00842071996148
0.0111989632648
0.00644530271548
0.00619235330191
0.0153122154417
0.00371689292879
0.0200766869012
0.00210332302744
0.00311985941913
0.0213905175811
0.00215572473946
0.015346581996
0.0133371803609
0.00778782858965
0.0135936385786
0.0170503480928
0.0109553462651
0.00826229995052
0.0102666172814
0.0079674548134
0.0126171635708
0.0195917764283
0.0141038226592
0.00827978406121
0.0146619720432
0.0076461123597
0.0095189103579
0.00678744893763
0.00990792671325
0.00291158371341
0.0119843721509
0.00518001759201
0.0058337504682
0.00260836941837
0.010741233835
0.0113703975173
0.00933308145213
0.00827819274937
0.00316470217972
0.00545939015412
0.0108775374164
0.00836560242992
0.0057760724367
0.00876417780967
0.00845931475022
0.00568741342751
0.0156182086484
0.0168121890798
0.00479320553932
0.0044752966089
0.00723175377267
0.0139711691881
0.0117419847494
0.00232013291734

State labels

0
1
2
3
4
5
6
7
8
9
10
11
12
13
14
15
16
17
18
19
20
21
22
23
24
25
26
27
28
29
30
31
32
33
34
35
36
37
38
39
40
41
42
43
44
45
46
47
48
49
50
51
52
53
54
55
56
57
58
59
60
61
62
63
64
65
66
67
68
69
70
71
72
73
74
75
76
77
78
79
80
81
82
83
84
85
86
87
88
89
90
91
92
93
94
95
96
97
98
99

Eigen values

1.0
0.661180706157
0.626485746221
0.619700928932
0.59814977973
0.575365339542
0.556897140182
0.551045861106
0.531344125021
0.510619245221
0.501374303755
0.492611782534
0.461462723295
0.460586211721
0.443465049281
0.433568431924
0.408346371269
0.393279572702
0.374399498658
0.361579560567
0.350770316756

Left eigenvectors

[ 0.01197836  0.00278799 -0.00128536 -0.00871925  0.00345024 -0.01156916
  0.00110485 -0.00278396 -0.01607546 -0.01301343  0.00733326 -0.01451669
 -0.00723445  0.00273001 -0.00822552 -0.00307767  0.0136877  -0.00506195
 -0.01939176 -0.00792377 -0.01847765]
[ 0.01463177 -0.0052161  -0.00348631 -0.00094849  0.00973682  0.00852874
 -0.0047134  -0.01838313  0.00042228 -0.00251174  0.00146405  0.00642901
  0.01481888  0.01707047  0.00696739 -0.00109451 -0.00197431  0.00706593
 -0.01170441 -0.01139587  0.00238249]
[ 0.02603085 -0.00470854  0.0151153  -0.01192222 -0.00391955  0.00445338
 -0.0100928  -0.00913386  0.003058    0.00828466 -0.01863106  0.00614678
 -0.00784294 -0.00019784 -0.00710624 -0.01460077  0.01203403  0.01330418
 -0.00859986  0.01134557 -0.00751669]
[ 0.0084978  -0.00038043 -0.01047472 -0.00289978  0.01159835 -0.00423484
 -0.00958028 -0.01259477 -0.00321861 -0.01557256 -0.00556336  0.01054957
 -0.01735597  0.01861223  0.01080625  0.01500739 -0.02272399  0.00771904
 -0.0054291   0.00448381  0.00826496]
[ 0.0194488  -0.00501765 -0.01102064 -0.00470498  0.00223539  0.01866805
  0.00818925 -0.02551153  0.00550241  0.01485751  0.00873663 -0.00188973
  0.00235944 -0.04278576 -0.01129992  0.00375426 -0.0295275  -0.00596116
  0.00360906 -0.02477643 -0.00468507]
[ 0.02116445  0.00164641  0.03050948  0.00290729  0.00246901  0.02816028
  0.01291737 -0.00510373 -0.00123398 -0.00661928  0.00539791  0.00149777
  0.00688577 -0.00154849  0.03156246  0.02731728  0.02579782 -0.0186083
 -0.02001333 -0.01151401 -0.01283904]
[ 0.01355051  0.00394546  0.01214676  0.02449358  0.0028599  -0.00024264
  0.01886375 -0.00801964 -0.00612302  0.02050656 -0.00535735 -0.00776197
 -0.0210012   0.00943404  0.00787535  0.00080719  0.0102959  -0.01198934
  0.01888137 -0.0104835   0.00143794]
[ 0.01088756  0.00907837 -0.00984254  0.00175953  0.0043946  -0.00412897
  0.00240259 -0.00073319 -0.00342404 -0.00484838  0.00641528 -0.01199586
  0.00630171  0.01603517  0.00253025 -0.02873299  0.00265485  0.00617637
 -0.00753956 -0.00179548 -0.02472143]
[ 0.00899822 -0.00436708 -0.00794055 -0.00350371 -0.00386028  0.00782311
 -0.00519133  0.00579221 -0.00498323  0.01341038 -0.00090801 -0.00336898
 -0.00721883  0.00754342  0.00188697 -0.01017285 -0.00822264 -0.00446232
 -0.01617309  0.00146287  0.0123047 ]
[ 0.02233826 -0.00129401  0.00910788  0.00041296  0.02336944 -0.00635948
 -0.01383054  0.03909459 -0.00592975  0.0195294  -0.0016594   0.02902115
 -0.01433612 -0.01666347 -0.00607055 -0.01261051 -0.01075691 -0.02083604
 -0.00960585  0.01542255  0.00170069]
[ 0.00245872  0.00022675 -0.00172086 -0.00111306  0.00177361 -0.00576461
  0.00037972  0.000577    0.00163651 -0.00188568 -0.00183642 -0.00593306
  0.00388281  0.00073503  0.00325193  0.00581491  0.00043507 -0.00690191
  0.00161402  0.00245221 -0.0015067 ]
[ 0.01172157  0.00109329 -0.00593873 -0.00988224 -0.00198498 -0.00068806
  0.00421289  0.00639162  0.00553176  0.00497266 -0.0033257  -0.01039094
 -0.00066918  0.00711641 -0.00996899 -0.00828963 -0.00056002  0.00116397
 -0.01677988 -0.01238043  0.03394952]
[ 0.01061402  0.00780639  0.00038054 -0.00407855 -0.01387922 -0.01084735
 -0.00054786 -0.00379944  0.00708809 -0.000776   -0.00094994  0.00682862
 -0.00742918  0.00877946 -0.00899974 -0.01844998 -0.00895684 -0.00297098
 -0.00988307 -0.01137891 -0.02848475]
[ 0.00960414 -0.00697955 -0.00913521  0.00298949  0.00243298  0.01474623
  0.00896914  0.00893675  0.00167205 -0.03572688  0.00112319  0.00985314
 -0.00599103  0.00763637 -0.00358297  0.0001074  -0.00076184 -0.00170313
  0.02200729 -0.00788977  0.01076749]
[ 0.0207695   0.00762343  0.0013394  -0.01360153  0.00345493 -0.03044305
  0.00722802 -0.007291   -0.01563631 -0.00972127  0.01341719 -0.03499168
  0.03372822  0.00618902  0.01898301  0.01456457  0.00079079 -0.02769331
  0.00588159  0.01043464  0.00684684]
[ 0.00189811 -0.00139403 -0.00375129  0.00059523 -0.00120999 -0.00280245
  0.00063259  0.00286035  0.00185217 -0.00059915 -0.00637545 -0.0025078
  0.00142035 -0.00326777  0.00158862  0.00665216  0.00350841  0.00495882
 -0.00101617  0.00581491 -0.00487909]
[  2.52724178e-03  -9.63111655e-04  -1.22404259e-03  -2.88797365e-03
   4.85621816e-03   4.11161375e-03   3.23249545e-05  -9.41063784e-03
  -1.98012869e-03   4.57107304e-03  -5.54579235e-03   7.09027522e-03
   7.47664672e-03   7.41883202e-04  -4.62006807e-03  -3.88509056e-03
   6.58655157e-03  -5.73698597e-04   4.45603417e-03   2.62878850e-03
  -1.61668407e-03]
[ 0.01310122  0.02336088 -0.00429855  0.02478325  0.00273748  0.0119407
  0.00822174 -0.00889739  0.00169853  0.00913197  0.01459176 -0.02114621
 -0.01774324 -0.00243913  0.00649863 -0.01412976  0.00695189  0.0143061
 -0.0038944   0.00442044 -0.00460077]
[ 0.01428093 -0.00235546  0.01394965 -0.01017268  0.00040148  0.01014211
 -0.00484558  0.02307779 -0.00430253  0.00769117 -0.00545112 -0.00100126
  0.00444903 -0.00256831  0.00321525 -0.0089244  -0.00385339  0.01155576
  0.00515851  0.01164234  0.0009099 ]
[ 0.00154589 -0.00323901  0.0032606   0.00198768 -0.00192679  0.00436003
 -0.00399234  0.00168363 -0.00271736  0.00131542 -0.00540088 -0.00528866
 -0.00078986  0.00375448 -0.00168972 -0.00351428 -0.00555284 -0.00020669
 -0.00281041  0.00159348  0.00276063]
[ 0.01505301 -0.00429453 -0.00709892  0.00233118  0.0038207  -0.00143134
  0.00553378  0.0146691  -0.00102961 -0.01431401 -0.00146745 -0.00744757
  0.00225145 -0.0184325   0.01522165 -0.01836884  0.00269476  0.00121877
  0.01071967  0.01033246  0.00034254]
[ 0.00269052  0.0096011   0.00402246 -0.00181355 -0.01318381 -0.001432
 -0.00303292 -0.00543126  0.00160743 -0.00631728 -0.00726118  0.00875317
  0.00040832 -0.00475958  0.00578491 -0.00270995  0.00262179 -0.00641808
 -0.00189634  0.00092837  0.00643361]
[ 0.00381546 -0.00700816 -0.00253686  0.00378471 -0.01137903 -0.00408266
  0.00889855  0.00032501 -0.00430061 -0.0048513   0.00431935  0.00363654
  0.00531691 -0.00268851 -0.01531014  0.00568309 -0.00106001  0.0058182
 -0.00815705  0.01567993  0.00159895]
[ 0.00217502 -0.00212667 -0.00369247 -0.00246165 -0.00265629  0.00481223
  0.00012201 -0.00242558 -0.00108351  0.00541659  0.00300515  0.0008295
  0.00072781 -0.0055528   0.00114444  0.00238976 -0.00499642 -0.00087428
  0.00143018 -0.00185361 -0.0011654 ]
[ 0.01534407 -0.00631411  0.01833075  0.01188286  0.00782979 -0.00341209
  0.00072436 -0.00868455 -0.00953122  0.01984178 -0.01317986 -0.01002402
 -0.02840971  0.00905356 -0.01430098  0.00250486  0.00882581 -0.02065512
  0.02843012  0.01697372 -0.00158933]
[ 0.00569844  0.02208989  0.00028458  0.01296938  0.00152517  0.01029877
 -0.0072391   0.01514358 -0.00338716  0.00501011  0.00722311  0.00833187
  0.00671562  0.00177891 -0.01195032  0.0128641  -0.00232209 -0.00515413
  0.00286994  0.0049298  -0.00122365]
[  1.39168553e-02  -1.14318626e-02   1.06980647e-02   1.19653925e-02
  -3.25803923e-05  -1.05969858e-02  -4.72419588e-03  -1.14656674e-02
   2.46409540e-02  -5.41836380e-04   2.94209363e-02  -6.30710297e-03
   3.96733695e-03   3.82720820e-03  -1.09041274e-02   4.30815668e-03
   1.66778256e-02  -4.43751231e-03   4.18064899e-04   2.45399099e-02
   1.22239854e-02]
[ 0.0132149   0.00562715  0.02733245 -0.03015926 -0.00104663  0.00473148
  0.00822177  0.01373754  0.00515209  0.0059148   0.00907375  0.00185394
 -0.00163555  0.00458606  0.00154354  0.00698853  0.00545114  0.03617848
  0.00662329 -0.00916192  0.00905053]
[ 0.00603882 -0.00899189 -0.01566513 -0.00184455 -0.01328425  0.00198994
 -0.01098597  0.00515526 -0.00252537  0.01161751  0.00541776  0.00286222
 -0.00150333  0.00522418  0.01213675  0.00569197  0.00846166  0.00390999
  0.01151711 -0.00230999 -0.00668622]
[ 0.00347878 -0.00586892  0.00377815  0.00492494  0.00362369 -0.00609677
 -0.01382463  0.00060135  0.00414708 -0.00137769  0.00733563  0.00659105
  0.00229406 -0.00607433  0.00444209 -0.00478408  0.00087669  0.0025428
 -0.00191129  0.00391127  0.0042302 ]
[  7.93878539e-03  -5.01632501e-04  -1.02144714e-02  -2.84907523e-03
   8.03817192e-03  -5.17217131e-03   9.33967617e-05   1.22951192e-02
   1.35027782e-02   7.07643426e-03  -2.01791844e-02  -6.63154208e-03
   2.98604662e-03  -1.36353126e-02  -8.39196192e-03   6.26994903e-03
   2.29012327e-03  -7.71929924e-03  -2.13849973e-02  -1.14409629e-02
   2.02749947e-02]
[ 0.00616615  0.00029014  0.00344497  0.00746534  0.00261321  0.00690406
  0.00392658 -0.00906085  0.00867814 -0.00085442  0.01352019 -0.00882742
 -0.00722108 -0.00759954  0.0072481   0.0012896   0.01107142  0.00182328
 -0.01035519  0.01058387  0.00573911]
[ 0.00820838 -0.00034517 -0.01241876  0.00048196 -0.00153761 -0.01027029
  0.00034279  0.00931263  0.00415627 -0.00102182 -0.01880283 -0.01105175
  0.00575438 -0.01071088  0.00602016  0.01160986  0.01100252  0.00787162
 -0.00181444  0.00306457 -0.00069479]
[  1.47453163e-02  -1.03091382e-02   3.56635500e-05   7.26973025e-03
  -3.09648255e-03  -1.57258027e-02  -9.13244443e-03   3.48551367e-05
   1.47282370e-02   3.93081207e-03   1.27246903e-02   1.14380443e-02
  -9.35241221e-04  -5.41241438e-03  -7.08409564e-03  -3.70217776e-03
  -1.45646993e-02  -1.69184612e-03   2.96462767e-03  -3.03629631e-02
  -1.42236171e-02]
[ 0.00805937  0.00648479 -0.00390604  0.00337479 -0.00437796 -0.0154904
 -0.00961845 -0.00525705 -0.00126725 -0.00183605 -0.01021317  0.00209523
 -0.00890541  0.00284246  0.00282988  0.00807079  0.00670774  0.00210609
  0.007556   -0.01070194  0.01020076]
[  2.49793252e-03  -1.36316124e-03  -4.16977905e-03   1.68678218e-04
   3.14216728e-03  -1.54265516e-05  -3.63947242e-04   3.40646640e-04
   2.06234301e-03  -9.86314013e-03  -3.17179394e-03   2.75607617e-03
  -5.07712939e-03   5.23560174e-03   1.94100846e-03   5.79134145e-03
  -5.10964788e-03  -3.69757858e-04   4.60447410e-03  -4.19258242e-04
   3.22163577e-03]
[ 0.01517984 -0.00140843 -0.01199524 -0.0058177   0.01324012  0.01593247
  0.00614158 -0.01903745  0.01528875  0.00887221 -0.00704065 -0.00024024
  0.00217587 -0.02566716 -0.01382488 -0.00213483 -0.00680627 -0.00554572
 -0.00819803 -0.01101118  0.0010208 ]
[ 0.00468476 -0.00443014 -0.00355149 -0.00385156 -0.00313094  0.0082172
  0.00084297 -0.00792148 -0.00546699  0.00366645  0.00199001  0.00346163
  0.00450509 -0.0112589  -0.00544575  0.00404782 -0.00660536 -0.00090983
  0.00629302 -0.00262093 -0.00141627]
[ 0.00129316 -0.0026362  -0.00503352 -0.00194026 -0.00549873  0.00232397
 -0.00283187  0.00247598 -0.00407681  0.00689631  0.00448337  0.00013515
 -0.00235559  0.00391359  0.00309102 -0.00043161 -0.00030472 -0.00517092
 -0.00360623 -0.00160568  0.00349809]
[ 0.02828122  0.00530083 -0.02703902  0.00126333  0.01329989 -0.00244744
  0.00387746  0.02325304  0.02392683  0.00640747 -0.02627087 -0.01114562
  0.02368403  0.00460556 -0.00980206  0.00419623  0.00311028  0.00573143
  0.00174322 -0.01339179 -0.01309162]
[  9.72956874e-03  -1.05148826e-02  -1.57520796e-02  -1.18205885e-02
  -1.63017326e-02   1.57911275e-02  -3.93545394e-03   1.60308193e-03
  -8.53072923e-03   1.78936557e-02   9.38830134e-03   4.92769341e-03
   1.86237224e-03  -3.04120598e-04   1.11264337e-02   7.71630132e-03
  -2.81736749e-03   7.59853134e-05   3.05451051e-03   7.50482914e-03
  -1.25285911e-03]
[ 0.01022814  0.00128775  0.0060267  -0.00680046  0.00894924 -0.02171722
 -0.00599769 -0.004685   -0.03486473 -0.00549007  0.00225852 -0.00872004
 -0.01247416 -0.00645388 -0.011226    0.00843785  0.01847658 -0.00442359
  0.0035594  -0.00856535  0.00177115]
[ 0.01713515  0.01886021  0.00825421  0.00822779  0.0148125   0.02300802
 -0.00646794  0.04384347  0.00132054  0.00263778  0.00908246  0.02493127
  0.00299849 -0.00181286 -0.01396018  0.01712057  0.00695915 -0.02579827
 -0.00647127  0.00956693 -0.01680979]
[ 0.00486994 -0.00249397 -0.00118638 -0.00350373 -0.00436304 -0.00691475
  0.00080248 -0.00129359 -0.01574083 -0.01018277  0.00541635 -0.00644246
 -0.00371664 -0.00512195 -0.01473595  0.00094255  0.00552773 -0.00630407
 -0.00333119 -0.00765968 -0.0040458 ]
[ 0.00921263 -0.00217597  0.00840724 -0.00193947  0.01130361 -0.01118271
 -0.00304597  0.01462412 -0.01817343  0.00224299  0.00213775  0.00472169
  0.00019735 -0.0161004   0.01361175 -0.01501002 -0.00362438 -0.00700584
  0.00077357  0.00714349  0.00092034]
[ 0.01472193 -0.00393371 -0.01096702 -0.01107507  0.01564131  0.01392621
  0.0031599  -0.02729829  0.00270619  0.01321197 -0.02205791  0.02303747
  0.0265244   0.0137699  -0.01081088 -0.02456729  0.02485007 -0.00631395
  0.01113962  0.0113441  -0.00288576]
[ 0.00842072  0.00121947  0.01372865 -0.01752823  0.00666093  0.00048808
 -0.00094743  0.00248576 -0.00873528  0.00892674  0.00072482  0.00851169
 -0.01093642 -0.00011167 -0.00889495  0.00786174  0.01347375  0.02648134
 -0.00089369 -0.00729055  0.00518259]
[ 0.01119896  0.01505003  0.01619656 -0.01845401 -0.0166176  -0.00500807
  0.00237643 -0.0017222   0.0111269  -0.00402909 -0.00056267  0.00273512
  0.0032601  -0.00228011  0.00648695 -0.00447291 -0.00316007  0.00521317
 -0.00139621 -0.00023886 -0.00650959]
[ 0.0064453   0.01686393 -0.00620714  0.00834202  0.00599298 -0.00157083
 -0.00794232 -0.00309164 -0.01000392  0.00087491  0.0033123  -0.00381575
  0.0203385   0.00949846 -0.00341619  0.00655342 -0.01183134  0.01104697
  0.00039052 -0.00050981 -0.0023112 ]
[ 0.00619235  0.00158535 -0.00139167 -0.00012661  0.0059143   0.01404586
  0.00390622  0.01427244  0.00238757 -0.01805219  0.00653873  0.01097104
 -0.00300936  0.00768149 -0.00560745  0.00318951  0.01142653 -0.00739428
  0.00449905 -0.00550174  0.00012501]
[  1.53122154e-02   7.21173489e-04   1.85948453e-05  -1.89285077e-02
  -2.92300882e-04   7.82229824e-03   1.39701711e-03  -6.24358703e-03
   6.79778951e-03   3.92215650e-03   2.32170630e-04   4.74413870e-03
  -2.28861315e-02   2.31625427e-02   2.15397727e-03   1.24490838e-02
  -8.57107094e-03   2.73533651e-03  -2.43935161e-02   4.51747612e-03
  -8.89745872e-03]
[ 0.00371689 -0.00724065 -0.01308831 -0.00485366 -0.01492223  0.00426898
 -0.00619488  0.00498552 -0.00912626  0.01330968  0.01121758  0.00129283
 -0.00322352  0.00661791  0.00613908  0.00201182  0.00175688 -0.00862979
 -0.00193251 -0.00325037  0.00244415]
[  2.00766869e-02   1.02143724e-02   3.50826080e-03  -4.81790348e-03
   3.37957228e-03   7.48102662e-03   6.50065936e-03   5.62775149e-04
   2.12453853e-02   6.36361131e-05   1.02021921e-02  -6.57249299e-03
  -9.42880896e-03  -6.73185526e-03  -2.43735211e-03   6.37401785e-03
   1.37362643e-03  -9.95161937e-03  -2.22371317e-02   1.43763777e-03
  -3.83303041e-02]
[  2.10332303e-03   6.74189638e-03  -1.04571023e-03   5.90838793e-04
  -8.92222676e-03  -2.73988642e-03  -2.72123242e-03  -2.61158955e-03
   4.35973655e-05  -2.62129552e-03  -5.61897077e-03   3.37829592e-03
  -4.56381811e-03  -3.51092542e-03   2.25789895e-04  -3.91022595e-03
   1.06808304e-03   8.11118281e-04  -3.77554994e-05   2.29236961e-03
   6.45189733e-04]
[ 0.00311986 -0.00433399  0.01009009  0.00362376 -0.00274005  0.00857671
 -0.00508636 -0.00126767 -0.00092385 -0.00406422 -0.00417196 -0.00641011
  0.00423169  0.00220772  0.00169004  0.00422046  0.00214238 -0.00454461
 -0.00664664 -0.0036528  -0.00404113]
[ 0.02139052 -0.00587994 -0.02424824  0.00017952  0.01341329  0.02157138
  0.008345    0.00201977  0.01320778 -0.02960763  0.0115365   0.00436481
  0.00523704  0.01340606 -0.00623235 -0.03363944  0.02295757  0.00161238
  0.00766847 -0.00193721  0.02235737]
[  2.15572474e-03   4.89337646e-06  -2.10314295e-03  -2.75500366e-03
   2.40685706e-03   3.72456561e-05  -1.98820721e-03  -3.68129347e-03
   1.44431604e-04  -3.29538266e-03  -1.36432844e-03   3.37938162e-03
  -8.25229707e-03   8.65398633e-03   3.41263142e-03   6.39427038e-03
  -8.49523664e-03   2.96451639e-03  -6.44567952e-03   2.44729327e-03
   1.16822805e-03]
[ 0.01534658 -0.00929036  0.00710075  0.00729801  0.02101747 -0.01322028
 -0.0209584   0.0141021  -0.01349202 -0.00419173  0.00455735  0.02335983
 -0.00276855 -0.02684317  0.01970438 -0.01865903 -0.01416595  0.00390629
 -0.01071383  0.019541    0.00606933]
[ 0.01333718  0.00756269 -0.00585809  0.01797131 -0.00038653  0.01264896
  0.00891526 -0.00532013  0.00200931  0.00032416  0.00907547 -0.01911249
 -0.01718948 -0.00875888  0.01311354 -0.01894738  0.01458933  0.01948245
 -0.00475005  0.00943137  0.01112662]
[ 0.00778783  0.00810825  0.01151641 -0.00890113 -0.01857221  0.00382261
  0.00079765 -0.00883479  0.00207933 -0.01110678 -0.00763081  0.01000144
  0.00638397 -0.00782334  0.01254616  0.00100843  0.00633395 -0.01306813
 -0.00440242  0.00501167  0.00719843]
[ 0.01359364  0.01710825 -0.00714421  0.01386247 -0.00277033 -0.00041348
  0.00331204 -0.00354514 -0.00261131  0.01056571  0.00010096 -0.01674813
 -0.00309043 -0.00137241 -0.00022938  0.004547    0.00123299  0.00213884
  0.01498481 -0.01377511  0.02634027]
[ 0.01705035 -0.00128569  0.00218806  0.00822722  0.00349701 -0.02176291
  0.01764997  0.0009206   0.00541014  0.01906762 -0.01976786  0.01114721
 -0.00484825  0.02163217 -0.00458305 -0.01362214  0.00192883 -0.01498552
  0.00438076  0.00031293 -0.00581533]
[ 0.01095535  0.00396037 -0.00306538 -0.00168423  0.01980126 -0.00974748
 -0.01308302 -0.01640995 -0.02358514 -0.00551995  0.00064535  0.00698584
  0.00797355 -0.0018078   0.002214    0.01067822 -0.01336531  0.00690534
 -0.00301101  0.00637782  0.00322563]
[ 0.0082623   0.00202923  0.00260835 -0.0049976   0.00457721 -0.01139009
  0.00587447  0.00823059 -0.00535747  0.00043797  0.00210981 -0.00738398
  0.00821022  0.00176043  0.01128203 -0.01991865 -0.00249221 -0.00253483
  0.00567749  0.0069744  -0.00215943]
[ 0.01026662 -0.0122714  -0.00217373  0.00765103 -0.00619174 -0.0156367
 -0.02867861 -0.00371577  0.02012097  0.00431696  0.00807778  0.00511353
  0.00041415  0.00366529  0.00320679  0.00788491  0.01506766  0.00405485
  0.01289963 -0.01741684 -0.00380629]
[ 0.00796745 -0.01521151  0.02074884  0.01184959 -0.00740796  0.01642313
 -0.01545333  0.00457962 -0.00920478 -0.00143482 -0.02161186 -0.01950681
  0.00074851  0.01021249 -0.00708257 -0.00718098 -0.01425107  0.00163705
 -0.00024416  0.00394412  0.00155407]
[ 0.01261716 -0.02117174  0.01161412  0.01665991 -0.00252568 -0.014767
 -0.0397152  -0.01025936  0.02903959 -0.00156457  0.02391869  0.0035823
  0.01058432  0.00300117 -0.0028421   0.00109868  0.01557497  0.0040852
  0.00425679 -0.00693207  0.00581379]
[ 0.01959178 -0.00140061  0.015724   -0.02165103 -0.00252615 -0.00937539
  0.00951708  0.00819203  0.0251143   0.00656859  0.01811914 -0.00862744
  0.00086537 -0.0054725  -0.01580329  0.00293977 -0.03517618  0.00621635
  0.03492743  0.00361121 -0.001673  ]
[ 0.01410382  0.0053909   0.01923119 -0.03052083 -0.00443877 -0.00407895
  0.0106667   0.01454434  0.01113489  0.00799152  0.00810138 -0.0089732
  0.01008417  0.00776337  0.00371129 -0.00885996 -0.01239229  0.02262572
  0.01294469  0.00023758  0.02239211]
[ 0.00827978  0.0033866  -0.00478564  0.00607149  0.00805327  0.00950479
  0.00444338 -0.01523197  0.00908188  0.00060908  0.01097501 -0.00952178
 -0.01415872 -0.01643242  0.003613   -0.00021956 -0.00572879  0.00338666
 -0.01058122  0.00470932  0.00217342]
[ 0.01466197 -0.01446883  0.00021427  0.00016433 -0.02145564  0.00877085
  0.00780532 -0.00256147 -0.01322497 -0.02652869  0.0038763  -0.00248019
  0.00698858 -0.02129457 -0.02263645  0.0037247  -0.01402279 -0.00363996
  0.01351822 -0.00293422  0.00291865]
[  7.64611236e-03  -4.21740547e-03  -1.27823263e-02  -2.03604437e-04
  -5.12933342e-05   4.49363253e-03   3.84410649e-03   7.84384555e-03
   1.63717033e-04  -1.77925452e-02   1.09561685e-03   2.25887683e-03
  -1.38074357e-04   4.61816530e-03  -4.68809807e-03  -1.38413520e-02
   4.05850818e-03  -1.91576437e-03   1.14950156e-02  -1.72625833e-03
   4.46595729e-03]
[ 0.00951891  0.00109172 -0.01211448  0.00029456 -0.01253361 -0.00302292
  0.00086245 -0.00137796 -0.00437665 -0.0017251  -0.00803167 -0.0065854
 -0.01392253 -0.00904903 -0.00297326 -0.00543946  0.00462708  0.00618807
 -0.00048863  0.01346656 -0.00716144]
[ 0.00678745 -0.00575115 -0.0115402   0.003667   -0.00605392 -0.00046543
  0.00077566  0.00959025  0.00097859  0.0025096  -0.01158507 -0.0020653
  0.00745138 -0.00305327  0.00931896  0.01100133  0.00824809  0.01818145
  0.00426099  0.00037638 -0.01271807]
[ 0.00990793 -0.00242392  0.00269239 -0.0010234   0.00265203 -0.00613026
  0.00473434 -0.0027049   0.0064601   0.00872508 -0.01054727 -0.00594645
 -0.02228338  0.00868011 -0.00832756  0.00652004 -0.00573629 -0.01282496
  0.01970522  0.01730243 -0.00818032]
[  2.91158371e-03   5.95472163e-04   2.11306524e-03  -4.19510279e-03
   4.98871339e-05  -4.77642508e-03   2.20021776e-03   2.93613123e-04
   1.76868639e-03  -2.47413919e-04   4.60745302e-03  -6.06968493e-03
   4.97702451e-03  -4.55131748e-05   2.89762032e-05   2.75242447e-03
  -6.63954250e-03  -3.41126496e-03   8.36698580e-03   2.69155660e-03
   9.15126147e-04]
[ 0.01198437 -0.00135497 -0.00536904 -0.00618709  0.005845    0.00683329
  0.00529093 -0.00812569  0.01096875 -0.00857353 -0.00174093 -0.00299364
 -0.01607061  0.00319627  0.00220606  0.01291977 -0.01614784 -0.00476063
  0.01192147  0.01057636  0.00365181]
[ 0.00518002 -0.00765871  0.00501242  0.01548423 -0.00476851 -0.01266182
  0.02226145 -0.00109    -0.00041288  0.00786793 -0.00053105  0.01580611
  0.00424106  0.01069168 -0.0028148   0.00143815 -0.00408395  0.00077666
 -0.00834793 -0.00068873  0.00520955]
[ 0.00583375 -0.00728164 -0.00725098  0.00257126 -0.01097771  0.00026301
  0.00460397  0.00416796 -0.00376123 -0.00015763 -0.00741698  0.00087947
  0.00351573 -0.00646385  0.00067189  0.01059506  0.0049695   0.01936983
 -0.00381611  0.01743304 -0.01140356]
[ 0.00260837  0.00024151 -0.00467376 -0.00066739  0.00324155 -0.00168217
  0.00034651  0.00562383  0.00626649  0.0028676  -0.00905847 -0.00326334
  0.00342042 -0.00444067 -0.00414313  0.00283593  0.00127669 -0.00258054
 -0.00923787 -0.00693121  0.00785538]
[ 0.01074123 -0.00203542 -0.00759406  0.00171326  0.01563774 -0.0078127
 -0.00871276 -0.00764334 -0.00156972 -0.01259471  0.00493912  0.00441803
 -0.01049674 -0.00546525  0.00624556  0.00087648 -0.01369966  0.00310411
 -0.01336058  0.00168908 -0.00102332]
[ 0.0113704   0.04580949 -0.00477771  0.02663875 -0.00620718  0.00837165
 -0.01180505  0.0041794  -0.00806893  0.00846671  0.0084282  -0.00018379
  0.01038727  0.00447932 -0.0118884   0.01089676 -0.00841712  0.00906025
  0.00859718  0.00075864  0.00946561]
[ 0.00933308  0.00110082 -0.0013196  -0.00836048  0.00213314 -0.00672625
  0.00485654  0.00238435  0.00042516  0.00369822 -0.00136719 -0.00980574
  0.00751364  0.01278244 -0.00117629 -0.00652337 -0.0006402  -0.00148722
 -0.0106024  -0.00800331  0.01268738]
[ 0.00827819 -0.01692814  0.02224449  0.01140982 -0.01035755  0.01544466
 -0.02172614 -0.00169212 -0.00222944 -0.00880504 -0.01421239 -0.01851404
  0.00799466  0.00643342 -0.00972085 -0.00173565 -0.00646284 -0.00187514
 -0.00521792 -0.00237501 -0.0023359 ]
[ 0.0031647  -0.00646457  0.00228879  0.00874024 -0.00618221 -0.00819741
  0.01231296 -0.00195533  0.00160779  0.00136882  0.00629131  0.00818083
  0.00543436  0.00475793 -0.01123326  0.00452417  0.00026337  0.00293395
 -0.01006901  0.01468913  0.0072322 ]
[ 0.00545939  0.00761138 -0.00459137  0.00190116  0.00502002 -0.00360932
 -0.00264361 -0.0052373  -0.00693914 -0.00244842  0.00508806 -0.00822644
  0.01932482  0.01321009  0.00307332 -0.00289997 -0.00613124  0.00547687
 -0.00402707 -0.00187035 -0.00848468]
[ 0.01087754 -0.01249205  0.01034314  0.02734874 -0.00439019 -0.00919673
  0.02948694  0.00025081 -0.00722877  0.00734954 -0.00279648  0.0176114
  0.00202724  0.00394727  0.01809117  0.00181985 -0.01007806  0.00405209
  0.00132355 -0.03013378 -0.00161528]
[  8.36560243e-03   3.03785252e-02   3.45953856e-03   2.35943824e-03
  -2.89284124e-02  -8.99544734e-03  -1.11454723e-02  -9.12767376e-03
   3.06285861e-03  -8.19549019e-03  -1.43324846e-02   1.59769670e-02
  -5.46539821e-03  -5.28442781e-03   2.66958010e-03  -8.22326251e-03
  -2.40891881e-05  -1.87625576e-03   2.25279050e-04  -3.14349180e-03
   6.32629117e-03]
[  5.77607244e-03   5.36936064e-03   5.72564435e-03  -7.92788501e-03
  -6.47521022e-03  -3.90396061e-03   2.58699602e-03  -5.89707278e-05
   1.09595492e-02  -1.84434256e-04   3.89611751e-03   1.84601077e-04
  -2.51859423e-03  -1.21918894e-04  -3.96879411e-03  -5.26980518e-03
  -1.03375513e-02   1.21159285e-04  -8.72338853e-04  -3.11785666e-03
  -2.11416081e-02]
[  8.76417781e-03  -3.49397724e-03   6.23861537e-03   4.77624345e-03
   3.50102047e-03  -3.35185380e-03   1.14909534e-02   2.03384039e-03
  -9.17195776e-03   8.74802698e-05   3.37373578e-03   7.86069768e-04
   7.47316926e-03  -1.36966103e-02   2.06016521e-02  -1.22941767e-03
  -4.55668795e-03  -1.03515736e-02   1.09024126e-03  -1.17918345e-02
  -2.55391210e-03]
[ 0.00845931 -0.00274092 -0.01436055 -0.00252119  0.00134383  0.00172243
 -0.00556763  0.00171411 -0.00394815 -0.00039693 -0.00305616  0.00710668
 -0.00521106  0.01169836  0.00369136 -0.0144794   0.00158276  0.0013911
  0.00347655  0.00801736 -0.00592152]
[ 0.00568741  0.00182105  0.00621304 -0.00747067  0.00243573  0.00736181
  0.00437071  0.00545308 -0.0002227  -0.00815473  0.00607631  0.00278429
 -0.00536658  0.00773777  0.00074627  0.00781425  0.01178042  0.00138257
 -0.00811761 -0.00816173 -0.00604951]
[ 0.01561821 -0.00370439  0.0019558  -0.01039098  0.01926923  0.01446999
 -0.00303541 -0.03504447 -0.01560223  0.01482074 -0.01114711  0.01881315
  0.01470328 -0.01002097 -0.01381964  0.00478754  0.00716377  0.00375522
  0.00884655 -0.00010708 -0.00393475]
[ 0.01681219 -0.018838    0.00702247  0.02531234 -0.00670621  0.01113667
  0.01609846  0.00673649 -0.0129779  -0.01436025 -0.01163385  0.00921668
  0.0049631  -0.00414012  0.02404929  0.00343228 -0.00729706  0.0248189
  0.00290083 -0.01701135 -0.00426357]
[  4.79320554e-03   9.61674885e-04   3.19264900e-03  -5.07597041e-03
   2.63555719e-04   2.11229395e-03   4.19414245e-03  -4.43926635e-03
   3.99091145e-05  -3.07501187e-03   2.06131641e-03  -4.41373258e-03
   5.70103486e-03   3.21665496e-03   1.22043711e-02   1.07235710e-02
   1.86880000e-03  -1.25772461e-02   5.78469236e-04   7.28166065e-03
   2.90427446e-03]
[  4.47529661e-03  -1.50543605e-03  -6.09401341e-03   6.73246482e-04
  -5.34027275e-03   1.38592928e-03  -6.12577957e-05   7.86020789e-04
  -1.60516421e-03  -1.40735005e-03   2.41544008e-04  -3.73903632e-03
  -3.92261500e-03  -4.24986489e-03   2.15512859e-03   1.40300649e-03
  -3.88928649e-04   1.55572018e-03   1.13184929e-02   2.24180391e-03
   2.08125104e-03]
[ 0.00723175  0.00133743  0.00246113 -0.01377581 -0.00524536  0.00366352
  0.00386015 -0.00649807  0.00031932  0.00167589  0.00015955  0.00067681
  0.0112538   0.00648452  0.01364569  0.00532726  0.00311667 -0.01120893
  0.00090795  0.01278388  0.00801142]
[ 0.01397117 -0.0036634  -0.01354597  0.00160296  0.00993961 -0.01712406
 -0.00266356  0.00889316  0.02126463 -0.00434358 -0.02028635 -0.00928966
 -0.00302471 -0.00044101  0.00336384  0.01910795  0.0015138  -0.01204001
  0.00288187  0.00294674 -0.0110374 ]
[ 0.01174198 -0.00867769 -0.01342119 -0.0046817  -0.0222385  -0.00877626
  0.00410186  0.00345953 -0.0136679  -0.00993347  0.01353963 -0.00432656
 -0.00045146 -0.00074579 -0.02410071 -0.00608829 -0.00205573 -0.01106701
 -0.00835676 -0.00670062 -0.00014847]
[ 0.00232013  0.00047338  0.00401634 -0.00501245  0.00323895 -0.00437777
 -0.00150383 -0.00041987 -0.00995843  0.00101273  0.00072522  0.00015952
 -0.00632117 -0.00169824 -0.0056396   0.00469119  0.00970601  0.00748796
  0.00081778 -0.00546006  0.00253708]

Right eigenvectors

[ 1.          0.23275222 -0.10730658 -0.72791715  0.28803969 -0.96583868
  0.09223707 -0.2324157  -1.34204264 -1.08641201  0.61220913 -1.21191002
 -0.60395981  0.22791223 -0.68669825 -0.25693613  1.14270254 -0.42259132
 -1.61890012 -0.66150728 -1.54258643]
[ 1.         -0.35649128 -0.23827015 -0.06482417  0.66545766  0.58289176
 -0.32213479 -1.256385    0.0288606  -0.17166328  0.10005982  0.43938733
  1.01278834  1.16667197  0.47618232 -0.07480336 -0.13493281  0.48291676
 -0.79993128 -0.77884443  0.1628299 ]
[ 1.         -0.18088292  0.58066891 -0.45800347 -0.1505732   0.17108094
 -0.38772446 -0.35088617  0.11747592  0.31826328 -0.71573005  0.23613463
 -0.30129423 -0.00760035 -0.27299305 -0.56090262  0.46229871  0.51109282
 -0.3303719   0.43585079 -0.288761  ]
[ 1.         -0.04476747 -1.23263924 -0.34123889  1.36486474 -0.49834562
 -1.12738293 -1.4821209  -0.37875767 -1.83253946 -0.6546826   1.24144739
 -2.04240704  2.19024056  1.27165267  1.7660321  -2.67410154  0.90835725
 -0.63888312  0.52764402  0.97259977]
[ 1.         -0.25799266 -0.56664903 -0.24191639  0.11493703  0.95985613
  0.42106723 -1.31172773  0.28291749  0.76392931  0.44921161 -0.09716415
  0.12131566 -2.19991804 -0.58100843  0.19303314 -1.51821729 -0.30650511
  0.18556748 -1.27393083 -0.24089254]
[ 1.          0.0777912   1.44154356  0.13736683  0.11665826  1.33054615
  0.61033355 -0.24114656 -0.05830446 -0.3127545   0.25504621  0.07076811
  0.32534595 -0.07316452  1.49129603  1.29071502  1.21892219 -0.8792245
 -0.94561071 -0.54402597 -0.60663236]
[ 1.          0.29116656  0.89640605  1.80757611  0.21105489 -0.01790663
  1.39210603 -0.59183298 -0.45186653  1.51334205 -0.39536136 -0.57281738
 -1.54984574  0.69621283  0.58118434  0.05956867  0.75981633 -0.88478887
  1.39340658 -0.7736604   0.10611697]
[ 1.          0.83382951 -0.90401766  0.16160908  0.40363514 -0.37923709
  0.22067258 -0.06734167 -0.31449091 -0.44531361  0.58923091 -1.1017951
  0.5787995   1.4727975   0.23239824 -2.63906704  0.2438429   0.5672871
 -0.69249365 -0.16491164 -2.27061325]
[ 1.         -0.48532713 -0.88245794 -0.38937769 -0.42900436  0.86940639
 -0.57692815  0.6437065  -0.55380126  1.49033607 -0.10090984 -0.37440482
 -0.80225045  0.83832294  0.20970426 -1.13054    -0.91380651 -0.49591156
 -1.79736534  0.16257358  1.36745897]
[ 1.         -0.05792811  0.40772558  0.01848644  1.04616187 -0.28469009
 -0.61914121  1.75011774 -0.26545268  0.87425788 -0.07428514  1.29916764
 -0.64177396 -0.74596062 -0.27175575 -0.56452507 -0.48154651 -0.93275088
 -0.43001781  0.69040953  0.07613337]
[ 1.          0.09222171 -0.69990084 -0.452699    0.72135725 -2.34456062
  0.15443869  0.23467663  0.66559554 -0.76693616 -0.74690166 -2.41307054
  1.57920115  0.29894799  1.32261099  2.36501792  0.17695116 -2.80711839
  0.65644888  0.99735229 -0.61280068]
[ 1.          0.09327157 -0.50664989 -0.84308191 -0.16934458 -0.05869994
  0.35941328  0.54528665  0.47193004  0.42423112 -0.28372493 -0.88648038
 -0.05708987  0.6071207  -0.85048269 -0.70721149 -0.04777697  0.09930119
 -1.43153856 -1.05620922  2.89632805]
[ 1.          0.73547912  0.0358526  -0.38426018 -1.30763065 -1.02198301
 -0.05161689 -0.35796417  0.66780435 -0.07311039 -0.08949857  0.6433586
 -0.69993974  0.82715714 -0.84791055 -1.73826495 -0.84386886 -0.27991088
 -0.93113387 -1.07206369 -2.68369085]
[ 1.         -0.72672238 -0.95117418  0.31127107  0.25332636  1.53540303
  0.9338819   0.93050986  0.17409648 -3.71994362  0.11694887  1.02592544
 -0.62379681  0.79511221 -0.37306543  0.01118272 -0.07932437 -0.17733316
  2.29143633 -0.82149663  1.12112932]
[ 1.          0.36704933  0.06448902 -0.65487986  0.16634614 -1.46575758
  0.34801119 -0.35104384 -0.75284991 -0.46805502  0.64600464 -1.68476294
  1.6239306   0.2979861   0.91398486  0.70124792  0.03807441 -1.33336436
  0.28318407  0.50240192  0.32965849]
[ 1.         -0.73442973 -1.97632316  0.3135912  -0.63746814 -1.47643883
  0.33327376  1.50694059  0.97579279 -0.31565686 -3.35883559 -1.32120493
  0.74829625 -1.72158559  0.83694407  3.50461438  1.84836522  2.61249978
 -0.53535697  3.06352157 -2.570495  ]
[ 1.         -0.38109201 -0.48433933 -1.14273738  1.9215487   1.62691745
  0.01279061 -3.72367928 -0.78351375  1.80872012 -2.19440514  2.80553894
  2.95842162  0.2935545  -1.82810688 -1.53728487  2.60622139 -0.22700582
  1.76320058  1.04018085 -0.63970297]
[ 1.          1.78310691 -0.32810304  1.8916754   0.20894815  0.91141888
  0.6275554  -0.67912655  0.12964702  0.69703198  1.11377109 -1.61406447
 -1.35431998 -0.18617566  0.49603245 -1.07850747  0.53062916  1.09196737
 -0.2972546   0.33740677 -0.35117101]
[ 1.         -0.16493732  0.97680279 -0.71232619  0.02811285  0.71018535
 -0.33930435  1.61598646 -0.30127782  0.5385623  -0.3817062  -0.07011194
  0.31153639 -0.17984192  0.22514311 -0.62491766 -0.26982791  0.80917421
  0.36121674  0.815237    0.06371462]
[ 1.         -2.09524286  2.10921327  1.28578649 -1.24639935  2.82040862
 -2.58255875  1.08910408 -1.75779861  0.85091615 -3.49371286 -3.42111663
 -0.5109438   2.42869015 -1.09304386 -2.27330931 -3.59201211 -0.13370522
 -1.81798946  1.03079012  1.78579283]
[ 1.         -0.28529355 -0.4715949   0.15486444  0.25381642 -0.09508687
  0.36761966  0.97449627 -0.06839862 -0.95090663 -0.09748571 -0.49475617
  0.14956797 -1.22450599  1.01120342 -1.22027714  0.17901785  0.08096521
  0.71212784  0.68640486  0.02275549]
[ 1.          3.56849707  1.4950518  -0.67405119 -4.90010467 -0.53223829
 -1.12726476 -2.01866726  0.5974439  -2.34798161 -2.69880466  3.25334454
  0.15176296 -1.76902203  2.15011162 -1.00722189  0.97445792 -2.38544658
 -0.7048241   0.34505135  2.39121939]
[ 1.         -1.83678197 -0.66489038  0.99194171 -2.98235182 -1.0700328
  2.33223871  0.08518293 -1.12715496 -1.27148667  1.13206559  0.95310631
  1.39351799 -0.70463739 -4.01266379  1.48949276 -0.27781961  1.52490205
 -2.13789558  4.10958305  0.41907294]
[ 1.         -0.97777133 -1.69767146 -1.13178455 -1.22127183  2.2125002
  0.05609687 -1.11519785 -0.49816308  2.4903635   1.38166726  0.38137781
  0.33462309 -2.55298947  0.52617632  1.09873164 -2.29718269 -0.40196585
  0.65754824 -0.85222835 -0.53581268]
[ 1.         -0.41150144  1.19464736  0.77442692  0.51028111 -0.22237219
  0.04720811 -0.56598713 -0.62116616  1.29312368 -0.8589545  -0.65328326
 -1.85151101  0.59003624 -0.93202014  0.16324582  0.57519335 -1.34613016
  1.85284106  1.10620715 -0.10357954]
[ 1.          3.87647791  0.04993938  2.27595229  0.26764639  1.80729587
 -1.27036383  2.65749495 -0.59440017  0.87920662  1.26755884  1.46213025
  1.1785003   0.31217417 -2.0971199   2.25747664 -0.40749618 -0.90447971
  0.50363646  0.86511312 -0.21473323]
[ 1.         -0.82144007  0.76871279  0.85977703 -0.00234107 -0.76144974
 -0.33945858 -0.82386912  1.77058347 -0.03893382  2.1140506  -0.45319886
  0.28507424  0.27500525 -0.78351949  0.30956395  1.19839039 -0.31885884
  0.03004018  1.76332292  0.8783583 ]
[ 1.          0.42581834  2.0683056  -2.28221643 -0.07920088  0.35804153
  0.62215881  1.03954911  0.38986971  0.44758556  0.68663003  0.1402917
 -0.12376567  0.34703698  0.11680278  0.52883704  0.41249965  2.73770394
  0.5011987  -0.6933026   0.68487288]
[ 1.         -1.48901332 -2.5940702  -0.30544797 -2.19980676  0.32952524
 -1.81922338  0.85368552 -0.41818923  1.92380381  0.89715554  0.47396926
 -0.2489438   0.86509901  2.0097868   0.94256339  1.40121015  0.64747566
  1.90717703 -0.38252298 -1.10720634]
[ 1.         -1.68706367  1.08605751  1.41570855  1.04165557 -1.75255992
 -3.97399025  0.17286354  1.19210753 -0.39602572  2.10868153  1.89464418
  0.65944472 -1.74611087  1.27691231 -1.3752186   0.25201011  0.7309461
 -0.54941399  1.12432256  1.21600035]
[ 1.         -0.06318756 -1.28665418 -0.35888049  1.01251911 -0.65150663
  0.01176462  1.54874059  1.70086198  0.89137493 -2.54184782 -0.8353346
  0.37613394 -1.71755652 -1.05708386  0.78978694  0.28847275 -0.97235268
 -2.69373667 -1.44114777  2.55391646]
[ 1.          0.04705443  0.55869085  1.21069773  0.42379899  1.11967116
  0.63679596 -1.46945067  1.40738383 -0.1385664   2.1926483  -1.43159477
 -1.17108503 -1.23246116  1.17546716  0.20914251  1.79551694  0.29569142
 -1.67936175  1.71644722  0.9307449 ]
[ 1.         -0.04205044 -1.51293571  0.05871553 -0.18732175 -1.25119554
  0.04176081  1.13452692  0.50634396 -0.12448525 -2.29068563 -1.34639743
  0.70103677 -1.30487024  0.73341644  1.41439068  1.3404007   0.95897305
 -0.22104683  0.37334586 -0.08464429]
[ 1.         -0.69914663  0.00241864  0.49301962 -0.2099977  -1.06649477
 -0.61934544  0.00236381  0.99884172  0.26658038  0.86296489  0.77570695
 -0.06342632 -0.3670599  -0.48043023 -0.25107483 -0.98775089 -0.11473787
  0.20105555 -2.05915984 -0.96461933]
[ 1.          0.80462656 -0.48465799  0.41874145 -0.54321318 -1.92203486
 -1.1934491  -0.65229059 -0.15723984 -0.22781552 -1.26724155  0.25997396
 -1.10497509  0.35268965  0.35112869  1.00141663  0.83229102  0.26132182
  0.93754199 -1.32788787  1.26570092]
[ 1.         -0.5457158  -1.66929211  0.06752713  1.25790719 -0.00617573
 -0.14569939  0.13637143  0.82561998 -3.94852144 -1.26976766  1.10334292
 -2.03253264  2.09597405  0.77704599  2.31845392 -2.0455508  -0.14802556
  1.84331404 -0.1678421   1.28972089]
[ 1.         -0.0927829  -0.79020816 -0.38325174  0.87221726  1.04958043
  0.40458801 -1.2541268   1.00717466  0.58447282 -0.46381584 -0.01582657
  0.14333951 -1.69087091 -0.91073955 -0.14063611 -0.44837536 -0.36533428
 -0.54006015 -0.72538158  0.06724738]
[ 1.         -0.94564955 -0.75809423 -0.82214525 -0.66832417  1.75402596
  0.17993803 -1.69090226 -1.16697183  0.78263247  0.42478426  0.73891194
  0.96164778 -2.4033026  -1.16243811  0.86403972 -1.40996645 -0.19420959
  1.34329432 -0.5594587  -0.3023132 ]
[ 1.         -2.03856666 -3.89240509 -1.50039711 -4.25215751  1.79712316
 -2.18987673  1.91467183 -3.15258381  5.33289848  3.4669763   0.10450778
 -1.82157102  3.02637001  2.39027684 -0.33376185 -0.23564254 -3.99865707
 -2.78868673 -1.2416671   2.70506239]
[ 1.          0.18743306 -0.95607704  0.04467038  0.47027297 -0.08653952
  0.13710362  0.82220782  0.84603264  0.22656287 -0.92891598 -0.39409988
  0.83744737  0.16284884 -0.34659252  0.14837515  0.10997694  0.20265857
  0.06163862 -0.47352252 -0.46290873]
[ 1.         -1.08071415 -1.61899052 -1.21491392 -1.67548358  1.62300385
 -0.4044839   0.16476392 -0.8767839   1.8391006   0.96492471  0.50646576
  0.19141365 -0.03125736  1.14356905  0.79307742 -0.28956756  0.00780973
  0.313941    0.77134242 -0.12876821]
[ 1.          0.12590257  0.58922723 -0.66487738  0.87496342 -2.1232819
 -0.58639178 -0.4580504  -3.40870856 -0.53676188  0.22081481 -0.8525537
 -1.21959229 -0.63099279 -1.09756081  0.82496456  1.80644643 -0.43249257
  0.34800088 -0.83742998  0.17316452]
[ 1.          1.10067341  0.48171223  0.48017036  0.86445122  1.34273776
 -0.37746614  2.55868552  0.07706613  0.15393947  0.53004823  1.45497782
  0.17499066 -0.10579773 -0.81470995  0.99914897  0.40613294 -1.50557579
 -0.37766066  0.55832208 -0.98101217]
[ 1.         -0.51211436 -0.24361284 -0.71946051 -0.89591228 -1.41988507
  0.16478201 -0.26562738 -3.23224335 -2.09094431  1.11220165 -1.32290334
 -0.76318006 -1.05174855 -3.02590157  0.19354451  1.13507091 -1.29448639
 -0.68403069 -1.5728489  -0.83076933]
[ 1.         -0.23619426  0.91257732 -0.21052251  1.2269694  -1.21384546
 -0.33062999  1.58739968 -1.97266517  0.24346955  0.23204611  0.51252344
  0.02142136 -1.74764425  1.47750966 -1.62928792 -0.3934148  -0.7604604
  0.08396791  0.77540195  0.09989936]
[ 1.         -0.26720077 -0.74494439 -0.75228369  1.06244963  0.94594969
  0.21463912 -1.85425981  0.18382026  0.89743418 -1.49830229  1.56484022
  1.80169271  0.93533235 -0.73433814 -1.66875441  1.68796233 -0.42888054
  0.75666801  0.77055755 -0.19601787]
[ 1.          0.14481774  1.63034176 -2.08155986  0.79101653  0.0579619
 -0.11251147  0.29519565 -1.03735565  1.06009238  0.08607523  1.01080298
 -1.29875096 -0.01326175 -1.05631654  0.93361862  1.60007063  3.14478332
 -0.10612964 -0.8657875   0.61545735]
[ 1.          1.34387664  1.44625513 -1.6478321  -1.48385169 -0.44719062
  0.21220056 -0.15378253  0.99356489 -0.35977367 -0.05024333  0.24423014
  0.29110738 -0.20360042  0.57924578 -0.3994038  -0.28217514  0.46550472
 -0.12467332 -0.02132832 -0.58126729]
[ 1.          2.61646805 -0.963049    1.29427907  0.92982199 -0.24371758
 -1.23226562 -0.4796733  -1.55212623  0.13574361  0.51390848 -0.59201959
  3.15555343  1.47370241 -0.53002841  1.01677435 -1.83565286  1.71395614
  0.06059046 -0.07909819 -0.35858686]
[ 1.          0.2560168  -0.22474087 -0.02044599  0.95509664  2.26825867
  0.63081376  2.30484877  0.385568   -2.91523828  1.05593539  1.77170722
 -0.48598078  1.2404806  -0.90554459  0.51507231  1.84526531 -1.19409883
  0.72654885 -0.88847341  0.02018788]
[  1.00000000e+00   4.70979194e-02   1.21437981e-03  -1.23617041e+00
  -1.90893919e-02   5.10853460e-01   9.12354661e-02  -4.07752036e-01
   4.43945524e-01   2.56145593e-01   1.51624454e-02   3.09827060e-01
  -1.49463228e+00   1.51268396e+00   1.40670518e-01   8.13016500e-01
  -5.59753811e-01   1.78637541e-01  -1.59307555e+00   2.95024331e-01
  -5.81069327e-01]
[ 1.         -1.94803814 -3.52130285 -1.30583797 -4.01470655  1.14853326
 -1.66668218  1.34131257 -2.45534536  3.58086164  3.01799801  0.34782657
 -0.86726294  1.78049466  1.65166875  0.54126279  0.47267509 -2.32177576
 -0.51992615 -0.87448607  0.65757866]
[ 1.          0.50876783  0.17474301 -0.23997503  0.16833317  0.37262257
  0.32379144  0.02803128  1.05821172  0.00316965  0.50816114 -0.3273694
 -0.46963969 -0.33530708 -0.12140211  0.31748355  0.06841898 -0.49568036
 -1.10760963  0.07160732 -1.90919469]
[ 1.          3.20535472 -0.49717053  0.2809073  -4.24196695 -1.30264652
 -1.2937777  -1.24164929  0.02072785 -1.24626388 -2.67147304  1.60617075
 -2.16981322 -1.66922787  0.10734913 -1.85907057  0.50780742  0.38563657
 -0.0179504   1.08987995  0.30674781]
[ 1.         -1.38916072  3.23414801  1.16151375 -0.87826088  2.74907075
 -1.63031797 -0.4063238  -0.29611888 -1.30269224 -1.33722717 -2.05461621
  1.35637324  0.70763554  0.5417029   1.35277299  0.68668987 -1.45667168
 -2.13042833 -1.17082116 -1.29529186]
[ 1.         -0.27488513 -1.13359769  0.00839248  0.62706699  1.00845529
  0.39012633  0.09442366  0.61745981 -1.3841472   0.5393278   0.20405371
  0.24483015  0.62672922 -0.29136019 -1.57263308  1.07325928  0.07537833
  0.35849875 -0.09056382  1.04520011]
[  1.00000000e+00   2.26994494e-03  -9.75608301e-01  -1.27799418e+00
   1.11649554e+00   1.72775566e-02  -9.22291782e-01  -1.70768253e+00
   6.69990936e-02  -1.52866579e+00  -6.32886198e-01   1.56763132e+00
  -3.82808478e+00   4.01442084e+00   1.58305528e+00   2.96618129e+00
  -3.94077986e+00   1.37518318e+00  -2.99002902e+00   1.13525313e+00
   5.41918933e-01]
[ 1.         -0.60537026  0.46269289  0.47554617  1.36952107 -0.86144779
 -1.36567219  0.91890851 -0.87915449 -0.27313761  0.29696188  1.52215173
 -0.18040172 -1.74913038  1.28395855 -1.21584272 -0.9230686   0.2545384
 -0.69812504  1.27331294  0.39548425]
[ 1.          0.56703831 -0.43923009  1.34745918 -0.02898175  0.94839836
  0.66845198 -0.398895    0.15065466  0.02430513  0.680464   -1.43302338
 -1.28883929 -0.65672634  0.98323148 -1.4206438   1.09388428  1.46076236
 -0.35615126  0.70714879  0.83425572]
[ 1.          1.04114338  1.47877057 -1.1429534  -2.38477405  0.49084452
  0.10242326 -1.13443601  0.26699797 -1.42617177 -0.97983799  1.28423933
  0.81973628 -1.00455964  1.61099613  0.12948762  0.81331368 -1.67801949
 -0.56529548  0.64352573  0.92431806]
[ 1.          1.2585485  -0.52555552  1.01977621 -0.20379611 -0.03041717
  0.24364595 -0.26079429 -0.19209829  0.77725382  0.00742706 -1.23205638
 -0.22734404 -0.10095999 -0.01687425  0.33449439  0.09070354  0.15734102
  1.10234001 -1.01334961  1.93769079]
[ 1.         -0.07540549  0.12832912  0.48252486  0.20509887 -1.27639116
  1.03516777  0.05399326  0.31730359  1.11831238 -1.15938158  0.65378211
 -0.28434892  1.26872304 -0.26879504 -0.79893608  0.11312573 -0.8788982
  0.25693071  0.01835349 -0.34106823]
[ 1.          0.36150119 -0.27980662 -0.15373545  1.80745179 -0.88974648
 -1.19421292 -1.49789386 -2.15284299 -0.50385907  0.05890692  0.63766486
  0.72782261 -0.16501512  0.20209311  0.97470407 -1.21998077  0.63031697
 -0.27484389  0.58216474  0.2944339 ]
[ 1.          0.2456005   0.31569273 -0.60486825  0.55398784 -1.37856201
  0.71099648  0.99616175 -0.64842401  0.05300864  0.25535434 -0.89369503
  0.99369647  0.21306722  1.36548251 -2.41078775 -0.30163635 -0.3067942
  0.68715579  0.84412322 -0.26135907]
[ 1.         -1.1952723  -0.21172807  0.74523411 -0.60309471 -1.5230624
 -2.79338426 -0.3619276   1.9598446   0.42048504  0.786801    0.49807317
  0.04033976  0.35701026  0.31235155  0.76801423  1.46763648  0.39495505
  1.25646332 -1.69645317 -0.37074407]
[ 1.         -1.90920606  2.60419881  1.48724968 -0.9297773   2.06127706
 -1.9395561   0.57479098 -1.15529793 -0.18008539 -2.71251758 -2.44831187
  0.09394608  1.28177591 -0.88893792 -0.90128961 -1.78866033  0.20546679
 -0.0306444   0.49502941  0.19505277]
[ 1.         -1.67801078  0.92050204  1.32041635 -0.20017801 -1.17039
 -3.14771209 -0.81312753  2.30159409 -0.12400352  1.89572651  0.2839227
  0.83888303  0.23786417 -0.2252568   0.08707835  1.23442725  0.32378128
  0.33738094 -0.54941598  0.46078384]
[ 1.         -0.07148975  0.8025818  -1.10510808 -0.1289395  -0.47853714
  0.48576931  0.41813594  1.28187967  0.33527284  0.92483401 -0.44036032
  0.04416983 -0.27932646 -0.806629    0.15005133 -1.79545613  0.31729405
  1.78275972  0.18432283 -0.08539308]
[ 1.          0.38223003  1.3635444  -2.16401124 -0.31472107 -0.28920911
  0.75629866  1.03123422  0.78949442  0.56662052  0.57441054 -0.63622465
  0.71499535  0.55044404  0.2631409  -0.62819558 -0.87864766  1.6042262
  0.91781445  0.01684492  1.58766274]
[ 1.          0.40902016 -0.57799151  0.73329066  0.97264252  1.14795171
  0.53665367 -1.83965836  1.09687376  0.07356222  1.32551879 -1.1500037
 -1.71003489 -1.98464312  0.43636367 -0.02651805 -0.6919011   0.40902814
 -1.27795861  0.56877305  0.26249773]
[ 1.         -0.98682691  0.01461415  0.01120767 -1.46335296  0.59820373
  0.53235155 -0.17470159 -0.90199135 -1.80935353  0.26437749 -0.169158
  0.47664679 -1.45236709 -1.54388883  0.254038   -0.95640513 -0.24825839
  0.92199209 -0.20012438  0.19906247]
[ 1.         -0.55157514 -1.67174188 -0.02662849 -0.00670842  0.58770161
  0.50275307  1.02586062  0.0214118  -2.32700546  0.14329071  0.29542815
 -0.01805811  0.60398868 -0.61313486 -1.81024701  0.53079369 -0.25055404
  1.50338042 -0.22576942  0.58408209]
[ 1.          0.11468961 -1.27267541  0.03094523 -1.31670675 -0.31757036
  0.09060375 -0.14476077 -0.45978473 -0.18122899 -0.84375887 -0.69182294
 -1.46261798 -0.95063764 -0.3123535  -0.5714373   0.48609351  0.65008191
 -0.05133274  1.41471633 -0.75233786]
[ 1.         -0.84732072 -1.70022706  0.54026185 -0.8919287  -0.06857263
  0.1142786   1.41293897  0.14417695  0.36974168 -1.7068374  -0.30428154
  1.09781753 -0.44984094  1.37296936  1.62083424  1.21519781  2.67868717
  0.62777543  0.05545309 -1.87376324]
[ 1.         -0.24464499  0.27174078 -0.10329119  0.26766707 -0.61872234
  0.47783375 -0.27300322  0.65201341  0.8806163  -1.06452818 -0.60017069
 -2.24904521  0.87607686 -0.8404952   0.65806314 -0.57895952 -1.29441393
  1.98883382  1.74632176 -0.8256334 ]
[ 1.          0.2045183   0.72574428 -1.44083193  0.01713402 -1.64049038
  0.75567731  0.1008431   0.60746541 -0.08497572  1.58245597 -2.08466784
  1.7093874  -0.01563176  0.00995204  0.94533585 -2.28038867 -1.17161837
  2.8736889   0.92443043  0.31430528]
[ 1.         -0.11306157 -0.44800383 -0.51626299  0.4877187   0.57018318
  0.44148569 -0.67802421  0.91525485 -0.71539223 -0.14526663 -0.24979524
 -1.34096345  0.26670291  0.18407803  1.07805135 -1.34740773 -0.39723624
  0.9947514   0.88251233  0.30471465]
[ 1.         -1.47851031  0.96764503  2.98922262 -0.92055802 -2.44435774
  4.29756186 -0.21042331 -0.07970541  1.51890032 -0.10251889  3.05136294
  0.81873447  2.06402475 -0.54339674  0.2776345  -0.788405    0.14993351
 -1.61156323 -0.13295898  1.00570159]
[ 1.         -1.24819198 -1.24293605  0.44075668 -1.88175826  0.04508406
  0.78919524  0.71445663 -0.64473545 -0.02702078 -1.27139216  0.15075508
  0.60265382 -1.10800918  0.1151723   1.81616546  0.85185285  3.32030431
 -0.65414363  2.98830706 -1.9547559 ]
[ 1.          0.09259058 -1.79183254 -0.25586553  1.24275089 -0.6449122
  0.13284714  2.15607064  2.4024534   1.09938269 -3.47284953 -1.25110316
  1.31132441 -1.70246925 -1.58840015  1.08724182  0.48945809 -0.98933106
 -3.54162828 -2.65729632  3.01160427]
[ 1.         -0.18949627 -0.7070007   0.15950325  1.45586073 -0.72735563
 -0.81115043 -0.71158824 -0.14613993 -1.17255672  0.45982812  0.41131476
 -0.97723764 -0.5088105   0.58145673  0.08159916 -1.2754273   0.28899043
 -1.2438594   0.15725226 -0.09527028]
[ 1.          4.02883812 -0.42018891  2.3428162  -0.54590682  0.73626745
 -1.03822659  0.36756845 -0.70964349  0.74462739  0.74124033 -0.01616421
  0.91353651  0.39394538 -1.04555738  0.95834477 -0.74026587  0.7968277
  0.75610219  0.06672042  0.83247796]
[ 1.          0.11794801 -0.14138944 -0.89578976  0.22855645 -0.72068866
  0.52035802  0.25547273  0.0455543   0.39624819 -0.14648852 -1.0506434
  0.8050544   1.36958358 -0.1260345  -0.69895113 -0.06859455 -0.15934925
 -1.13600167 -0.85752078  1.35939896]
[ 1.         -2.04490809  2.68711889  1.37829793 -1.25118489  1.8657049
 -2.62450272 -0.20440701 -0.26931481 -1.06364249 -1.71684722 -2.23648383
  0.96574904  0.77715246 -1.17427144 -0.20966517 -0.78070634 -0.22651586
 -0.63032124 -0.2868994  -0.28217476]
[ 1.         -2.04270992  0.72322524  2.76178876 -1.95349013 -2.59026181
  3.89071731 -0.6178558   0.50803977  0.43252575  1.9879634   2.58502327
  1.71717781  1.50343618 -3.54954763  1.42957361  0.08321976  0.92708446
 -3.18165962  4.64155342  2.2852708 ]
[ 1.          1.39418226 -0.84100402  0.34823584  0.91951941 -0.66112133
 -0.48423097 -0.95931954 -1.27104627 -0.448479    0.93198412 -1.50684275
  3.53973933  2.41970065  0.56294169 -0.53119002 -1.12306397  1.00320242
 -0.73764092 -0.34259294 -1.55414485]
[ 1.         -1.14842669  0.95087158  2.51423997 -0.40360113 -0.84547862
  2.71081021  0.02305786 -0.66455949  0.67566181 -0.257088    1.6190612
  0.18636924  0.36288253  1.66316807  0.16730348 -0.92650153  0.37251914
  0.12167749 -2.77027555 -0.1484969 ]
[  1.00000000e+00   3.63136133e+00   4.13543267e-01   2.82040445e-01
  -3.45801903e+00  -1.07528984e+00  -1.33229763e+00  -1.09109581e+00
   3.66125290e-01  -9.79665273e-01  -1.71326389e+00   1.90984058e+00
  -6.53317947e-01  -6.31685267e-01   3.19113910e-01  -9.82985096e-01
  -2.87955211e-03  -2.24282205e-01   2.69292082e-02  -3.75763948e-01
   7.56226611e-01]
[ 1.          0.92958679  0.99126949 -1.37253906 -1.12104034 -0.67588498
  0.44788151 -0.01020949  1.89740509 -0.03193074  0.67452712  0.03195962
 -0.43603924 -0.02110758 -0.68710948 -0.91235095 -1.78971982  0.02097607
 -0.1510263  -0.53978836 -3.66020481]
[ 1.         -0.39866572  0.71183122  0.54497336  0.39946936 -0.38244932
  1.31112737  0.23206289 -1.04652803  0.00998157  0.38494607  0.08969122
  0.85269485 -1.56279467  2.35066569 -0.14027758 -0.5199219  -1.18112318
  0.12439744 -1.34545816 -0.2914035 ]
[ 1.         -0.32401231 -1.69760155 -0.2980371   0.15885834  0.2036133
 -0.65816553  0.20263013 -0.46672265 -0.04692198 -0.36127734  0.84010146
 -0.61601405  1.38289639  0.43636621 -1.71165209  0.18710241  0.16444591
  0.41097289  0.94775498 -0.70000025]
[ 1.          0.32018969  1.09241957 -1.31354488  0.42826659  1.29440302
  0.76848842  0.95879766 -0.0391564  -1.43382047  1.06837769  0.48955246
 -0.94358941  1.3605078   0.13121417  1.37395427  2.07131486  0.24309333
 -1.42729339 -1.43505116 -1.06366647]
[ 1.         -0.23718405  0.12522542 -0.66531203  1.23376725  0.92648175
 -0.19435074 -2.24382105 -0.99897687  0.9489395  -0.71372549  1.20456544
  0.94141928 -0.64162066 -0.88484139  0.30653574  0.45868075  0.24043874
  0.5664254  -0.00685604 -0.25193367]
[ 1.         -1.12049648  0.41770107  1.50559455 -0.39888985  0.66241653
  0.95754666  0.40069088 -0.77193409 -0.85415711 -0.69198921  0.54821395
  0.29520816 -0.24625729  1.4304672   0.20415426 -0.43403362  1.47624428
  0.17254324 -1.01184616 -0.2536    ]
[ 1.          0.20063293  0.66607805 -1.05899285  0.05498527  0.44068503
  0.87501828 -0.92615814  0.00832618 -0.64153558  0.43004966 -0.92083107
  1.18939921  0.67108638  2.54618147  2.23724413  0.38988522 -2.62397387
  0.12068526  1.51916303  0.60591486]
[ 1.         -0.33638799 -1.36170045  0.15043617 -1.19327795  0.30968434
 -0.01368799  0.17563546 -0.35867214 -0.31447079  0.05397274 -0.83548347
 -0.87650391 -0.94962753  0.48156106  0.31350022 -0.08690567  0.34762393
  2.52910453  0.50092857  0.46505321]
[ 1.          0.18493839  0.34032274 -1.90490593 -0.72532278  0.50658779
  0.53377785 -0.89854685  0.04415571  0.23174034  0.02206182  0.09358856
  1.55616407  0.8966733   1.88691338  0.73664898  0.4309708  -1.54995961
  0.12555004  1.76774294  1.10781152]
[ 1.         -0.26221175 -0.96956612  0.11473364  0.71143706 -1.22567106
 -0.19064716  0.63653642  1.52203639 -0.31089574 -1.45201524 -0.66491611
 -0.21649639 -0.03156566  0.24077046  1.36766975  0.10835152 -0.86177533
  0.20627257  0.21091546 -0.79001271]
[ 1.         -0.73903065 -1.14300839 -0.39871483 -1.89393062 -0.74742575
  0.34933242  0.29462941 -1.16401942 -0.84597863  1.15309533 -0.36846921
 -0.03844825 -0.06351439 -2.05252429 -0.51850645 -0.17507519 -0.94251639
 -0.71169882 -0.57065452 -0.01264446]
[ 1.          0.20403011  1.73108361 -2.16041633  1.39601953 -1.88686257
 -0.64816392 -0.18096728 -4.29217987  0.4364952   0.31257567  0.06875549
 -2.72448684 -0.73195841 -2.43072225  2.0219478   4.18338657  3.22738596
  0.35247103 -2.35334107  1.09350495]
