Cluster centers 

[ 0.34771767 -0.85333754  1.36463098 -0.15276229]
[-0.2870845   1.23581964  0.40959523 -0.85406942]
[ 0.404249   -1.07585526 -1.22779595  0.5309841 ]
[ 0.43083743  1.41504522 -0.68329792  0.7407999 ]
[ 1.41701649 -0.07036953 -0.85924113 -0.42386718]
[-1.91393653 -0.22237188 -0.49881882  0.28454751]
[ 0.47292208 -0.89918978 -0.03595953 -1.68595641]
[-0.40675618 -1.35743885  2.40514849  2.05442478]
[ 1.01162537 -0.31871597 -1.4133101   2.02915157]
[ 0.49222514  1.67907916  1.67187491  1.17470476]
[-1.36120939  0.29257532 -0.35648444 -0.31799531]
[ 0.65083674 -0.85507122 -1.00429209 -0.43290948]
[ 0.02656751  1.33207592 -0.26882723 -0.20368695]
[-0.83803106  0.66562253 -0.66630605  1.02021016]
[ 0.91206272 -0.31800619  1.39188027  0.53109369]
[-1.51216207  0.14251129 -0.0047698  -1.26027501]
[-0.36096311 -1.65681579 -1.05776467 -0.2241504 ]
[ 1.5511417   1.45140993 -0.98960101  1.13274074]
[ 1.2822822  -0.18009992 -0.01868507 -1.05468289]
[-1.927651   -0.19360893 -0.67379818  2.02206106]
[ 0.03751023 -1.37311392 -1.37199641  2.33940905]
[-0.49044339  1.01943275 -0.13946631 -0.56838413]
[ 0.10494735 -0.97266648  2.05387624  1.4568203 ]
[-0.24179977  1.33341412  1.17643106 -0.33261324]
[-0.37590979 -1.35303872  1.43080113 -0.75074363]
[-0.42203259 -1.48455416 -0.18289183 -2.13974249]
[ 0.79179446  1.70221504 -0.28672746 -0.00379133]
[ 0.38844855 -0.9031197   0.53155957 -1.43947194]
[-0.40947707 -1.37808784  1.91595106  0.41437542]
[ 1.04012407 -0.40828683 -1.30005771  0.9850197 ]
[-1.56277672 -2.03273729  2.54045075  1.05033255]
[-2.27090512 -0.5265366  -0.60351606  1.44439957]
[-0.68979744  0.80096592 -0.5558882   0.46203738]
[ 0.88133213  1.85780161  0.73299915  0.04338555]
[ 1.53681319  0.36467791  1.03627435  0.45738071]
[-1.33454427  0.30527931 -0.57608623  0.66959456]
[ 0.69830391 -0.49003989  1.61380619  0.8486393 ]
[ 1.57433272  0.21803018 -1.12995879  0.4337347 ]
[ 1.04574544 -0.29115226  0.86236022 -0.39634997]
[ 0.86102265 -0.64219877 -0.60896795 -1.14768719]
[ 1.3957351   0.46712337  1.6499563   1.8004628 ]
[ 1.95731147  1.84874192  0.08279173  0.13605596]
[ 0.14138085 -0.97831982  1.79557663  0.70604405]
[ 1.69714727  0.35421125  0.23635131 -0.5322529 ]
[-1.88530086 -0.30838293  0.76912229 -2.09476448]
[ 0.31368729 -1.1536218  -1.13452486  0.04414849]
[-0.45735351 -1.64452968 -0.80674767 -1.16755021]
[ 0.4911855  -0.82127253 -1.44070341  3.26131522]
[-2.01671371 -0.39784438 -0.29105268 -0.7940262 ]
[-0.93091178  0.65489534 -0.36807847 -0.18864813]
[-0.96800969  0.66132078 -0.00801887 -0.92364894]
[ 1.03659956 -0.46296987 -1.16785262  0.27998683]
[ 1.01407093  1.69779603  1.83028367  2.06601946]
[-1.26440413  0.3713808  -0.46419108  0.10457013]
[ 0.80350178 -0.59686978 -1.40177412  1.91003   ]
[-0.64928796 -1.88876763 -1.1406828   0.44498118]
[-0.43437779  0.94996678 -0.63754011  0.74993949]
[ 1.42581817 -0.0645899  -0.47421256 -0.87183663]
[ 0.6110518  -0.87463495 -0.82253481 -0.90888407]
[ 1.00061033 -0.15813417  1.58701371  1.13550394]
[-1.72548641 -0.0275282  -0.60284205  1.0079999 ]
[ 1.49079713  0.21452917 -1.27556109  1.08217852]
[-0.58819668  1.1086002   1.3233987  -0.43837382]
[ 0.11397453  1.5183355   0.73838424 -0.48049712]
[-0.08294793 -1.11076279  2.23079492  1.82902871]
[ 0.12043264 -1.01121741  1.63666714  0.25124486]
[-1.96619487 -0.42862454  0.10438408 -1.79131109]
[ 0.5166694  -0.74889812  1.08582994 -0.54245841]
[-0.40758093  1.18315782  0.71702541 -0.85907047]
[ 1.67893179  0.90615307 -1.24444143  1.5254578 ]
[ 0.05076227  1.42995942  0.23081855 -0.63503829]
[ 0.07374369  1.51721048  1.64783778  0.72749844]
[-1.81529423 -0.14008768 -0.42228354 -0.14182606]
[ 0.58204245 -0.73891383  0.68458277 -1.10663491]
[ 0.37072816 -1.09634253 -1.29043527  0.99624515]
[-0.28808076  1.12353689 -0.33520926 -0.15710026]
[-1.41858555  0.28895385  0.72167533 -1.65956642]
[-0.32289029 -1.6009642  -0.95560795 -0.679052  ]
[-0.57947967  0.98882099  0.1146489  -0.89449397]
[ 1.90063572  0.75253834 -0.97105118  0.30962002]
[ 0.56069338  1.68255725  0.13356994 -0.36076182]
[ 0.70944787 -0.79997645 -1.14322358  0.09267875]
[ 1.00150764 -0.4694609  -0.13948648 -1.28251184]
[ 0.01668145  1.18820483 -0.71627042  0.96404253]
[ 0.21412186 -1.21832277 -0.98418293 -0.57624825]
[ 0.44423019  1.55328401 -0.27454065 -0.09558296]
[-0.14977194 -1.27996139  0.269853   -2.03297063]
[-0.19245843 -1.18137512  2.40033053  2.32156033]
[ 0.24123479  1.38012565 -0.53124074  0.34663066]
[ 0.10014841 -1.31891709 -1.06698845 -0.25797623]
[-0.19368786 -1.44606081 -0.66684362 -1.4721564 ]
[ 1.92462926  0.63047665 -0.57626823 -0.35975093]
[-1.51812508  0.13923847 -0.70897969  1.86697134]
[-0.40487539  1.00749444 -0.50652927  0.27673226]
[-2.18138264 -0.48893185 -0.52722648  0.52496171]
[ 1.08865282 -0.43542327 -0.74373324 -0.83222997]
[ 0.39947221  1.62528207  1.84479867  1.48337154]
[ 0.24591741  1.60846996  1.23078192  0.15043349]
[ 0.74467487 -0.5028864   1.33693453  0.21328459]
[ 0.59849449  1.44230997 -0.77453025  0.99097779]

Populations

0.00880529264548
0.00848262399931
0.0112300981277
0.00831728535928
0.00726336192391
0.0189664122951
0.00710712518364
0.006693250557
0.00274029888905
0.0225447789835
0.0178952887652
0.0222737436062
0.00718511530948
0.00838505375405
0.023513855416
0.0069085695167
0.0118862507095
0.0168829882081
0.00365656622468
0.00270714428046
0.0335824245498
0.00908763505881
0.00347675356525
0.0120951125212
0.00351301462954
0.0129186589447
0.0131967109241
0.00911447311154
0.00832157863333
0.00655949747943
0.0141695093547
0.0146207384443
0.0141530011371
0.0101594551608
0.0127531800575
0.0107194242757
0.00429990795181
0.0125028764207
0.0189350474507
0.00504119306787
0.00448795387084
0.0106501319316
0.00408303416252
0.00253980609305
0.0202633468774
0.00288107286308
0.00437367671786
0.0157027995048
0.0239385211267
0.00758192565314
0.0374006751295
0.00895585123503
0.0095162930787
0.00835109537066
0.0140870356021
0.00871528381292
0.00879326713048
0.00653638942312
0.00988822492741
0.00767978960137
0.0102989055287
0.00627656415435
0.0144803540966
0.0035635760014
0.0138667182709
0.0288525149252
0.00403079745806
0.0108891906835
0.00937568098217
0.00752181649421
0.00869441209419
0.0166347983859
0.0080231724179
0.00469735508598
0.00322389918211
0.0145896247062
0.0037986447691
0.00767986725185
0.0137490094438
0.0178566970173
0.00350483271377
0.00802550584703
0.00911054774833
0.00450895579665
0.00808776722542
0.0121028992106
0.00524123538041
0.00554229026672
0.00370202497546
0.0145280533539
0.0091356614439
0.0083121973991
0.0045161288322
0.0192677238934
0.0072191063583

State labels

0
1
2
3
4
5
6
8
9
10
11
12
13
14
15
16
17
18
19
20
21
22
23
24
25
26
27
28
29
30
31
32
33
34
35
36
37
38
39
40
41
42
43
44
45
46
48
49
50
51
53
54
55
56
57
58
59
60
61
62
63
64
65
66
67
68
69
70
71
72
73
74
75
76
77
78
79
80
81
82
83
84
85
86
88
89
90
91
92
93
94
95
96
98
99

Eigen values

1.0
0.812451597408
0.796626531785
0.742476946901
0.724288823774
0.702428872141
0.697074352941
0.682257876336
0.665037936164
0.654582763539
0.630781051774
0.619620908615
0.601829470696
0.598373005364
0.567116249084
0.543862593566
0.529531989104
0.505373299654
0.485821127785
0.464931352027
0.441708068578

Left eigenvectors

[ 0.00880529  0.0123688   0.00565583  0.00667109 -0.00755461 -0.00881494
 -0.00379751  0.00478121  0.00677173  0.00610782  0.00855592 -0.00256076
  0.02063043 -0.00517186 -0.00831495  0.01532711  0.01828217 -0.01572836
  0.00168074  0.00346769  0.00781129]
[ 0.00848262 -0.00560974  0.01010858  0.02444173  0.02260745 -0.00165854
 -0.01364333  0.0073683  -0.00985252 -0.02734647  0.00428314 -0.00425816
  0.00228973  0.00525353  0.00819724  0.02833626 -0.00349042  0.03885705
 -0.00637544 -0.01053176  0.01363607]
[ 0.0112301  -0.00182047  0.00421494 -0.00989358 -0.00274362 -0.01394102
 -0.00314724  0.02141323 -0.01319119  0.01903382 -0.02436585 -0.00195114
 -0.00276759  0.00705094 -0.00057208  0.01003838 -0.0147305   0.00302914
  0.00585558  0.00516114 -0.00906919]
[ 0.00831729  0.00259337  0.00672915  0.01226687  0.01590011 -0.0029654
  0.00156102 -0.00300609  0.00477195 -0.00525267 -0.00143566  0.00869625
  0.00364952 -0.00080217 -0.00492788  0.0016236  -0.00768888 -0.01250957
  0.00129962  0.00471404 -0.00346925]
[ 0.00726336  0.00412062  0.00266212  0.00115832 -0.00623105  0.00641046
 -0.00592091  0.00120402  0.00662536 -0.01386427 -0.01193038  0.01115576
 -0.00946571  0.00725224 -0.00642862 -0.01011282  0.00779503 -0.01049884
 -0.0117193  -0.01471332  0.00279655]
[ 0.01896641  0.00816497 -0.00894858 -0.00073852  0.00967251  0.00261785
 -0.00797847 -0.01718378  0.01853265  0.01916597 -0.01440043  0.00483995
  0.0247475  -0.01604512 -0.02393904 -0.00180885  0.01263555  0.03334214
  0.00840926  0.00358753 -0.01511059]
[  7.10712518e-03   2.02950572e-03   5.24506018e-03  -3.64748354e-03
  -1.02443958e-05  -2.36139134e-03   2.41732095e-03   9.02604197e-03
  -2.16876956e-04   7.37332911e-03  -1.20006386e-02  -1.59805133e-02
  -1.43498893e-02  -1.06090251e-03  -1.43159808e-03   2.20215959e-03
  -2.00361638e-03  -6.08902328e-04  -1.96263779e-03  -1.46009164e-03
  -2.21533110e-03]
[ 0.00669325 -0.00062932 -0.00215223 -0.00305375 -0.00685947  0.01377192
 -0.00542161  0.00336541  0.00972303 -0.01350066 -0.0110288   0.01703638
 -0.00659595  0.0051005  -0.00123377  0.00241659  0.00917878 -0.00876686
 -0.01002154 -0.01005908 -0.00513805]
[ 0.0027403  -0.0027951  -0.00118197  0.00464517  0.0047326   0.0025117
 -0.01848745  0.00663422 -0.0117588   0.01072404  0.00622206  0.00297398
 -0.00660644 -0.00097079 -0.00041496 -0.00923239  0.0050045  -0.00600134
 -0.00021565  0.00129744 -0.00580751]
[ 0.02254478  0.0094761  -0.000419   -0.01012165 -0.00090575 -0.00120501
 -0.01042952  0.01255497  0.02813056 -0.00327423  0.00558996  0.01978946
  0.00193791 -0.05900398  0.04616456 -0.00967758 -0.02953729  0.00168235
 -0.00439518  0.00427362  0.0236133 ]
[ 0.01789529 -0.03444893  0.00539699  0.01933628 -0.03527369  0.03852465
  0.00394649 -0.01545459 -0.00486527  0.01285632  0.01178316 -0.01108245
  0.01486709  0.00443817 -0.00420608  0.01190953 -0.03824529 -0.01011416
 -0.00432942 -0.00856362 -0.00341406]
[ 0.02227374 -0.00362663 -0.03625193 -0.00449188  0.00514118 -0.00291751
 -0.0060032  -0.00455959 -0.00518591  0.00594778 -0.0048476  -0.00352248
  0.00520335 -0.00391975 -0.00674097 -0.01201278  0.013604    0.02387683
 -0.01288299  0.03749368  0.00232115]
[  7.18511531e-03  -9.48890957e-03   8.63311079e-06   9.11084227e-03
  -4.00058493e-03   1.31918079e-02  -1.36746361e-02  -5.78884659e-05
  -6.20515495e-03   8.75798514e-03   2.99301280e-03  -4.35610908e-04
  -8.87059225e-04  -4.92925214e-04  -1.27068624e-03   2.20787769e-03
  -5.66588205e-03  -1.24812699e-03   3.97591711e-03   3.39084073e-03
  -2.38913006e-03]
[ 0.00838505  0.00190694  0.00623176  0.00214944 -0.00596664 -0.00996894
 -0.00234884  0.01265448  0.00800502  0.00292937  0.00242083 -0.01540096
  0.01449236  0.00512898 -0.00488009  0.01140744  0.01656667 -0.01492875
 -0.00737822  0.00840776  0.008     ]
[ 0.02351386 -0.0022586  -0.02136876 -0.02293483  0.01167868 -0.01445689
 -0.01585217 -0.01775176  0.00262128 -0.00271932 -0.00634897  0.0031989
  0.00951155  0.00749306 -0.03389379  0.00141922 -0.01501566  0.00923973
 -0.00023289  0.00475871  0.00962923]
[  6.90856952e-03   1.37250742e-02  -2.62667744e-02   1.75874009e-02
  -1.68267550e-03  -1.59132397e-03   1.43849510e-02   7.53347227e-03
  -6.11902334e-03   1.10750459e-03   5.57778085e-03  -4.68635587e-03
  -1.25497287e-05  -2.48536793e-03   2.22303212e-03   5.81599660e-04
  -5.43617288e-03  -6.56533422e-03   7.02318285e-04  -1.27779803e-02
  -8.08626837e-03]
[ 0.01188625 -0.00824587  0.00874402  0.00901338 -0.00815489 -0.00964954
  0.01478143  0.00767029  0.0145604   0.01172572  0.02145075  0.0226607
 -0.00701186  0.01008983 -0.00870975 -0.01809248  0.00193174  0.02212559
  0.01681625 -0.01093741  0.00469675]
[ 0.01688299 -0.01757915  0.00877157  0.00922124 -0.01168615 -0.00528219
  0.00988403 -0.00311964 -0.0072714  -0.01618395 -0.00485795 -0.01550858
  0.00291533 -0.00936487  0.00177563 -0.02638883  0.01368653 -0.00322959
  0.01233822  0.01630433 -0.00346665]
[ 0.00365657  0.00259949  0.00181555 -0.00048977  0.00642935  0.00012869
  0.00273182 -0.00536257  0.00079108  0.00340369 -0.00011559  0.00025166
  0.00038466  0.00610337  0.00262312 -0.00054809 -0.00502781 -0.00340391
 -0.00169019 -0.00181983 -0.00998212]
[  2.70714428e-03  -2.44343211e-03  -1.72976602e-05   6.61360331e-03
   5.94856729e-03   3.04733859e-03  -1.87951335e-02   6.55143044e-03
  -1.09687884e-02   9.15992260e-03   7.06316926e-03   3.81167383e-03
  -5.67802863e-03  -1.28509560e-03  -1.06485875e-03  -7.66057695e-03
   4.92675830e-03  -4.87356795e-03  -2.21151498e-03  -2.27880896e-03
  -2.63419833e-03]
[ 0.03358242 -0.01849283 -0.01934032 -0.03657782  0.00460608 -0.0198387
 -0.02102891 -0.00861243  0.00227951 -0.01156128  0.01882028 -0.0191384
 -0.01161779  0.00533538  0.03756674  0.00294131 -0.00235331 -0.01751229
  0.0451314  -0.00892056  0.01798862]
[ 0.00908764 -0.00826135  0.00035339 -0.00292574 -0.00215522 -0.00586981
  0.00431292 -0.00434227  0.00103708 -0.00109808  0.0072572   0.00049635
 -0.00495405  0.00064724 -0.00087244 -0.00944587  0.00413522  0.00295299
  0.00460824 -0.0011111   0.0042551 ]
[  3.47675357e-03  -5.69740038e-04   2.84392138e-03   7.11900706e-04
  -1.44794346e-04   5.17301325e-04   1.42578518e-03   2.41494106e-03
   9.82884501e-04  -2.74976400e-03  -1.33728984e-03  -6.75136780e-03
  -2.76453726e-03  -1.18887985e-03  -3.30583486e-03  -3.36310456e-03
   3.16883496e-04   4.46591967e-04   2.74313702e-03  -5.66602187e-05
  -1.18368272e-03]
[ 0.01209511 -0.0031845   0.00509247 -0.00245038  0.01456397  0.01042778
  0.00581614 -0.01161691 -0.00442231  0.00456005 -0.0067889  -0.00940521
  0.01813892  0.01211295  0.01434205 -0.01211892  0.00129025 -0.01576499
  0.00021744 -0.02718107  0.01863892]
[  3.51301463e-03  -4.90643603e-05   2.38279457e-03   1.50271311e-03
   5.93915343e-03  -1.06095466e-03   6.30397306e-03  -1.38510000e-03
   4.43038957e-03   6.22397285e-03   4.06617172e-03   2.61126688e-03
  -9.01521733e-03   6.72058757e-03   2.41753364e-03   6.24888663e-03
  -8.62411649e-04  -4.10866420e-03  -5.49933997e-03   4.73993776e-03
  -3.78312065e-03]
[  1.29186589e-02   3.70935224e-02   1.54481827e-02   6.37524734e-05
  -2.61511121e-02   1.97129947e-04  -5.32784014e-03  -2.30696764e-02
  -2.52420019e-02  -6.26773188e-03   8.67095074e-03   2.82298008e-03
  -1.05903998e-02   9.54193639e-03   1.17192894e-03   3.90828496e-03
   9.78396459e-03   6.59601742e-03  -3.95088205e-04   5.66320073e-03
   9.78266315e-03]
[ 0.01319671  0.00847784  0.0023536  -0.01076113  0.01008062  0.00097032
 -0.00079867 -0.01971038 -0.00472216  0.00812098 -0.00362899 -0.00480562
  0.01240835  0.01858061  0.01242657 -0.01040962 -0.00510133  0.00260923
  0.00312633 -0.01360286 -0.00675415]
[ 0.00911447  0.00591106  0.00332361 -0.0085768  -0.00931871  0.00173095
 -0.00502576  0.02052512  0.00794046 -0.00984585 -0.00245643  0.01615624
  0.00969869  0.00643845  0.01614012 -0.00756782 -0.01136363 -0.00072465
 -0.00415323  0.00446578 -0.00979057]
[ 0.00832158 -0.00628866 -0.0056316   0.00073649  0.00262831  0.00139661
 -0.0207203   0.0074288  -0.01389823  0.01456023  0.00224374 -0.00045092
 -0.00675909  0.00039579  0.00181307 -0.00704819  0.00103632 -0.00350918
  0.00608336  0.01056164 -0.00748621]
[ 0.0065595  -0.01003999  0.00341019  0.00531892 -0.01221521  0.00639589
  0.00018871  0.00031417 -0.0004031  -0.00189401  0.00435688 -0.01376103
  0.00573333  0.00172078 -0.00123324  0.00347108 -0.01162686 -0.00100713
 -0.00287879 -0.00348831 -0.00697617]
[ 0.01416951 -0.00162441  0.00565156 -0.00643532  0.00556008 -0.00558578
  0.00632132  0.00969328  0.00726488  0.02046892 -0.00805657 -0.01778765
 -0.01229881  0.01160821  0.0105145   0.01368531  0.0163403  -0.00641348
 -0.01240109  0.01307684  0.00874396]
[ 0.01462074  0.00917371  0.01157324  0.00251184 -0.01222449 -0.00509931
 -0.00104169  0.00568458  0.00510202 -0.00660664 -0.01513709 -0.03254632
 -0.0323809  -0.01437037 -0.00310419 -0.01243758 -0.00091556  0.00505144
 -0.00771703 -0.01878672 -0.01354154]
[ 0.014153    0.0099189  -0.05298991  0.01550251 -0.0005427   0.00115049
  0.01256919  0.01116617 -0.00943564 -0.00557578 -0.00440473 -0.00433493
 -0.00100149  0.01373103 -0.00090129 -0.01001304 -0.00154991  0.0079976
 -0.004996    0.01222253  0.01280973]
[ 0.01015946  0.01630122  0.01100256  0.00327733 -0.01607483  0.00059278
 -0.00401302 -0.00811277 -0.0057353  -0.01182038 -0.00704179 -0.00545569
 -0.022402    0.00145477 -0.00548402 -0.01262419  0.01011068  0.00189045
 -0.00593429 -0.0119895  -0.00058906]
[ 0.01275318 -0.02033007  0.00431687  0.0011264  -0.00671769 -0.01350098
  0.02022006 -0.00460006 -0.02424612 -0.00213826 -0.00915917  0.01815601
  0.00293261 -0.01440438 -0.00014673 -0.00292516  0.01377794 -0.00277351
 -0.00562941  0.00034042  0.0083345 ]
[ 0.01071942  0.00117707 -0.00023609 -0.00781067  0.01397401  0.00885501
  0.00303751 -0.0146564   0.00147541  0.01381723 -0.00930092 -0.00884056
  0.0229433   0.00737733  0.01774171 -0.01446993  0.01871511  0.01495481
 -0.00989205 -0.01978623 -0.00854137]
[ 0.00429991 -0.0020875  -0.00674955  0.00041412 -0.00393485  0.00968025
 -0.00336701 -0.00097171  0.00568572 -0.0035719  -0.00839669  0.00535177
 -0.00305421  0.00627043 -0.00170457  0.00961033  0.00376439 -0.00038371
  0.01089452  0.00318741  0.00317602]
[ 0.01250288  0.03506343  0.0102462   0.00445977 -0.02083261 -0.00297722
 -0.00246523 -0.01715017 -0.01833249  0.001259    0.01480966  0.00357063
  0.00317898  0.00169247  0.00113009  0.01597723  0.01111909 -0.00306231
  0.0045313   0.00561752  0.00630225]
[ 0.01893505  0.01907864  0.00828016 -0.00690335  0.00864759 -0.00094359
 -0.00332195 -0.01018295  0.00515184  0.01177526 -0.01514154  0.00116517
 -0.00306388 -0.00908816 -0.02095298 -0.00880313 -0.04110729  0.01192877
 -0.00963095  0.01870236  0.02099672]
[ 0.00504119  0.0016458  -0.00151896 -0.00267754  0.00639608  0.00353518
 -0.0004185  -0.00845083  0.00412771  0.00888755 -0.00651446 -0.00245139
  0.01453625 -0.00046661  0.00214343 -0.00687624  0.01163916  0.01567081
 -0.00270456 -0.00931944 -0.00909337]
[  4.48795387e-03  -8.53770982e-03   2.22625922e-03   5.14458602e-03
  -8.81131419e-03   6.99085642e-03   2.42854675e-03  -3.76371820e-03
  -2.29488261e-03  -1.09465692e-05   1.79444061e-03  -5.41633445e-03
   4.08824782e-03  -7.24726312e-04  -7.04083257e-04  -2.40384267e-03
  -7.38652552e-03  -3.59354417e-03   1.62317559e-03   1.36633831e-03
  -2.00189904e-03]
[ 0.01065013 -0.00237211 -0.00205044 -0.01393963  0.001443    0.00823691
  0.00112805  0.005868    0.00221779 -0.0136603   0.00715701  0.01438009
 -0.00235143 -0.01053821  0.00344133  0.00258819  0.00676407 -0.00135228
 -0.02288278 -0.00374949 -0.0083127 ]
[  4.08303416e-03   3.34010165e-03   2.18388979e-03  -2.56038408e-05
   3.68205515e-03  -6.35405954e-04  -2.85193044e-03  -1.82713338e-03
   2.46876887e-03   1.94774597e-03  -4.62171151e-03   1.21965719e-03
   2.19234470e-03   4.95541170e-04  -9.46415485e-03  -4.00870894e-03
  -1.09813999e-02  -2.89690802e-03  -7.23693469e-03   1.85491922e-03
   1.49976263e-02]
[  2.53980609e-03   2.54419662e-03   3.07550971e-03  -8.10205921e-03
   6.99640108e-03   1.35280739e-02   8.52388944e-03   1.02594654e-02
  -5.48943738e-03  -1.54036003e-03   4.92970142e-03  -4.60120414e-03
  -9.14052024e-04  -5.65201527e-03  -1.17159999e-02  -4.86097805e-05
   1.50216634e-03  -2.83665229e-04   7.62346418e-03   2.54098904e-04
   6.28844120e-03]
[ 0.02026335  0.01051826  0.0119858   0.01107519  0.03512354 -0.00039141
  0.0211807  -0.01126132  0.01208807  0.01223584  0.00425899  0.00830152
 -0.01475022  0.0127573  -0.00153398  0.01127925 -0.02099846 -0.02174902
 -0.01298731  0.0099263  -0.03712275]
[ 0.00288107  0.003291    0.00339988 -0.01111695  0.0077112   0.01691354
  0.00990175  0.01304581 -0.00770699 -0.00342063  0.007899   -0.00223991
  0.00144056 -0.00588229 -0.01133259 -0.00027184  0.00336146  0.0010882
  0.00597558  0.00018611  0.00332491]
[ 0.00437368 -0.0009316  -0.00267496  0.00097041 -0.00189203  0.00851958
 -0.00342971 -0.00478268  0.00763463  0.00333992 -0.00803697  0.00383105
  0.00328128 -0.00224619 -0.00676959  0.00778412  0.00608245  0.00817679
  0.00989734  0.00324356 -0.00744439]
[ 0.0157028  -0.02341591  0.00950923  0.0107016  -0.0163611  -0.00467503
  0.02689899 -0.00219054  0.00583004  0.02009777  0.0285112   0.02689785
 -0.01445673  0.01358823 -0.00644184 -0.01429584  0.00047957  0.0237114
  0.01455382 -0.01660454  0.02664829]
[ 0.02393852 -0.01162457 -0.01304223 -0.00870963  0.00131006  0.00557045
 -0.00185141 -0.00909273  0.00344346  0.00965754 -0.00837069 -0.01173604
  0.0031062  -0.01618971  0.02534091 -0.00777742  0.02413355  0.0144822
 -0.01127215  0.03512361  0.00701193]
[ 0.00758193 -0.00629229 -0.00108394  0.0050894  -0.00494093  0.01298826
 -0.00685946 -0.00344052  0.00308591  0.00256352 -0.00642858  0.0008067
 -0.00399715 -0.002462   -0.00033491  0.00227587  0.00599244  0.00289628
  0.0099966   0.01070762 -0.00485995]
[ 0.03740068 -0.03241699 -0.01943691 -0.0377182  -0.00166839 -0.02782562
  0.00439202 -0.01595987 -0.00949253 -0.02885929  0.03346372  0.01200525
 -0.00818717 -0.02016172 -0.01913731  0.00653127  0.01969107  0.00296351
 -0.0499474   0.01005019 -0.02548639]
[ 0.00895585  0.00395222  0.0064508  -0.00607398  0.01094715  0.0118773
  0.00980354  0.00667828 -0.0002994   0.00447319 -0.00445025 -0.01355883
 -0.00921987 -0.0047116  -0.01004563  0.0007596  -0.00586648 -0.00491614
  0.00680327  0.00023286  0.00918089]
[ 0.00951629 -0.00905684 -0.01039623 -0.0205545   0.00332911 -0.0159696
 -0.00788845 -0.01242925 -0.00161314 -0.0143643   0.01699059 -0.00042502
 -0.00369785 -0.00334927 -0.01754282  0.01089    -0.00327357 -0.00899341
  0.00546086 -0.01405249 -0.01177256]
[ 0.0083511  -0.00444049  0.00283707  0.00032065  0.0043919  -0.00614413
  0.01089116 -0.00115682  0.00759573  0.0068584   0.0137613   0.01038616
 -0.01266492  0.0079129  -0.00227646  0.00188463  0.00212994  0.00339143
 -0.00692323  0.002565   -0.00622724]
[ 0.01408704  0.00376124  0.00581941  0.00581275  0.01240972 -0.00251132
 -0.01194564 -0.00050401  0.00778819 -0.00065793 -0.0086592   0.00462526
  0.01247254  0.01004796 -0.02191428 -0.00864969 -0.00786611 -0.02119613
 -0.01788659 -0.00970636  0.03124358]
[ 0.00871528  0.00214244  0.00419321 -0.00692293  0.01443309  0.01028239
  0.00856152 -0.00015332 -0.00078395  0.00721382 -0.00059443 -0.00432573
  0.00725998  0.00842219  0.01101367 -0.0010352   0.00913495 -0.00128947
 -0.01265264 -0.01043881 -0.00624949]
[ 0.00879327  0.00552372  0.00670441  0.00179834 -0.0003084  -0.00220539
 -0.00014255 -0.00267889  0.00549163 -0.00019005 -0.01106141 -0.01087694
 -0.01444682 -0.00602144 -0.01039513 -0.01529326 -0.00803818  0.00586093
 -0.00401305 -0.00337706 -0.00306576]
[ 0.00653639  0.00564154  0.00458406 -0.01685306  0.00796849  0.02002334
  0.01012545  0.01471833 -0.00942508 -0.00606339  0.01008496  0.00451434
  0.00577461 -0.00220218 -0.00085422 -0.00052083  0.00419033  0.00299114
 -0.00490322 -0.00020711 -0.00799757]
[ 0.00988822  0.01496653 -0.04676982  0.02253252 -0.00167585 -0.00066001
  0.0195648   0.01323196 -0.01125223 -0.00250748  0.00233353 -0.00732999
 -0.00069672  0.0069931   0.00165396 -0.00694294 -0.00724742 -0.00113888
 -0.00337864 -0.00536681  0.0011508 ]
[  7.67978960e-03  -3.52148427e-03  -2.16099271e-05  -4.95697261e-03
   3.13647147e-03  -1.48587374e-03   2.93418041e-03   1.20089100e-03
   7.07602785e-03   8.95010297e-03   2.30460709e-03  -6.75896669e-03
  -1.54882566e-02   5.96446864e-03   1.32840068e-02   1.30675335e-02
   9.50338969e-03  -4.94841963e-03   3.05291241e-03   7.09226794e-03
   1.28074815e-02]
[ 0.01029891 -0.01614995 -0.00235201 -0.00265894 -0.00902693  0.00048571
  0.00824158 -0.0094878  -0.01121171 -0.00010089  0.00329772  0.00387667
  0.00545173 -0.01348208  0.00168062  0.00268971  0.00312151 -0.00127538
 -0.02906042  0.01545499 -0.00170144]
[ 0.00627656 -0.0012963   0.00100818  0.00243237  0.00892336  0.00438683
 -0.00058448  0.0011392   0.0008413  -0.00095988  0.00164422  0.00135631
 -0.00351888  0.00518849  0.00648066  0.00862657  0.00306088  0.00252164
 -0.00730062 -0.00607197  0.00644413]
[ 0.01448035  0.02545544 -0.00860332  0.01931663 -0.00269813 -0.00431289
  0.01009171 -0.00154191  0.00284709  0.00895003  0.01303848  0.00056607
  0.00142183 -0.02223619  0.00295792  0.01616431  0.0005211  -0.01452116
  0.00882039 -0.01902591 -0.02061381]
[ 0.00356358 -0.00467361  0.00333409  0.00447056  0.00158454 -0.00224072
  0.00528837 -0.0029615  -0.00578292 -0.0076288  -0.00441682 -0.00043797
  0.00397209 -0.00291154  0.00333562 -0.01036211  0.00667209 -0.00781355
  0.00957139  0.00905083  0.0032402 ]
[ 0.01386672 -0.00090738  0.010746   -0.00268888 -0.01652937 -0.01746469
 -0.00383678  0.03852736  0.01290627 -0.00094443 -0.00041608 -0.00052961
  0.02293164  0.02074295 -0.0002282  -0.00763815 -0.00643341  0.00253963
  0.00302501  0.00759179 -0.01565351]
[ 0.02885251 -0.01799846  0.01490299  0.00481673 -0.02258705 -0.01875272
 -0.00468155  0.02445967  0.00488194 -0.02926234  0.00580489 -0.05536255
  0.00718115  0.00214051  0.00029305 -0.00160694  0.00436669  0.01055466
 -0.00539829 -0.00106511 -0.020874  ]
[  4.03079746e-03  -2.19728373e-03  -1.02208753e-03  -4.10786385e-03
   2.99030824e-03  -2.63014109e-04  -1.22000400e-03  -3.07510589e-03
  -5.74034295e-04  -4.54121092e-04   8.92827626e-04  -4.21408251e-03
   2.31912227e-03   3.19900989e-03   8.12973915e-03  -2.37947570e-03
  -2.88086971e-05  -6.49829292e-03   7.02420869e-03  -8.74641806e-03
   8.32904164e-03]
[ 0.01088919 -0.00334741  0.01341663  0.02480549  0.02670441 -0.00482001
  0.00522626 -0.00545267 -0.00573248 -0.02579002 -0.00686932  0.00927257
  0.00228728  0.00173673  0.0026901   0.00348892 -0.00542207 -0.00562759
  0.0131966   0.01688934 -0.00974813]
[ 0.00937568  0.00821157  0.00078906  0.00314378 -0.00383997  0.00028253
  0.00091269  0.00326065  0.00928635  0.00138974 -0.00233066 -0.00924871
 -0.01458751 -0.02317588  0.01164561  0.0039262  -0.0027351  -0.00314481
  0.00195037 -0.01154742 -0.00485275]
[ 0.00752182 -0.00818782  0.00721533  0.00975201  0.00965109 -0.00424022
  0.01098127 -0.00698885 -0.01273975 -0.01369571 -0.00940196  0.0054314
  0.00859614 -0.00320831  0.00702665 -0.01202634  0.00874585 -0.01486899
  0.01390633  0.01041523  0.00734685]
[ 0.00869441  0.00296305 -0.00131857 -0.00863046  0.00362178 -0.00703783
 -0.00501652 -0.00036561 -0.00190656  0.00778726 -0.01268666  0.00047934
  0.00066419  0.0016361  -0.01508534  0.00125722 -0.02205223  0.00768042
 -0.00100267  0.01013579  0.00706594]
[ 0.0166348   0.04100329  0.01612711 -0.00865166 -0.02022715  0.0030539
 -0.00474422 -0.02317538 -0.02811434 -0.00093641  0.00988457  0.00823236
  0.00195599  0.01518     0.00740368  0.00418416 -0.00721376  0.01212106
  0.00135111  0.01657974  0.00791982]
[ 0.00802317 -0.00355512  0.00342083  0.01551756  0.01166847  0.00532159
 -0.02334277  0.00699449 -0.0086536   0.00397506  0.00812982  0.00527104
 -0.00079966 -0.00170875 -0.00237165  0.00251547  0.00072672  0.00309777
 -0.0057683  -0.01016371  0.01027268]
[  4.69735509e-03   4.35875806e-04   5.51565715e-03   9.33845258e-03
   1.37450108e-02  -1.64891355e-03   4.99864195e-03  -3.62302316e-03
  -4.46004510e-05  -7.11709850e-03  -1.79701459e-03   4.90406729e-03
  -1.75134129e-03   2.96122416e-03   8.08080429e-04   3.71232389e-03
  -6.62888002e-03  -7.19940174e-03   3.42030062e-03   1.07048217e-02
  -1.41343701e-02]
[  3.22389918e-03  -4.05082263e-03   1.97113894e-03  -2.97640819e-03
  -2.72214363e-03  -9.33647177e-03   4.92284106e-03   7.47689187e-03
  -1.51108625e-02   8.40696668e-03  -1.82144188e-02   8.50908078e-03
  -9.49654904e-05  -4.36242521e-03  -7.40971618e-04   1.10324045e-02
  -1.49502556e-03   6.44548974e-04   2.06777859e-03  -1.05748076e-02
  -1.24104268e-03]
[ 0.01458962  0.00367517  0.0059793   0.00105835  0.00996558 -0.00321415
  0.00185615 -0.0090251   0.0098591   0.00806828 -0.00935667 -0.0054586
 -0.0045368   0.00494296 -0.01105142 -0.01431485 -0.00073972  0.00126123
 -0.00525484 -0.00214958 -0.0037328 ]
[ 0.00379864 -0.00597775  0.00165969  0.00297413 -0.00385886  0.00892652
  0.00175372 -0.00501818 -0.00176127  0.00339829  0.00110748 -0.00417423
  0.00688636  0.00343537  0.00212826  0.00011712 -0.00906877 -0.00640707
 -0.00110101 -0.00953215  0.00415368]
[ 0.00767987  0.01233329  0.00623106 -0.01372683 -0.00480399  0.00846146
  0.00045479  0.00955944 -0.01038732 -0.00540003  0.00489204  0.01067198
  0.00784825  0.00872621  0.01324602 -0.00160786 -0.00983251  0.00598937
  0.00143973  0.00976988 -0.01247841]
[  1.37490094e-02   1.61982886e-04  -2.68227408e-02  -3.06787914e-03
  -2.10709026e-03   7.28586122e-03  -5.73303487e-03   3.27837810e-03
   5.88937747e-03  -1.37971318e-02  -1.22809170e-02   9.52861631e-03
  -5.28290905e-03   1.96843736e-02  -4.36576509e-05   5.03586747e-03
   1.87240524e-03  -2.01806281e-03   9.44626416e-03   2.55977524e-03
   1.77651151e-02]
[  1.78566970e-02  -3.40299475e-04   1.36220261e-02   1.55952528e-02
  -3.32671982e-03  -3.90439180e-04   2.44012742e-03  -4.38727067e-03
   7.31188623e-03  -1.41247992e-02  -1.03993941e-02  -2.26275614e-04
  -1.63532656e-02  -4.88959570e-03  -1.28770334e-02  -2.98437484e-02
   9.71138494e-03   4.07522352e-03   1.38537568e-02  -1.23334640e-06
  -8.34082424e-03]
[ 0.00350483  0.00194958  0.00121987 -0.00673522 -0.00089351 -0.00099898
 -0.00151344  0.00440844 -0.00506147  0.00146244 -0.00185721  0.0011624
  0.00185564  0.00567084  0.00839793  0.00097802 -0.007576    0.0013701
  0.00803941  0.00279274 -0.0068851 ]
[ 0.00802551  0.01034446 -0.00099472  0.00797259 -0.00036751 -0.00384107
 -0.00097595 -0.00139129  0.00895826  0.00871525  0.00518366  0.00327312
  0.01412977 -0.01612232 -0.00731311  0.00982363  0.01007611 -0.00284008
  0.00845306 -0.00631739 -0.00733448]
[ 0.00911055 -0.00132134 -0.00087326 -0.00146864  0.00070361  0.01001443
  0.00121392  0.00043208  0.00911426  0.00526105 -0.00605192 -0.00733106
 -0.01425919 -0.00688824  0.00997983  0.01432085  0.00818703 -0.00179343
  0.00719057  0.0048957   0.00731691]
[ 0.00450896  0.00233272 -0.00010519 -0.00272645 -0.00025011 -0.0003431
 -0.00299237  0.00368042  0.00845984 -0.0010004   0.00177239  0.0063876
  0.00064401 -0.01972147  0.01628046 -0.00355883 -0.011156    0.00066578
 -0.00180938  0.00183839  0.01069181]
[ 0.00808777 -0.00114795 -0.00270863 -0.0125655   0.00244183 -0.00455155
 -0.00545002 -0.00362109 -0.00311723 -0.00016763  0.00266602 -0.00505652
  0.00101226  0.00892143  0.01814012 -0.00119487 -0.00698515 -0.00355256
  0.02062327 -0.00481702 -0.00142063]
[ 0.0121029  -0.01001366 -0.00609893  0.00466622 -0.01459474  0.03270225
 -0.00826851 -0.00693076  0.01646102 -0.00065047 -0.01927501  0.01034189
 -0.00573147  0.00334859 -0.00558004  0.02566682  0.00983404  0.00076584
  0.02191315  0.00621529 -0.00851048]
[ 0.00524124 -0.00216707  0.00498728  0.00152494 -0.00704974 -0.00795968
  0.00284059  0.0142896   0.00833356  0.00308993  0.00631354  0.0067585
  0.00599012  0.01066283 -0.00300204 -0.00933812 -0.00192265  0.00939265
  0.00791113 -0.00095091 -0.00560976]
[ 0.00554229 -0.01195932  0.00032241  0.00325282 -0.0110489   0.00898419
  0.00397329 -0.007241   -0.00554404  0.0031132   0.00435401 -0.00124985
  0.00631377 -0.00464901 -0.0004226   0.0047974  -0.01006731 -0.00386707
 -0.01693442  0.00565864 -0.00223924]
[ 0.00370202 -0.00654767  0.00216339 -0.00190736 -0.00344801 -0.0100869
  0.0082756   0.00481164 -0.01780209  0.00635808 -0.0176877   0.01188687
  0.00067173 -0.00763201 -0.00073852  0.0100083   0.00252805 -0.00016981
  0.00047713 -0.01204392  0.0014259 ]
[  1.45280534e-02  -1.03434680e-02  -1.59799472e-02  -2.89627491e-02
   6.51686256e-03  -2.12627261e-02  -1.50111490e-02  -1.73650225e-02
  -2.95286914e-04  -1.64141359e-02   1.85644029e-02  -3.72003378e-03
  -3.53984412e-03   6.62821399e-05  -2.02678554e-02   1.33026715e-02
  -9.39007964e-03  -1.22377448e-02   1.94119111e-02  -1.90649118e-02
  -6.65387245e-03]
[ 0.00913566 -0.00569384  0.00439703  0.00048842  0.00582366 -0.00397019
  0.01359441  0.00056459  0.01021419  0.0164532   0.01214945  0.00474396
 -0.02271466  0.01588691  0.00847627  0.01316719  0.00836376 -0.00031722
 -0.00820813  0.00717941  0.00994902]
[ 0.0083122   0.00397567  0.00685052  0.00285674 -0.00604608 -0.01112716
 -0.00525352  0.01646784  0.01020684  0.00253044  0.00162385 -0.00614414
  0.02263557  0.00921337 -0.01031095  0.00594256  0.01024532 -0.01816712
 -0.00691991  0.00619299  0.01089436]
[ 0.00451613 -0.00354782  0.00440192  0.00737255  0.00339659 -0.0030538
 -0.00465858  0.00566481 -0.0023303  -0.01286693  0.00227775 -0.01000927
  0.00192847  0.00214408  0.00301271  0.01039593 -0.00055742  0.01777154
 -0.00375967 -0.004864    0.00177938]
[ 0.01926772  0.0121112   0.00437172  0.01761186  0.00478404 -0.0063555
 -0.00550859  0.00326173  0.02057728  0.00958993  0.01274028  0.0184349
  0.01451572 -0.03379682 -0.00245972  0.00150249  0.00283445 -0.0003016
  0.01455319 -0.01114327  0.00105176]
[ 0.00721911  0.00244803 -0.00405718 -0.00391546 -0.00744405  0.00897546
 -0.0065137   0.00898587  0.00971998 -0.01599635 -0.01202971  0.0187462
 -0.00370932  0.0118387   0.00345204 -0.00427215  0.00321107 -0.0095488
 -0.00919829 -0.00899587 -0.00074642]

Right eigenvectors

[ 1.          1.40470026  0.64232128  0.75762269 -0.85796283 -1.00109588
 -0.43127598  0.54299242  0.76905237  0.69365273  0.97167966 -0.29082021
  2.34295735 -0.58735857 -0.94431236  1.74067062  2.07627114 -1.78623959
  0.19087865  0.39381834  0.88711346]
[ 1.         -0.66132172  1.19168065  2.88138798  2.66514783 -0.19552203
 -1.60838612  0.86863474 -1.1614946  -3.22382181  0.50493071 -0.50198656
  0.26993199  0.61932885  0.96635673  3.34050654 -0.41147923  4.58078177
 -0.75158781 -1.24156897  1.60752956]
[ 1.         -0.16210599  0.37532494 -0.88098829 -0.24430943 -1.24139777
 -0.28025012  1.90677116 -1.17462776  1.69489357 -2.16969134 -0.17374245
 -0.246444    0.62786098 -0.05094167  0.89388191 -1.3116985   0.26973407
  0.52141824  0.45958083 -0.80757877]
[ 1.          0.31180518  0.80905662  1.47486429  1.91169413 -0.3565351
  0.18768421 -0.36142662  0.57373928 -0.63153661 -0.17261109  1.04556372
  0.43878747 -0.09644585 -0.59248686  0.19520758 -0.92444637 -1.5040453
  0.15625587  0.5667766  -0.41711371]
[ 1.          0.56731607  0.36651313  0.15947373 -0.85787347  0.88257458
 -0.81517525  0.16576645  0.9121613  -1.90879577 -1.64254179  1.53589417
 -1.30321324  0.99846855 -0.88507512 -1.39230611  1.07319903 -1.4454522
 -1.61348183 -2.02569044  0.38502082]
[ 1.          0.43049654 -0.4718117  -0.03893832  0.50998104  0.13802576
 -0.42066328 -0.90601127  0.97713005  1.01052152 -0.75925932  0.25518545
  1.30480653 -0.84597562 -1.26218096 -0.09537109  0.66620664  1.75795705
  0.44337636  0.18915186 -0.79670271]
[  1.00000000e+00   2.85559304e-01   7.38000253e-01  -5.13215040e-01
  -1.44142611e-03  -3.32256895e-01   3.40126406e-01   1.26999901e+00
  -3.05154265e-02   1.03745592e+00  -1.68853627e+00  -2.24852002e+00
  -2.01908492e+00  -1.49273086e-01  -2.01431386e-01   3.09852371e-01
  -2.81916574e-01  -8.56749125e-02  -2.76150728e-01  -2.05440541e-01
  -3.11705653e-01]
[ 1.         -0.09402331 -0.32155166 -0.45624249 -1.02483406  2.05758355
 -0.81001158  0.50280639  1.45266179 -2.01705587 -1.64774881  2.54530709
 -0.98546304  0.76203658 -0.18433086  0.3610491   1.37134929 -1.30980678
 -1.4972607  -1.50286975 -0.76764598]
[ 1.         -1.0199982  -0.43132902  1.69513159  1.72703934  0.91658059
 -6.74650927  2.4209849  -4.29106451  3.91345667  2.27057784  1.08527547
 -2.41084742 -0.35426464 -0.15142874 -3.36911607  1.82625922 -2.19003245
 -0.07869444  0.47346621 -2.11929691]
[ 1.          0.4203237  -0.01858529 -0.44895751 -0.04017541 -0.05344954
 -0.46261361  0.55689022  1.24776395 -0.14523217  0.24794922  0.87778471
  0.08595847 -2.61719035  2.04768279 -0.42926016 -1.31016086  0.07462249
 -0.19495322  0.18956138  1.04739548]
[ 1.         -1.92502795  0.30158699  1.08052348 -1.97111586  2.15278186
  0.22053261 -0.86361229 -0.27187409  0.71841942  0.65845041 -0.6192942
  0.83078216  0.24800756 -0.2350386   0.6655122  -2.13717093 -0.56518548
 -0.24193063 -0.47854033 -0.19077967]
[ 1.         -0.16282095 -1.62756345 -0.20166704  0.23081796 -0.13098418
 -0.26951907 -0.20470705 -0.23282594  0.26703101 -0.21763722 -0.15814515
  0.23360923 -0.17598063 -0.30264182 -0.5393248   0.61076413  1.07197206
 -0.57839368  1.68331269  0.10421027]
[  1.00000000e+00  -1.32063428e+00   1.20152710e-03   1.26801615e+00
  -5.56787854e-01   1.83599112e+00  -1.90318952e+00  -8.05672051e-03
  -8.63612437e-01   1.21890669e+00   4.16557379e-01  -6.06268500e-02
  -1.23457897e-01  -6.86036609e-02  -1.76849805e-01   3.07284935e-01
  -7.88558264e-01  -1.73710084e-01   5.53354669e-01   4.71925723e-01
  -3.32511025e-01]
[ 1.          0.22742116  0.74319821  0.25634125 -0.71158064 -1.18889452
 -0.28012274  1.50917083  0.95467741  0.34935659  0.28870765 -1.83671535
  1.72835578  0.61168128 -0.58199822  1.36044947  1.97573809 -1.78039965
 -0.8799254   1.00270795  0.95407821]
[ 1.         -0.0960542  -0.90877298 -0.97537496  0.49667213 -0.61482414
 -0.67416282 -0.75494901  0.11147803 -0.11564735 -0.27000954  0.13604308
  0.40450817  0.31866592 -1.44143917  0.06035681 -0.63858755  0.39294838
 -0.00990447  0.20237883  0.409513  ]
[  1.00000000e+00   1.98667382e+00  -3.80205689e+00   2.54573698e+00
  -2.43563519e-01  -2.30340589e-01   2.08218951e+00   1.09045328e+00
  -8.85714956e-01   1.60308815e-01   8.07371315e-01  -6.78339540e-01
  -1.81654518e-03  -3.59751454e-01   3.21778932e-01   8.41852511e-02
  -7.86873878e-01  -9.50317457e-01   1.01659002e-01  -1.84958410e+00
  -1.17046928e+00]
[ 1.         -0.69373168  0.73564121  0.7583031  -0.68607794 -0.81182358
  1.24357354  0.64530812  1.22497846  0.98649419  1.80466917  1.90646289
 -0.58991373  0.84886551 -0.73275811 -1.52213545  0.16251859  1.86144393
  1.41476499 -0.92017332  0.39514115]
[ 1.         -1.0412343   0.51955052  0.54618547 -0.69218518 -0.31287065
  0.58544324 -0.18477991 -0.43069367 -0.95859502 -0.28774232 -0.91859229
  0.17267853 -0.55469239  0.10517291 -1.56304245  0.81066972 -0.19129264
  0.73080795  0.96572523 -0.20533411]
[ 1.          0.71091071  0.49651678 -0.13394192  1.75830368  0.03519291
  0.74709932 -1.46656025  0.21634578  0.93084306 -0.03161297  0.06882299
  0.10519824  1.66915449  0.7173731  -0.14989306 -1.37500798 -0.93090264
 -0.46223536 -0.49768741 -2.72991752]
[  1.00000000e+00  -9.02586585e-01  -6.38963365e-03   2.44301841e+00
   2.19735880e+00   1.12566538e+00  -6.94278975e+00   2.42005219e+00
  -4.05179305e+00   3.38361079e+00   2.60908490e+00   1.40800542e+00
  -2.09742372e+00  -4.74705248e-01  -3.93351309e-01  -2.82976309e+00
   1.81990976e+00  -1.80026162e+00  -8.16918032e-01  -8.41775954e-01
  -9.73054280e-01]
[ 1.         -0.55067    -0.57590588 -1.08919539  0.13715752 -0.59074636
 -0.6261879  -0.25645659  0.06787801 -0.34426571  0.56042048 -0.56989346
 -0.34594864  0.15887428  1.11864302  0.08758494 -0.07007572 -0.52147201
  1.34389948 -0.26563191  0.53565587]
[ 1.         -0.90907578  0.03888639 -0.32194708 -0.23715967 -0.64591225
  0.47459235 -0.47782204  0.11412018 -0.12083266  0.79857957  0.05461865
 -0.54514209  0.07122222 -0.09600298 -1.0394197   0.45503793  0.3249456
  0.50708896 -0.12226494  0.46822919]
[ 1.         -0.16387127  0.81798187  0.20476019 -0.04164642  0.14878861
  0.41009095  0.69459656  0.2827018  -0.79089989 -0.38463751 -1.94185975
 -0.79514904 -0.34195114 -0.95083957 -0.96731174  0.0911435   0.12845085
  0.7889938  -0.01629688 -0.34045632]
[ 1.         -0.26328833  0.42103569 -0.20259274  1.20411987  0.86214827
  0.48086705 -0.96046355 -0.36562759  0.37701572 -0.56129261 -0.77760382
  1.49968968  1.00147484  1.18577247 -1.00196849  0.10667564 -1.30341788
  0.01797765 -2.24727748  1.5410291 ]
[ 1.         -0.01396645  0.6782763   0.42775601  1.69061449 -0.3020069
  1.79446251 -0.39427675  1.2611361   1.77168999  1.15745938  0.74331227
 -2.56623393  1.91305425  0.68816498  1.77878184 -0.24549048 -1.16955511
 -1.56541903  1.34925079 -1.07688725]
[ 1.          2.8713137   1.1958039   0.00493491 -2.02429     0.01525932
 -0.41241434 -1.78576402 -1.95391813 -0.48516893  0.67119589  0.21851959
 -0.81977548  0.73861663  0.09071599  0.30253024  0.75735141  0.51058066
 -0.03058276  0.43837373  0.75725067]
[ 1.          0.64242057  0.17834715 -0.81544053  0.76387399  0.0735273
 -0.06052002 -1.4935824  -0.35782834  0.61537927 -0.27499204 -0.36415309
  0.94026106  1.40797311  0.94164141 -0.7888044  -0.38656093  0.19771788
  0.23690207 -1.03077688 -0.51180592]
[ 1.          0.64853574  0.36465187 -0.94100838 -1.02240754  0.18991195
 -0.55140428  2.25192631  0.87119238 -1.08024328 -0.26950858  1.77259197
  1.06409814  0.70639797  1.77082262 -0.83030767 -1.24676765 -0.07950558
 -0.45567459  0.48996616 -1.07417842]
[ 1.         -0.75570571 -0.67674667  0.08850405  0.31584319  0.16782961
 -2.48994862  0.89271563 -1.67014368  1.74969622  0.26962861 -0.05418738
 -0.81223632  0.04756179  0.21787581 -0.84697709  0.12453411 -0.42169655
  0.73103393  1.26918664 -0.89961379]
[ 1.         -1.53060373  0.51988652  0.8108733  -1.86221786  0.97505722
  0.02876875  0.04789601 -0.06145351 -0.28874333  0.66420928 -2.09787911
  0.87405004  0.26233338 -0.18800822  0.52916815 -1.7725235  -0.15353731
 -0.43887347 -0.53179588 -1.06352248]
[ 1.         -0.11464121  0.39885347 -0.4541666   0.3923972  -0.3942109
  0.44612105  0.68409458  0.51271226  1.44457502 -0.56858478 -1.25534667
 -0.8679768   0.81923877  0.74205077  0.96582827  1.15320165 -0.45262542
 -0.87519526  0.92288554  0.61709665]
[ 1.          0.62744481  0.79156363  0.17179952 -0.83610603 -0.34877219
 -0.07124757  0.3888022   0.34895778 -0.4518677  -1.03531624 -2.22603795
 -2.21472416 -0.98287573 -0.21231448 -0.85068066 -0.0626207   0.34549819
 -0.52781393 -1.28493618 -0.92618719]
[ 1.          0.70083349 -3.74407582  1.09535153 -0.03834552  0.08128924
  0.8880937   0.78896116 -0.66668853 -0.39396464 -0.31122242 -0.30629071
 -0.07076181  0.97018536 -0.06368223 -0.70748513 -0.10951078  0.56508169
 -0.3529994   0.86360003  0.9050895 ]
[ 1.          1.60453668  1.08298759  0.32258948 -1.58225342  0.05834781
 -0.39500326 -0.79854371 -0.56452874 -1.16348564 -0.69312701 -0.53700603
 -2.20503941  0.14319365 -0.53979427 -1.24260476  0.99519935  0.1860779
 -0.58411453 -1.18013218 -0.05798178]
[ 1.         -1.59411776  0.33849341  0.08832281 -0.5267466  -1.05863655
  1.58549173 -0.36069919 -1.90118192 -0.16766499 -0.71818677  1.42364556
  0.22995128 -1.12947345 -0.01150553 -0.22936743  1.08035331 -0.21747583
 -0.44141256  0.02669278  0.6535231 ]
[ 1.          0.10980721 -0.02202453 -0.7286467   1.30361612  0.82607149
  0.28336522 -1.36727487  0.13763897  1.28899003 -0.86766935 -0.82472325
  2.14034814  0.68822103  1.65509898 -1.34987946  1.74590672  1.39511274
 -0.9228155  -1.84582942 -0.79681207]
[ 1.         -0.48547604 -1.56969594  0.096308   -0.91510071  2.25126919
 -0.78304282 -0.22598384  1.32228849 -0.83069205 -1.95275952  1.24462541
 -0.71029611  1.45827161 -0.39642027  2.23500814  0.87545724 -0.08923702
  2.53366367  0.74127462  0.73862533]
[ 1.          2.80442902  0.81950772  0.35669921 -1.66622548 -0.2381226
 -0.19717263 -1.37169798 -1.46626163  0.10069702  1.18450004  0.28558441
  0.25425952  0.13536617  0.09038655  1.2778842   0.88932239 -0.24492828
  0.36242065  0.44929787  0.50406367]
[ 1.          1.00758338  0.43729288 -0.36458057  0.45669758 -0.04983309
 -0.17543905 -0.53778332  0.27207933  0.62187635 -0.79965674  0.06153506
 -0.16180977 -0.47996499 -1.10657138 -0.46491173 -2.17096299  0.6299835
 -0.50863079  0.98771122  1.10888154]
[ 1.          0.32647047 -0.30130924 -0.53113216  1.2687629   0.70125824
 -0.08301681 -1.67635438  0.81879562  1.76298517 -1.29224604 -0.48627241
  2.88349325 -0.09256023  0.4251838  -1.36401073  2.30881073  3.10855163
 -0.53649132 -1.84865698 -1.80381369]
[ 1.         -1.90236131  0.49605216  1.14630991 -1.96332548  1.55769347
  0.5411256  -0.83862676 -0.51134274 -0.0024391   0.39983491 -1.20686054
  0.91093802 -0.16148257 -0.15688291 -0.53562107 -1.64585594 -0.8007088
  0.36167386  0.30444571 -0.44606052]
[ 1.         -0.22273022 -0.19252689 -1.30886888  0.13549086  0.77340965
  0.10591928  0.55097913  0.20824094 -1.28264138  0.67201093  1.35022609
 -0.22078921 -0.98949068  0.32312566  0.24301921  0.63511597 -0.12697305
 -2.14859118 -0.35206058 -0.78052592]
[ 1.          0.81804401  0.53486934 -0.00627079  0.90179386 -0.15562102
 -0.69848312 -0.44749402  0.60464076  0.47703396 -1.13193065  0.29871344
  0.53694008  0.12136591 -2.31792203 -0.98179657 -2.68951947 -0.70949884
 -1.7724404   0.45429922  3.67315718]
[ 1.          1.00172869  1.21092304 -3.19003062  2.75469891  5.32641997
  3.35611819  4.03946798 -2.16136082 -0.60648726  1.94097551 -1.811636
 -0.35989048 -2.22537275 -4.61295054 -0.01913917  0.59144922 -0.11168775
  3.00159299  0.10004658  2.47595327]
[ 1.          0.51907791  0.5915017   0.54656276  1.73335325 -0.01931594
  1.04527161 -0.55574839  0.59654843  0.6038412   0.21018191  0.40968154
 -0.72792623  0.62957521 -0.07570207  0.55663291 -1.03627782 -1.07331829
 -0.64092635  0.48986483 -1.8320145 ]
[ 1.          1.14228212  1.18007307 -3.85861523  2.67650367  5.87057019
  3.43682659  4.52810945 -2.67504308 -1.18727554  2.7416879  -0.77745829
  0.50000726 -2.04170054 -3.93346196 -0.09435459  1.16673803  0.37770666
  2.07408018  0.06459908  1.15405357]
[ 1.         -0.21300205 -0.61160336  0.2218748  -0.43259516  1.94792074
 -0.78417099 -1.09351572  1.7455857   0.76364237 -1.83757664  0.87593255
  0.7502344  -0.5135703  -1.54780197  1.77976601  1.39069579  1.86954649
  2.26293337  0.74161055 -1.70209081]
[ 1.         -1.49119328  0.60557533  0.6815088  -1.04192221 -0.29771943
  1.71300583 -0.13949999  0.37127396  1.27988468  1.81567613  1.71293371
 -0.92064659  0.86533786 -0.41023531 -0.91040077  0.03054039  1.51001087
  0.92682944 -1.05742537  1.69704048]
[ 1.         -0.48560105 -0.54482204 -0.36383315  0.05472585  0.23269834
 -0.07734027 -0.37983658  0.14384616  0.40343093 -0.34967466 -0.49025739
  0.12975722 -0.67630382  1.05858275 -0.32489146  1.00814688  0.60497477
 -0.47087931  1.46724228  0.29291403]
[ 1.         -0.82990693 -0.1429633   0.67125442 -0.65167231  1.71305574
 -0.90471234 -0.45377926  0.40700899  0.33810896 -0.84788181  0.10639801
 -0.52719466 -0.32471983 -0.04417281  0.30017017  0.7903582   0.38199787
  1.31847764  1.41225642 -0.64099164]
[ 1.         -0.86674869 -0.51969409 -1.00848969 -0.04460864 -0.74398724
  0.1174316  -0.42672688 -0.25380637 -0.77162491  0.89473578  0.32099032
 -0.2189043  -0.53907357 -0.51168341  0.17462973  0.52648977  0.07923674
 -1.335468    0.26871689 -0.68144209]
[ 1.          0.44130032  0.72028842 -0.67821372  1.22234638  1.32620559
  1.09465164  0.74568923 -0.03343034  0.49947101 -0.4969099  -1.5139628
 -1.02948021 -0.52609157 -1.12168335  0.08481596 -0.6550442  -0.5489303
  0.75964529  0.02600056  1.02512705]
[ 1.         -0.95171889 -1.09246687 -2.15992757  0.34983266 -1.67813269
 -0.82894138 -1.30610215 -0.1695131  -1.50944294  1.78542059 -0.0446623
 -0.38858119 -0.35195164 -1.84345088  1.14435302 -0.34399643 -0.94505428
  0.57384315 -1.4766765  -1.23709561]
[ 1.         -0.53172603  0.33972446  0.0383964   0.5259074  -0.73572739
  1.30415923 -0.13852319  0.90954897  0.8212577   1.64784399  1.24368799
 -1.51655813  0.9475278  -0.27259458  0.22567511  0.25504932  0.40610564
 -0.82902066  0.30714504 -0.74567896]
[ 1.          0.26699983  0.41310406  0.41263121  0.88093164 -0.17827178
 -0.84798808 -0.03577864  0.55286205 -0.04670488 -0.61469272  0.32833438
  0.88539168  0.71327693 -1.55563442 -0.61401798 -0.55839378 -1.50465502
 -1.26971971 -0.68902782  2.21789612]
[ 1.          0.24582561  0.48113315 -0.79434376  1.65606637  1.17981156
  0.98235735 -0.01759217 -0.0899511   0.82772105 -0.06820543 -0.49633796
  0.83301648  0.96636982  1.26371851 -0.11877976  1.04815235 -0.1479549
 -1.45177604 -1.19775948 -0.7170728 ]
[ 1.          0.62817603  0.76244853  0.20451352 -0.03507216 -0.25080385
 -0.01621105 -0.30465229  0.62452704 -0.02161331 -1.25794042 -1.23696221
 -1.64294089 -0.6847784  -1.18216933 -1.73920066 -0.91412889  0.66652509
 -0.45637771 -0.38405114 -0.34864839]
[ 1.          0.86309663  0.701314   -2.57834334  1.21909698  3.06336472
  1.54908911  2.25175277 -1.44193996 -0.92763535  1.54289487  0.69064804
  0.88345494 -0.33691072 -0.1306869  -0.07968132  0.64107674  0.45761359
 -0.75014181 -0.03168524 -1.223545  ]
[ 1.          1.51357114 -4.7298495   2.27872289 -0.16947972 -0.06674697
  1.97859627  1.33815345 -1.13794218 -0.25358197  0.23599057 -0.74128463
 -0.07045921  0.70721531  0.16726561 -0.70214214 -0.7329343  -0.11517487
 -0.34168357 -0.54274754  0.1163806 ]
[ 1.         -0.45853916 -0.00281387 -0.64545683  0.40840591 -0.19347844
  0.38206521  0.1563703   0.92138303  1.16540992  0.30008727 -0.8800979
 -2.01675533  0.7766448   1.72973577  1.70154837  1.23745443 -0.64434313
  0.39752553  0.92349769  1.6676865 ]
[ 1.         -1.5681229  -0.22837519 -0.25817659 -0.87649367  0.04716129
  0.80023882 -0.92124392 -1.08863167 -0.00979574  0.32020105  0.37641611
  0.52935027 -1.30907909  0.16318393  0.26116481  0.30309127 -0.12383613
 -2.82170022  1.50064352 -0.16520616]
[ 1.         -0.20653004  0.16062581  0.38753257  1.42169568  0.6989217
 -0.09312073  0.18150135  0.13403861 -0.15293002  0.26196138  0.2160917
 -0.56063854  0.82664474  1.03251637  1.37440955  0.48766767  0.40175438
 -1.16315533 -0.96740339  1.02669759]
[ 1.          1.75792923 -0.59413763  1.33398871 -0.18633011 -0.2978441
  0.69692425 -0.10648303  0.19661733  0.61808073  0.90042543  0.03909232
  0.09819014 -1.53561101  0.20427107  1.11629247  0.03598672 -1.0028181
  0.60912837 -1.31391188 -1.4235706 ]
[ 1.         -1.31149441  0.93560187  1.25451518  0.44465021 -0.62878381
  1.48400647 -0.83104835 -1.6227853  -2.14076994 -1.2394355  -0.12290091
  1.11463719 -0.81702691  0.93603032 -2.90778319  1.87230083 -2.19261519
  2.68589408  2.53981783  0.90925526]
[ 1.         -0.06543612  0.77494906 -0.19390893 -1.19201769 -1.2594678
 -0.27668951  2.77840487  0.93073744 -0.06810748 -0.03000596 -0.03819285
  1.65371778  1.49588039 -0.01645694 -0.55082632 -0.46394622  0.18314551
  0.21814915  0.54748315 -1.1288546 ]
[ 1.         -0.62380912  0.51652321  0.16694332 -0.78284512 -0.64995105
 -0.16225794  0.84774816  0.16920329 -1.01420413  0.20119176 -1.91881186
  0.24889176  0.07418811  0.0101569  -0.05569509  0.15134509  0.36581411
 -0.1870996  -0.03691576 -0.72347234]
[ 1.         -0.54512382 -0.25356956 -1.01911939  0.74186517 -0.06525114
 -0.30267063 -0.76290261 -0.14241209 -0.11266284  0.22150149 -1.04547116
  0.57535073  0.79364193  2.01690589 -0.59032381 -0.00714715 -1.61216062
  1.74263499 -2.16989768  2.06635082]
[ 1.         -0.30740645  1.23210529  2.27799204  2.45237807 -0.4426417
  0.47994926 -0.50074179 -0.52643769 -2.36840603 -0.63083876  0.8515392
  0.21005087  0.15949132  0.24704345  0.3204023  -0.49793144 -0.51680543
  1.21189868  1.55101919 -0.89521193]
[ 1.          0.87583738  0.08416043  0.33531224 -0.40956755  0.03013466
  0.0973464   0.34777725  0.99047199  0.14822795 -0.24858573 -0.9864576
 -1.55588781 -2.47191462  1.24210846  0.41876441 -0.2917223  -0.33542237
  0.20802442 -1.23163519 -0.51758872]
[ 1.         -1.0885426   0.95925378  1.29649724  1.28307905 -0.56372284
  1.45992272 -0.9291444  -1.6937065  -1.82079817 -1.24995902  0.72208609
  1.14282728 -0.42653408  0.93416875 -1.59886154  1.16273158 -1.97678204
  1.8487999   1.38466967  0.97673813]
[ 1.          0.34079881 -0.15165738 -0.99264485  0.41656427 -0.80946582
 -0.57698248 -0.04205094 -0.21928599  0.89566289 -1.45917402  0.05513236
  0.07639255  0.18817818 -1.73506131  0.14460101 -2.53636849  0.8833738
 -0.11532318  1.16578209  0.81269948]
[ 1.          2.4649106   0.96948025 -0.52009388 -1.21595374  0.18358488
 -0.28519864 -1.39318652 -1.69009195 -0.056292    0.59421031  0.4948877
  0.11758431  0.91254489  0.4450717   0.25153069 -0.43365474  0.72865679
  0.08122166  0.99668992  0.47609962]
[ 1.         -0.4431065   0.4263689   1.93409249  1.45434581  0.66327746
 -2.9094185   0.87178558 -1.07857559  0.49544701  1.01329262  0.65697699
 -0.09966895 -0.21297706 -0.29560056  0.31352503  0.09057783  0.3861032
 -0.71895443 -1.26679397  1.28037638]
[ 1.          0.09279175  1.17420486  1.98802356  2.92611705 -0.35103021
  1.06413968 -0.77129003 -0.0094948  -1.51512891 -0.38255881  1.04400608
 -0.37283562  0.63040245  0.17202882  0.79030089 -1.41119415 -1.5326501
  0.72813329  2.2789041  -3.0090061 ]
[ 1.         -1.25649792  0.61141457 -0.9232324  -0.84436376 -2.89601853
  1.52698356  2.31920772 -4.68713865  2.60770148 -5.64981031  2.63937558
 -0.02945672 -1.35315187 -0.22983709  3.42206869 -0.46373211  0.19992839
  0.64139059 -3.28012975 -0.38495084]
[ 1.          0.25190275  0.40983239  0.07254137  0.68305972 -0.22030374
  0.12722375 -0.61859726  0.67576116  0.55301518 -0.6413233  -0.37414271
 -0.31096039  0.33879956 -0.75748475 -0.98116645 -0.05070165  0.08644708
 -0.36017647 -0.14733641 -0.25585339]
[ 1.         -1.57365401  0.43691648  0.7829456  -1.01585228  2.34992157
  0.46166863 -1.3210443  -0.46365698  0.89460676  0.29154606 -1.0988744
  1.81284714  0.9043669   0.56026762  0.03083198 -2.38736914 -1.68667287
 -0.28984264 -2.50935674  1.09346295]
[ 1.          1.60592509  0.81134982 -1.78737913 -0.62553084  1.10177137
  0.05921894  1.24474013 -1.35253898 -0.70314154  0.63699522  1.38960498
  1.02192502  1.13624447  1.72477227 -0.20936004 -1.28029672  0.77987938
  0.18746812  1.27214141 -1.62482118]
[ 1.          0.01178142 -1.95088533 -0.22313456 -0.15325397  0.52991899
 -0.41697803  0.23844468  0.42834922 -1.00350006 -0.89322195  0.6930402
 -0.38423925  1.43169395 -0.00317533  0.36627129  0.13618474 -0.14677878
  0.68705053  0.18617888  1.29210146]
[  1.00000000e+00  -1.90572464e-02   7.62852508e-01   8.73355960e-01
  -1.86300961e-01  -2.18651400e-02   1.36650547e-01  -2.45693292e-01
   4.09475852e-01  -7.91008502e-01  -5.82380611e-01  -1.26717508e-02
  -9.15805740e-01  -2.73824196e-01  -7.21131874e-01  -1.67129164e+00
   5.43851135e-01   2.28218215e-01   7.75829752e-01  -6.90691231e-05
  -4.67097819e-01]
[ 1.          0.55625535  0.34805453 -1.92169573 -0.25493777 -0.28502873
 -0.43181562  1.25781788 -1.44414037  0.41726489 -0.52989976  0.33165612
  0.52945304  1.61800471  2.39610082  0.27905039 -2.16158775  0.39091837
  2.29380676  0.79682594 -1.96445873]
[ 1.          1.28894745 -0.12394451  0.99340673 -0.04579287 -0.47860755
 -0.12160653 -0.1733588   1.11622377  1.08594442  0.64589797  0.40783939
  1.76060824 -2.00888564 -0.91123401  1.22405149  1.25551073 -0.35388161
  1.05327484 -0.78716398 -0.91389614]
[ 1.         -0.14503456 -0.09585184 -0.16120241  0.07722987  1.09921274
  0.13324311  0.0474258   1.00040767  0.57746752 -0.66427672 -0.80467871
 -1.56512969 -0.75607356  1.09541531  1.57189797  0.89863176 -0.19685152
  0.78925727  0.53736565  0.80312543]
[ 1.          0.5173523  -0.02332999 -0.60467536 -0.05546877 -0.07609246
 -0.6636503   0.81624594  1.87622974 -0.22186984  0.39308286  1.41664799
  0.14282861 -4.37384429  3.61069322 -0.78928053 -2.47418643  0.14765815
 -0.40128601  0.40771908  2.37123919]
[ 1.         -0.14193668 -0.33490456 -1.55364271  0.30191689 -0.56276961
 -0.67385964 -0.44772488 -0.38542491 -0.02072651  0.32963613 -0.62520541
  0.12515973  1.10307674  2.24290796 -0.14773794 -0.86366838 -0.43925111
  2.54993329 -0.59559384 -0.17565111]
[ 1.         -0.82737666 -0.50392338  0.38554592 -1.20588752  2.70201798
 -0.683184   -0.57265256  1.36008902 -0.05374498 -1.5925942   0.85449723
 -0.4735617   0.2766768  -0.46104972  2.12071691  0.81253555  0.06327717
  1.81057033  0.51353754 -0.70317672]
[ 1.         -0.41346598  0.95154601  0.29095047 -1.34505405 -1.51866523
  0.54196912  2.7263797   1.58999945  0.58954319  1.20459008  1.28948685
  1.14288366  2.03441101 -0.57277296 -1.78166451 -0.36683222  1.7920673
  1.50940202 -0.18142827 -1.0703118 ]
[ 1.         -2.15782966  0.05817265  0.58690953 -1.99356127  1.62102402
  0.71690471 -1.30649917 -1.00031613  0.56171648  0.78559705 -0.22551097
  1.13919952 -0.83882531 -0.07625087  0.86559878 -1.81645316 -0.69773941
 -3.05549144  1.02099347 -0.40402868]
[ 1.         -1.76867337  0.58438117 -0.51521981 -0.93138529 -2.72469783
  2.23542463  1.29973086 -4.80874388  1.71746137 -4.77784348  3.21091018
  0.1814489  -2.06157683 -0.19949197  2.70346522  0.6828822  -0.04586967
  0.12888237 -3.25333303  0.38516673]
[ 1.         -0.71196517 -1.09993726 -1.99357397  0.44857094 -1.46356333
 -1.03325261 -1.19527524 -0.02032529 -1.12982349  1.27783141 -0.25605865
 -0.24365578  0.00456236 -1.39508404  0.91565409 -0.64634121 -0.84235269
  1.33616738 -1.31228261 -0.45800165]
[ 1.         -0.62325373  0.48130375  0.05346272  0.63746413 -0.43458137
  1.48805973  0.0618009   1.1180571   1.8009857   1.32989317  0.51927967
 -2.48637291  1.73899924  0.92782178  1.44129522  0.91550709 -0.03472333
 -0.89847144  0.78586675  1.08903098]
[ 1.          0.47829347  0.82415221  0.34368034 -0.72737501 -1.33865429
 -0.63202491  1.98116548  1.22793498  0.30442529  0.19535702 -0.73917177
  2.72317582  1.10841551 -1.24046017  0.71492033  1.23256439 -2.18559818
 -0.83250097  0.745049    1.31064783]
[ 1.         -0.78558851  0.97470996  1.63249366  0.7521024  -0.67619907
 -1.03154311  1.25434997 -0.51599578 -2.84910593  0.50435995 -2.21633914
  0.42701947  0.47476113  0.66710055  2.30195667 -0.12342931  3.93512619
 -0.83249798 -1.07702933  0.39400653]
[ 1.          0.62857464  0.22689342  0.91406028  0.24829295 -0.32985208
 -0.28589717  0.16928463  1.06796647  0.49771976  0.66122399  0.95677645
  0.75336988 -1.75406405 -0.12766026  0.07797948  0.14710846 -0.01565303
  0.75531466 -0.57833863  0.0545868 ]
[ 1.          0.33910406 -0.56200642 -0.54237447 -1.03115882  1.24329174
 -0.90228601  1.24473481  1.34642459 -2.21583457 -1.66637095  2.59674807
 -0.51382019  1.63991265  0.47818086 -0.59178318  0.44480186 -1.32271256
 -1.27415932 -1.24611938 -0.10339439]
