Cluster centers 

[ 0.25586814  1.70057788  0.83718027 -1.14490493]
[-0.99157744 -1.03487589 -0.1248575  -0.84665661]
[ 0.96481809  0.43536645 -0.09382645  1.05016886]
[ 1.07855869  0.03523141 -0.48022848 -1.2499854 ]
[-1.17365426  0.50482529 -0.4167927   0.58984993]
[ 0.85976167 -0.86682542  1.87238779  0.78555033]
[ 0.6177299  -1.39534224  3.11905037  0.38947658]
[-0.9068717  -0.81943273 -1.05602148 -0.00517505]
[ 0.87303552  1.35463388 -0.46777284  0.17473545]
[-1.13694824  0.27366387 -0.09594599 -0.22760611]
[-0.63514234 -1.88862791 -1.30038228 -0.29098927]
[-1.22193509  0.29649157  0.44788018  1.2250339 ]
[-0.89312205 -0.16294701 -1.50368573  1.61182809]
[ 1.04160623 -1.07966208  0.61799828 -2.36530731]
[-1.1346421   1.35111903  0.91020294  0.16533419]
[-0.89774741  1.45003517  1.0894997  -0.77742361]
[ 1.22118317 -3.19587892  1.23902707  1.53313017]
[ 1.0101062   0.8143929  -0.82325383 -0.48533743]
[ 1.05787593 -0.99641297  0.76007944  1.27411967]
[ 1.1681379  -0.23158354 -0.98488679 -0.95123173]
[ 0.50988423  1.17421723  1.19724385  0.3507486 ]
[ 0.65193295  0.89642531  0.49239029 -1.54346712]
[ 1.09429835 -1.99957083  1.65875546  1.1110922 ]
[-0.45912426 -2.09580273  4.56378223  0.10238372]
[ 1.11192022  0.32659941 -1.75459563  0.14237696]
[-0.78155783 -2.13735736 -0.52448861 -0.8905269 ]
[ 1.07143992 -0.84721693 -0.5352334   1.7529292 ]
[-1.05230857  0.02134564 -0.98404711  0.57530612]
[ 0.97818027 -0.13740631  0.47124827  1.11458929]
[-0.85637119 -0.00983314  2.78915179  0.52816598]
[ 1.16749046 -0.81390779 -0.21417133 -1.74519449]
[ 0.75874725  1.12607676  0.38858884  0.53908603]
[ 1.0449984   0.48066219 -0.71551959 -0.83054138]
[-1.00603264 -0.43760959 -0.82278861  0.01742266]
[-0.87785374 -1.29715891 -0.77961098 -0.4358421 ]
[ 1.03400614  0.71931237 -1.4556247   0.90603329]
[ 0.91912669  0.88836896 -0.24119795  0.80609512]
[ 0.79774771  1.38600035 -0.06635551  0.34439517]
[-1.0544691   0.30491756  2.07503505  0.72700876]
[-1.08519932  0.04777847  0.37930103 -0.85411369]
[-1.00040613 -0.77903766 -0.43795032 -0.49380143]
[-0.64859101 -0.41147803 -2.00999982  1.95530235]
[-0.99222029 -0.92251616 -0.23840564  2.05796708]
[ 0.94742417 -0.3910043  -1.84144672  1.94597505]
[-0.85125521  1.63864802  1.62173599  0.00799758]
[ 0.92287183  0.45037195 -0.04700671 -1.39853665]
[ 1.06918741 -0.63675408 -0.01277025  1.47363243]
[-1.21469345  1.02240768  0.5273014   0.51831514]
[-1.17950133  0.70111547  0.05115624  0.03990025]
[ 0.93375261 -0.49584564  1.14596229  0.97959807]
[-1.07535399 -0.29600789 -0.13971479 -0.52925964]
[-1.09534486 -0.07854499 -0.32951506 -0.22994928]
[-1.13883608  1.05783286  0.54564495 -0.26958676]
[ 0.51773346  0.14411761  1.22638589 -2.35499993]
[ 0.67189847  1.67029869  0.09928876 -0.16655834]
[ 0.88497277  0.19617934  0.72582146  0.90492035]
[ 1.18441443 -0.30229498 -1.49873945 -0.52562156]
[ 0.89223471  1.19779977 -0.48063291 -0.44007301]
[-0.8302874  -2.38149855  0.03023038 -1.32981713]
[ 1.03964923 -0.15660358 -0.08880448 -1.62148666]
[ 0.22284452  0.18259835  2.64068844  0.27783255]
[-0.71511403 -1.0769548  -1.63561475  0.31183112]
[  1.02611180e+00  -1.52287763e-01  -1.15283985e-03   1.28674392e+00]
[-0.51393426 -3.21508798 -0.74243366 -1.01666082]
[-0.6022671   1.0446359   1.41475909 -1.63004898]
[-1.1420455   0.01648928 -0.31010068  1.56072689]
[ 0.93602701  0.29767673  0.29905656  1.00123531]
[-0.76062227 -1.25651562 -1.35707887  0.01171574]
[-0.82324447 -0.58314756 -1.60199495  0.61943755]
[-1.0712337   0.09995044 -0.8977658   1.45430653]
[ 0.96098674 -2.87583315  3.28538812  0.48915862]
[-1.21499613  0.67381659 -0.04003582  0.78091749]
[-1.13264734  0.27920871  0.0285754  -0.35916294]
[-1.14543679  1.05561119  1.27339073  0.55247841]
[ 0.74688544  0.62130681  0.94575299  0.66377852]
[-1.08289284 -0.00564405 -0.68656353  0.1957379 ]
[-0.60248083 -0.81493879 -1.67262611  2.35077019]
[-1.14872171  0.35342342 -0.41429008  0.24511265]
[ 0.72658993 -0.26520573  1.82968354  0.65807338]
[-1.03608412 -0.56345152  0.33644317 -1.06207805]
[ 1.09024383 -2.37784825  2.12503262  0.96283442]
[ 0.751997    1.1218218   0.07745474 -1.08774779]
[ 0.46585548  1.75932793  0.65671762 -0.05744576]
[ 1.04043585  0.86505097 -1.2859745   0.27526989]
[-0.95008317  0.65287856  1.038249   -1.27201459]
[-0.90553064 -1.67667968 -0.15589728 -1.0243064 ]
[ 1.02570864  0.31563491 -0.71657391  1.27716229]
[-0.95746165 -0.40179518 -1.16073513  0.35426654]
[-1.13502877  0.75292199  0.39348102 -0.41643368]
[-1.20373184  0.20373599  1.27669033  1.06650233]
[ 1.10771066 -1.5067549   0.82688042  1.37902383]
[ 0.87095625  0.55858085  0.42922498  0.84513536]
[ 0.60922542  1.63722788  0.22377485 -0.6364237 ]
[-1.05621072  0.14327749 -1.07205531  1.09474922]
[ 1.0976998   0.40518629 -1.12341105 -0.49232508]
[ 0.91758345  0.67491541 -0.20285219 -1.15362351]
[ 1.04997614 -0.20982216 -0.36424758  1.43527456]
[ 0.98338256  1.08357928 -0.93190764  0.03130149]
[ 0.96638001  1.03852279 -0.78292985  0.66167918]
[-0.68509043 -2.13544583 -0.951215   -0.60304169]

Populations

0.00505331334176
0.016685546646
0.00620449073624
0.0154971882828
0.0128001403129
0.0121872443437
0.00407289170649
0.0136188474727
0.0129338924837
0.00724655601233
0.00756520610471
0.0101553465052
0.0110795518678
0.0164522194653
0.00954670953815
0.0103788680135
0.00387056907298
0.0128877085675
0.0197195391461
0.0117314167681
0.00405695881796
0.0138415613857
0.00549372114094
0.0019758682912
0.00400807366608
0.0097252993011
0.00556735860264
0.0173190265628
0.0170673459643
0.0094942253814
0.0150393230648
0.0113522621609
0.0157218446478
0.0180626908994
0.0164606426748
0.00662481556025
0.01429832629
0.00411338696494
0.00867911609716
0.0175513505857
0.0250577157073
0.00545797911181
0.00384325693342
0.0036052910729
0.00734830396796
0.00969730187341
0.00807078307406
0.0166626967056
0.0225546810899
0.0150213803258
0.01188172299
0.0152290517262
0.0150325652832
0.00371338253384
0.00351190740947
0.00999595429071
0.00938267607961
0.0177291795371
0.00528477886301
0.0227185316537
0.00389413525656
0.00575998218507
0.00719661195028
0.00385599449644
0.0120425208259
0.00413925512551
0.00962859424732
0.0077039581888
0.0090429490787
0.00766189817623
0.00164668768613
0.0175174547085
0.0154751986951
0.0103743270735
0.00351998357156
0.0124392953587
0.00181177658794
0.00781279302785
0.00677700613226
0.00955158675681
0.00344079554309
0.0107685259532
0.0035154331519
0.00935408291979
0.00943768405359
0.00371289777791
0.00892431104602
0.00372472802155
0.0116587078027
0.00808618597079
0.0087652934488
0.00987049150461
0.00587141745183
0.00366665916239
0.0166793825771
0.0103755383167
0.0051438979794
0.00750223149843
0.0220386253831
0.011671516631

State labels

0
1
2
3
4
5
6
7
8
9
10
11
12
13
14
15
16
17
18
19
20
21
22
23
24
25
26
27
28
29
30
31
32
33
34
35
36
37
38
39
40
41
42
43
44
45
46
47
48
49
50
51
52
53
54
55
56
57
58
59
60
61
62
63
64
65
66
67
68
69
70
71
72
73
74
75
76
77
78
79
80
81
82
83
84
85
86
87
88
89
90
91
92
93
94
95
96
97
98
99

Eigen values

1.0
0.604600862143
0.537516443455
0.5261729734
0.500290543644
0.498104682686
0.467200348329
0.455617025951
0.442811466394
0.434183658456
0.428769425817
0.414558987641
0.412879758317
0.390311095935
0.3778746881
0.374687758354
0.368392878561
0.345790970853
0.330087196006
0.311278750975
0.299161918102

Left eigenvectors

[  5.05331334e-03   5.20771957e-04   2.18117458e-02  -1.26407092e-02
  -3.81427178e-03  -8.60103312e-03  -2.30104011e-05  -3.51603871e-04
   1.40069660e-02  -2.02960975e-03  -4.12893667e-03  -2.73844584e-03
   2.31862055e-03   6.24712174e-03   4.13737659e-03  -1.86055094e-03
   8.11393583e-03   7.93628257e-03  -2.45413625e-03  -8.90698474e-03
   7.83044558e-04]
[ 0.01668555 -0.04633909 -0.00149717  0.00038826 -0.01322155  0.00751985
  0.02104267  0.01209252  0.00655166 -0.01043927 -0.02257887 -0.02365162
  0.02065221 -0.00660374  0.00655092  0.0193673  -0.0186307   0.01021026
 -0.00733807  0.01650599  0.00212055]
[ 0.00620449  0.00272054 -0.00293772  0.00493679  0.00604451 -0.00121991
 -0.00434746  0.01330702  0.0068178   0.00349755  0.00041446  0.00579019
 -0.00651978 -0.01245402  0.01233121  0.00749731 -0.00180744 -0.00301015
  0.00040159 -0.00715123 -0.01372514]
[  1.54971883e-02   5.46933887e-03  -2.07908314e-02   5.25835891e-03
   1.77211763e-02  -2.01092687e-02   2.16984886e-02   7.61558346e-03
   1.55279351e-02  -1.94557519e-02   2.68538173e-03  -1.08768326e-02
   3.49471702e-03   7.57802269e-03  -3.98336123e-03  -9.56172319e-03
   3.71916558e-03   1.60223202e-02  -1.21459452e-02  -5.10113882e-06
  -4.79153692e-03]
[  1.28001403e-02  -3.56033227e-03  -3.41171262e-03  -9.75956775e-03
  -5.30231417e-03   3.03462996e-02  -8.81611707e-03   5.58476172e-03
   7.26496639e-03  -8.07310062e-03   1.10076470e-02  -2.21725605e-02
   5.52226631e-04  -5.23844622e-03   2.10668377e-03  -2.61449544e-03
  -5.66866357e-05  -3.33504232e-03   3.73851814e-03   2.68031829e-03
  -5.47028005e-04]
[ 0.01218724  0.00474416  0.02655202  0.01021263  0.00462537  0.0073706
  0.01007264 -0.00558188 -0.00790897 -0.00021948  0.0105441   0.00305017
  0.00114751  0.01124014 -0.0048665   0.00016674 -0.0096418   0.00678394
 -0.00062173 -0.002694   -0.02444562]
[ 0.00407289  0.00171286 -0.00297263  0.00388542 -0.00839797 -0.00309975
 -0.00682082  0.00254038  0.00182563 -0.00248222  0.0057943   0.00306389
 -0.00793603  0.00262721  0.00617619  0.00063584  0.00392651  0.00864874
  0.00350685  0.01356764 -0.00548285]
[ 0.01361885  0.00638751 -0.01375501  0.00083257  0.00209854 -0.01358202
 -0.00163523 -0.01919559 -0.00331637  0.01161957 -0.00836684 -0.02818178
 -0.0115121   0.01054208 -0.01144648 -0.00202636 -0.00098305  0.01569698
 -0.01287779 -0.01102431  0.00611958]
[ 0.01293389 -0.00019982  0.00800709 -0.00221975  0.00336231 -0.01424807
 -0.01951979 -0.00292274  0.00630405  0.02476143  0.00525932 -0.00596531
  0.00452607  0.00112073  0.00637479  0.00415263 -0.00036271 -0.00692972
 -0.003451   -0.00897842  0.00599557]
[ 0.00724656  0.00043804  0.01713321 -0.01655896 -0.00172767 -0.00571242
 -0.01156909  0.00497247  0.00879798  0.0029404  -0.01039585 -0.01012459
 -0.00310458 -0.00556811 -0.00424992 -0.00900102  0.01080859 -0.00627994
  0.00538685  0.01071929  0.00679936]
[ 0.00756521  0.0034816   0.00184796  0.01246037 -0.00714537 -0.0094402
  0.0202785   0.0095127  -0.00794301  0.00446965  0.00495734 -0.00535799
 -0.01326176 -0.00249266 -0.0022168  -0.01602037  0.00134517 -0.00118741
  0.0165992  -0.00260759 -0.00765019]
[ 0.01015535  0.00031459 -0.00929215  0.00625615 -0.0119438  -0.00247195
 -0.01179969 -0.00431972 -0.00889771 -0.0033993  -0.0172992  -0.00868642
 -0.00479723 -0.00155851  0.00122251  0.00336998  0.01851229  0.01436195
  0.00452099  0.00161596 -0.01147919]
[ 0.01107955  0.00087166 -0.00623463  0.0047474  -0.01368072  0.00763239
  0.0233029   0.00358329  0.00031912  0.01418351 -0.01551485  0.00873695
 -0.00511368 -0.01503141 -0.00105443 -0.00745968  0.00374658  0.00058558
  0.01104797 -0.00215156  0.00834257]
[  1.64522195e-02   5.95592176e-03   5.39120280e-03  -1.35030021e-02
   6.37199054e-03   3.31769413e-02   6.43198265e-03   1.29772862e-03
  -1.75873345e-02   2.68330237e-03   2.10837151e-02  -1.20784456e-02
  -2.38596583e-02   1.19666841e-03  -7.85607056e-05  -5.60271892e-03
  -2.35951498e-03  -1.25377526e-02  -2.05303578e-02   1.47290422e-02
  -9.29510504e-03]
[ 0.00954671 -0.00662594 -0.00078023 -0.00847634  0.00301319 -0.00937106
 -0.00849636  0.00858475 -0.02054321 -0.01624819 -0.00919132  0.00772389
  0.00337642  0.00559747  0.0001294  -0.0041936  -0.00473414 -0.01368004
  0.0173943  -0.01647891  0.00292813]
[ 0.01037887  0.00392799  0.00383297  0.00917123 -0.0130461   0.00127331
  0.02175046 -0.01098807 -0.00147035  0.01079992 -0.00105479  0.00874868
 -0.00467018 -0.01010423 -0.0173411  -0.01372087  0.01167794 -0.01244135
 -0.00076367 -0.004655    0.00748437]
[ 0.00387057  0.00020888  0.00848117  0.00512511 -0.00232501 -0.0032715
  0.00539713 -0.00216879 -0.00277536  0.00522129  0.00039847 -0.00088772
  0.01280597  0.00155811  0.0017475   0.00514421 -0.00913817  0.00230878
 -0.00151921  0.00916226 -0.01086977]
[ 0.01288771  0.00163363 -0.00655732 -0.0024818  -0.00104013  0.00784352
  0.00238904  0.00377566  0.00569718  0.00810235 -0.01198903  0.01395347
 -0.00223256 -0.00261461  0.00172366  0.0186886   0.00827324 -0.00445068
  0.02768935  0.00550406  0.00069549]
[ 0.01971954  0.01095968 -0.00825828  0.02572262 -0.0154311  -0.03394886
 -0.01312355  0.02256475  0.00527459 -0.00172371  0.02285996 -0.00690589
 -0.03950315  0.00317977  0.037543   -0.00208123 -0.00564426  0.01441158
 -0.00594692 -0.00033251 -0.0189599 ]
[ 0.01173142  0.00747423 -0.01313027 -0.00247507  0.03536966 -0.017731
  0.01323102 -0.00214044  0.00471408 -0.0162566   0.00292414 -0.00197441
  0.01332443 -0.00316192  0.00029576 -0.00329144  0.00653068  0.00058835
 -0.00726082  0.01765334  0.00732144]
[ 0.00405696  0.00198187 -0.00489754 -0.00586841 -0.00130617 -0.00471456
 -0.00092538 -0.00949452 -0.00748628  0.00109808 -0.00446614  0.00705599
 -0.00574755  0.00881204  0.00394694  0.01249565 -0.00314972  0.0004961
  0.01156463 -0.00279432  0.00062149]
[ 0.01384156  0.00435858 -0.01744126 -0.00340205 -0.0028025  -0.01355267
 -0.01672833 -0.00701708 -0.00838747 -0.0095438  -0.00797365  0.00711618
 -0.01361604  0.01633652 -0.00257392 -0.00276549 -0.02222557  0.00768325
  0.01251262 -0.01752153 -0.00364974]
[  5.49372114e-03  -6.87240396e-05  -8.28942141e-04   8.71695820e-04
   4.27572353e-03   1.67698813e-03   4.11767796e-03   8.53965957e-03
   4.98897431e-03   4.63399401e-03  -3.57341168e-03   1.11242965e-02
  -4.54645263e-06   7.17664803e-03   2.36120124e-04  -3.04387597e-03
   7.25462193e-03  -1.20791631e-02  -1.42977290e-02  -1.07353194e-02
  -8.67010139e-03]
[  1.97586829e-03   1.64252518e-03   1.47815579e-03   4.45363952e-04
   1.00889806e-03   4.17030099e-04   2.56691367e-03  -3.64321741e-03
   1.12961968e-03  -1.87179210e-03   6.14504003e-03  -3.60484675e-03
  -3.82048509e-03  -3.40876026e-05   5.06826734e-03   7.08386347e-03
   5.71481664e-03   8.62207930e-04  -2.34022879e-03  -4.03054338e-03
   1.19903865e-02]
[ 0.00400807 -0.00013311 -0.00123815  0.00745582 -0.00410399 -0.00270883
 -0.00942976  0.00551009 -0.00449555 -0.00704946 -0.00801917 -0.00117441
 -0.00628213 -0.00497993  0.00560265  0.00265938  0.01150951  0.00266891
 -0.01129378  0.00101519 -0.00677162]
[ 0.0097253  -0.00212981 -0.00443535  0.0091988  -0.01416733 -0.00094112
  0.00682287 -0.00601726  0.00146474  0.00347148 -0.00731555 -0.00666245
  0.0008545  -0.00099898 -0.01843517  0.00964803  0.01072688 -0.01377722
 -0.00928644 -0.0005256   0.01339876]
[ 0.00556736  0.00023634  0.00010345  0.01524193 -0.00685302 -0.00105039
 -0.01349927 -0.00153163 -0.0072452  -0.01136054 -0.0172676   0.00158321
 -0.00491173 -0.00484304 -0.00770263  0.00306068  0.0134746   0.00345094
 -0.01563267  0.00436074  0.00119958]
[ 0.01731903 -0.00510084  0.02860921 -0.01128183 -0.01401122 -0.00851028
  0.02403442  0.00289621  0.00307253 -0.01498833 -0.00996839 -0.01022584
  0.01245474  0.01413329 -0.00157148  0.02097933 -0.0148024   0.01359151
 -0.00210476 -0.00266042 -0.02016694]
[  1.70673460e-02   4.52800308e-03  -1.76803420e-02  -1.75295144e-02
   7.21263407e-03   3.20024463e-03  -7.80236069e-03  -2.77163310e-02
   9.12355575e-05  -9.58711249e-03   9.56154582e-03  -3.01244403e-03
   1.84253706e-02  -1.32779418e-02   1.45642567e-03  -2.29345330e-02
  -6.80565824e-03  -1.64302314e-03   2.78021025e-04  -2.39246985e-03
  -9.46297950e-03]
[ 0.00949423  0.00289201  0.00830954 -0.00018238 -0.00077498  0.02215467
  0.00205676 -0.00485645  0.00523097 -0.01492651  0.00757569  0.00031443
 -0.00723679 -0.0127543   0.01257904 -0.00110467 -0.00477689  0.00116352
  0.0047562  -0.01537473  0.00110552]
[ 0.01503932  0.00435677 -0.0040702  -0.01638138  0.01988599  0.01059194
  0.00994193  0.0024721  -0.01350899  0.00880031 -0.00810102  0.01886823
 -0.0143011  -0.00679572 -0.00547721  0.01370976  0.01157325  0.00297859
 -0.01674797  0.02557835 -0.00605416]
[ 0.01135226  0.00343782  0.01598913  0.00598109 -0.00054772 -0.01674493
 -0.00990473  0.00066485 -0.01382514  0.02476311  0.02226238  0.00360339
  0.01788858 -0.01698423  0.00234214  0.0121215  -0.01341837  0.00497037
 -0.00945933  0.00030707 -0.01357473]
[ 0.01572184  0.0027641   0.01044279 -0.00148174  0.01401414  0.00917959
  0.00928135  0.01948006 -0.008426   -0.00148563  0.01116378 -0.01261627
 -0.00658522  0.0072251  -0.03361023  0.01732041  0.00386773 -0.01646716
  0.00187581 -0.00273296 -0.01095931]
[  1.80626909e-02   9.37567495e-03   1.20968082e-02  -5.77900415e-05
  -1.36178761e-03  -1.05380422e-02   1.96482143e-02  -2.57288636e-02
   2.21174491e-02  -1.94554146e-02   1.90858386e-02   1.05353906e-02
  -3.23334593e-03  -2.99267565e-02   2.18189100e-02   1.59311609e-02
   1.92486575e-02   7.04616276e-03  -2.87304397e-03  -2.49215757e-02
   1.41358529e-02]
[ 0.01646064  0.00560793 -0.00140701 -0.00108085 -0.02063632 -0.00042971
 -0.01427509  0.00473375  0.02999427 -0.00842572  0.03151266  0.0204735
 -0.01048418 -0.00471274 -0.00264379 -0.00466631  0.00177824  0.00226224
  0.02241368  0.02976226  0.00647813]
[ 0.00662482 -0.00416904  0.00308689  0.00243147  0.00798658  0.00692485
 -0.00103562  0.00862138  0.0055588   0.00900076  0.00215965  0.02142198
  0.00625102  0.02046925 -0.00304349 -0.00916367  0.01397826  0.01091473
 -0.00737493 -0.01645308  0.00143607]
[ 0.01429833 -0.00372696 -0.00532514 -0.00360884  0.00873182  0.02417476
  0.00614226  0.0107974   0.01144848  0.00794079 -0.01290191  0.00387411
  0.00036678 -0.01134853 -0.00628401  0.00782122 -0.00675217  0.02021467
  0.00973568 -0.01131926  0.00560573]
[ 0.00411339  0.0033947  -0.00467122  0.00038853  0.01107311 -0.0093506
  0.01065308 -0.00319535  0.00818925 -0.01173751  0.00467614 -0.00107695
  0.00384701 -0.00483773  0.00342128 -0.00018728  0.0068421   0.00601713
 -0.00655224  0.0004265   0.00480577]
[ 0.00867912  0.0025877  -0.0034625   0.00596936 -0.00734805 -0.01269073
  0.01536793  0.00433891 -0.00825178  0.00089493  0.00552955 -0.01797036
 -0.01059874  0.01088242 -0.00199975 -0.00514482  0.00670413  0.00904764
  0.01289513 -0.00546785 -0.01769729]
[ 0.01755135 -0.01220409 -0.0090525  -0.00150032 -0.00929643  0.00784437
 -0.01399295  0.00716218 -0.02271684 -0.01192421  0.0060678  -0.02034681
  0.02812842  0.00194221  0.00657507 -0.0171584   0.01542748  0.0060623
  0.02012288 -0.01333284 -0.00715917]
[ 0.02505772  0.00666356  0.00342958  0.01350804  0.01715249  0.00823036
 -0.02982037 -0.00933037  0.02005111  0.0293714  -0.01197913 -0.03579665
 -0.00239359 -0.00115541 -0.0054598   0.01664799 -0.01262886 -0.01393854
  0.01445111 -0.01097981  0.02762377]
[ 0.00545798 -0.00366969  0.00445605  0.00243987  0.00580535 -0.00128651
 -0.00797252  0.00182772 -0.0037847   0.01442023  0.00845613  0.00052117
  0.00897016 -0.00077109 -0.00546247  0.00527925  0.00389264 -0.00091155
  0.00228535 -0.00768123 -0.0015056 ]
[ 0.00384326  0.00052146  0.00348629  0.00410717 -0.01054664 -0.00753241
 -0.00167144  0.0048883  -0.01021468 -0.00249484  0.00778746  0.00717727
  0.00593809 -0.01122945 -0.00955227  0.00339402 -0.01000233  0.00229745
 -0.00835159 -0.00574957  0.01325916]
[  3.60529107e-03   2.00178811e-03   2.60136721e-03  -5.71198609e-03
   4.22277814e-03   6.73585591e-03   2.90588279e-03   4.48432229e-05
  -7.80565020e-03  -7.49633363e-04   3.87865527e-03  -2.37672134e-03
  -9.81160064e-03   4.92621726e-03   3.09680658e-03   5.24546736e-03
   5.32122353e-05  -5.21117355e-03  -9.82572138e-03   4.45897136e-03
   6.70426608e-03]
[ 0.0073483   0.00110729  0.00658953 -0.0070288   0.00995482 -0.00577755
 -0.00279621  0.01532193 -0.00249344 -0.00884176 -0.00775397  0.00219238
 -0.00366862  0.00262149 -0.00976737  0.00241591 -0.00281779 -0.02241832
  0.01635716 -0.00041578  0.00432428]
[ 0.0096973   0.00288504 -0.00707373  0.00285567 -0.00454937 -0.00388443
  0.00287172  0.00208438  0.00017616  0.01066539 -0.01174062 -0.00261967
 -0.01143746  0.01199753  0.01665307 -0.01709199 -0.02123056  0.00475767
 -0.01187356 -0.00460148  0.00855253]
[ 0.00807078  0.0025791   0.00011059  0.00063268  0.02239526 -0.01637566
  0.00075819  0.01351063 -0.00031212 -0.00503816 -0.00169009 -0.00112923
  0.00586102 -0.01047212  0.00257424  0.00258578  0.00266428 -0.02153185
  0.00654449  0.00620218  0.00415586]
[ 0.0166627  -0.00500249 -0.01629154  0.00143312 -0.02141896  0.00881522
  0.00335264  0.00370541  0.02958399  0.01568724 -0.00392082 -0.00223473
  0.01921487  0.01016481  0.01214562  0.00168558 -0.00782853 -0.04673018
 -0.0265841  -0.00479192 -0.00992828]
[ 0.02255468 -0.00210857 -0.00528089  0.00890271 -0.00063416  0.02849602
 -0.01561737  0.01922956 -0.00415665 -0.02015819  0.0027408  -0.01461665
  0.01269351 -0.00994341  0.01391765  0.00284696  0.00770702  0.00690988
 -0.00177633 -0.01952654 -0.00103911]
[ 0.01502138  0.00780939 -0.00239078  0.02336748  0.01827134 -0.01290745
 -0.00609127  0.01165493  0.00979789  0.00083859 -0.01084964  0.00333991
 -0.00949526  0.00962384  0.00865516 -0.0165576  -0.0129806  -0.01641713
  0.00587533  0.0073229   0.00705752]
[ 0.01188172  0.00508166  0.00966085  0.00774913  0.00941206 -0.00194937
 -0.00206811 -0.00632107 -0.00701585  0.00820879  0.00166949 -0.0228581
  0.00491121  0.00407724 -0.00769511  0.01207274 -0.00203717  0.00729617
 -0.0042918   0.00367162 -0.003192  ]
[ 0.01522905 -0.00595822 -0.00655415  0.00450719 -0.02057054 -0.00115444
  0.01983195  0.00475394  0.00366762  0.00773304 -0.01031784  0.0045506
  0.02206314  0.01111879  0.01251626  0.00377896 -0.0038593  -0.00598017
 -0.00274072  0.01798247 -0.00115778]
[ 0.01503257  0.00086206 -0.00181537  0.00040924 -0.01422552  0.00997508
 -0.00657395  0.00056657 -0.00545619 -0.0022559   0.01660013  0.02048873
  0.00079019  0.01965087  0.00373933  0.00448603 -0.00295464  0.00930837
 -0.00416651  0.03596408  0.00310946]
[ 0.00371338  0.00355041  0.01221317  0.01949027  0.00666122  0.00700649
 -0.0049264  -0.01548945  0.00390236 -0.00707546 -0.00849586  0.00045629
  0.00027368  0.00011082 -0.00143508 -0.0013424  -0.00582359 -0.00518956
  0.00498788  0.00397849 -0.00207491]
[ 0.00351191  0.00230204  0.00284922  0.00227698  0.00603962 -0.00754489
 -0.00058633  0.00415616  0.00205539  0.00211226  0.00619092  0.00358517
  0.00245294 -0.0144979   0.00853279  0.00817516 -0.00011057 -0.00543469
 -0.00052272 -0.0050453  -0.00583269]
[  9.99595429e-03   2.54182548e-04  -8.04088737e-03  -8.10075405e-03
  -3.19416421e-03   1.46807132e-02  -1.00386588e-02  -1.83107687e-03
  -4.05401199e-05  -1.26938859e-02   1.59322493e-02  -1.09097872e-02
   4.48117581e-03  -2.39424298e-03  -4.27830517e-03  -1.06601968e-02
  -4.02777983e-04  -5.38717360e-03   6.72230210e-03  -1.27195290e-03
  -9.90522343e-03]
[ 0.00938268  0.00429598 -0.0031655  -0.01279405  0.00088273  0.00192511
 -0.0033855  -0.01459567 -0.00971291  0.00264569  0.01039066  0.01373988
  0.00111855 -0.00699962  0.00778237 -0.00089835 -0.01024147  0.00197051
  0.00373778  0.01539457 -0.00567313]
[ 0.01772918  0.00629125 -0.01068083 -0.0233777   0.00848207 -0.00841503
  0.00412235 -0.02453539 -0.01303943 -0.00525677 -0.00870372  0.02197729
 -0.00277894  0.0071465   0.00216329  0.02277536 -0.01042168 -0.00320188
  0.01858352  0.00564705 -0.00413771]
[ 0.00528478  0.0017432  -0.00391175  0.00604123 -0.00481025 -0.00265957
 -0.00547579  0.00457016  0.01370172  0.00485634  0.00349823 -0.00143954
 -0.0032737   0.00353422  0.00864247 -0.00128164 -0.00577352 -0.01472609
 -0.00254126  0.00362573 -0.00070068]
[ 0.02271853 -0.00206475  0.00100685 -0.00079562  0.01846938  0.0106394
 -0.00574182 -0.00602931 -0.00290118  0.0212503  -0.01206773  0.01071187
  0.00850308 -0.02384255 -0.00592059 -0.00670266  0.00707343  0.02792744
 -0.00582757  0.00560862  0.00084622]
[ 0.00389414  0.00347582  0.01264137  0.01102254  0.00385614  0.00815317
  0.00180663 -0.01386944  0.00472756 -0.01014466  0.00115911  0.00234914
 -0.00180685 -0.00508211  0.00450736  0.00114717 -0.00463496 -0.00078518
  0.00469655 -0.00681642 -0.0054811 ]
[ 0.00575998 -0.00309803 -0.00240375  0.00233265  0.00685958 -0.00642785
  0.00949132  0.01035237 -0.00765461 -0.00620863 -0.00364943 -0.00454019
  0.00705629 -0.00170059  0.00682443 -0.01033749 -0.00160333 -0.00254815
  0.01255399  0.00178062  0.00745269]
[ 0.00719661  0.00395947  0.01494596  0.01986966  0.00776419  0.00275156
  0.00531432 -0.01169078 -0.00367598  0.00445449 -0.00360449 -0.00274103
  0.01277141  0.00389769 -0.00179879 -0.00439948 -0.00863765 -0.00035183
  0.00457407  0.01427896 -0.00652225]
[  3.85599450e-03  -4.59918483e-03  -4.54218317e-04   1.28141501e-03
  -6.11193363e-03   3.05799013e-03  -2.16328860e-03   5.75587131e-03
  -4.03579022e-03  -7.87497565e-03   5.78052061e-04   9.20413359e-05
   5.59726482e-03   5.20348462e-05   1.30900254e-04   4.95127309e-03
  -6.42697438e-03   5.82650706e-03  -5.78625926e-03   5.26570870e-03
   5.13563075e-03]
[ 0.01204252 -0.00833848  0.00021824 -0.00724267  0.00034247 -0.00708964
 -0.00822057  0.00841232 -0.01100122 -0.00119937 -0.02412483  0.00368197
 -0.00129784 -0.01088842  0.00937123  0.00592521  0.02443208 -0.0103121
 -0.0079258   0.00594979 -0.01462159]
[  4.13925513e-03  -1.40322224e-03  -2.81764622e-03  -3.73161285e-03
  -3.32470969e-03   9.39541016e-03  -3.01521057e-03   8.12958783e-06
  -2.22772493e-03  -5.04106049e-03   8.41525303e-03  -8.00153242e-03
   3.50962759e-03  -2.74999956e-04  -6.84050496e-04  -6.31508664e-03
   4.55954167e-03  -4.70840194e-03  -4.93835042e-04   9.24825229e-04
  -5.10310524e-03]
[ 0.00962859  0.00173641  0.00207035 -0.00226877  0.00662604  0.00037523
  0.00282127  0.01903696  0.00665075 -0.01229054  0.00501957  0.00478297
 -0.00466603  0.00776127 -0.0289955   0.00986845 -0.00766708  0.00246368
  0.00291993  0.00046054 -0.00295164]
[ 0.00770396  0.0020926   0.00124417  0.00954124 -0.01981623 -0.00615956
  0.01797328  0.00052784 -0.00086644  0.00340536  0.00608854  0.00981576
 -0.00090253 -0.01709897 -0.01175094 -0.00354485  0.00293874 -0.00565966
  0.00271053 -0.00315074  0.02066672]
[ 0.00904295  0.00404494 -0.00905034 -0.00694392  0.00062188 -0.01036581
 -0.01218632 -0.01441549  0.00298199  0.01274172 -0.00425245 -0.01002727
 -0.00407631 -0.00079947 -0.01536288 -0.00809673 -0.01133651  0.00647187
 -0.00737387 -0.00842861  0.00059918]
[ 0.0076619  -0.00033225 -0.00508148 -0.00211443 -0.00218899  0.01053369
 -0.00660773 -0.0043594  -0.00285127  0.00187705 -0.00571068 -0.00792629
  0.00337721 -0.00745998  0.00338642 -0.00476037  0.00663413  0.00571862
  0.01398728 -0.00455034 -0.00108362]
[  1.64668769e-03  -5.70703160e-05   7.25571433e-03  -1.34189000e-03
   8.33710777e-04  -1.12771066e-04   8.61113911e-04   7.77016892e-04
   3.56536962e-03   1.05311365e-03   5.14376777e-04   3.59162810e-03
   1.90867549e-03   7.15580353e-03  -3.82111883e-05  -2.39666142e-03
   4.06065668e-03   5.87427872e-03  -2.61675312e-03  -7.59900954e-03
  -3.27374336e-03]
[ 0.01751745 -0.00232793 -0.01628421 -0.00542776 -0.01706633 -0.0014137
 -0.00354995 -0.01579065  0.01593095 -0.01587921  0.01872683  0.00644651
  0.01642855  0.00154615 -0.01380291 -0.01200132  0.01360973 -0.01690971
 -0.0088111   0.00126537 -0.00780883]
[ 0.0154752  -0.00188391  0.00301664  0.00375233 -0.02212261 -0.01265488
 -0.01760403  0.0168996  -0.02611822 -0.02879944  0.00569268  0.01161617
  0.00852524 -0.00659544 -0.01877458  0.00558925 -0.02347648  0.00869827
 -0.01846752 -0.0114147   0.02027698]
[ 0.01037433  0.00529629 -0.02100174 -0.00920635  0.00752474 -0.01276668
  0.00152046 -0.02315611  0.00412941 -0.01253904  0.00235414 -0.00144585
  0.00853916  0.00570959 -0.00930358 -0.01065472 -0.00420138  0.00040987
 -0.00629716 -0.00169278 -0.00859891]
[ 0.00351998  0.00211955  0.00565846  0.0176578   0.00295403  0.00327295
 -0.00892854 -0.00715195  0.00110707 -0.0088445  -0.01174943  0.00512254
 -0.00380715  0.00324259 -0.00470577 -0.00332196  0.00217845 -0.00402103
 -0.00243868  0.00585728  0.00195777]
[ 0.0124393   0.00244513  0.01687011 -0.02144482  0.00084839  0.00224395
  0.00442885  0.00051419 -0.01419279 -0.01708153 -0.00755793  0.00797642
 -0.00798763  0.00954593  0.01126369 -0.00293689 -0.02104975 -0.01662376
 -0.00776874 -0.0140829   0.00260529]
[  1.81177659e-03   7.15886919e-04  -1.94452943e-03  -5.69321439e-04
  -1.32663320e-03   1.53029160e-03  -3.20946303e-03   2.78903624e-03
   8.47403420e-03   4.29635181e-04   3.24796848e-03   2.72389845e-03
  -3.16100923e-03  -2.07018475e-03  -4.30407105e-03   1.27472294e-03
  -4.85605956e-03   3.99671636e-03   5.26789661e-03   3.00682779e-03
  -5.87767915e-05]
[  7.81279303e-03  -3.12854611e-03  -8.82127560e-03   1.68822673e-03
  -1.51715228e-03   4.18926849e-03   8.38920456e-03   5.42860423e-03
   1.37839034e-02   5.56390455e-03  -1.49218714e-02  -6.40535130e-03
  -6.17738810e-04  -2.97643181e-03  -1.59190693e-05   5.06234172e-03
  -1.12198650e-02   1.07125671e-02   1.52721233e-03  -6.82306602e-03
   4.08208357e-03]
[ 0.00677701 -0.00012711 -0.00204673  0.00451024  0.00324544  0.00347404
  0.00256217  0.00554454 -0.00219527  0.0082551  -0.00376978  0.00968871
  0.00790354  0.01246974  0.01353554 -0.01563481 -0.0029388   0.00940904
 -0.00301609  0.0083282   0.01427115]
[ 0.00955159  0.00233114  0.00275512 -0.00242176 -0.00644361  0.01320149
  0.01185473 -0.00562743 -0.00604392  0.0049989  -0.00700269  0.00561364
 -0.0101018  -0.00633121  0.00821975 -0.01325887 -0.00304778  0.00362136
  0.00289935 -0.00998111  0.00659215]
[  3.44079554e-03   1.36110080e-03  -7.82889594e-04   1.39926974e-03
   2.65132386e-03  -4.00689197e-03  -5.46220864e-03   1.67443141e-03
   1.92717694e-03   6.07991836e-04  -6.09242091e-05  -3.31149349e-05
  -2.00670609e-04  -3.19533612e-03  -3.57518249e-03  -1.52945620e-03
  -4.60852577e-03  -2.29218138e-03   1.25890403e-03   1.80065453e-03
   6.49059624e-03]
[  1.07685260e-02   1.46601631e-03  -1.15544862e-02  -2.86405387e-03
   5.70128021e-03   9.38775463e-03  -8.48170780e-03   1.20509712e-02
   2.50089516e-02   7.79234019e-03  -4.17800935e-03  -3.38217350e-05
  -8.66404325e-03  -6.53833831e-03  -1.76791403e-02   8.78619685e-03
  -2.25407617e-02   1.50124445e-02   5.96629613e-03  -8.47630887e-03
  -4.48818959e-03]
[  3.51543315e-03   8.73552318e-04   4.45796807e-05  -3.64395132e-03
  -2.14097238e-03   4.07046462e-03   2.35809432e-03   1.06741409e-03
  -1.14009115e-03   1.64172375e-03  -1.62405778e-03  -1.08415661e-03
  -4.88339785e-03   6.09875949e-03   7.86602523e-03  -5.48900918e-03
  -1.09252822e-02  -1.06804422e-02  -1.24123092e-02  -2.79395112e-03
   2.41688467e-05]
[ 0.00935408 -0.02639611  0.00156675  0.00074284  0.00740277 -0.0040718
 -0.01228705 -0.00165303 -0.00521854  0.00542857  0.00655484  0.01173826
  0.00311065  0.00626458 -0.00366677 -0.00797909  0.01483709 -0.0038173
  0.0040057  -0.01633132 -0.00210902]
[  9.43768405e-03   3.50986430e-03   1.19193648e-03  -1.33846990e-02
   1.16641152e-03  -5.14379888e-03  -4.22988641e-04  -1.51731251e-02
  -1.18721211e-02   7.13259404e-03  -7.17423415e-03   7.92241927e-03
  -1.13450156e-02  -3.79875646e-03   1.02189474e-02   7.09453538e-03
  -6.51943274e-06   3.86508206e-04  -1.84837082e-03  -4.31441104e-03
   2.13067339e-03]
[ 0.0037129   0.00041423  0.01891881 -0.01444034 -0.00577558 -0.00667544
  0.00047313  0.00136677  0.00936022 -0.00617911 -0.00618708 -0.00290242
 -0.00056936  0.00577532  0.00266366 -0.00439859  0.00076481  0.00378087
 -0.00035407  0.00214042  0.00207129]
[ 0.00892431 -0.00234419  0.00140806  0.00332157  0.00063852 -0.00116221
 -0.00930099  0.00335491 -0.00167274  0.01903511  0.01363132  0.00465218
  0.02091138  0.00936385  0.00539891  0.00352379  0.01039317  0.00147828
  0.00685195 -0.00431337  0.00458212]
[  3.72472802e-03  -4.98452606e-02   1.94462011e-03   3.65776817e-03
   8.28720455e-03  -6.57288444e-03   1.65363102e-03  -1.14548283e-02
   2.72548720e-03   6.02351863e-04   8.46858009e-03   1.70627341e-03
  -1.67619279e-02  -2.34604096e-03   8.86128196e-06  -2.25273066e-03
  -3.36583092e-03  -1.21688832e-03   5.25607487e-05   3.76406073e-03
   4.59822905e-04]
[ 0.01165871 -0.00134365 -0.00879385 -0.00238999 -0.01417831  0.00031282
  0.00518523 -0.00693562  0.01041708 -0.00333568 -0.01222591  0.00078437
  0.00812609  0.00158418  0.00508447  0.02050293  0.01510124 -0.0061637
  0.00293518 -0.00568406 -0.01313407]
[ 0.00808619  0.0021171  -0.01160172 -0.00493831 -0.00858682 -0.00359684
  0.00272959 -0.01730578  0.00676467  0.00034146  0.00017467  0.00616098
  0.00648573  0.0050912  -0.00982475 -0.00141834  0.00143875 -0.01183481
 -0.00728625  0.00132423 -0.00794086]
[ 0.00876529  0.00208505 -0.00597772 -0.00548911  0.01944152  0.00766432
  0.00753537  0.01076668  0.00629981  0.00088726 -0.00052434  0.01004344
 -0.00429607  0.00127815 -0.01593755  0.0033541   0.00211182  0.01642396
 -0.01223097  0.00666134 -0.00344341]
[ 0.00987049  0.00138221 -0.00783189 -0.00116493 -0.01020032 -0.00280437
  0.00674441 -0.00812656 -0.00686651  0.0076796  -0.00058486  0.00306433
  0.00020452  0.02127297  0.00504692  0.02840215  0.01145416 -0.00283307
  0.01958922  0.00616806  0.00476567]
[ 0.00587142  0.00304877  0.00339988  0.00261899 -0.0038899  -0.00136452
  0.01458099  0.00345794 -0.00968412  0.00710689  0.00653606 -0.0091177
 -0.01293647 -0.00137488 -0.01317208 -0.01126795  0.00651472 -0.00526792
  0.00594459 -0.00018128 -0.01189926]
[ 0.00366666  0.0010944   0.01381347 -0.01261181 -0.00586828 -0.00594123
 -0.00590353  0.0019061   0.01015849 -0.00086049 -0.00319738 -0.00284913
 -0.00308464 -0.00139101 -0.00178076 -0.00921912  0.00498611  0.00138916
  0.00397714  0.01353244  0.00578935]
[ 0.01667938 -0.00077731  0.00336398  0.01505905 -0.00030993  0.01463922
 -0.00838555  0.00240158  0.00346708 -0.00592279  0.00769435  0.0291104
 -0.00608377  0.02781182 -0.01194013 -0.00963294  0.01355398  0.00366005
  0.00371059 -0.00457129  0.00951834]
[ 0.01037554  0.00086413 -0.00168409 -0.00722299  0.00397815  0.01099762
  0.00633804  0.00180146 -0.01064613  0.00548738 -0.00907214  0.00928603
  0.0029593  -0.01476263  0.01442991 -0.01944394 -0.00644815  0.0087168
  0.00359978  0.00114129  0.00779221]
[ 0.0051439   0.00034218 -0.00100981 -0.00288906  0.005567    0.00716435
 -0.00105293  0.00618559 -0.00530849  0.00277682 -0.00412699  0.00413564
 -0.00408964 -0.01147226  0.00802877  0.00034562  0.00479755  0.00090817
 -0.00658886  0.00332065 -0.00877272]
[  7.50223150e-03   7.67275067e-05  -5.34193315e-04   7.83464956e-03
   1.06091174e-02   1.64175277e-03   2.27514781e-03   4.18610390e-03
  -8.79898545e-03   1.09093068e-04   5.12198197e-03  -7.96934974e-03
   1.89006600e-02   9.93362922e-03   1.26796558e-02  -8.48574448e-03
   5.91267128e-03   4.66433837e-03   7.95956525e-03   8.41400285e-03
   1.81030343e-02]
[  2.20386254e-02   4.60636317e-03   1.55840879e-02  -2.17683955e-02
  -3.26498371e-03  -1.34217704e-02  -1.50593802e-02  -8.63933363e-03
  -1.44541268e-02   3.02762781e-02  -6.71248210e-03  -7.82470920e-03
  -3.80984927e-03  -2.43915163e-02  -1.56903896e-02  -2.33043460e-02
   4.53570555e-03   4.92184694e-03  -1.25699754e-02   1.62692967e-02
   4.97500626e-05]
[ 0.01167152  0.00567094  0.00152095  0.00282821  0.00690377  0.00938989
  0.00138381 -0.00287782 -0.0085605   0.00309244  0.01884597 -0.02470889
 -0.01666     0.01948361  0.00848343  0.02114788  0.01243424 -0.00107465
 -0.00731225  0.00141812  0.03343344]

Right eigenvectors

[ 1.          0.10305554  4.31632561 -2.50146951 -0.75480611 -1.70205814
 -0.00455353 -0.06957888  2.77183801 -0.4016394  -0.81707513 -0.54191095
  0.45883174  1.2362427   0.81874531 -0.36818436  1.60566648  1.57051068
 -0.48564894 -1.7626029   0.15495666]
[ 1.         -2.77719948 -0.08972878  0.02326899 -0.79239527  0.45068061
  1.26113177  0.72473005  0.39265496 -0.62564772 -1.35319949 -1.41749168
  1.23773051 -0.39577586  0.39261068  1.16072319 -1.11657709  0.61192243
 -0.43978599  0.98923903  0.12708874]
[ 1.          0.43847925 -0.47348232  0.79568004  0.97421453 -0.19661674
 -0.70069542  2.14474038  1.09884899  0.56371187  0.06679924  0.93322502
 -1.05081591 -2.00725881  1.98746547  1.20836855 -0.2913111  -0.48515626
  0.0647262  -1.15258905 -2.21212922]
[  1.00000000e+00   3.52924593e-01  -1.34158733e+00   3.39310513e-01
   1.14350913e+00  -1.29760756e+00   1.40015648e+00   4.91417109e-01
   1.00198403e+00  -1.25543754e+00   1.73281868e-01  -7.01858453e-01
   2.25506521e-01   4.88993394e-01  -2.57037674e-01  -6.16997291e-01
   2.39989701e-01   1.03388563e+00  -7.83751541e-01  -3.29165442e-04
  -3.09187501e-01]
[ 1.         -0.27814791 -0.26653713 -0.76245787 -0.41423875  2.37077867
 -0.6887516   0.43630473  0.56756928 -0.63070407  0.85996299 -1.7322123
  0.04314223 -0.40924912  0.16458287 -0.20425522 -0.00442859 -0.26054732
  0.29206853  0.20939757 -0.04273609]
[ 1.          0.38927275  2.17867277  0.8379767   0.37952514  0.60477976
  0.82649009 -0.45800999 -0.64895492 -0.01800862  0.86517516  0.25027564
  0.09415663  0.92228695 -0.39931129  0.01368188 -0.7911387   0.55664292
 -0.05101512 -0.22105118 -2.00583661]
[ 1.          0.42055084 -0.72985724  0.95397124 -2.06191908 -0.76106891
 -1.6746865   0.6237291   0.44823914 -0.60944829  1.42265104  0.75226438
 -1.94850048  0.64504887  1.51641518  0.15611407  0.96405845  2.12348981
  0.86102167  3.33120488 -1.34618178]
[ 1.          0.46901982 -1.00999778  0.06113373  0.15409116 -0.99729566
 -0.12007091 -1.40948702 -0.2435133   0.85319758 -0.61435774 -2.06932167
 -0.84530627  0.77408043 -0.8404882  -0.14879057 -0.07218313  1.15259229
 -0.94558573 -0.80948928  0.44934622]
[ 1.         -0.01544915  0.61907807 -0.17162311  0.25996082 -1.10160695
 -1.5091967  -0.22597491  0.48740582  1.91446048  0.40663049 -0.46121546
  0.34993912  0.0866504   0.49287516  0.32106582 -0.02804302 -0.53578016
 -0.26681813 -0.69417793  0.46355479]
[ 1.          0.06044796  2.36432405 -2.28508    -0.23841304 -0.78829455
 -1.59649513  0.68618383  1.21409125  0.40576505 -1.43459123 -1.39715828
 -0.42842202 -0.76837986 -0.58647449 -1.24210982  1.49154882 -0.86660974
  0.74336695  1.47922596  0.93828911]
[ 1.          0.46021248  0.24427126  1.64706232 -0.94450452 -1.24784434
  2.68049527  1.2574283  -1.04993993  0.590817    0.65528159 -0.70824046
 -1.75299344 -0.32948997 -0.29302589 -2.11763861  0.17780984 -0.15695695
  2.19415101 -0.34468199 -1.01123393]
[ 1.          0.03097795 -0.91500125  0.61604465 -1.17610953 -0.24341371
 -1.16191915 -0.42536458 -0.87616015 -0.33472988 -1.70345745 -0.8553542
 -0.47238422 -0.15346737  0.12038106  0.33184292  1.8229107   1.41422543
  0.44518318  0.15912427 -1.13035905]
[ 1.          0.07867251 -0.56271543  0.42848288 -1.23477164  0.68887216
  2.10323503  0.32341465  0.02880274  1.28015234 -1.40031368  0.78856566
 -0.46154238 -1.3566803  -0.09516861 -0.67328342  0.33815259  0.05285196
  0.99714958 -0.19419233  0.75296964]
[ 1.          0.36201327  0.32768848 -0.82074045  0.38730279  2.01656326
  0.39094924  0.07887864 -1.06899464  0.16309668  1.2815119  -0.73415296
 -1.45023949  0.07273599 -0.00477508 -0.34054487 -0.14341621 -0.76207059
 -1.2478777   0.89526171 -0.56497575]
[ 1.         -0.69405483 -0.08172727 -0.88788082  0.31562579 -0.98160103
 -0.88997795  0.89923648 -2.15186265 -1.70196768 -0.96277333  0.80906327
  0.35367417  0.58632441  0.01355488 -0.43927132 -0.495892   -1.43295879
  1.82202032 -1.7261346   0.30671587]
[ 1.          0.37846052  0.36930538  0.88364486 -1.25698709  0.1226834
  2.09564878 -1.05869618 -0.14166788  1.04056794 -0.10162864  0.84293228
 -0.44997029 -0.9735386  -1.67080881 -1.32200047  1.12516486 -1.19871935
 -0.07357907 -0.44850794  0.72111645]
[ 1.          0.05396526  2.19119435  1.32412206 -0.60069052 -0.8452243
  1.39440126 -0.5603292  -0.71704243  1.34897341  0.10294998 -0.22935136
  3.30854959  0.40255443  0.45148454  1.32905851 -2.36093637  0.59649583
 -0.39250209  2.36716135 -2.80831302]
[ 1.          0.12675879 -0.50880419 -0.19257113 -0.08070685  0.60860439
  0.18537363  0.29296564  0.4420629   0.62868801 -0.9302687   1.08269634
 -0.17323179 -0.20287643  0.13374434  1.45011039  0.64194811 -0.34534331
  2.14850865  0.42707816  0.05396562]
[ 1.          0.55577763 -0.41878657  1.30442306 -0.78252833 -1.72158498
 -0.6655101   1.1442838   0.26748054 -0.08741151  1.15925407 -0.35020526
 -2.00324924  0.16124982  1.90384781 -0.10554158 -0.28622698  0.73082761
 -0.30157522 -0.01686201 -0.96147762]
[ 1.          0.63711254 -1.1192401  -0.21097788  3.0149521  -1.51141162
  1.12782806 -0.18245327  0.40183353 -1.38573235  0.24925713 -0.16830143
  1.13579006 -0.26952594  0.02521088 -0.28056602  0.55668313  0.05015125
 -0.61892122  1.50479168  0.62408853]
[ 1.          0.48851063 -1.20719429 -1.44650563 -0.32195808 -1.16209126
 -0.22809634 -2.34030388 -1.84529345  0.27066513 -1.10085811  1.73923239
 -1.41671274  2.17207962  0.97288231  3.08005412 -0.77637501  0.12228352
  2.85056699 -0.68877096  0.15319183]
[ 1.          0.31489044 -1.26006421 -0.24578529 -0.20247021 -0.97912896
 -1.20855793 -0.50695717 -0.60596288 -0.68950338 -0.57606615  0.51411658
 -0.983707    1.18025138 -0.18595568 -0.19979636 -1.60571239  0.55508579
  0.9039892  -1.26586363 -0.26367967]
[  1.00000000e+00  -1.25095610e-02  -1.50889010e-01   1.58671290e-01
   7.78292786e-01   3.05255415e-01   7.49524385e-01   1.55443994e+00
   9.08122961e-01   8.43507322e-01  -6.50453780e-01   2.02491102e+00
  -8.27572517e-04   1.30633642e+00   4.29799981e-02  -5.54064521e-01
   1.32052970e+00  -2.19872157e+00  -2.60255821e+00  -1.95410709e+00
  -1.57818374e+00]
[ 1.          0.83129285  0.74810442  0.22540164  0.51060998  0.21106169
  1.29913197 -1.84385641  0.57170798 -0.94732635  3.11004537 -1.82443676
 -1.93357275 -0.01725196  2.5650836   3.58519012  2.89230647  0.43636913
 -1.18440526 -2.03988464  6.06841384]
[ 1.         -0.033211   -0.3089134   1.86020076 -1.02392973 -0.67584399
 -2.35269206  1.37474647 -1.12162434 -1.75881527 -2.00075308 -0.29301074
 -1.56736908 -1.2424741   1.39784059  0.66350575  2.87158136  0.66588439
 -2.81775878  0.25328598 -1.68949517]
[ 1.         -0.2189965  -0.45606327  0.94586306 -1.45675042 -0.09677055
  0.70155928 -0.61872187  0.15061095  0.35695318 -0.75221829 -0.68506375
  0.08786338 -0.10271967 -1.89558903  0.99205479  1.10298677 -1.41663663
 -0.95487483 -0.05404459  1.37772192]
[ 1.          0.04245181  0.01858137  2.73773133 -1.23092836 -0.18866954
 -2.4247173  -0.27510841 -1.30137202 -2.0405619  -3.10157766  0.28437424
 -0.88223651 -0.86989902 -1.38353484  0.54975499  2.42028524  0.61985202
 -2.80791487  0.78326937  0.21546642]
[ 1.         -0.2945222   1.65189495 -0.65141259 -0.80900764 -0.49138313
  1.38774671  0.16722685  0.17740783 -0.86542552 -0.5755747  -0.59043944
  0.71913603  0.81605544 -0.09073703  1.21134566 -0.85469028  0.78477351
 -0.12152885 -0.15361281 -1.16443851]
[ 1.          0.26530212 -1.0359163  -1.0270791   0.42259846  0.18750687
 -0.45715138 -1.62393913  0.00534562 -0.56172251  0.56022453 -0.17650337
  1.07956859 -0.77797343  0.08533404 -1.34376681 -0.39875317 -0.09626706
  0.01628965 -0.1401782  -0.55444939]
[ 1.          0.304607    0.87522025 -0.01920995 -0.08162626  2.33348851
  0.21663321 -0.51151642  0.55096307 -1.5721668   0.79792556  0.03311793
 -0.76223056 -1.34337487  1.32491496 -0.11635197 -0.50313639  0.12255054
  0.50095718 -1.61937698  0.11644099]
[ 1.          0.289692   -0.27063744 -1.08923628  1.32226656  0.70428325
  0.66106239  0.16437583 -0.89824483  0.58515314 -0.53865586  1.25459325
 -0.95091379 -0.45186319 -0.36419246  0.91159428  0.76953249  0.19805358
 -1.11361164  1.70076499 -0.40255505]
[ 1.          0.30283102  1.40845286  0.52686323 -0.04824789 -1.47503047
 -0.87248976  0.05856569 -1.21783121  2.18133706  1.96105251  0.31741587
  1.57577247 -1.49610966  0.20631462  1.06776092 -1.18199993  0.43783065
 -0.83325478  0.02704926 -1.195773  ]
[ 1.          0.17581276  0.66422141 -0.09424693  0.8913799   0.58387469
  0.59034748  1.23904406 -0.53594249 -0.09449437  0.71008077 -0.80246761
 -0.41885795  0.45955813 -2.13780456  1.10167805  0.24600991 -1.0474061
  0.11931203 -0.17383182 -0.69707515]
[ 1.          0.51906302  0.6697124  -0.00319941 -0.07539229 -0.58341486
  1.08777891 -1.4244203   1.22448251 -1.077105    1.05664426  0.58326806
 -0.17900688 -1.65682714  1.20795457  0.88199267  1.06565836  0.39009485
 -0.15905958 -1.37972663  0.7825995 ]
[ 1.          0.3406872  -0.085477   -0.06566279 -1.25367651 -0.02610504
 -0.86722534  0.28757996  1.82218126 -0.51187041  1.91442468  1.24378511
 -0.63692413 -0.28630324 -0.16061309 -0.28348275  0.10802975  0.13743314
  1.36165272  1.80808588  0.39355252]
[ 1.         -0.62930596  0.46595898  0.36702407  1.20555538  1.04528983
 -0.15632441  1.30137715  0.83908765  1.35864363  0.32599323  3.23359702
  0.94357693  3.08978404 -0.45940735 -1.38323343  2.10998469  1.64755302
 -1.11322735 -2.48355311  0.21677077]
[ 1.         -0.26065674 -0.37243073 -0.25239592  0.61068826  1.69074047
  0.42957915  0.75515115  0.80068683  0.55536492 -0.90233715  0.27094877
  0.02565208 -0.79369619 -0.43949289  0.54700253 -0.47223473  1.41377893
  0.68089659 -0.79164943  0.39205472]
[ 1.          0.82528171 -1.13561374  0.09445489  2.69196986 -2.27321075
  2.58985634 -0.77681625  1.99087853 -2.85348998  1.13681012 -0.26181678
  0.93524094 -1.17609412  0.83174329 -0.04552979  1.66337354  1.46281644
 -1.59290734  0.10368499  1.1683231 ]
[ 1.          0.29815218 -0.39894628  0.6877845  -0.84663522 -1.4622148
  1.77067888  0.49992574 -0.95076247  0.10311252  0.6371099  -2.07052858
 -1.22117713  1.25386284 -0.23040948 -0.59278171  0.77244408  1.04246059
  1.48576492 -0.63000119 -2.03906613]
[ 1.         -0.69533633 -0.51577218 -0.08548168 -0.5296706   0.4469384
 -0.7972579   0.40806997 -1.29430733 -0.67939004  0.34571706 -1.15927327
  1.60263583  0.11065872  0.374619   -0.97761136  0.87899107  0.34540356
  1.14651454 -0.75964725 -0.40789862]
[ 1.          0.26592841  0.13686721  0.53907715  0.68451948  0.32845605
 -1.19006721 -0.37235508  0.8001969   1.17214985 -0.47806164 -1.42856814
 -0.0955232  -0.04610975 -0.21788917  0.66438568 -0.50399094 -0.55625744
  0.57671312 -0.43818099  1.10240556]
[ 1.         -0.67235346  0.81642893  0.44702847  1.06364499 -0.23571227
 -1.46070891  0.33487134 -0.69342486  2.64204548  1.54931522  0.0954885
  1.64349559 -0.14127675 -1.00082311  0.967254    0.71320137 -0.16701266
  0.41871813 -1.40734023 -0.27585327]
[ 1.          0.13568237  0.90711943  1.06866889 -2.74419453 -1.95990274
 -0.43490298  1.27191582 -2.65781984 -0.6491469   2.02626518  1.86749761
  1.54506696 -2.92185831 -2.48546166  0.88311119 -2.60256551  0.59778747
 -2.17305055 -1.49601581  3.44998078]
[ 1.          0.5552362   0.72154152 -1.58433424  1.17127246  1.86832513
  0.80600505  0.01243817 -2.1650541  -0.20792589  1.07582306 -0.65923147
 -2.7214448   1.36638545  0.8589616   1.45493589  0.01475948 -1.44542381
 -2.72536147  1.2367854   1.85956305]
[ 1.          0.15068618  0.89674111 -0.95652047  1.35471043 -0.78624298
 -0.3805246   2.08509739 -0.33932207 -1.20323817 -1.05520584  0.29835237
 -0.49924756  0.35674732 -1.32920002  0.32877128 -0.3834619  -3.05081578
  2.2259778  -0.05658244  0.58847375]
[ 1.          0.29750969 -0.7294538   0.2944814  -0.46913784 -0.40056826
  0.29613552  0.21494476  0.01816568  1.09983074 -1.21070976 -0.27014433
 -1.1794477   1.23720321  1.71728933 -1.76255105 -2.18932633  0.49061775
 -1.22441894 -0.47451136  0.8819492 ]
[ 1.          0.31955982  0.01370247  0.07839089  2.77485554 -2.02900455
  0.09394291  1.6740177  -0.03867227 -0.62424698 -0.20940786 -0.13991586
  0.72620219 -1.29753467  0.31895818  0.32038833  0.33011466 -2.66787644
  0.81088625  0.76847338  0.51492685]
[ 1.         -0.30022084 -0.97772515  0.08600768 -1.28544358  0.52903931
  0.20120604  0.22237784  1.77546232  0.94145881 -0.23530543 -0.1341158
  1.15316662  0.61003366  0.72891072  0.10115893 -0.46982356 -2.80447906
 -1.59542614 -0.28758371 -0.59583874]
[ 1.         -0.09348689 -0.23413701  0.39471676 -0.02811644  1.26341946
 -0.69242259  0.85257518 -0.18429226 -0.89374735  0.12151809 -0.648054
  0.56278805 -0.44085772  0.61706255  0.12622487  0.34170375  0.30636137
 -0.07875682 -0.86574209 -0.04607076]
[ 1.          0.51988492 -0.15915833  1.55561448  1.21635552 -0.8592722
 -0.40550672  0.77588938  0.65226325  0.05582665 -0.72227959  0.22234385
 -0.63211663  0.64067614  0.57618961 -1.10226908 -0.86414132 -1.09291783
  0.39113131  0.48749827  0.46983169]
[ 1.          0.42768693  0.81308472  0.65218874  0.79214603 -0.16406499
 -0.17405795 -0.5319996  -0.59047425  0.69087512  0.14050918 -1.92380346
  0.41334116  0.3431521  -0.6476428   1.01607615 -0.17145405  0.61406708
 -0.36120995  0.30901432 -0.26864777]
[ 1.         -0.39124059 -0.4303712   0.29595996 -1.35074348 -0.07580529
  1.30224464  0.31216275  0.24083055  0.50778227 -0.67751002  0.29881044
  1.44875308  0.73010379  0.82186759  0.24814178 -0.25341684 -0.39268174
 -0.17996637  1.18080007 -0.07602431]
[ 1.          0.0573463  -0.12076252  0.02722374 -0.9463134   0.6635645
 -0.43731379  0.03768963 -0.36295811 -0.15006729  1.10427784  1.36295658
  0.05256523  1.3072198   0.2487483   0.29842055 -0.19654936  0.61921353
 -0.27716559  2.39241163  0.20684851]
[ 1.          0.95611267  3.28896088  5.24865681  1.79384145  1.88682122
 -1.32666109 -4.17125153  1.05089145 -1.90539429 -2.28790442  0.12287699
  0.07370131  0.02984327 -0.38646205 -0.36150435 -1.56827106 -1.39752898
  1.34321768  1.07139185 -0.55876499]
[ 1.          0.65549514  0.81130181  0.64835888  1.71975512 -2.14837512
 -0.16695371  1.18344818  0.58526321  0.60145797  1.76283833  1.0208607
  0.6984633  -4.12821155  2.42967451  2.32784178 -0.03148336 -1.54750421
 -0.14884254 -1.43662737 -1.66083342]
[ 1.          0.02542854 -0.80441418 -0.81040327 -0.3195457   1.4686655
 -1.00427218 -0.1831818  -0.00405565 -1.26990236  1.59386976 -1.09142027
  0.44829895 -0.2395212  -0.42800368 -1.06645114 -0.0402941  -0.5389354
  0.67250228 -0.12724677 -0.99092324]
[ 1.          0.45786332 -0.33737722 -1.36358227  0.09408058  0.20517687
 -0.36082446 -1.55559765 -1.03519637  0.28197585  1.10742979  1.46438849
  0.11921418 -0.74601549  0.82944057 -0.09574527 -1.09152968  0.21001599
  0.39837068  1.64074424 -0.60463828]
[ 1.          0.35485296 -0.60244371 -1.3186      0.47842409 -0.47464292
  0.23251758 -1.38389853 -0.73547829 -0.29650392 -0.49092625  1.2396111
 -0.15674408  0.40309233  0.1220189   1.28462581 -0.5878262  -0.18059944
  1.04818864  0.31851747 -0.23338408]
[ 1.          0.32985357 -0.74019202  1.14313818 -0.91020818 -0.50325156
 -1.03614346  0.864777    2.59267673  0.91893041  0.6619438  -0.27239417
 -0.61945898  0.66875391  1.63535188 -0.24251483 -1.0924803  -2.78651038
 -0.48086482  0.68607073 -0.13258409]
[ 1.         -0.09088386  0.04431845 -0.03502072  0.81296525  0.46831383
 -0.25273733 -0.2653917  -0.12770103  0.93537284 -0.53118446  0.47150356
  0.37427953 -1.04947598 -0.26060628 -0.29503064  0.3113507   1.22928009
 -0.25651158  0.24687415  0.03724815]
[ 1.          0.89257862  3.24625932  2.83054866  0.99024213  2.09370572
  0.46393609 -3.5616214   1.21402049 -2.60511167  0.29765453  0.60325119
 -0.46399319 -1.3050674   1.15747316  0.29458975 -1.19024195 -0.20163198
  1.20605695 -1.75043288 -1.40752606]
[ 1.         -0.53785431 -0.41731837  0.40497582  1.19090224 -1.11595037
  1.64780294  1.79729236 -1.32893004 -1.0778897  -0.63358302 -0.78822938
  1.22505492 -0.29524156  1.18480084 -1.7947082  -0.27835599 -0.44238873
  2.17951829  0.30913579  1.29387355]
[ 1.          0.55018505  2.0768053   2.76097361  1.07886681  0.38234147
  0.73844756 -1.62448325 -0.51079296  0.61897036 -0.50085883 -0.38087734
  1.77464154  0.54160021 -0.24994986 -0.6113266  -1.20023802 -0.04888866
  0.63558663  1.98412227 -0.906295  ]
[ 1.         -1.19273636 -0.11779537  0.33231765 -1.58504729  0.79304836
 -0.56101963  1.49270734 -1.04662759 -2.04226838  0.14990998  0.02386968
  1.4515749   0.01349453  0.03394721  1.28404568 -1.66674885  1.51102577
 -1.50058805  1.36559031  1.33185635]
[ 1.         -0.69241944  0.01812224 -0.60142493  0.02843877 -0.58871726
 -0.68262898  0.69855146 -0.91353168 -0.0995949  -2.00330426  0.30574726
 -0.10777147 -0.90416447  0.77817841  0.49202383  2.02881798 -0.85630725
 -0.65815137  0.49406512 -1.21416356]
[  1.00000000e+00  -3.39003564e-01  -6.80713349e-01  -9.01517963e-01
  -8.03214489e-01   2.26983114e+00  -7.28442795e-01   1.96402193e-03
  -5.38194643e-01  -1.21786658e+00   2.03303560e+00  -1.93308510e+00
   8.47888687e-01  -6.64370636e-02  -1.65259322e-01  -1.52565774e+00
   1.10153676e+00  -1.13749981e+00  -1.19305292e-01   2.23427936e-01
  -1.23285593e+00]
[ 1.          0.18033858  0.21502148 -0.23562852  0.68816316  0.03897073
  0.29300956  1.97712806  0.69072896 -1.27646235  0.52131878  0.49674683
 -0.4846015   0.80606471 -3.01139507  1.02491049 -0.79628187  0.25587154
  0.30325653  0.04783079 -0.30654971]
[ 1.          0.2716263   0.16149806  1.2384855  -2.57221436 -0.79953177
  2.33299335  0.06851499 -0.11246712  0.4420271   0.79031303  1.2741185
 -0.11715167 -2.21950422 -1.52531231 -0.46013355  0.381459   -0.73464335
  0.35183645 -0.40897625  2.68261082]
[ 1.          0.44730278 -1.00081718 -0.76788251  0.06876924 -1.1462859
 -1.34760471 -1.59411409  0.32975856  1.4090229  -0.47025086 -1.10884904
 -0.45077253 -0.08840756 -1.69887981 -0.89536437 -1.2536298   0.71568166
 -0.81542787 -0.93206392  0.06625979]
[ 1.         -0.04336405 -0.66321459 -0.27596723 -0.28569795  1.37481514
 -0.86241487 -0.56897104 -0.37213655  0.24498456 -0.74533445 -1.03450689
  0.44077922 -0.97364609  0.44198157 -0.62130445  0.86585989  0.7463717
  1.8255638  -0.59389206 -0.14142912]
[ 1.         -0.03465764  4.406248   -0.81490255  0.50629563 -0.06848358
  0.522937    0.47186658  2.16517659  0.63953454  0.31237057  2.18112283
  1.15909987  4.3455742  -0.02320488 -1.45544382  2.46595436  3.5673302
 -1.58910104 -4.61472421 -1.98807788]
[ 1.         -0.13289214 -0.92959912 -0.30984887 -0.9742472  -0.08070231
 -0.20265199 -0.90142386  0.90943297 -0.90647936  1.06903832  0.36800466
  0.93783861  0.08826333 -0.78795192 -0.68510614  0.77692408 -0.96530642
 -0.50298976  0.07223467 -0.445774  ]
[ 1.         -0.12173742  0.19493369  0.24247363 -1.42955267 -0.81775211
 -1.13756412  1.09204409 -1.68774709 -1.86100587  0.36785858  0.75063163
  0.55089721 -0.42619415 -1.21320438  0.36117437 -1.51703912  0.56207832
 -1.19336209 -0.73761266  1.31028864]
[ 1.          0.51051934 -2.02439564 -0.88741697  0.72532294 -1.23060273
  0.14655987 -2.23205861  0.3980414  -1.2086602   0.22691963 -0.13936782
  0.82310509  0.55035723 -0.89678863 -1.02702787 -0.40497879  0.03950809
 -0.60699409 -0.16317035 -0.82886471]
[ 1.          0.60214842  1.60752521  5.01644262  0.83921804  0.92981959
 -2.53652933 -2.03181288  0.31451126 -2.51265314 -3.3379218   1.45527254
 -1.0815816   0.92119478 -1.33687221 -0.94374227  0.61888076 -1.14234425
 -0.69281066  1.66400671  0.5561874 ]
[ 1.          0.19656474  1.35619505 -1.72395765  0.0682021   0.18039244
  0.35603681  0.04133563 -1.14096439 -1.37319145 -0.60758472  0.64122759
 -0.64212866  0.76740122  0.90549243 -0.23609806 -1.69219802 -1.33639066
 -0.62453196 -1.13212976  0.20944018]
[ 1.          0.3951298  -1.07327219 -0.3142338  -0.73222781  0.84463593
 -1.77144525  1.53939302  4.67719599  0.23713475  1.79269812  1.50344058
 -1.74470144 -1.14262695 -2.37560805  0.70357623 -2.68027504  2.20596534
  2.9075862   1.65960186 -0.03244152]
[ 1.         -0.40043888 -1.12908093  0.21608492 -0.19418821  0.53620625
  1.07377791  0.69483528  1.76427346  0.71215307 -1.9099279  -0.81985422
 -0.0790676  -0.38096898 -0.00203756  0.64795544 -1.43608886  1.37115716
  0.19547585 -0.87331969  0.5224871 ]
[ 1.         -0.01875563 -0.30201099  0.66552088  0.47888998  0.5126215
  0.37806794  0.81813946 -0.32392898  1.21810434 -0.55626007  1.42964383
  1.16622896  1.84000676  1.99727397 -2.30703767 -0.43364292  1.38837745
 -0.44504699  1.22889027  2.1058188 ]
[ 1.          0.24405769  0.28844661 -0.25354527 -0.67461137  1.38212549
  1.24112691 -0.58916197 -0.63276616  0.52335807 -0.73314444  0.5877182
 -1.05760389 -0.66284356  0.8605635  -1.38813288 -0.31908664  0.37913747
  0.30354614 -1.04496887  0.69016324]
[ 1.          0.39557736 -0.22753156  0.40667041  0.77055548 -1.16452487
 -1.58748422  0.48664078  0.56009633  0.17670095 -0.01770643 -0.00962421
 -0.05832099 -0.92866201 -1.03905694 -0.44450656 -1.33937798 -0.66617773
  0.36587586  0.52332506  1.88636499]
[ 1.          0.136139   -1.0729868  -0.26596527  0.52943924  0.87177713
 -0.7876387   1.11909199  2.32241178  0.72362181 -0.3879834  -0.0031408
 -0.80457096 -0.60717115 -1.64174191  0.81591454 -2.09320772  1.39410394
  0.55404947 -0.78713734 -0.41678774]
[ 1.          0.24849066  0.01268113 -1.03655827 -0.60902093  1.15788423
  0.67078343  0.30363658 -0.32431029  0.46700468 -0.46197942 -0.30839916
 -1.38913119  1.73485293  2.23756928 -1.56140337 -3.10780541 -3.03815824
 -3.53080508 -0.79476724  0.00687507]
[ 1.         -2.82188105  0.16749329  0.07941373  0.79139503 -0.43529623
 -1.3135492  -0.17671696 -0.55788854  0.58034266  0.70074672  1.2548811
  0.33254432  0.6697161  -0.39199636 -0.85300634  1.58616195 -0.40808933
  0.42822989 -1.74590269 -0.22546547]
[  1.00000000e+00   3.71898898e-01   1.26295442e-01  -1.41821859e+00
   1.23590864e-01  -5.45027663e-01  -4.48191143e-02  -1.60771701e+00
  -1.25794857e+00   7.55756814e-01  -7.60168926e-01   8.39445274e-01
  -1.20209741e+00  -4.02509391e-01   1.08278125e+00   7.51724188e-01
  -6.90787348e-04   4.09537132e-02  -1.95850042e-01  -4.57147221e-01
   2.25762313e-01]
[ 1.          0.11156549  5.09542887 -3.88923819 -1.55554574 -1.79790678
  0.12742954  0.36811418  2.52100225 -1.66422709 -1.66637431 -0.78171352
 -0.15334748  1.55547392  0.71740664 -1.18467927  0.20598732  1.01830644
 -0.09536166  0.57648275  0.55786465]
[ 1.         -0.26267495  0.15777802  0.37219365  0.07154842 -0.1302297
 -1.0422081   0.3759291  -0.1874364   2.13294993  1.52743692  0.52129269
  2.34319283  1.04925142  0.60496643  0.3948531   1.1645905   0.16564594
  0.76778421 -0.48332751  0.5134427 ]
[  1.00000000e+00  -1.33822551e+01   5.22083785e-01   9.82022889e-01
   2.22491535e+00  -1.76466158e+00   4.43960206e-01  -3.07534624e+00
   7.31727842e-01   1.61717006e-01   2.27361033e+00   4.58093424e-01
  -4.50017498e+00  -6.29855643e-01   2.37904134e-03  -6.04804069e-01
  -9.03644748e-01  -3.26705281e-01   1.41112984e-02   1.01055989e+00
   1.23451404e-01]
[ 1.         -0.11524845 -0.75427329 -0.2049959  -1.21611332  0.02683175
  0.44475172 -0.59488777  0.89350176 -0.28611058 -1.04865053  0.06727802
  0.6969974   0.13587955  0.43610929  1.75859339  1.29527532 -0.52867814
  0.251759   -0.48753774 -1.12654619]
[ 1.          0.26181637 -1.43475739 -0.61070945 -1.06191238 -0.44481274
  0.33756251 -2.14016568  0.83657082  0.04222727  0.02160141  0.76191464
  0.80207488  0.62961693 -1.21500362 -0.17540322  0.17792747 -1.46358323
 -0.90107319  0.1637642  -0.9820276 ]
[ 1.          0.23787595 -0.68197647 -0.62623229  2.21801138  0.87439376
  0.85968208  1.22833131  0.71872171  0.10122387 -0.05981978  1.14581928
 -0.4901231   0.1458197  -1.81825686  0.38265641  0.24093001  1.8737493
 -1.39538612  0.75996804 -0.39284538]
[ 1.          0.14003502 -0.7934651  -0.11802152 -1.03341526 -0.28411617
  0.6832905  -0.82331843 -0.69566038  0.77803645 -0.05925311  0.3104541
  0.02072076  2.15520917  0.5113143   2.87748127  1.16044514 -0.28702428
  1.98462459  0.62489886  0.48281987]
[ 1.          0.51925634  0.57905549  0.44605696 -0.66251391 -0.23239997
  2.48338454  0.58894551 -1.64936617  1.21042174  1.11320033 -1.55289587
 -2.20329621 -0.23416493 -2.24342395 -1.91911928  1.10956457 -0.89721496
  1.01246223 -0.03087444 -2.02664255]
[ 1.          0.29847387  3.76731827 -3.439591   -1.60044294 -1.62033987
 -1.61005604  0.51984727  2.77050289 -0.23467905 -0.87201559 -0.77703742
 -0.84126695 -0.37936589 -0.48566294 -2.51431048  1.35985226  0.37886163
  1.08467579  3.6906732   1.57891754]
[ 1.         -0.04660281  0.20168466  0.90285445 -0.01858171  0.8776835
 -0.50274939  0.143985    0.20786619 -0.35509674  0.46130915  1.74529268
 -0.36474762  1.6674371  -0.71586193 -0.57753549  0.81261875  0.2194355
  0.22246586 -0.27406822  0.57066498]
[ 1.          0.08328517 -0.16231308 -0.69615591  0.38341636  1.05995623
  0.61086403  0.17362541 -1.0260802   0.52887675 -0.87437759  0.89499229
  0.2852185  -1.42283057  1.39076212 -1.87401722 -0.62147644  0.84013032
  0.3469491   0.10999815  0.75101723]
[ 1.          0.06652227 -0.19631169 -0.56164722  1.08225389  1.39278713
 -0.20469446  1.20251081 -1.03199731  0.53982716 -0.80230805  0.80398892
 -0.79504749 -2.2302667   1.56083332  0.06719065  0.93266767  0.17655378
 -1.2809071   0.64555178 -1.70546206]
[ 1.          0.01022729 -0.07120459  1.04430922  1.41412824  0.21883526
  0.30326281  0.55798117 -1.1728491   0.01454142  0.6827278  -1.06226391
  2.51933842  1.32408994  1.69011791 -1.13109606  0.78812168  0.6217268
  1.0609597   1.12153335  2.41301995]
[ 1.          0.20901318  0.70712613 -0.98773835 -0.14814825 -0.60901123
 -0.68331758 -0.39200873 -0.65585428  1.37378251 -0.30457808 -0.35504525
 -0.17287146 -1.10676214 -0.71194956 -1.05743192  0.2058071   0.22332822
 -0.57036114  0.7382174   0.0022574 ]
[ 1.          0.48587862  0.13031289  0.24231687  0.59150601  0.80451322
  0.11856342 -0.24656795 -0.73345206  0.26495637  1.61469767 -2.11702485
 -1.42740654  1.66933001  0.72684936  1.81192178  1.06534944 -0.09207455
 -0.62650418  0.12150251  2.86453257]
