Cluster centers 

[-0.9458699   0.62569097 -0.87376917  0.98361089]
[ 1.11889223  0.44582063 -0.17693161 -0.22046377]
[-1.11026231  0.28532678  2.12271159 -0.08231213]
[-0.89483761 -1.14665702 -0.98141779 -1.25520858]
[ 0.91690231 -1.28537573  0.28131402  1.32113444]
[ 0.95297669  0.66024541  0.55010178 -1.98318849]
[ 1.13678849 -0.15663949 -0.30848618  0.6813123 ]
[-0.97202243  0.18367086 -1.31588972 -0.08144711]
[-0.81482735 -0.82492853  0.50275613  0.91398323]
[ 0.47091117 -2.15603992 -0.89900003  0.13174945]
[ 0.90240916  0.82911401  3.80108019 -0.43788506]
[-1.00201406  1.40594706  0.31431619  0.85067653]
[-1.04309171 -0.59438927 -0.80399284 -1.65270473]
[-1.17124021 -0.51202106  3.24559367 -0.90608353]
[-0.9858624   0.10755186  0.64420973  0.77723449]
[ 1.12444459  0.92649903 -0.18505763  0.13472411]
[ 1.06200726 -0.28068073  0.02090804 -1.0264502 ]
[-1.03555876 -1.40892753 -0.28844914 -2.61677177]
[ 0.19906185 -2.38552489  1.26409598  0.88706301]
[-0.99288099  0.96112184 -1.25549094  0.30163632]
[ 1.09613243  0.50877895 -0.08244481 -0.53785165]
[-1.04709182  0.60216566  1.09107819  0.53707888]
[-1.14245967 -0.18246753 -0.48359371 -2.24069676]
[ 1.17419867  0.7738672   0.03358192  0.94841994]
[ 1.03075075  0.18230353  0.29589174 -1.52615021]
[ 1.00977624 -0.50177687  0.43072584 -1.90126599]
[-0.75400085 -0.5778086  -1.22097382  0.8907458 ]
[-0.99250085 -1.07707245  2.27992788 -0.14296042]
[ 1.04870287 -0.76268217  1.52077402  0.95832442]
[-0.34056366 -1.83868863  0.43566455  1.09204897]
[-1.02438934 -0.20070494  1.42644563  0.37262345]
[ 1.05284854  0.94248118  0.01066407 -0.72244758]
[-0.93515565  2.07920764  2.12943138 -0.03033674]
[ 1.00001636 -1.02802893 -0.5065864   0.21891977]
[-0.83106438 -0.75364394 -1.32209118 -0.18046477]
[ 1.16634144  0.13469178  0.05520769  1.09677025]
[-1.09763203  0.83027804 -0.82058154 -1.42500538]
[-0.99802499  0.90273328  0.07879883  0.94487449]
[ 0.93552552 -1.36750497 -0.25080668 -0.80994445]
[-0.42206772 -1.46037956 -1.02770259  1.08688168]
[-0.48288386 -1.70546852 -1.28933909 -0.0635751 ]
[ 0.96471271  1.90808438 -0.07786127 -0.25539691]
[-1.02238293  1.20409599 -1.18607192 -0.19798559]
[ 1.07711629 -0.6510675  -0.00230592  1.21242363]
[ 1.15229029  0.2397588   0.85968591  1.13561273]
[ 1.12645923  0.04298117 -0.27586836  0.01607757]
[-1.15331152 -0.18991088  2.84759532 -0.59934143]
[-0.66415807 -1.59308805 -1.14833019 -0.71625713]
[ 0.83526785  0.77509416  1.00759971 -2.80397413]
[ 0.99006251  1.41771165  2.30834791  0.51682286]
[-1.14744138 -1.67434762  0.40132708 -3.71599063]
[-0.95570904 -0.34858663 -1.2259444  -0.57790965]
[ 0.9506187  -1.26566863 -0.45433418 -0.22854855]
[-0.88604427 -0.08249532 -1.32106246  0.51513039]
[-0.93630992  0.18910163 -0.14610575  1.04790999]
[ 0.99338396 -0.86811199  0.2938237  -1.73266745]
[ 0.97086634  1.53239386  0.05080846 -0.78036443]
[ 1.08067017  0.27918801  0.0019978  -0.83897659]
[-0.97989973 -0.72032954  1.66391738  0.25606993]
[ 1.109432    1.54286631  0.08335397  0.7471458 ]
[-1.08629784  0.62578168  1.69529436  0.18993364]
[-0.84678659  2.54673582 -0.74585038  0.66036282]
[ 0.71885966 -1.71056332 -0.71536649  0.87835566]
[ 1.16289702  0.37412629 -0.23006849  0.62797984]
[ 1.06679997 -0.5630497  -0.24373228 -0.44484553]
[-0.69767217 -1.91650397 -0.79779533 -1.54216086]
[-0.80688038 -0.35107171 -0.81106875  1.11586375]
[-0.5999068  -1.2359626  -0.20171133  1.19456176]
[-1.08790521 -0.79161139 -0.49350235 -2.26083378]
[ 1.07624619 -0.63726937 -0.3502751   0.90016319]
[-1.01316748 -0.52366364 -0.96045609 -1.30812645]
[-1.12707968  0.25864343 -0.65633245 -1.86399074]
[-0.9108691  -0.63209728  0.93484508  0.68244144]
[ 0.8382493   1.62104654  0.35652902 -1.58164153]
[ 0.9923123   0.75038269  0.32686    -1.52601675]
[-0.97082207  1.58935311 -0.57082558  0.94464819]
[ 1.06157627  1.32930413 -0.10632548 -0.20037022]
[ 0.08899851 -2.02034943 -0.61477913  1.19959673]
[-1.10408624 -0.31719524  2.38407072 -0.25414895]
[-1.07327221  0.35248303 -0.98743421 -1.1387922 ]
[ 1.11081686 -0.44417545  0.25120445  1.24476332]
[-0.96121591  1.91824909 -1.02650603  0.4094394 ]
[-0.88701582 -0.25807828  0.06094618  1.03383557]
[ 1.09552773 -0.08263132 -0.14472534 -0.53562831]
[-0.69500463 -1.60905466  1.34102481  0.55056589]
[ 0.16255897 -2.55849489 -0.79806572 -0.73575401]
[ 0.72009587 -2.18695953  2.58457997  0.29797245]
[-1.01479293  1.51346749  0.98313983  0.57851636]
[-0.94926685  0.48363942 -0.43938878  1.07310595]
[ 1.07544491 -0.60464527 -0.42483563  0.27962859]
[-1.06757484  0.449485    1.43218496  0.35099069]
[-1.01942987 -1.19512184  2.72677636 -0.46683574]
[-0.97973125  1.21941564 -1.07964327  0.71387348]
[ 0.83349488 -1.59572648  0.84700808  1.19751123]
[-1.06264934  1.24040927  1.80776444  0.12532238]
[ 0.96349429 -1.12152167 -0.41882663  1.01923139]
[-1.03715358  0.66747134 -1.18485958 -0.48574882]
[ 0.83879007 -1.57068156 -0.6673644   0.26273599]
[-1.01317663  0.59822426  0.55052241  0.79535367]
[ 1.05054859  0.53494096  0.12788831 -1.10124961]

Populations

0.0161976582874
0.0278692932308
0.0137584250215
0.0136194670527
0.00631412233001
0.0124477592633
0.0287385586879
0.0126627360764
0.00892593756822
0.00624135389687
0.00298462427442
0.0137156968602
0.0101302957991
0.00267152729127
0.0221844529306
0.014029951942
0.00862357995575
0.00841770970299
0.00456025838616
0.015307483953
0.0185609529088
0.0103083984077
0.00270244817958
0.0166577886899
0.0151605326241
0.00298357304094
0.015286494359
0.0110400587767
0.00911299438921
0.00333006528477
0.00711530885432
0.0141230273767
0.00155874178191
0.00618807862927
0.0147843647489
0.0206090698719
0.00566395422699
0.0117244181882
0.00280632317918
0.00707294195618
0.00470059358666
0.0059109421044
0.0100850016182
0.0100644895503
0.015835964604
0.0150913297823
0.00706015363663
0.00614655776522
0.00949770902275
0.00154688286044
0.00148098056687
0.0111811098179
0.0119313970613
0.0175765558814
0.00772458457752
0.00315840448185
0.0143303837838
0.0057443376084
0.00573332729919
0.011242152492
0.00741671674226
0.00596866945397
0.0141337580945
0.0143396827525
0.0137331672825
0.00727199310931
0.00946848580855
0.00325309422587
0.00416733090198
0.0154724099199
0.0102741199491
0.0109111924733
0.0146212049963
0.00836735064162
0.0157484351964
0.0101731584932
0.0137754052246
0.00423297543572
0.0135456913755
0.0143975958144
0.00916630389456
0.0098626231742
0.00932936586682
0.0170965846444
0.00474212029515
0.00699770217372
0.0030743557796
0.00424290096151
0.00941330896812
0.00903406820746
0.00945298765992
0.00410640924389
0.00915757895047
0.00597981228914
0.00278822547199
0.0135035148043
0.0118979388458
0.00294342635438
0.0114428663442
0.012262182093

State labels

0
1
2
3
4
5
6
7
8
9
10
11
12
13
14
15
16
17
18
19
20
21
22
23
24
25
26
27
28
29
30
31
32
33
34
35
36
37
38
39
40
41
42
43
44
45
46
47
48
49
50
51
52
53
54
55
56
57
58
59
60
61
62
63
64
65
66
67
68
69
70
71
72
73
74
75
76
77
78
79
80
81
82
83
84
85
86
87
88
89
90
91
92
93
94
95
96
97
98
99

Eigen values

1.0
0.578085463481
0.528992846719
0.496398306982
0.477704837137
0.444379744844
0.41999631668
0.415703492295
0.402827110478
0.398898388555
0.390621431016
0.384706707848
0.356876070136
0.349918818048
0.340149117898
0.335281621546
0.31341003011
0.304913082147
0.294602737475
0.280943431105
0.278283989874

Left eigenvectors

[ 0.01619766 -0.00955465 -0.00032526  0.00467381 -0.01389464  0.00561903
  0.00768546  0.01323821 -0.01490524  0.01017436  0.02691861 -0.00743145
 -0.00236204  0.01000218 -0.00526864  0.00943014 -0.0002878   0.00025847
 -0.00842683  0.01199337  0.02183871]
[ 0.02786929  0.01201886  0.0098322  -0.015027   -0.00489372  0.01779339
 -0.02177469  0.03466816 -0.01014765 -0.01410222 -0.00689928 -0.01669808
 -0.01160188 -0.00364356  0.01834126 -0.00941494 -0.01037781  0.00938739
  0.0085313   0.0027532  -0.02903997]
[ 0.01375843 -0.03036066 -0.00860774 -0.00795481 -0.00902687  0.00603788
 -0.00549562  0.0007205  -0.00494573 -0.00934008  0.01791849 -0.0024227
  0.00147231  0.01554924 -0.00935866 -0.00130479 -0.00118805  0.00647219
  0.01692317  0.01456762  0.02465081]
[ 0.01361947 -0.00551476 -0.00154797  0.01098831  0.00544653  0.00583542
 -0.01051911 -0.03317236  0.00583889  0.00905182 -0.00841727 -0.01259429
  0.00895874 -0.00200664  0.00082659 -0.01349027 -0.00433469 -0.018938
 -0.01413436 -0.00682277  0.01168742]
[ 0.00631412  0.00665904  0.00858098 -0.00525779 -0.0028212  -0.00219631
 -0.00323325  0.00758104 -0.0002676  -0.00667254  0.00511904 -0.00451993
  0.00323163 -0.00758814  0.00500219 -0.00780674 -0.00370125 -0.00256251
  0.00817725 -0.0061562  -0.00072517]
[ 0.01244776  0.00353756  0.00439195 -0.01323105 -0.00090489 -0.00078798
  0.00544918 -0.0143464  -0.00565444 -0.00094437  0.00485146 -0.01520001
  0.00583806 -0.01674373  0.00351352 -0.00901795  0.01171011 -0.01482206
 -0.00614031 -0.02029312  0.00451721]
[  2.87385587e-02   2.95667715e-03  -6.57369536e-05  -1.27255215e-02
  -3.06291264e-02   1.28325826e-02  -1.22544314e-02   1.39351002e-03
  -6.94503593e-03  -3.14828139e-02   1.35351215e-03   1.23317388e-02
   8.41998982e-04  -7.77202243e-03  -1.17159205e-02  -2.57155772e-02
   6.73249216e-03   2.06188970e-03   2.24529379e-02   4.55657743e-03
  -1.28399778e-02]
[ 0.01266274  0.00280294  0.00523987  0.03144993  0.01293399 -0.00545988
  0.0071526   0.01551468  0.00142431  0.00226468 -0.00200574  0.00124799
  0.00988015 -0.00305321 -0.02418293 -0.01422011  0.0097966   0.00735549
  0.01144315  0.00774417 -0.01505274]
[  8.92593757e-03   1.11062589e-03  -1.20459908e-04  -9.93226485e-04
  -3.91325747e-03  -3.90442817e-03  -5.36292927e-03  -5.56206967e-03
  -3.49778398e-03   1.15115427e-02  -2.88505299e-03   9.88689657e-03
   7.81622893e-03  -7.33083430e-04   1.10023965e-02  -5.70464088e-03
  -2.01643083e-03  -2.91107040e-03  -1.77903688e-02  -9.20094041e-05
   1.08008213e-02]
[  6.24135390e-03   4.65212027e-03  -5.65856538e-04  -4.61232556e-03
   4.83209097e-03   2.23911187e-03   7.42888525e-05   1.29671414e-03
   1.03673309e-02   1.20223092e-02   1.02723196e-02   5.15792703e-03
   6.27690761e-03   2.93117488e-03  -7.66298607e-03   5.44981732e-03
  -1.28578384e-02   5.72924366e-03  -1.35941977e-03  -1.19287400e-02
   1.58851495e-03]
[  2.98462427e-03   7.15272278e-04   2.74513787e-03   4.24054077e-05
  -1.10380564e-03   2.28243429e-04   4.91191169e-03  -1.72193195e-03
  -4.39961255e-03   9.70910762e-03  -3.11420647e-03  -1.87059932e-03
  -4.12926933e-03   9.60849080e-03   6.65773727e-03   4.15013835e-03
  -1.14089605e-04  -8.59529014e-04   1.30113630e-02   4.06351515e-03
  -6.11362379e-04]
[ 0.0137157  -0.01942813  0.01261625  0.01018979  0.01544825  0.00333071
  0.0120265  -0.00871258 -0.00207483  0.00091065 -0.00225232  0.00069183
 -0.01165516 -0.02243882  0.0041863   0.003888   -0.00937207 -0.00825568
 -0.01117923 -0.00687165  0.00102521]
[ 0.0101303  -0.00039216 -0.00999769 -0.00266294 -0.01191891 -0.00617395
 -0.00753465  0.01073901 -0.0023322   0.01427419  0.00147723  0.00200536
  0.02056716 -0.00196034 -0.00313188  0.02149384 -0.01377407 -0.01315083
 -0.01158195 -0.00679695 -0.00108391]
[ 0.00267153 -0.00063046 -0.00151722  0.00248209 -0.00345748 -0.00086845
 -0.00282886 -0.00449249  0.00369156  0.00019628 -0.00352595 -0.00313987
 -0.00100125  0.00183918 -0.00904705  0.00222008  0.00141137 -0.00363043
 -0.002226   -0.00312547  0.00474887]
[ 0.02218445 -0.00883494 -0.00327944  0.01472863 -0.01270958  0.0054451
  0.01143685  0.00961781  0.0008798   0.00569033  0.02261621  0.00339097
 -0.03651539 -0.01403276  0.00740161 -0.01326023  0.01178803  0.01191673
 -0.01749229 -0.01626663  0.00371873]
[  1.40299519e-02   1.36463262e-02   1.69484400e-02  -8.06841851e-04
  -1.30277841e-05  -3.44259282e-03  -2.07287233e-02   3.30843286e-02
   4.16326823e-03  -8.30257374e-03   6.46850584e-03  -6.35639042e-03
   1.29598387e-02  -1.48448902e-02   3.66986384e-03  -1.49863139e-02
  -5.56699878e-03  -7.45402532e-03   7.42249410e-03  -2.68147006e-03
   1.22655983e-02]
[ 0.00862358  0.00375943  0.0074542  -0.00708556 -0.01735481  0.00875706
  0.00210204 -0.00108186 -0.00426036 -0.00725402 -0.00133685  0.01933463
 -0.01281922 -0.00432688 -0.02207289 -0.00085506  0.0055462  -0.01945107
 -0.00022812  0.01057324  0.00279644]
[ 0.00841771 -0.00440447 -0.00443263  0.00814493  0.00393537 -0.01176424
 -0.00819478 -0.00682606 -0.009242   -0.00552795  0.01157965  0.0068992
 -0.01362998  0.00126042  0.00161986  0.00641509  0.01101747  0.00315713
 -0.00637221 -0.00960646 -0.0074451 ]
[ 0.00456026  0.00317734  0.00473404  0.00093387 -0.005314   -0.00325769
  0.00257291 -0.00338122 -0.00692216 -0.00762316 -0.00297303  0.00707839
  0.01008414 -0.000744   -0.00804904 -0.00972626  0.00644234  0.0056377
  0.00017311  0.00748178 -0.00751823]
[ 0.01530748 -0.00377972 -0.00054186 -0.00154844 -0.0183912   0.02531036
  0.00927777 -0.00419425 -0.01421563 -0.00970399  0.00151153  0.02500135
 -0.00769105  0.00045339 -0.00318289 -0.00736021  0.0054145   0.00066241
  0.00247324  0.0195317  -0.00163358]
[ 0.01856095  0.01204562  0.01507255 -0.01022278 -0.00889209 -0.01986204
  0.02906556 -0.01418675 -0.00424466 -0.00093927  0.0072246   0.00486419
  0.02682798  0.01434311  0.00078908 -0.00735909 -0.01509617  0.01088537
 -0.01322256 -0.00505944  0.01109879]
[ 0.0103084  -0.00072096  0.00076393  0.0081671  -0.00372858  0.00263864
 -0.00729681  0.00347932  0.00131536  0.00964438 -0.00224574 -0.00494968
 -0.00269348 -0.01959844 -0.00670691  0.00187204 -0.00403553  0.0109807
 -0.01321503  0.01878385 -0.00151848]
[ 0.00270245  0.00071941 -0.00348189 -0.00042791  0.00344819 -0.00835416
 -0.00788244 -0.00075985 -0.00053239 -0.01089862  0.0001771   0.00500933
 -0.00677203  0.0018252   0.00569004  0.00391258 -0.00137706  0.00714999
 -0.0028716   0.00100564  0.00282762]
[ 0.01665779  0.00991203  0.00048159  0.00083959  0.00914601 -0.00338191
 -0.01158281  0.01765094  0.01754328 -0.02104085 -0.0102792   0.01746006
  0.01107244  0.01814114  0.00108017 -0.00720017  0.00986299  0.01301227
 -0.00223276 -0.01268071  0.01209234]
[ 0.01516053  0.00144833 -0.00161764  0.0126838   0.01585589 -0.00230366
  0.01049546  0.02376447  0.01389936  0.00283729  0.02083837  0.00587963
  0.01487231  0.00113353  0.00651177 -0.00609677 -0.0116476  -0.01120322
  0.02629644  0.0073495   0.02138406]
[ 0.00298357 -0.00340891  0.0002245  -0.00181423 -0.00735162  0.00580799
  0.00163423  0.00083315 -0.00500606 -0.00286231  0.00557049  0.00624431
 -0.00418918  0.00276058 -0.00818861 -0.00022674  0.00210478 -0.00410414
  0.0021923   0.01142442  0.0090146 ]
[  1.52864944e-02  -3.29538925e-03  -4.83719951e-03   2.58125023e-02
   9.14660327e-03  -1.65728551e-02   6.05846812e-03  -1.67888121e-07
  -4.60653950e-03  -4.13202877e-03   1.98722340e-02  -1.20508208e-02
  -9.01485467e-03   8.26641096e-03  -7.22254451e-03   1.18985652e-02
   6.19270126e-03  -1.17725836e-02  -5.92013959e-03   7.85054401e-04
  -6.72925329e-03]
[ 0.01104006 -0.00077155 -0.00189395 -0.00700441 -0.00383396  0.01547949
 -0.01049016 -0.00581015  0.00365008 -0.01198024  0.00714497 -0.02351235
  0.01357915  0.00910811  0.00931556  0.00244916  0.00882696 -0.01530288
 -0.00923744 -0.00135164 -0.01717994]
[ 0.00911299  0.00240207 -0.01624741 -0.0125015   0.02122989 -0.00015791
  0.00067007 -0.00328214  0.01815074 -0.00747411  0.00393733  0.00734412
  0.00675691  0.00457678  0.00432703  0.00305449  0.01494725 -0.00464899
  0.00860716  0.01349379  0.00571486]
[ 0.00333007  0.00236935 -0.00105845 -0.00508405 -0.00021548  0.00346609
 -0.00180435  0.00735366  0.0017342   0.00314339  0.00053151 -0.00092435
  0.0019094  -0.00906814  0.00615902  0.00114497  0.00191417  0.00851594
  0.00222771  0.00334734 -0.00260572]
[ 0.00711531 -0.00709361 -0.00417319  0.01722305 -0.00103392 -0.00552099
  0.01060398  0.00422476  0.00429398  0.00595947  0.00806471  0.00093951
 -0.01001634 -0.00241368  0.00745409 -0.01502224  0.00449121 -0.0051003
 -0.00413988 -0.00567704  0.00025562]
[ 0.01412303  0.00893661  0.01147991 -0.00242195 -0.00524441 -0.01626871
  0.02736926 -0.00936475  0.01555157 -0.01543677 -0.00619379 -0.02360779
 -0.01166696 -0.00292815  0.00665207  0.02126973 -0.0053269   0.00936566
  0.00378754  0.00401606 -0.00084245]
[ 0.00155874  0.00070551 -0.00670471 -0.00928428  0.00936769 -0.00254964
  0.00492072  0.00473677 -0.00841369  0.00034508 -0.00508768 -0.00582301
 -0.00508373 -0.00055767 -0.00792717 -0.00679067  0.0013576  -0.0041083
 -0.00385618 -0.00223839  0.0034201 ]
[ 0.00618808  0.0055427   0.00637119 -0.00463693 -0.00599659 -0.01774809
  0.01665941 -0.01773045 -0.01003205 -0.01553204  0.00136006  0.00130228
  0.01880965 -0.00611295 -0.00110933 -0.00528026  0.00159352  0.01287853
  0.00123178  0.00076372 -0.00886044]
[ 0.01478436 -0.00108849 -0.01734984 -0.00739282 -0.00777023  0.0167239
  0.0031275   0.01025553  0.00491156  0.01707944 -0.01136255  0.00916108
  0.0052566  -0.0313693   0.0022238   0.01687489 -0.00077614  0.02491732
 -0.02014969  0.02460905 -0.01701826]
[  2.06090699e-02   1.49092551e-02   2.21231563e-02   1.07449724e-02
  -8.92276182e-04  -5.57932355e-03  -3.56124033e-02   4.37533790e-03
  -2.07563534e-03   6.74887847e-05  -2.92575790e-02  -1.01916999e-02
   5.29013975e-03   2.11433193e-02  -1.33396438e-02  -1.01161226e-02
   2.36837641e-02   1.54781995e-02  -1.28798286e-02   2.05221793e-02
   1.01420478e-02]
[ 0.00566395 -0.05777159  0.02979958 -0.01811924  0.01224659 -0.01068508
 -0.00423327  0.00543178  0.00925381  0.00218635 -0.00469842  0.00677621
  0.0060242  -0.00315718 -0.00227362  0.00117622  0.0022052   0.00279554
 -0.00182968  0.00025889 -0.00511505]
[ 0.01172442 -0.0021073  -0.0176752  -0.01078149  0.00118697 -0.00336368
 -0.00484521 -0.00843928  0.02743979 -0.00960978 -0.00408491 -0.00320949
 -0.00017073 -0.00571433 -0.00204833  0.01115425  0.02118403  0.00917613
  0.0172385   0.00943     0.0133557 ]
[ 0.00280632  0.0007775   0.00047087  0.00211848  0.00187236 -0.00087793
 -0.0044026  -0.005527    0.00191601  0.00220141 -0.00188276 -0.00336321
 -0.00127942  0.00133298 -0.00137567  0.00186179  0.00683644 -0.00143556
  0.002635    0.00354269  0.00494983]
[  7.07294196e-03   3.18869221e-03   6.00946021e-05   8.21838265e-04
  -9.04662231e-03  -4.70053095e-03   1.99217132e-03   1.01872850e-02
   1.49215344e-02  -2.02325588e-03  -2.36960675e-02  -1.44983718e-03
  -4.26337892e-05   1.81911067e-02   1.77701103e-03   1.42132608e-02
   4.19224415e-03  -2.60672154e-04  -4.49409073e-03  -1.08094827e-02
   3.34293878e-03]
[ 0.00470059 -0.00483465 -0.00327897 -0.00181708 -0.00402676  0.01300248
 -0.00146337 -0.00354819 -0.0043853  -0.01017883  0.00453686 -0.00363661
  0.00674337  0.01318375  0.00302647  0.0009535   0.00213166 -0.00771483
  0.00557509  0.00783983 -0.00687065]
[ 0.00591094  0.00469538  0.00384537 -0.00563088 -0.00551799  0.00158923
  0.00045817  0.00360059  0.00928713 -0.00325958 -0.00305992  0.01421094
 -0.0067295   0.00262908 -0.01133267  0.00197445  0.00230047 -0.01407305
 -0.00721537 -0.01277578 -0.00253532]
[ 0.010085   -0.01023399 -0.01759686  0.00380925 -0.01316341 -0.00498745
 -0.01052884 -0.01172603  0.00796813  0.00184119 -0.00673931 -0.00771298
  0.00133128 -0.00989932 -0.01467341 -0.00803032 -0.01810711  0.00737336
  0.01726949 -0.0012465   0.00183672]
[ 0.01006449  0.00416169  0.00837245  0.01350696 -0.00175219 -0.01155694
  0.00920922  0.01350032  0.00951725  0.00142941 -0.01001243 -0.01011372
  0.0061946   0.01539678 -0.0023039  -0.0033408   0.01310087  0.00819879
  0.00340707  0.006821    0.00839988]
[ 0.01583596  0.0074088   0.00925401 -0.01616727 -0.00712043  0.00735706
 -0.00378051 -0.00741383  0.00841201 -0.00900603  0.010787   -0.03527107
 -0.00533621 -0.01393658  0.01638256  0.01245217  0.0161043   0.00493589
  0.00085139 -0.01108507 -0.0016202 ]
[ 0.01509133  0.00542461  0.006261    0.00408153  0.02743596 -0.00588602
 -0.0032438  -0.01167286  0.01187958 -0.00493706  0.00981454  0.00505305
 -0.01026081  0.0088807   0.00112565 -0.00433656 -0.0328528  -0.01156023
 -0.00139075  0.01150763 -0.01044074]
[ 0.00706015 -0.00113256 -0.00434566  0.00414157 -0.00552171 -0.00553916
 -0.00328645  0.00513888 -0.0065414   0.00036318 -0.01115091  0.00382451
 -0.00066085  0.00192018 -0.0061884   0.00969358  0.00274314 -0.00460027
 -0.00206319  0.00077411 -0.01442555]
[ 0.00614656  0.00129845 -0.00899738 -0.0073358   0.00637913  0.00319494
  0.00255222 -0.00916457  0.01715842  0.00346342 -0.00039799 -0.00374172
  0.00794018 -0.00932143  0.00735709 -0.00115767  0.01839158 -0.0094863
 -0.00490116  0.01199373 -0.01368737]
[ 0.00949771  0.00610895  0.00445212 -0.00681837  0.00589634  0.00878183
 -0.00206742 -0.01147463 -0.0047329   0.0195372   0.00731411  0.01038062
 -0.00180355  0.01087347 -0.00791544  0.00567306  0.00550229  0.01204005
  0.00708786 -0.00637001 -0.01073116]
[ 0.00154688  0.0020667   0.00269269 -0.00202571 -0.00234467 -0.00685458
  0.00784162 -0.00675325 -0.00355194 -0.00496507  0.00120587  0.00094997
  0.00972042 -0.00047562 -0.00031098 -0.00288309 -0.00137154  0.00676692
 -0.00134757 -0.00041061 -0.00231791]
[  1.48098057e-03   1.55411254e-03   2.29873426e-03   3.52200725e-03
   1.54125335e-03  -1.11943365e-03  -1.70128537e-03   6.43470716e-03
   7.60926319e-04  -8.03195696e-04   6.03823975e-04  -7.09563203e-04
   3.54325737e-03  -2.79365003e-03  -3.46691905e-03  -4.83619749e-03
   8.19538965e-04   5.11960909e-05   3.57707391e-03   1.05396472e-03
  -6.96177126e-04]
[ 0.01118111  0.00594224  0.00641669 -0.00771866 -0.00285515  0.00994992
 -0.00336477 -0.00433861  0.00055857  0.02193015  0.02689083 -0.00817893
  0.00047787  0.00795721 -0.01311814  0.01461827  0.00454959  0.03174069
 -0.02298639 -0.01653342  0.00960333]
[ 0.0119314   0.00751613  0.00990044  0.00915301  0.01871257  0.00686702
 -0.01056392 -0.0217671  -0.00989709  0.0178544  -0.0088594   0.01001111
  0.00506212 -0.00667754 -0.00392328  0.00496171  0.00296325  0.00183731
  0.01100614 -0.01303566  0.00980135]
[ 0.01757656 -0.01942588  0.01219863 -0.00090702 -0.01272301 -0.00126331
 -0.00144053  0.00148091 -0.00773167  0.00752082 -0.01204892 -0.0125426
 -0.00351914  0.01658555  0.01453386 -0.00694375  0.00587078 -0.00876211
 -0.00177071 -0.0123872  -0.01370888]
[ 0.00772458  0.00169629 -0.00114886  0.00504787  0.01110282  0.00645166
  0.00383907 -0.00010787  0.01085057 -0.00496385  0.0085545   0.00742827
 -0.00156313  0.00627707  0.00100818 -0.0087956  -0.01801499 -0.01211361
  0.00631588  0.00421124 -0.01143521]
[ 0.0031584   0.0007682   0.00290271  0.00140544 -0.00326183 -0.00173932
  0.01094503  0.00078358  0.00406701 -0.00146559 -0.00043978 -0.0042551
 -0.00909786 -0.00413294  0.00279238  0.00648426 -0.00035212  0.00191529
  0.00071111  0.00235222  0.00200097]
[  1.43303838e-02   1.03730662e-02   1.35929587e-02  -5.88026616e-03
  -5.58233877e-03  -7.96675285e-05  -1.15002423e-02   1.70294578e-02
  -1.03597761e-03  -3.16153687e-03   1.07284230e-02  -1.28959824e-02
  -1.76323678e-03  -2.53821664e-02   1.99803884e-02  -6.88921871e-03
   1.57756640e-02  -2.95963478e-03   1.91576431e-02  -1.09706637e-02
   9.20889675e-03]
[ 0.00574434  0.00591584  0.00922599  0.00261474  0.00664265 -0.00179154
 -0.01486028 -0.01058359 -0.00240577  0.0084201  -0.00829341 -0.00198179
 -0.00015217 -0.00159257  0.00502545 -0.005647   -0.00792484 -0.00525891
 -0.00422584  0.01283565  0.01633152]
[ 0.00573333 -0.00355827 -0.01386754 -0.00356787  0.00882452 -0.0135805
 -0.0079554  -0.00351026 -0.00345996 -0.01482694  0.00380838  0.00920204
 -0.0118367   0.00205377  0.00628807  0.00530393  0.01058834  0.00752012
  0.00292248  0.00086572  0.00996693]
[  1.12421525e-02   7.61505162e-03  -7.44311685e-03  -1.42051094e-02
   1.76594643e-02   5.76041621e-03   6.60406706e-03  -2.75931836e-04
   2.12867908e-02   1.10593565e-02   6.09167337e-03   1.36895338e-02
  -4.17159261e-03   6.17044304e-03  -1.08068485e-02  -2.55254756e-03
  -7.18216598e-03  -1.78861150e-05   2.11109340e-03   2.01940036e-03
  -2.48042951e-02]
[  7.41671674e-03  -4.34863855e-03  -7.70631830e-03   6.34678867e-03
   1.07749205e-02   2.13818568e-02  -9.46077341e-04  -9.09545065e-03
   1.24521646e-03  -1.79729979e-02   9.52951074e-03  -6.41153162e-03
   1.47092640e-02   1.26502435e-02   2.47339083e-03   8.69622340e-03
   8.66644590e-05  -1.45856304e-02  -4.21057143e-03   4.76480012e-03
  -6.60833752e-03]
[ 0.00596867 -0.00139155  0.0041391   0.01486161  0.01545915  0.01421686
  0.00930372  0.00157493 -0.0052097  -0.00755862 -0.00998505  0.00406834
  0.007737   -0.01278662 -0.00368236  0.01084589 -0.00507222  0.00213261
  0.00551491 -0.01092902  0.00834974]
[ 0.01413376  0.0119739   0.01523574 -0.0085984  -0.00086293 -0.0012597
 -0.00862163  0.00789261  0.01114705 -0.01003395  0.01397446 -0.00423113
 -0.00176074  0.00376036 -0.00695195 -0.00452945 -0.01295879 -0.00467288
 -0.0098254  -0.02284674 -0.01111089]
[ 0.01433968  0.00805976 -0.0108476  -0.02210839  0.01318625  0.00136238
  0.0060774   0.00811606  0.01301564  0.01488771  0.00728095  0.00597037
  0.01381212  0.00217634  0.00485326  0.0018342   0.00091244  0.01815447
  0.0073478   0.00175271  0.00937637]
[ 0.01373317  0.00529064  0.0128412  -0.00766297 -0.00702273  0.00372182
  0.00297584 -0.00353938 -0.00819216  0.00691067  0.00298078  0.01095482
 -0.0017902  -0.01351371  0.00804979  0.00386116  0.00322356 -0.0268892
  0.00803387 -0.00842144  0.00629356]
[ 0.00727199 -0.00332172 -0.00028885  0.0128109   0.00944676  0.02128338
  0.00522104  0.00151479 -0.00930217 -0.0087506  -0.01241413  0.00693796
  0.00484045 -0.01043643  0.00285353  0.005213   -0.00276773  0.01201348
 -0.00462406 -0.01011156  0.00681796]
[ 0.00946849 -0.00667214 -0.01122131  0.02692779 -0.00401811 -0.01344758
  0.00093543  0.00342316  0.00700313  0.01215136  0.00549891 -0.00796594
  0.00184773 -0.01034737 -0.01120848 -0.01204093  0.01132162 -0.0056714
 -0.00502268  0.00263836 -0.01361788]
[ 0.00325309  0.00241351  0.00343462  0.00049561  0.00209403  0.00285508
 -0.00471262  0.00017402 -0.00198937  0.0045557   0.00219244  0.00243804
 -0.0092      0.00065297 -0.00042918 -0.00219769  0.00396131  0.00564271
  0.006855   -0.00482184 -0.01026062]
[ 0.00416733 -0.00122784 -0.00681013  0.00852046 -0.00117228 -0.01495112
 -0.00560721  0.00541092 -0.00640711  0.00230831  0.00742618  0.0022188
  0.00489114 -0.00363408  0.00037148  0.01447373 -0.00150047 -0.010882
 -0.00306808 -0.00073578 -0.00688245]
[ 0.01547241  0.00851774  0.01008207 -0.00432751  0.01071808 -0.01233294
  0.01652419 -0.01819802 -0.00448509  0.00369231 -0.00247782 -0.0055381
 -0.00662809 -0.01152628  0.00644497  0.00937594 -0.00212316 -0.01248237
  0.01721813  0.01036582 -0.00047663]
[ 0.01027412 -0.00346449 -0.01410444  0.00453942 -0.00608129  0.002563
  0.00825497  0.0049967   0.00795355  0.01128802 -0.01466352  0.01454488
  0.00369235  0.00788202  0.03042038 -0.01593956  0.0019565   0.00504885
 -0.01147571 -0.00294371  0.00597729]
[ 0.01091119  0.00285491 -0.02482719 -0.03226091  0.03132494 -0.00793105
  0.01446679  0.01378366 -0.02372483  0.00096355 -0.01391151 -0.01568105
 -0.01269983 -0.00136597 -0.01887495 -0.01593752  0.0029784  -0.00876872
 -0.00795229 -0.00440203  0.00666231]
[ 0.0146212  -0.00233686 -0.01730738  0.01043693  0.00482355 -0.03720981
 -0.020377   -0.01066877 -0.02179754 -0.01546229  0.00558808  0.01837384
 -0.00686014 -0.00758006  0.01000764  0.02388157  0.00479445  0.00176701
  0.00501929 -0.00490486 -0.00741601]
[ 0.00836735  0.00345755  0.00403657 -0.0034587  -0.01179105  0.00121292
  0.00829053 -0.00583493  0.00195353 -0.00086438 -0.00254403  0.00649243
 -0.00828969 -0.00563043 -0.01492232 -0.00319383  0.00173491 -0.00779435
 -0.00488896  0.00866025  0.00512739]
[ 0.01574844  0.01303568  0.02012511 -0.00234737  0.00840209  0.00810904
 -0.01238337 -0.01896956 -0.01525398  0.03062714 -0.00386235  0.00190989
 -0.01642133 -0.00134339  0.00600754  0.01198995  0.01112242 -0.00351712
  0.02828666  0.00590612  0.00649423]
[ 0.01017316 -0.00571285 -0.00473304  0.00402362 -0.0032602   0.01116819
 -0.00563368 -0.0101752  -0.00408084  0.00342499  0.01953898 -0.01146684
 -0.00032966  0.00770898 -0.01148573  0.0058638   0.00836879  0.00669204
 -0.01490948 -0.00117308  0.00428418]
[  1.37754052e-02  -1.67229838e-03  -3.96843587e-03  -9.96569048e-03
   1.53075727e-03   2.25754556e-05   1.67956577e-03   5.17672701e-03
  -1.57274698e-03  -2.58140155e-06   2.24778279e-02  -1.19618629e-02
   8.04102344e-03   1.17669217e-02  -9.11657904e-03  -1.92081333e-03
  -3.53436327e-04   2.94082137e-03  -1.06492626e-02  -6.26593021e-03
   1.79973818e-02]
[ 0.00423298 -0.00496773 -0.00516213 -0.00011217 -0.00634764  0.00094287
 -0.00075957 -0.00413811 -0.00446212  0.00151165 -0.005145   -0.00598914
 -0.00094121  0.0033306   0.00651363 -0.00886436 -0.00413115 -0.00118113
  0.00735271 -0.01477313 -0.00120204]
[ 0.01354569 -0.0079178  -0.0038037  -0.00473892 -0.01125459  0.00474999
  0.00778517  0.00211432 -0.01828418  0.01366701 -0.01769568 -0.00855169
  0.00071979  0.03417178  0.02037425  0.0056473  -0.00676063 -0.00087675
  0.02027681 -0.00334566 -0.01645659]
[ 0.0143976  -0.0107999  -0.01576808  0.01483865 -0.00747004  0.0064578
  0.00906092 -0.00102155  0.0027455  -0.00556929  0.00088668  0.02346641
 -0.01910017  0.00386061  0.02840763 -0.03192763  0.00106423  0.00719472
 -0.00704538 -0.0172919   0.01324639]
[ 0.0091663   0.00733092  0.00660297  0.00309738  0.01234343  0.00154566
 -0.01182173 -0.0033538   0.00255476  0.00505848  0.00494625  0.01288674
 -0.00887013  0.00950247 -0.01326229 -0.00645773  0.00604982  0.01284882
  0.01003111 -0.01241591 -0.02621005]
[ 0.00986262 -0.00061284  0.00303606  0.00799478  0.01440323 -0.00062965
  0.01340207 -0.0007122  -0.01359726 -0.00031134 -0.01169503 -0.01027008
 -0.00398016  0.00256958 -0.00642522  0.00807803 -0.00798458 -0.00085057
  0.00236049  0.00298403 -0.00834408]
[ 0.00932937 -0.00864841 -0.0091003   0.00189845 -0.00113004  0.01172153
  0.00208302  0.00198417 -0.012207   -0.00476319  0.00283719 -0.00162319
 -0.00264982 -0.0037003   0.00215755  0.00856668 -0.00855019  0.00667304
 -0.00457639  0.01247717 -0.00762715]
[ 0.01709658  0.00175283  0.00663106  0.00837524 -0.00507149 -0.01264836
  0.03911247  0.00636515  0.00809446  0.01552446  0.00424084 -0.00428984
 -0.00749772  0.01839594  0.00786176  0.00364952 -0.00499861  0.00047599
  0.00981682  0.01647944  0.00897784]
[ 0.00474212  0.00175733 -0.00127521 -0.00107235 -0.00839659 -0.0018589
  0.00184843  0.00274799  0.01698995 -0.00470767 -0.01751649  0.00298597
 -0.0069179   0.00698029 -0.00973706  0.0148229   0.00341783 -0.00694134
 -0.0032802  -0.01147646  0.0030137 ]
[ 0.0069977   0.00244521 -0.0062998  -0.00672311  0.0009129  -0.00633642
 -0.00319869  0.01144065 -0.012993    0.00312796 -0.00808483  0.00911282
  0.00582706  0.00174403  0.00566039  0.00768635 -0.00070778 -0.00574683
 -0.00437198  0.00195737 -0.00697582]
[ 0.00307436 -0.00099747 -0.00067443  0.00797303  0.0095318   0.01409955
  0.00262475  0.00023509 -0.00175642 -0.01207358 -0.0048966   0.00329375
  0.01017323 -0.00133384  0.00045183  0.0077002  -0.00155121  0.00138447
 -0.0011897  -0.00868827  0.00553598]
[  4.24290096e-03  -2.87346513e-05   3.30693830e-03   1.14599498e-02
   3.04956590e-03   9.74148157e-04   1.03176068e-03   5.84401435e-03
  -4.12230562e-03  -5.70534617e-04  -5.55402298e-03  -6.10791346e-03
   3.02538941e-03   6.13679519e-03  -6.63398400e-03  -1.07529278e-03
   7.72238487e-03   6.73015755e-03  -4.18810828e-03   5.31813164e-03
   3.32561016e-03]
[ 0.00941331 -0.01194375 -0.02354881  0.00411574 -0.01707161 -0.00895592
 -0.01718317 -0.0146089   0.00563837  0.00510338 -0.00922226 -0.01131449
  0.01129174 -0.01189194 -0.0192606  -0.00557615 -0.01733697  0.00153342
  0.0289133  -0.01372248  0.00853014]
[ 0.00903407  0.0050434  -0.00173043 -0.00690447  0.00263569 -0.00310339
 -0.00109129 -0.00619024 -0.00794246  0.01022941 -0.00414401  0.02242074
  0.00980746  0.00095392  0.01429697  0.00235665  0.00627443 -0.00559977
 -0.0007628   0.00170135  0.01006172]
[ 0.00945299  0.00650454  0.00561153 -0.00440849  0.00124109 -0.00518394
 -0.01351514 -0.00224457  0.00568814 -0.015203   -0.00229261 -0.00816363
 -0.01659466  0.00023604  0.00977458 -0.00078615 -0.02862037  0.00975573
 -0.01689996  0.01214966 -0.00583032]
[ 0.00410641 -0.00042848  0.00395678  0.00536715  0.0023596   0.00137229
 -0.00277458  0.00076162 -0.00489412  0.00061158 -0.00945691 -0.0091254
  0.00078916  0.00631845 -0.00226949 -0.0031047   0.00323391  0.00133392
 -0.00459777  0.00329776 -0.00206967]
[ 0.00915758 -0.00458964 -0.02067704 -0.00894519 -0.00671944  0.00386547
 -0.00015618  0.00536899 -0.00308983  0.01263344 -0.01282481 -0.00069388
  0.00926506 -0.01013149 -0.00137864  0.00162867 -0.01462282  0.01334262
  0.00284355  0.00610671 -0.00598217]
[ 0.00597981  0.00139059 -0.00218353  0.00269142 -0.00248393 -0.00853954
 -0.00230534  0.01861498 -0.00573069  0.00553926  0.00811513  0.00108238
  0.01013072 -0.00047281  0.00461024  0.01213171 -0.00874396 -0.01342578
  0.00060376  0.00413518  0.00117147]
[ 0.00278823 -0.00144613 -0.00555712  0.00387802  0.0006412  -0.00030553
  0.00104605 -0.00503031  0.0083979   0.00630312 -0.00275035 -0.00160317
  0.00494998 -0.00402056  0.00652363 -0.00826024  0.0093663  -0.00688659
 -0.00823543  0.00385931 -0.00588038]
[ 0.01350351  0.00969818  0.01125474 -0.01234063 -0.01290465 -0.00585871
 -0.00471798 -0.00145137 -0.01111711  0.0014707  -0.0050919   0.02138746
  0.01474375  0.00204087 -0.00442106 -0.00622186 -0.00042485 -0.01573483
 -0.01760133 -0.00430161 -0.00087168]
[ 0.01189794  0.00120418 -0.00391735 -0.00020832 -0.00889692  0.0002056
  0.00982792 -0.01022751  0.02131649 -0.00288045 -0.00175229  0.00622305
 -0.01262791  0.00327032 -0.01038296 -0.00752848 -0.02747758  0.00212007
  0.000179   -0.00310924 -0.00078961]
[ 0.00294343  0.00355311  0.00508698  0.0011039   0.00473979 -0.00253599
 -0.01037204 -0.00467953  0.00165932 -0.00100222 -0.00450082 -0.00262487
 -0.00470541  0.00281478  0.00299377 -0.00399873 -0.01312012  0.00027149
 -0.00817307  0.01380292  0.00514346]
[ 0.01144287 -0.00816503 -0.01246907 -0.00043867 -0.0046085   0.00980393
 -0.00282189  0.00138055 -0.01245389 -0.00694695 -0.00469319 -0.01297406
 -0.00744266  0.00716215  0.00642938 -0.00746198 -0.01065034  0.00711455
 -0.00322165 -0.00688165 -0.00812715]
[ 0.01226218  0.00221467  0.01051575 -0.0007909  -0.0091241   0.00913299
  0.01254534  0.00403136  0.00503343 -0.0091547  -0.01228249 -0.00258229
 -0.01509663 -0.02574583 -0.00091112  0.01904354  0.00042955 -0.00631896
  0.00218129  0.00360648  0.00105947]

Right eigenvectors

[ 1.         -0.58987866 -0.02008056  0.28854839 -0.8578178   0.34690363
  0.47447972  0.81729162 -0.92020965  0.62813787  1.66188308 -0.45879751
 -0.14582613  0.61750784 -0.32527157  0.58219153 -0.01776772  0.01595697
 -0.52025002  0.74043826  1.34826341]
[ 1.          0.43125807  0.3527968  -0.5391955  -0.17559544  0.63845874
 -0.78131463  1.24395556 -0.3641157  -0.50601283 -0.24755863 -0.59915675
 -0.41629599 -0.13073747  0.65811731 -0.33782475 -0.3723744   0.33683643
  0.30611812  0.09878972 -1.04200592]
[ 1.         -2.20669563 -0.62563406 -0.57817734 -0.65609752  0.4388497
 -0.39943696  0.05236823 -0.35946931 -0.67886239  1.30236516 -0.17608818
  0.10701159  1.13016129 -0.68021267 -0.09483589 -0.08635065  0.47041666
  1.23002206  1.05881477  1.79168862]
[ 1.         -0.40491745 -0.113659    0.80680883  0.39990771  0.42846147
 -0.77235855 -2.43565772  0.42871681  0.66462331 -0.61803191 -0.92472743
  0.65778956 -0.14733604  0.06069213 -0.99051384 -0.31827127 -1.39050934
 -1.03780553 -0.50095722  0.85814066]
[ 1.          1.05462629  1.35901311 -0.83270336 -0.44680792 -0.34784021
 -0.51206594  1.20064889 -0.04238152 -1.05676404  0.81072831 -0.71584421
  0.51181007 -1.20177303  0.79222203 -1.23639318 -0.58618535 -0.40583846
  1.2950738  -0.97498866 -0.11484895]
[ 1.          0.28419291  0.35283035 -1.06292606 -0.07269492 -0.06330292
  0.43776422 -1.15252832 -0.45425372 -0.07586645  0.38974561 -1.22110411
  0.46900514 -1.34512006  0.28226162 -0.72446383  0.94074021 -1.19074113
 -0.4932861  -1.63026292  0.36289347]
[ 1.          0.10288189 -0.00228741 -0.44280305 -1.06578506  0.4465284
 -0.42641079  0.04848921 -0.24166264 -1.09549036  0.04709743  0.42910081
  0.02929858 -0.27043884 -0.40767251 -0.89481096  0.23426687  0.07174645
  0.78128267  0.15855275 -0.44678573]
[ 1.          0.22135314  0.41380224  2.48365955  1.02142129 -0.43117661
  0.56485426  1.22522299  0.11248081  0.17884625 -0.1583968   0.09855572
  0.78025417 -0.24111768 -1.90977107 -1.1229886   0.77365625  0.58087656
  0.90368714  0.61157172 -1.18874285]
[ 1.          0.1244268  -0.01349549 -0.11127419 -0.43841417 -0.43742499
 -0.60082532 -0.62313562 -0.3918674   1.28967323 -0.32322128  1.10765917
  0.87567596 -0.08212957  1.23263203 -0.63910831 -0.22590689 -0.32613609
 -1.99310926 -0.01030809  1.21004895]
[ 1.          0.74537037 -0.09066247 -0.7389944   0.77420557  0.35875419
  0.01190268  0.20776168  1.66107083  1.92623418  1.64584796  0.82641156
  1.00569647  0.46963767 -1.22777625  0.87317871 -2.06010405  0.91794885
 -0.21780847 -1.91124238  0.25451448]
[ 1.          0.23965237  0.91975995  0.01420796 -0.36983068  0.07647309
  1.64573871 -0.57693425 -1.4740926   3.25304183 -1.04341658 -0.62674533
 -1.38351395  3.21933011  2.23067852  1.39050613 -0.03822578 -0.28798567
  4.35946431  1.36148298 -0.2048373 ]
[ 1.         -1.41648869  0.91984013  0.74292917  1.12631906  0.24283904
  0.87684224 -0.63522689 -0.15127446  0.06639491 -0.16421501  0.05044066
 -0.84976775 -1.63599542  0.30521978  0.28347105 -0.68330961 -0.60191505
 -0.81506825 -0.50100613  0.07474714]
[ 1.         -0.03871189 -0.98690963 -0.26286892 -1.17656075 -0.60945427
 -0.74377407  1.06008875 -0.2302205   1.40905991  0.14582321  0.19795695
  2.03026259 -0.19351224 -0.30915973  2.12173842 -1.35969077 -1.29816819
 -1.14329855 -0.67095245 -0.10699652]
[ 1.         -0.23599313 -0.56792294  0.92908982 -1.29419597 -0.32507509
 -1.05889069 -1.6816197   1.38181487  0.07347034 -1.31982411 -1.17531057
 -0.3747861   0.6884358  -3.3864695   0.83101642  0.52830058 -1.35893372
 -0.83323073 -1.1699184   1.7775845 ]
[ 1.         -0.39824926 -0.14782615  0.66391684 -0.572905    0.24544671
  0.51553437  0.43353832  0.03965842  0.25650094  1.01946233  0.15285328
 -1.64599018 -0.63254923  0.3336395  -0.59772612  0.5313645   0.537166
 -0.78849298 -0.73324471  0.16762779]
[  1.00000000e+00   9.72656660e-01   1.20801840e+00  -5.75085257e-02
  -9.28569406e-04  -2.45374527e-01  -1.47746217e+00   2.35812131e+00
   2.96741447e-01  -5.91774924e-01   4.61049750e-01  -4.53058603e-01
   9.23726520e-01  -1.05808560e+00   2.61573514e-01  -1.06816573e+00
  -3.96793859e-01  -5.31293717e-01   5.29046295e-01  -1.91124679e-01
   8.74243789e-01]
[ 1.          0.43594793  0.86439739 -0.82164926 -2.01248362  1.01547812
  0.2437549  -0.12545345 -0.49403559 -0.84118414 -0.15502226  2.24206557
 -1.48653087 -0.50174987 -2.5595974  -0.0991534   0.64314359 -2.25556778
 -0.02645351  1.22608522  0.32427864]
[ 1.         -0.52323896 -0.52658371  0.96759487  0.46751047 -1.39755778
 -0.97351703 -0.81091654 -1.09792348 -0.65670444  1.37562967  0.81960535
 -1.61920332  0.14973376  0.19243476  0.76209425  1.30884459  0.37505822
 -0.75700051 -1.14122073 -0.88445635]
[ 1.          0.69674458  1.03810817  0.20478418 -1.16528535 -0.71436527
  0.56420228 -0.74145312 -1.51793162 -1.67165081 -0.65194387  1.55218958
  2.21130844 -0.16314765 -1.76504066 -2.13283171  1.41271433  1.23626694
  0.03796101  1.6406476  -1.64864169]
[ 1.         -0.24691983 -0.03539837 -0.1011557  -1.20145139  1.65346342
  0.60609402 -0.27400019 -0.92867198 -0.6339375   0.0987444   1.63327626
 -0.50243727  0.02961868 -0.20793041 -0.48082439  0.35371596  0.04327372
  0.16157052  1.27595768 -0.10671746]
[ 1.          0.64897633  0.81205707 -0.55076826 -0.47907515 -1.07009828
  1.56595172 -0.76433318 -0.22868745 -0.05060483  0.38923662  0.26206591
  1.44539872  0.77275723  0.04251299 -0.39648251 -0.81332931  0.5864662
 -0.71238591 -0.27258537  0.59796426]
[ 1.         -0.06993957  0.07410781  0.79227597 -0.36170291  0.25597022
 -0.70785076  0.33752322  0.1276006   0.93558459 -0.21785531 -0.48015948
 -0.26129031 -1.90121066 -0.650626    0.18160348 -0.39147999  1.06521874
 -1.28196736  1.82218863 -0.14730531]
[ 1.          0.26620793 -1.2884194  -0.15834056  1.27595066 -3.09133168
 -2.91677704 -0.28117131 -0.19700469 -4.03286798  0.06553278  1.85362786
 -2.50588723  0.67538781  2.1055136   1.44779275 -0.50955867  2.64574376
 -1.06259298  0.37212098  1.04631727]
[ 1.          0.59503902  0.02891069  0.05040255  0.54905329 -0.20302276
 -0.69533915  1.05962088  1.05315809 -1.26312414 -0.61708091  1.04816201
  0.66470029  1.08904874  0.06484504 -0.43224035  0.59209498  0.78115237
 -0.13403727 -0.76124819  0.72592726]
[ 1.          0.0955332  -0.10670042  0.83663283  1.04586644 -0.15195103
  0.69228829  1.56752187  0.91681221  0.18715003  1.37451468  0.38782503
  0.98098881  0.07476876  0.42952132 -0.40214723 -0.76828465 -0.73897282
  1.73453243  0.4847788   1.41050833]
[ 1.         -1.14255909  0.07524652 -0.60807403 -2.46403204  1.9466548
  0.54774229  0.27924722 -1.67787448 -0.95935637  1.86705482  2.09289608
 -1.40408108  0.92525879 -2.74456663 -0.07599505  0.7054566  -1.37557945
  0.73478975  3.82910824  3.02140995]
[  1.00000000e+00  -2.15575211e-01  -3.16436156e-01   1.68858220e+00
   5.98345379e-01  -1.08415015e+00   3.96328156e-01  -1.09827745e-05
  -3.01347018e-01  -2.70305845e-01   1.29998635e+00  -7.88331226e-01
  -5.89726752e-01   5.40765643e-01  -4.72478800e-01   7.78371083e-01
   4.05109315e-01  -7.70129721e-01  -3.87279088e-01   5.13560783e-02
  -4.40209059e-01]
[ 1.         -0.06988669 -0.17155274 -0.63445407 -0.3472771   1.40212066
 -0.95019075 -0.526279    0.33062124 -1.08516102  0.64718572 -2.12973058
  1.22998862  0.82500533  0.84379655  0.22184269  0.79953881 -1.38612301
 -0.83671983 -0.12243076 -1.55614593]
[ 1.          0.26358731 -1.78288426 -1.37183274  2.32962887 -0.017328
  0.07352954 -0.36016031  1.9917429  -0.82015956  0.43205665  0.80589513
  0.74145919  0.50222582  0.47482004  0.33517932  1.64021279 -0.51015004
  0.94449324  1.48071988  0.62711131]
[ 1.          0.71150234 -0.31784562 -1.52671257 -0.06470723  1.04084866
 -0.54183597  2.2082633   0.52077143  0.94394225  0.15960822 -0.27757682
  0.57338151 -2.72311072  1.84951914  0.3438291   0.57481529  2.55728914
  0.66896809  1.00518686 -0.78248393]
[ 1.         -0.9969508  -0.5865081   2.42056281 -0.1453097  -0.77593104
  1.49030468  0.5937565   0.60348456  0.83755635  1.1334313   0.13204059
 -1.40771736 -0.33922303  1.04761265 -2.11125589  0.63120375 -0.71680675
 -0.58182755 -0.79786233  0.03592545]
[ 1.          0.63276855  0.81285041 -0.17148974 -0.37133754 -1.15192764
  1.9379172  -0.66308365  1.10115002 -1.09302101 -0.43855949 -1.67158155
 -0.82609487 -0.20733169  0.47100892  1.50603221 -0.37717841  0.66314792
  0.26818203  0.28436229 -0.05965068]
[ 1.          0.45261419 -4.30135768 -5.95626569  6.00977831 -1.63570229
  3.15685398  3.03884517 -5.39774193  0.22138104 -3.26396881 -3.73570997
 -3.26143225 -0.35776694 -5.08562262 -4.35650937  0.87095879 -2.63565173
 -2.47390642 -1.43602489  2.19414166]
[ 1.          0.89570539  1.02959075 -0.74933252 -0.96905572 -2.86811023
  2.69217842 -2.86525861 -1.62118942 -2.50999379  0.21978647  0.21044975
  3.03965875 -0.98785905 -0.17926898 -0.85329567  0.25751528  2.08118449
  0.19905628  0.12341818 -1.43185679]
[ 1.         -0.07362459 -1.17352627 -0.50004323 -0.52557044  1.1311884
  0.21154091  0.69367371  0.33221294  1.15523634 -0.76855154  0.61964631
  0.35555111 -2.12178885  0.15041542  1.14140094 -0.05249731  1.68538287
 -1.36290509  1.66453221 -1.15109858]
[ 1.          0.72343173  1.073467    0.52137105 -0.04329532 -0.27072175
 -1.72799663  0.21230157 -0.10071465  0.00327471 -1.41964577 -0.49452498
  0.25668988  1.02592302 -0.64727054 -0.49085779  1.14919132  0.75103824
 -0.62495924  0.99578387  0.49211575]
[  1.         -10.19986812   5.26126767  -3.1990442    2.16219766
  -1.88650562  -0.74740464   0.95900892   1.63380783   0.38601152
  -0.82953026   1.19637417   1.06360348  -0.55741579  -0.40141861
   0.20766803   0.3893395    0.49356642  -0.32303979   0.0457084
  -0.90308896]
[ 1.         -0.1797364  -1.50755456 -0.91957587  0.10123913 -0.28689535
 -0.41325765 -0.71980374  2.34039661 -0.81963842 -0.34841089 -0.27374443
 -0.01456176 -0.48738685 -0.17470598  0.95136899  1.80682977  0.78265097
  1.47030763  0.80430453  1.13913532]
[ 1.          0.27705242  0.16778991  0.75489505  0.66719265 -0.312841
 -1.56881354 -1.96948214  0.68274684  0.78444772 -0.67089943 -1.19844061
 -0.45590753  0.47499161 -0.49020466  0.6634266   2.43608389 -0.51154404
  0.93894966  1.26239388  1.76381325]
[ 1.          0.45082969  0.00849641  0.11619469 -1.27904659 -0.66457932
  0.28166092  1.44031792  2.10966448 -0.28605577 -3.35024204 -0.20498361
 -0.00602773  2.57192931  0.25124072  2.009526    0.59271576 -0.03685484
 -0.635392   -1.52828664  0.47263767]
[ 1.         -1.02851807 -0.69756538 -0.38656312 -0.8566484   2.76613618
 -0.3113154  -0.75483766 -0.93292577 -2.165434    0.96516763 -0.77364906
  1.43457743  2.80469907  0.64384865  0.20284764  0.45348718 -1.64124505
  1.18603993  1.66783922 -1.4616564 ]
[ 1.          0.79435425  0.6505508  -0.95261937 -0.93352187  0.26886282
  0.07751267  0.60913937  1.57117628 -0.55144887 -0.51767011  2.4041755
 -1.13848203  0.44478165 -1.91723613  0.3340333   0.38918883 -2.38084643
 -1.22068048 -2.1613785  -0.4289206 ]
[ 1.         -1.01477368 -1.7448542   0.37771419 -1.30524665 -0.49454168
 -1.04400944 -1.16271979  0.79009701  0.18256743 -0.66825091 -0.76479716
  0.13200563 -0.981588   -1.45497326 -0.79626328 -1.79544906  0.73112172
  1.71239364 -0.12359927  0.18212381]
[ 1.          0.41350219  0.8318803   1.34204145 -0.17409633 -1.14828833
  0.91502084  1.34138154  0.94562645  0.14202526 -0.99482708 -1.00489186
  0.61549041  1.52981248 -0.22891329 -0.33193978  1.30169254  0.81462537
  0.33852371  0.67772907  0.83460588]
[ 1.          0.46784668  0.58436675 -1.02092111 -0.44963642  0.46457901
 -0.23872965 -0.46816401  0.53119652 -0.56870743  0.68117114 -2.22727608
 -0.33696791 -0.88005899  1.03451615  0.78632216  1.01694448  0.3116887
  0.05376324 -0.69999366 -0.10231114]
[ 1.          0.35945184  0.41487386  0.27045506  1.81799489 -0.39002676
 -0.2149446  -0.77348135  0.78717914 -0.32714562  0.65034276  0.33483111
 -0.67991432  0.58846354  0.07458918 -0.28735438 -2.17693195 -0.76601799
 -0.09215549  0.76253236 -0.69183665]
[ 1.         -0.16041599 -0.61551953  0.58661242 -0.78209544 -0.7845663
 -0.46549275  0.72787137 -0.92652365  0.05144034 -1.57941442  0.54170387
 -0.09360253  0.2719743  -0.87652436  1.37299804  0.38853794 -0.65158157
 -0.29223065  0.10964451 -2.04323491]
[ 1.          0.21124786 -1.46380825 -1.19348078  1.03783733  0.51979346
  0.41522735 -1.49100879  2.79154881  0.56347313 -0.06475041 -0.60875054
  1.29180985 -1.51652901  1.1969446  -0.18834505  2.99217593 -1.54335228
 -0.79738358  1.95129191 -2.22683566]
[ 1.          0.64320251  0.46875752 -0.71789586  0.62081731  0.9246261
 -0.21767603 -1.20814736 -0.49832016  2.05704303  0.77009227  1.09295991
 -0.18989302  1.14485195 -0.83340512  0.59730797  0.57932851  1.26767935
  0.74626997 -0.67068951 -1.12986795]
[ 1.          1.33604175  1.74072055 -1.30954271 -1.51573986 -4.43121908
  5.06930628 -4.36571347 -2.29619407 -3.20972388  0.77954708  0.61412158
  6.28387322 -0.30747084 -0.201038   -1.86380387 -0.88664469  4.37455284
 -0.87115507 -0.26544433 -1.49843739]
[ 1.          1.04938078  1.55217044  2.37815899  1.04069789 -0.75587329
 -1.14875604  4.34489642  0.51379899 -0.54234047  0.40771904 -0.47911716
  2.39250767 -1.88635158 -2.34096188 -3.26553744  0.55337591  0.03456905
  2.41534156  0.71166682 -0.4700785 ]
[ 1.          0.53145351  0.57388628 -0.69033036 -0.25535488  0.88988652
 -0.30093366 -0.38803014  0.04995635  1.96135677  2.4050233  -0.73149563
  0.04273882  0.7116653  -1.17324098  1.30740762  0.40689933  2.8387783
 -2.05582352 -1.47869195  0.85888851]
[ 1.          0.62994536  0.82978061  0.7671365   1.56834732  0.57554178
 -0.88538827 -1.82435471 -0.82949927  1.49642197 -0.7425285   0.83905586
  0.42426922 -0.55966113 -0.32881974  0.41585354  0.24835734  0.15398943
  0.92245162 -1.09255108  0.82147523]
[ 1.         -1.10521543  0.69402844 -0.05160413 -0.7238626  -0.07187484
 -0.08195736  0.08425508 -0.43988526  0.42788914 -0.6855106  -0.71359843
 -0.20021805  0.9436179   0.82688882 -0.39505724  0.33401215 -0.49851128
 -0.10074287 -0.70475677 -0.77995243]
[ 1.          0.21959603 -0.1487282   0.65348121  1.43733571  0.83521122
  0.49699435 -0.01396511  1.40467977 -0.64260361  1.10743756  0.96163968
 -0.20235781  0.81260965  0.13051603 -1.13865    -2.3321633  -1.56818913
  0.81763328  0.54517323 -1.48036624]
[ 1.          0.24322482  0.91904182  0.44498385 -1.03274634 -0.55069673
  3.46536542  0.24809211  1.28767796 -0.46402956 -0.13924056 -1.34722971
 -2.88052412 -1.30855206  0.88410972  2.05301706 -0.11148623  0.60640903
  0.22514882  0.74474863  0.63353899]
[ 1.          0.72385125  0.94854115 -0.41033557 -0.38954566 -0.00555934
 -0.80250763  1.18834625 -0.07229238 -0.22061774  0.74864869 -0.89990489
 -0.12304184 -1.7712133   1.3942675  -0.48074209  1.10085426 -0.20652865
  1.33685485 -0.76555268  0.64261341]
[ 1.          1.02985597  1.60610111  0.45518588  1.1563816  -0.31187993
 -2.58694477 -1.84243958 -0.41880672  1.46580953 -1.44375402 -0.34499928
 -0.02649126 -0.27724239  0.8748533  -0.98305482 -1.37959119 -0.91549488
 -0.73565298  2.23448765  2.84306396]
[ 1.         -0.6206294  -2.41875976 -0.62230398  1.53916175 -2.36869406
 -1.38757187 -0.61225589 -0.60348207 -2.58609733  0.66425292  1.60500933
 -2.06454305  0.35821633  1.09675822  0.92510458  1.84680565  1.31165057
  0.50973617  0.15099845  1.73841979]
[  1.00000000e+00   6.77365978e-01  -6.62072219e-01  -1.26355780e+00
   1.57082590e+00   5.12394420e-01   5.87437954e-01  -2.45443955e-02
   1.89347999e+00   9.83740128e-01   5.41860055e-01   1.21769686e+00
  -3.71067072e-01   5.48866691e-01  -9.61279304e-01  -2.27051497e-01
  -6.38860395e-01  -1.59098669e-03   1.87783736e-01   1.79627554e-01
  -2.20636530e+00]
[ 1.         -0.58632933 -1.03904714  0.85574101  1.45278847  2.88292752
 -0.12756013 -1.22634462  0.16789322 -2.4233092   1.28486918 -0.86447034
  1.98325816  1.70563929  0.33348865  1.17251659  0.01168502 -1.96658857
 -0.56771366  0.64244062 -0.89100579]
[ 1.         -0.23314288  0.69347154  2.48993636  2.59004905  2.38191416
  1.55875983  0.26386637 -0.87284193 -1.26638291 -1.67291067  0.68161526
  1.29626825 -2.14229015 -0.61694806  1.81713776 -0.84980722  0.35730021
  0.92397653 -1.83106459  1.39892892]
[ 1.          0.84718438  1.07796798 -0.60835936 -0.06105477 -0.08912708
 -0.61000285  0.55842227  0.78868287 -0.7099282   0.98872937 -0.2993634
 -0.12457714  0.26605505 -0.49186844 -0.32047055 -0.91686777 -0.3306182
 -0.69517238 -1.61646602 -0.78612426]
[ 1.          0.56205997 -0.75647413 -1.54176272  0.91956329  0.09500795
  0.42381694  0.56598605  0.90766554  1.03821724  0.50774858  0.41635309
  0.9632097   0.15177029  0.33844934  0.1279105   0.06363058  1.26603031
  0.51241002  0.12222807  0.65387545]
[ 1.          0.38524549  0.93505028 -0.55799034 -0.51137024  0.27100958
  0.21669025 -0.25772483 -0.59652391  0.50321055  0.21704951  0.79769104
 -0.13035613 -0.98402014  0.58615684  0.28115547  0.23472838 -1.95797486
  0.58499735 -0.61321923  0.45827461]
[ 1.         -0.45678302 -0.03972139  1.76167691  1.2990605   2.92676054
  0.71796548  0.2083052  -1.27917812 -1.20332882 -1.70711482  0.95406629
  0.66562936 -1.43515441  0.39239986  0.71685927 -0.3806018   1.65201969
 -0.63587186 -1.3904796   0.93756444]
[ 1.         -0.70466774 -1.18512139  2.84393841 -0.42436721 -1.4202462
  0.09879426  0.36153224  0.73962518  1.28334743  0.58075951 -0.84131044
  0.19514565 -1.09282169 -1.18376637 -1.27168526  1.19571634 -0.59897643
 -0.5304633   0.27864646 -1.43823242]
[ 1.          0.74191328  1.05580155  0.15234974  0.64370485  0.87765123
 -1.4486571   0.05349284 -0.61153165  1.40042205  0.67395443  0.74945119
 -2.82807615  0.20072364 -0.13193085 -0.67556962  1.21770638  1.73456642
  2.10722514 -1.48223303 -3.15411075]
[ 1.         -0.29463521 -1.6341698   2.04458396 -0.28130195 -3.58769595
 -1.34551683  1.29841326 -1.53746151  0.55390574  1.78199943  0.5324264
  1.17368558 -0.87203992  0.08914021  3.47314133 -0.36005499 -2.61126267
 -0.73622177 -0.17655971 -1.65152364]
[ 1.          0.55051155  0.65161574 -0.27969186  0.69272183 -0.79709217
  1.0679776  -1.17615935 -0.28987668  0.23863803 -0.16014432 -0.3579338
 -0.42838104 -0.74495717  0.41654614  0.60597797 -0.13722234 -0.80674998
  1.11282777  0.66995536 -0.0308053 ]
[ 1.         -0.3372058  -1.37281224  0.44183033 -0.59190415  0.24946156
  0.80347262  0.48633807  0.77413434  1.09868526 -1.42722878  1.41568117
  0.35938311  0.76717274  2.96087433 -1.55142803  0.19043003  0.49141403
 -1.11695351 -0.28651698  0.58178153]
[ 1.          0.26164968 -2.27538745 -2.9566802   2.87090017 -0.72687297
  1.32586704  1.26325855 -2.17435678  0.08830854 -1.27497617 -1.43715269
 -1.16392713 -0.12518939 -1.72987005 -1.46065753  0.27296722 -0.80364469
 -0.7288196  -0.40344176  0.61059449]
[ 1.         -0.15982689 -1.1837178   0.71382117  0.32990084 -2.54492112
 -1.39366102 -0.72967759 -1.49081695 -1.05752519  0.38219019  1.25665707
 -0.4691913  -0.51842889  0.68446063  1.63335169  0.32791059  0.12085273
  0.34328856 -0.33546189 -0.50720931]
[ 1.          0.41321871  0.48241892 -0.41335628 -1.40917393  0.14495825
  0.99081931 -0.69734543  0.23347013 -0.10330444 -0.30404286  0.77592381
 -0.99071899 -0.67290422 -1.78339839 -0.38170143  0.20734313 -0.93151991
 -0.58428952  1.03500447  0.61278494]
[ 1.          0.82774474  1.27791171 -0.14905391  0.53351901  0.51491084
 -0.7863239  -1.2045362  -0.9686026   1.94477324 -0.24525287  0.12127474
 -1.04272754 -0.08530327  0.38146885  0.76134246  0.70625536 -0.22333165
  1.79615716  0.37502889  0.41237278]
[ 1.         -0.56156107 -0.46524796  0.39551351 -0.3204712   1.09780994
 -0.55377843 -1.00020042 -0.40113776  0.33666977  1.92064036 -1.12716603
 -0.03240474  0.75777656 -1.12902303  0.57639913  0.82263485  0.65781342
 -1.46557058 -0.1153114   0.42112589]
[  1.00000000e+00  -1.21397400e-01  -2.88081244e-01  -7.23440822e-01
   1.11122486e-01   1.63882334e-03   1.21924963e-01   3.75794899e-01
  -1.14170651e-01  -1.87392059e-04   1.63173624e+00  -8.68349258e-01
   5.83723187e-01   8.54197862e-01  -6.61801152e-01  -1.39437882e-01
  -2.56570548e-02   2.13483474e-01  -7.73063471e-01  -4.54863586e-01
   1.30648656e+00]
[ 1.         -1.17357925 -1.21950482 -0.02649873 -1.49956919  0.22274481
 -0.17944062 -0.97758971 -1.0541335   0.35711357 -1.21545656 -1.41487632
 -0.22235165  0.7868236   1.53878171 -2.09412037 -0.97594559 -0.2790297
  1.7370076  -3.49001008 -0.28397081]
[ 1.         -0.58452502 -0.28080501 -0.34984708 -0.83086109  0.35066451
  0.57473374  0.15608809 -1.34981551  1.00895651 -1.30636963 -0.63132145
  0.05313811  2.52270466  1.5041131   0.41690764 -0.49909849 -0.06472511
  1.49691953 -0.24699086 -1.21489456]
[ 1.         -0.75011846 -1.09518832  1.03063393 -0.51883963  0.44853303
  0.62933584 -0.07095311  0.19069183 -0.38682103  0.06158528  1.6298841
 -1.32662242  0.26814297  1.97308152 -2.21756697  0.07391748  0.49971692
 -0.48934436 -1.20102698  0.92004187]
[ 1.          0.79976874  0.72035285  0.33790926  1.3466088   0.1686242
 -1.28969473 -0.36588332  0.27871255  0.55185648  0.53961217  1.40588207
 -0.96768894  1.03667446 -1.44685253 -0.70450706  0.66000702  1.40174529
  1.09434583 -1.35451701 -2.85939085]
[ 1.         -0.06213725  0.30783512  0.81061395  1.46038485 -0.06384168
  1.35887442 -0.07221201 -1.37866559 -0.03156739 -1.18579337 -1.04131355
 -0.40356048  0.26053688 -0.65147202  0.81905477 -0.80957998 -0.08624162
  0.23933677  0.30255909 -0.84603089]
[ 1.         -0.92700922 -0.97544719  0.20349137 -0.12112717  1.25641278
  0.2232751   0.21268026 -1.30844918 -0.51055896  0.30411344 -0.1739868
 -0.28403044 -0.39662955  0.231264    0.91824893 -0.91648186  0.71527304
 -0.49053571  1.33740809 -0.8175422 ]
[ 1.          0.10252506  0.38785871  0.48987783 -0.29663783 -0.73981766
  2.28773568  0.37230533  0.47345489  0.90804451  0.24805172 -0.25091788
 -0.43855084  1.07600102  0.45984379  0.21346511 -0.29237495  0.02784114
  0.57419766  0.96390258  0.52512477]
[ 1.          0.37057897 -0.26891222 -0.22613335 -1.77064121 -0.39199688
  0.38978881  0.57948595  3.58277431 -0.99273466 -3.69380925  0.62966982
 -1.45881944  1.47197613 -2.05331327  3.12579513  0.7207391  -1.46376381
 -0.69171648 -2.42011147  0.63551745]
[ 1.          0.3494311  -0.90026661 -0.96076004  0.13045733 -0.90550028
 -0.45710518  1.63491456 -1.85675291  0.44699804 -1.15535458  1.30225853
  0.83271033  0.24922929  0.80889223  1.09841034 -0.10114446 -0.82124591
 -0.62477402  0.27971628 -0.99687283]
[ 1.         -0.32444709 -0.21937295  2.59339883  3.10042269  4.58618022
  0.85375699  0.07646745 -0.57131392 -3.92718905 -1.59272233  1.07136364
  3.30905932 -0.43386015  0.14696716  2.50465342 -0.50456469  0.45032784
 -0.38697656 -2.82604713  1.80069562]
[ 1.         -0.00677241  0.77940502  2.70097039  0.71874548  0.22959484
  0.24317341  1.37736289 -0.97157715 -0.13446805 -1.30901547 -1.4395607
  0.71304738  1.44636777 -1.56354911 -0.25343339  1.82007191  1.58621604
 -0.98708603  1.25341875  0.78380575]
[ 1.         -1.26881527 -2.50165025  0.43722572 -1.81356049 -0.95141074
 -1.82541249 -1.5519405   0.5989781   0.54214488 -0.97970483 -1.20196741
  1.1995508  -1.26331132 -2.04610342 -0.59236908 -1.84175069  0.16289938
  3.07153429 -1.45777451  0.90617896]
[ 1.          0.55826406 -0.19154496 -0.7642703   0.29174953 -0.34352044
 -0.12079769 -0.68521115 -0.87916799  1.13231454 -0.45870873  2.48179844
  1.0856082   0.10559151  1.58256133  0.2608628   0.69452942 -0.61984995
 -0.08443588  0.18832622  1.1137531 ]
[ 1.          0.6880937   0.59362483 -0.46635909  0.13129027 -0.54839182
 -1.42972139 -0.23744521  0.60172942 -1.60827507 -0.24252784 -0.86360335
 -1.75549333  0.02496994  1.03401999 -0.08316398 -3.02765333  1.03202603
 -1.78778988  1.28527186 -0.61677025]
[ 1.         -0.10434381  0.96356094  1.30701828  0.57461461  0.33418157
 -0.67567157  0.18547127 -1.19182365  0.14893224 -2.30296285 -2.22223457
  0.19217653  1.53868004 -0.55267056 -0.75606094  0.78752825  0.32483946
 -1.11965628  0.80307595 -0.50401016]
[ 1.         -0.50118446 -2.25791588 -0.97680749 -0.73375723  0.42210628
 -0.01705489  0.58628922 -0.33740736  1.3795609  -1.4004588  -0.07577144
  1.01173634 -1.1063503  -0.1505463   0.17784943 -1.59679957  1.45700295
  0.31051285  0.66684785 -0.65324771]
[ 1.          0.23254717 -0.36514948  0.45008478 -0.41538588 -1.42806153
 -0.38551965  3.11297097 -0.95833989  0.92632642  1.35708804  0.18100573
  1.69415357 -0.07906799  0.77096713  2.02877757 -1.46224595 -2.24518481
  0.10096581  0.6915229   0.19590497]
[ 1.         -0.51865623 -1.99306751  1.39085557  0.22996882 -0.10957969
  0.37516615 -1.80412481  3.01191522  2.26062216 -0.98641582 -0.57498032
  1.77531549 -1.44197688  2.33970669 -2.96254335  3.35923345 -2.4698817
 -2.95364702  1.38414523 -2.10900565]
[ 1.          0.71819655  0.83346708 -0.91388293 -0.955651   -0.43386587
 -0.34938894 -0.10748104 -0.82327561  0.10891228 -0.37707975  1.58384409
  1.09184562  0.1511359  -0.32740044 -0.46075875 -0.03146229 -1.16523973
 -1.3034632  -0.31855521 -0.06455245]
[ 1.          0.10120909 -0.32924651 -0.01750858 -0.74776992  0.01728024
  0.82601844 -0.85960314  1.79161181 -0.24209655 -0.14727637  0.52303562
 -1.06135252  0.2748645  -0.87266861 -0.63275478 -2.30944058  0.17818787
  0.01504492 -0.26132575 -0.06636527]
[ 1.          1.20713376  1.72825117  0.37503803  1.61029547 -0.86157774
 -3.52379872 -1.58982367  0.56373769 -0.34049537 -1.52911008 -0.89177531
 -1.59861493  0.95629223  1.01710271 -1.35852948 -4.45743031  0.09223699
 -2.77672025  4.68940458  1.74743873]
[ 1.         -0.71354759 -1.08968097 -0.03833604 -0.40273991  0.85677189
 -0.24660727  0.12064682 -1.08835367 -0.60709843 -0.41014121 -1.1338121
 -0.65041923  0.62590503  0.56186776 -0.65210795 -0.93074023  0.62174539
 -0.28154243 -0.60139204 -0.71023715]
[ 1.          0.18060947  0.8575757  -0.06449951 -0.74408421  0.74480927
  1.0230921   0.32876341  0.41048415 -0.74657991 -1.00165605 -0.21058955
 -1.23115402 -2.09961207 -0.07430307  1.55303064  0.03503063 -0.51532067
  0.17788724  0.29411436  0.08640129]
