Cluster centers 

[-0.55009501 -0.05307372  1.17170273  1.01714303]
[-0.90926756 -0.58349009  0.37160954 -0.84902985]
[ 0.99944498  0.61611064 -0.19502873  0.15284057]
[-1.9281195  -0.02979695 -1.57102442 -1.14100337]
[ 1.0440527  -1.06642867 -1.64113746 -0.75575479]
[-0.16113117  2.39624368 -0.62276972  0.14113154]
[ 1.57957879 -1.15622758 -0.63174396  0.19766593]
[ 1.21782229  0.26576583  0.62697784 -1.16706326]
[ 0.11511093 -1.36000376  0.51662606  0.84974737]
[-1.18804265  0.7921283   0.06965219  1.892031  ]
[ 0.12013012  0.01905268 -2.00757143  2.74212699]
[ 0.15642842 -1.74130242 -0.36241914  0.58231523]
[ 0.21783267  1.95400875  0.08200245 -0.27398117]
[-3.81064955  1.77884997 -3.75232084 -1.74486301]
[-1.29188373 -0.59258778 -0.92708803 -0.77076208]
[-0.27312014 -0.67865488  1.36075652  0.33064132]
[-0.8525255  -0.40851555  0.89246179 -1.00493911]
[-0.76706552  0.24032432 -0.75672527  2.51685658]
[ 0.61984465 -1.4958733  -2.52262542 -0.17903551]
[ 0.91416483  0.89534817  0.28678736 -0.37043042]
[-0.50821848 -0.14433944  0.31983111  1.80145858]
[-0.53168311 -1.087249    0.11818988 -0.25295926]
[ 1.2054904  -0.20236188 -0.77468515  0.97896814]
[ 0.0406204   1.83857909 -1.42774521  0.9252969 ]
[ 0.92957708  0.73583438  1.17845058 -1.6673969 ]
[ 1.31949261 -0.00718429 -0.12096103  0.02897387]
[-0.54155901  0.04045171  2.03109044 -0.25697833]
[-1.21133376  1.15543374  1.33235704  0.75868024]
[ 1.17262955 -1.2610514  -0.94042067  1.77496852]
[-1.5247507   1.1469588  -0.94244617  2.47620183]
[-1.33148556 -0.25219228 -0.11609836 -1.20219966]
[-0.13143079 -1.08934707  0.91591324  0.37584089]
[ 0.39454595  1.65397965 -0.17304041 -0.01942968]
[ 0.55665763  0.4731044   0.02714133 -2.51283083]
[ 1.37588509 -0.09294889  0.2263476  -0.72048786]
[ 0.12523215 -0.26316107 -2.92150585 -1.48463461]
[-0.59674049  2.98783148  0.46787816 -0.65853669]
[-0.55652152 -1.24088629 -0.53177503 -0.13308313]
[-0.82391055  0.35517398  0.81218828  1.3678647 ]
[ 0.37721128  1.75965269  0.67073427 -0.71206695]
[ 0.78499351  1.05138704 -0.0378167  -0.0472316 ]
[-1.95126245  1.84194232 -0.24788493  1.81409356]
[ 1.49252649 -0.56151703 -0.3406662   0.18610074]
[-0.09423577 -0.88719607  0.92628932  0.96672694]
[-1.26566768  0.31086434  0.99253095 -1.89628783]
[ 1.07635836 -0.56917392 -0.97675719 -1.31511317]
[ 1.18761886  0.38532544  0.29062173 -0.46295644]
[ 1.49604418 -1.50348231 -0.81555103  0.99683097]
[-0.90250749 -0.83487283 -0.29614435 -0.58128696]
[ 0.96667031  0.27525605 -0.91233861  1.02099966]
[-0.64601094  2.96643119 -1.23411388  0.3646377 ]
[ 1.0873841   0.55665505  0.86021594 -1.24590322]
[-0.28558131 -1.04442799  0.82888084  0.01145604]
[ 0.5657097  -1.77978993 -0.12499363  1.25593118]
[-0.46302418 -0.19139125  1.4860846   0.58551722]
[-0.48020519 -1.46532334 -1.48694613  0.07703025]
[-1.89846022  0.15678566 -0.97091872 -1.44495733]
[ 1.17911867  0.11597364 -0.46416074  0.51444786]
[-0.15176192  2.28356999 -1.06468048  0.48748441]
[-0.59143004 -0.01023897 -0.23593742  2.20534663]
[-0.67671156 -0.22414938  1.60875394 -0.98626879]
[-0.32445582 -0.37176403  0.01465712  2.02409458]
[-0.61501912  0.18446567  1.83960562  0.21103925]
[ 1.50498431 -1.10270538 -0.72653937 -0.22578293]
[-2.1366672   0.16318398 -1.79337228 -1.24374776]
[ 0.86774705  0.67074656 -0.65122599  0.62870101]
[ 0.50223235  1.1600616  -1.07792522  0.89190349]
[ 0.43771296 -1.96710107 -0.9129502   0.71109231]
[-0.56483117 -0.0592739   0.70836238  1.47316768]
[ 0.70753057  1.24479178  0.33322243 -0.41401724]
[-0.02031017 -0.89419842  0.53409569  1.46050227]
[-1.12188588  0.85001014  0.90940021  1.21292798]
[-0.29686625 -1.2770541   0.18687068  0.04243762]
[-0.65443165 -0.58303645  1.03947483 -0.70706473]
[ 1.06277471  0.13443032  0.37611088 -1.82577014]
[ 0.96548466  0.83573686  0.64671166 -0.78549377]
[-1.25103926 -0.0059208   0.58689778 -1.51825766]
[-0.43232764 -0.54564683  1.49887831 -0.27679501]
[ 0.90743511  0.87225055  0.10146402 -0.17496236]
[ 0.29006175  1.72119537 -0.58817703  0.30107166]
[ 0.79457874  0.45636381  0.63213496 -2.28747216]
[-0.28385124 -0.5086332   0.85717769  1.26313253]
[ 1.27037209 -0.84290079 -0.91808076 -0.9137806 ]
[ 1.21909489  0.25586261  0.00544127 -0.09897654]
[-1.02290867 -0.19665791  0.85206771 -1.28442496]
[ 0.79096417  1.08809224  1.20599911 -1.33676446]
[-0.309074   -0.48947689  1.14517433  0.92186306]
[ 0.55552137 -0.10782848 -1.72890133  2.29041314]
[-0.09833305 -0.97189513  0.99647265  0.68954378]
[ 1.51980381 -1.05467607 -0.67284521  0.76815737]
[-0.26319237 -1.58623171 -1.12278271  0.19947589]
[-0.43477215 -0.9608674   0.71675499 -0.23732427]
[ 0.6820596  -0.60737941 -1.99088468 -1.30022892]
[-1.66594464 -0.27198548 -1.31659902 -0.99258338]
[ 0.80171271  0.95990111 -0.25704564  0.17591439]
[-0.69622015 -0.81607902  0.40394166 -0.55356702]
[-1.57400875 -0.02078161 -0.34567491 -1.40368048]
[-0.8468735  -0.15128799  1.35151023 -1.24753363]
[-1.16968658 -0.79004752 -1.17310553 -0.55409949]
[-0.08016221 -0.72216354  0.1735957   1.84837371]

Populations

0.0046141818559
0.0083469457586
0.0165849402715
0.00126081196149
0.0169571463518
0.0111042696675
0.00347927367989
0.00517782187646
0.00898224904812
0.0186729942012
0.00584012567621
0.00689591539429
0.00789711657612
0.00540168069548
0.0153252457807
0.0154678223188
0.0262929279515
0.00378719438277
0.0152171541418
0.0140926775498
0.0122656571333
0.0197404262587
0.00509677135896
0.00793424437211
0.00822506571818
0.0241097666357
0.00153160714254
0.00144026009937
0.0122979608442
0.011226530672
0.00661681697044
0.0212346217339
0.00305553477119
0.0286702342686
0.00272060721531
0.00866219306814
0.0134568683555
0.0160602195473
0.0184513979026
0.0188460460508
0.00195005545436
0.0208371356501
0.00839516370487
0.00430169508751
0.0118963338779
0.0208955959618
0.0240530073834
0.0139417294284
0.0181824947783
0.00755233648045
0.0106422298252
0.0144145047468
0.000891143147529
0.0117564274751
0.0162888868869
0.019637293808
0.0177370968325
0.00985746993557
0.0061427993005
0.0107001311221
0.0103657479759
0.00207399427125
0.00664118232752
0.00626017183468
0.0071828865242
0.0185935545733
0.0174154122366
0.00580568281792
0.00286294901395
0.00962472288681
0.0157871803775
0.00385124170759
0.0155590586148
0.000865731974117
0.0146135373997
0.0126844410188
0.0193982050816
0.00100310325444
0.0108647013034
0.0069224205785
0.00263616751922
0.00365455476036
0.00442244859558
0.0136237239185
0.00974388628417
0.006990496893
0.000583659212697
0.00208444544043
0.00288919347155
0.010936617676
0.010536621218
0.0145512595015
0.00589526494335
0.0146758460659
0.0052850325808

State labels

0
1
2
3
4
5
6
7
8
9
10
11
12
13
14
15
16
17
18
19
20
21
22
23
24
25
27
28
29
30
31
32
33
34
35
36
37
38
39
40
41
42
43
44
45
46
48
49
51
52
53
54
55
56
57
58
59
60
61
62
63
64
65
66
67
68
69
70
71
72
73
74
75
76
77
78
79
81
83
84
85
86
87
88
89
90
91
92
93
94
95
96
97
98
99

Eigen values

1.0
0.80414264074
0.77778673608
0.764950600968
0.735628809776
0.702175037181
0.700711804076
0.681228473576
0.650847245117
0.634335516946
0.604267721229
0.600182624743
0.589684845119
0.573390106131
0.54717869939
0.522979378071
0.51341984972
0.504551120293
0.484035048694
0.463179408184
0.45611255532

Left eigenvectors

[ 0.00461418 -0.00064219  0.00599162  0.00318238 -0.00130037  0.00010349
  0.00140247  0.00524642 -0.00746519 -0.00350814 -0.00139109  0.00134555
 -0.00777968 -0.00167477  0.00638352 -0.0001645  -0.01130845 -0.01084703
  0.00645612 -0.0109594  -0.00954714]
[ 0.00834695 -0.00453453 -0.00675611 -0.00749343 -0.00685463  0.00992876
  0.01140545  0.00395471  0.00198549  0.00264904  0.00523178 -0.01320606
  0.00226797 -0.0090804  -0.01684697 -0.01545145 -0.01695141  0.00080083
  0.01518419 -0.0045523  -0.00239128]
[  1.65849403e-02   6.44130928e-03   5.17123503e-03  -7.26474441e-03
  -1.46421821e-02  -9.06303876e-03   4.75019524e-03  -4.92504129e-03
  -6.55432245e-05  -2.01684587e-02   6.82373327e-04   5.26713492e-03
   2.12727010e-02  -1.58789568e-03   4.53881216e-03  -5.64096962e-03
   9.08286301e-03   1.53363704e-02   1.33896465e-02   9.30256440e-03
  -1.53816481e-02]
[  1.26081196e-03   4.89079277e-04  -6.91935386e-05  -1.06824983e-03
  -6.63690588e-04  -1.10197889e-04   8.57369212e-04   1.97125532e-03
   5.90125507e-04  -1.98081898e-04   1.86520078e-03   1.41293249e-03
  -1.90330584e-03  -1.11964427e-03  -1.64242830e-03  -6.21875188e-04
  -6.04429718e-04  -6.04542892e-04   3.02382997e-03  -3.11366243e-03
  -5.22467396e-04]
[ 0.01695715 -0.00838904 -0.00022195 -0.01071697 -0.0008544  -0.00054314
 -0.00871012 -0.00861332 -0.00025626 -0.00396218  0.00273999  0.01560338
  0.02084686  0.03202905  0.00366778  0.00726175  0.00102533 -0.00616632
 -0.01870402 -0.00494761 -0.0307135 ]
[ 0.01110427 -0.01093631  0.00354572  0.00240848  0.00299398  0.00063853
 -0.0077836   0.00970437 -0.03366176  0.00455324  0.00073533  0.000805
 -0.00372694 -0.00639597  0.01088159  0.01411763 -0.00519624 -0.00633709
  0.02148228  0.01967605  0.00829303]
[ 0.00347927  0.00626935 -0.0052818  -0.00535     0.00050782  0.0060386
 -0.00128493  0.00501447 -0.0024663   0.00460096 -0.00128321  0.00535849
 -0.00830847 -0.00740422 -0.00974015 -0.00302146  0.01192519 -0.0077846
 -0.00914336  0.00544148 -0.01538042]
[ 0.00517782  0.00922646 -0.00011227 -0.00621484  0.00271941 -0.00607507
  0.00373863 -0.00469917 -0.00174637 -0.00598077 -0.01177542 -0.00138854
  0.00778666 -0.0037296   0.00459719 -0.00270498  0.00253892  0.00737204
  0.00817977  0.00445368 -0.00123948]
[  8.98224905e-03   8.23858594e-03  -7.74024756e-03   1.30095191e-04
  -7.56676449e-04   8.24202148e-03  -1.32232671e-02  -1.00302957e-02
  -6.44000843e-03  -4.07366971e-03   5.43768218e-03  -1.91895240e-04
   5.92074733e-04   6.75982658e-03  -4.40601185e-03  -2.89872596e-05
  -1.32611708e-02   1.38172479e-02   7.24417766e-03  -2.01645519e-02
  -6.19458774e-03]
[ 0.01867299 -0.03424922 -0.03829677  0.01818592  0.01983434 -0.01006163
  0.02211664  0.00877914  0.0099562  -0.00834182 -0.01359174 -0.00695083
  0.0140169  -0.01825668 -0.0108131  -0.02370525 -0.01468187  0.00269201
 -0.00704725 -0.00551268 -0.01763405]
[ 0.00584013 -0.0084878  -0.01053035  0.00601115  0.00748707 -0.001398
  0.0002423  -0.00096075 -0.00407586 -0.00129872 -0.00159924  0.00623364
 -0.00192281  0.00318565  0.00586554  0.0113205   0.00328906 -0.01007228
  0.01778132  0.01591827 -0.00173261]
[ 0.00689592 -0.0125407   0.00752835 -0.01397577  0.00788406  0.00035229
 -0.01214374 -0.0004493   0.01816534 -0.01356811 -0.00401113  0.01898109
 -0.01424179 -0.00670861  0.00140266 -0.00181866 -0.00779269  0.00651833
  0.00209031  0.00185066  0.00625021]
[  7.89711658e-03   5.74782244e-03  -1.23055559e-02  -1.27925317e-02
  -1.43614609e-02   2.41199623e-02   8.07810211e-03   2.39998778e-02
   1.18891365e-02   7.54228079e-03  -3.04992700e-03  -3.53976642e-03
  -1.38940231e-03   1.14449227e-04  -1.19986295e-05  -1.98614194e-03
   3.10413599e-03  -7.90160909e-03   7.47825248e-03   7.50027599e-03
   3.25514104e-03]
[ 0.00540168  0.00369322  0.00832975  0.00729465  0.00367771  0.00266908
  0.00167718  0.00255087  0.00675899 -0.00021445  0.00948271 -0.00363545
  0.00293677 -0.0020789   0.00417299 -0.00729966  0.00088865 -0.00076806
 -0.00623384  0.01498164  0.00174889]
[ 0.01532525 -0.00556187 -0.01365064  0.00192919 -0.00729061 -0.00749454
 -0.00283939 -0.00221654 -0.00181849  0.00111268 -0.00940445  0.00026814
 -0.00215791  0.02936074  0.01228878 -0.0160359   0.00575883  0.01108282
 -0.01557655 -0.00504645  0.00378198]
[ 0.01546782  0.00642204 -0.00509945 -0.0022309  -0.02200298 -0.00636684
  0.00609365  0.00653102 -0.00209456 -0.02316873  0.00205447 -0.00115641
 -0.02140867  0.00645714 -0.01498082  0.01343722  0.01683977  0.0145081
  0.00297768 -0.00859143  0.00494268]
[ 0.02629293  0.00063521  0.0146854   0.02716511 -0.00274485 -0.00068994
 -0.01016299  0.02915554 -0.033748   -0.00890801 -0.01722295  0.00609434
 -0.01348284  0.00204053 -0.00507405  0.01342254 -0.02595971 -0.0190615
 -0.01973111 -0.00605045  0.02040794]
[  3.78719438e-03  -2.81138243e-03   3.29669424e-03  -6.19070300e-03
  -1.77456125e-03  -3.33952826e-03  -4.57045574e-03   4.04581222e-03
   1.18880620e-03   5.62740113e-04   6.30115793e-05  -1.00424205e-02
   6.08019699e-03   4.61505143e-03  -3.55460028e-03   3.48376013e-03
   6.30635735e-03  -3.51031905e-03   3.57019977e-03   2.17188719e-05
  -6.16170438e-03]
[ 0.01521715 -0.01597958 -0.00313748  0.00947611  0.00183862 -0.01089162
 -0.00172569  0.01821321 -0.01835288  0.00250941 -0.00870842 -0.00758657
  0.00888346 -0.00798161  0.00011655 -0.01148019 -0.00509262  0.01477567
 -0.02555842 -0.00129528  0.01079766]
[ 0.01409268 -0.01303488  0.0257984  -0.0059949   0.02071344  0.02953169
  0.0335831  -0.02074072 -0.00253369  0.00810699 -0.0004076  -0.00937612
 -0.01300673  0.01568083 -0.00551694  0.00628533  0.02186108  0.00775617
 -0.00107619 -0.01446689  0.00447648]
[ 0.01226566  0.00265409  0.00663436  0.00207903 -0.00097548 -0.01282044
  0.00684583  0.01091706  0.00935631  0.0022236   0.00986242  0.00842405
  0.0054822   0.01849872 -0.00510562  0.0056613  -0.00463685  0.01111722
 -0.00600483  0.01159151 -0.0145809 ]
[ 0.01974043  0.00821964  0.02119853  0.0083552   0.01551842 -0.00657901
  0.01808727  0.0146174   0.01017943  0.01363993  0.0284126  -0.00604409
 -0.00931708  0.01175936  0.00736781 -0.00703996 -0.02063262  0.00762664
 -0.02201209  0.02862324 -0.00426544]
[ 0.00509677 -0.0087359  -0.01056663  0.00208536  0.00275137  0.00051892
  0.0090826   0.00352717  0.00335873 -0.00142143 -0.00210454 -0.00678929
  0.00502625 -0.00903646 -0.01012798 -0.01437377 -0.01216825  0.00128429
  0.00419349 -0.00422067 -0.00795669]
[  7.93424437e-03   8.50788380e-04  -1.25865089e-05   7.43448247e-03
  -8.41654610e-03  -5.66104501e-03   1.61257528e-03   1.12370523e-02
  -5.00279813e-03  -1.48882517e-02  -6.55250526e-03   2.85615422e-04
  -1.18923232e-02   7.15941040e-03  -1.41997568e-02   1.54325284e-02
   1.15662559e-02   2.61193726e-03  -2.32532529e-03  -1.14924808e-02
   1.57324166e-02]
[ 0.00822507  0.00130348  0.00275755 -0.003912   -0.00522796 -0.00603061
  0.00149992  0.00213336  0.00406476 -0.00654154  0.00415374  0.00662031
  0.01445756  0.01533072 -0.00283739  0.00532076  0.00360782  0.0056209
  0.00088039  0.00670805 -0.02135747]
[ 0.02410977 -0.0353066  -0.00351326 -0.01922312  0.01916826  0.02609909
  0.01126759 -0.02451975 -0.00533965 -0.01925226  0.00389388  0.04157871
  0.014564   -0.00030891 -0.00391005  0.01762923 -0.00027575 -0.00042634
 -0.01518217  0.01390993  0.0128907 ]
[  1.53160714e-03   8.35283435e-04  -3.78463094e-03  -3.44289274e-03
  -4.27576818e-03   9.50528455e-03   3.16701546e-03   9.80106229e-03
   6.32235204e-03   4.11413330e-03  -3.30626070e-03  -1.06313404e-03
   3.20502270e-03  -4.28987281e-03   1.04722373e-02   1.05981532e-02
  -1.30393727e-03   3.75483932e-03  -2.94822816e-04  -3.58255903e-03
  -8.79758740e-05]
[  1.44026010e-03  -1.27827801e-03   1.37615904e-04   2.75953376e-05
  -5.40106356e-04  -1.63328197e-05  -1.09755411e-05   1.65908279e-03
  -4.30375083e-04   2.47348339e-05  -2.26548979e-04  -8.83104482e-04
   2.26636975e-03  -1.20690808e-03   3.81725176e-03  -5.40274328e-04
  -7.18723660e-04   4.80632265e-03  -5.39197148e-03  -3.05560199e-04
  -1.19950009e-03]
[ 0.01229796  0.01044949  0.00351285  0.00737292  0.00884939  0.00145385
 -0.00263312  0.01111299 -0.0075179   0.00208993  0.00464708 -0.00465811
 -0.01379017  0.00521599 -0.00333929  0.00725444 -0.02424866 -0.00349231
 -0.02669265  0.01552766  0.00908141]
[ 0.01122653  0.02765854 -0.00798959 -0.01332105  0.0189417  -0.00503496
 -0.0001494  -0.00589664 -0.00893375  0.00181888 -0.02683886 -0.00242375
 -0.00413977 -0.01238272 -0.0013729  -0.00247109  0.00469725  0.00409688
 -0.00511388  0.00853403 -0.0071522 ]
[ 0.00661682 -0.00764168 -0.00010732 -0.00318323 -0.00112561 -0.0035008
 -0.00547595  0.00401541 -0.00628097  0.00225553 -0.00231233 -0.00785246
  0.00899861  0.00215322  0.00440107 -0.00662274  0.00313804  0.00883591
 -0.01424465 -0.00231199  0.00324882]
[  2.12346217e-02   3.22971762e-02  -1.62703960e-02  -1.30661952e-03
   1.97975701e-02   1.09044459e-02  -1.61472395e-02   1.00505009e-03
  -5.72337734e-03   1.62387563e-03   2.57626432e-03  -1.28107281e-02
  -2.01971332e-02   2.64887036e-03  -1.09422116e-02   1.35329447e-02
  -2.14562911e-02  -8.12788135e-05  -2.73130739e-02   1.45168650e-02
   7.45998880e-03]
[ 0.00305553  0.00047703 -0.00058933 -0.00082661 -0.00715096 -0.00219297
  0.00221795 -0.00113838 -0.003047   -0.00542083  0.0037078  -0.00203471
 -0.00934362 -0.00098441  0.00363893  0.00054376  0.00226572  0.0084342
  0.00193642  0.00233672 -0.00443763]
[ 0.02867023 -0.03495005 -0.06118882  0.03969126  0.02731396 -0.03043139
  0.01742238  0.00305534  0.02616158 -0.00329392 -0.00902866 -0.01293395
 -0.0129143   0.0085621   0.00829364  0.00275728  0.02263948 -0.01859932
  0.0205021   0.00042582 -0.01013258]
[  2.72060722e-03   5.16599958e-04   5.46574240e-03   3.69413466e-03
  -5.89520742e-05   1.20127950e-03   1.97574603e-03   4.19372454e-03
  -4.66452270e-03  -5.37702651e-03  -2.86518124e-03   5.59400535e-04
  -4.19579979e-03  -1.97671426e-03   6.36845562e-03  -2.81058799e-03
  -6.79942839e-03  -1.46532709e-02   2.07161456e-03  -1.50133483e-02
  -6.72765268e-03]
[ 0.00866219 -0.01784063 -0.01262941  0.0013756   0.01099361  0.00297881
  0.0103756  -0.00312255  0.00226246 -0.00841234 -0.00429833  0.00919186
  0.00999044 -0.00775491 -0.00599089 -0.00507861 -0.00697409  0.00113778
 -0.00892697  0.00232877 -0.00441648]
[ 0.01345687 -0.01776916  0.00485142 -0.00786353  0.00424434 -0.00805358
 -0.01630168  0.0169312  -0.03465277  0.01408359  0.00582926 -0.01162295
  0.01621021 -0.01688333  0.0057363  -0.00300697  0.0174573   0.00757004
  0.00279264  0.00128481  0.02080581]
[ 0.01606022 -0.00134581 -0.0070863  -0.00404937 -0.03321537 -0.01144909
  0.00564712 -0.024033   -0.0031737  -0.00407104  0.00968121 -0.0003935
 -0.02185666 -0.00719177  0.02910425 -0.00855629  0.01141229  0.00639689
 -0.01106963  0.00837035 -0.00355016]
[ 0.0184514   0.00617386 -0.00965738 -0.0160956  -0.02314582  0.00116049
  0.00519925 -0.01347256 -0.00654263 -0.01708638  0.01823898 -0.00934853
  0.00395828 -0.00475161 -0.01407011 -0.00661602 -0.01788088  0.0074823
  0.01390441 -0.01284581  0.00381973]
[ 0.01884605  0.00248332  0.020163    0.02401766 -0.01875793  0.00157081
 -0.01313973 -0.00862426  0.01828815  0.0223718  -0.02173523  0.02195024
  0.0150375  -0.01479311 -0.02057367  0.00103323 -0.00674498  0.00407263
  0.01128411  0.0063424  -0.00014865]
[ 0.00195006  0.00130807 -0.00409674 -0.00286751 -0.00412409  0.00757674
  0.00065157  0.00697415  0.00280219  0.0036589  -0.00299913  0.00099562
 -0.00084082  0.00964168  0.00415931 -0.01131749  0.0021389  -0.0024946
  0.00529945  0.00323354  0.00723673]
[  2.08371357e-02   5.69272473e-05   1.92932942e-02   4.31068019e-05
  -2.83562025e-03  -8.64839602e-03   2.96608455e-03   3.68149631e-03
   1.54868345e-02  -7.90511078e-03   3.12130309e-03   2.49726729e-02
   1.11535864e-03   6.04562411e-03   4.25212107e-03  -2.29615304e-03
  -9.63025048e-03   1.14192844e-02   1.41935704e-03  -1.52413573e-03
  -2.03212113e-02]
[ 0.00839516 -0.00372564 -0.00721465  0.00950745 -0.00480854 -0.00950818
  0.00343926  0.00784219  0.00021975 -0.0079256  -0.00812536 -0.00105387
 -0.01238065  0.00946131 -0.0118121   0.01208468  0.01165895  0.00545113
 -0.00361628 -0.00956138  0.01303105]
[ 0.0043017  -0.01134667  0.00799722 -0.0151551   0.00476927 -0.00439395
 -0.01855258  0.00431667  0.0132502  -0.00451746 -0.00671736 -0.00955411
 -0.00971937 -0.00173237  0.00122713 -0.00221478 -0.0014992  -0.00300249
  0.00057091  0.00217881 -0.00011173]
[ 0.01189633 -0.01331548 -0.0081362   0.00239283  0.0111069   0.00843488
 -0.00641246 -0.00388691 -0.02136742 -0.00198383 -0.00022296  0.020373
  0.00068393  0.00388587  0.00957792  0.0227773  -0.00240617 -0.01293858
  0.02639302  0.02959137  0.00093771]
[ 0.0208956   0.01184363  0.00511284 -0.01124885 -0.02102125 -0.01071647
  0.00650097  0.01752673  0.01359983 -0.01756831  0.00473364 -0.00339353
  0.02457529  0.01690893 -0.02149286  0.0183527   0.01634229 -0.00079521
  0.02885842  0.00852862 -0.01301833]
[ 0.02405301  0.01274406 -0.01296558  0.00813784  0.00814674  0.02498586
 -0.03798498 -0.0108199  -0.02159684  0.00858184 -0.00063311  0.0269417
  0.00246438  0.02096841  0.00019408  0.00044815 -0.01367494  0.00229164
  0.0036173  -0.01253907 -0.02414973]
[ 0.01394173  0.01615552 -0.01114146 -0.00704468  0.00016214 -0.00147414
 -0.00409614 -0.00871768 -0.00721611 -0.00940766 -0.0071114  -0.00722467
 -0.00538157  0.00887651 -0.00368455 -0.00125577 -0.01059605  0.01812975
 -0.0008168  -0.01217313  0.00535643]
[ 0.01818249  0.00641988  0.03120378  0.00726112  0.01943258  0.01505528
  0.02557883 -0.00589533  0.0048877  -0.00719015 -0.0051578  -0.00761172
 -0.00376103  0.00266478  0.01624532 -0.01456259  0.01226087 -0.00842887
 -0.0049751  -0.01206764  0.00022553]
[ 0.00755234 -0.00282086 -0.00487842 -0.00917263 -0.00911022  0.00561669
  0.00410941 -0.00538458 -0.00474817 -0.0044266   0.01116063 -0.00351554
  0.00798501 -0.01073434 -0.01166779 -0.00962517 -0.01105645 -0.00140034
  0.0034766  -0.00265803  0.01213379]
[ 0.01064223 -0.01531267  0.01341316 -0.00814444  0.01706343  0.02515426
  0.02367461 -0.0199352  -0.00323303 -0.00026527  0.00093359  0.00643534
 -0.00479955  0.01166402 -0.00569512  0.01157283  0.01821782  0.00645353
 -0.00691349 -0.00773497  0.0095901 ]
[ 0.0144145  -0.0218267   0.01467173 -0.02611458  0.00254508 -0.01013301
 -0.02533186  0.00922867 -0.00212855  0.01198199 -0.00231468 -0.03917725
  0.01104031  0.00881661 -0.00155158  0.00242137  0.0131511  -0.01162218
 -0.00392956 -0.00456881 -0.01204965]
[  8.91143148e-04  -5.22637848e-05  -2.26974464e-03  -1.68494038e-03
  -2.19013534e-03   5.87981112e-03   1.94364538e-03   5.90688019e-03
   4.20323124e-03   2.66539184e-03  -2.56877757e-03  -3.22808519e-04
   3.25906271e-03  -3.91314895e-03   9.06653648e-03   9.15270764e-03
  -1.66101898e-03   4.52927874e-03  -1.67610564e-03  -4.07948811e-03
  -6.94792836e-04]
[ 0.01175643  0.01272502 -0.01336864  0.01835576  0.01690573  0.01579653
 -0.02424882 -0.00967172  0.01273522 -0.00662328  0.02225146 -0.02623357
 -0.00552177 -0.00203568  0.00057513  0.00927745  0.00571587  0.00716833
  0.00389186 -0.00599511  0.00530306]
[ 0.01628889  0.0249476  -0.00209635 -0.01916424  0.01048901 -0.02579577
  0.01179355 -0.00454455  0.00889709  0.00624653  0.00117078 -0.00108735
  0.01562786  0.00365488  0.00480352  0.01377797 -0.01345526 -0.01662266
  0.01287264 -0.00339325  0.02228336]
[ 0.01963729  0.00773767  0.02414428  0.02705598 -0.01412373  0.00457083
 -0.00931211  0.00786596  0.01158072 -0.00532723 -0.01223534  0.01103529
  0.02095733 -0.01554866 -0.014158   -0.0030741   0.00520608 -0.01087845
  0.00941508  0.01424907  0.00584803]
[ 0.0177371   0.01191401  0.02330816  0.02820407  0.00426071  0.01717728
 -0.00746332 -0.0010803   0.01928575 -0.01205191  0.0126817  -0.00874882
  0.01853024 -0.01714354  0.00829956 -0.01820904  0.01980436 -0.00869583
 -0.00089032  0.02010625  0.00851392]
[  9.85746994e-03   8.68321763e-03  -7.89802861e-03   9.37492926e-03
   4.91329170e-03   1.46344908e-02  -2.30611572e-02  -1.20847611e-02
  -8.62092968e-04   1.78929563e-05   1.05270667e-02  -2.12640892e-03
   2.34156176e-03   3.85392776e-03  -1.17993410e-03   3.66484360e-03
  -7.50491898e-03   1.24115538e-02   7.40140936e-03  -1.98184842e-02
  -7.50987932e-03]
[ 0.0061428  -0.00422192  0.0083439   0.00351666 -0.00533659  0.00117665
  0.00300909 -0.00661302  0.00372522  0.02271222 -0.0094673  -0.00686888
 -0.00692303 -0.00049639 -0.01393549  0.00291028 -0.00677057  0.0064347
  0.0089267   0.00148813 -0.00255394]
[ 0.01070013  0.01022409  0.00520492 -0.00505166  0.01153235 -0.01964589
  0.01112     0.00960391  0.01162042  0.01464955  0.02487243  0.0143265
  0.00096471  0.00406391  0.00544925  0.0013042  -0.0102541  -0.00078559
  0.00760877 -0.00782086  0.00728459]
[ 0.01036575 -0.00138712  0.00798669  0.00527031 -0.00469037 -0.00531982
  0.00452912  0.00722798 -0.00246981 -0.00578513  0.00629552 -0.00116919
 -0.0014804  -0.00445873  0.01230888 -0.00967557 -0.00492719  0.01510838
 -0.01382505  0.00998456 -0.00960115]
[ 0.00207399 -0.00220991 -0.00236202 -0.0001425  -0.00024298  0.00400138
  0.0012467   0.00265039  0.00259519  0.00112298 -0.00212669  0.00124839
  0.00470083 -0.00421304  0.00701757  0.00562142 -0.00236125  0.00572078
 -0.00444718 -0.00361789 -0.00180041]
[ 0.00664118  0.01222987 -0.006788   -0.00690461  0.0082306   0.00363776
 -0.00579669  0.00349016 -0.00832117  0.00952239 -0.00486386  0.0117905
 -0.00919229 -0.01108308 -0.00979923 -0.00626307  0.01746253 -0.00396293
 -0.00903533  0.00063778 -0.02433039]
[ 0.00626017  0.01032834  0.00564937 -0.00380877  0.01053898 -0.0011068
  0.00927705 -0.00555364 -0.00064451 -0.00365286 -0.01464512 -0.00503169
  0.00199331 -0.00291332  0.00883982 -0.00605177  0.00413623  0.00065763
  0.00305949 -0.00257029  0.00389167]
[ 0.00718289 -0.00538868  0.00640313 -0.00022182 -0.00370175  0.00102692
  0.00310365  0.00126565 -0.01664687  0.00396314  0.00379437 -0.00825056
 -0.01476825 -0.00336765  0.00963836  0.00338663 -0.01008409  0.00130652
  0.01862447  0.00781479 -0.01147267]
[ 0.01859355  0.00494016  0.00188704  0.01653909 -0.00674142  0.01545701
 -0.0258487  -0.01793739  0.00315176  0.01335956 -0.00055534  0.01577273
  0.01737631 -0.009457    0.00276892 -0.00183994 -0.00235665  0.00606953
  0.00337142 -0.00985527 -0.0044286 ]
[ 0.01741541 -0.00305577 -0.01327808 -0.02375985 -0.02210592  0.01099074
  0.00998817 -0.02071123 -0.00427339 -0.01127851  0.02450307  0.00620265
  0.00209261 -0.01735236 -0.01350482 -0.00317148 -0.01053629 -0.02898068
 -0.01909511  0.00617932  0.02763476]
[ 0.00580568 -0.00044171 -0.01218622  0.01118271  0.00944572  0.00122845
 -0.00609597 -0.00307605  0.00890599 -0.00311661  0.00764539 -0.01302788
 -0.00453008  0.00062046  0.00178626  0.00493787  0.00720287 -0.00017941
  0.00625959 -0.00312326  0.00065332]
[ 0.00286295 -0.00259197  0.0007379  -0.00260989  0.00297415 -0.00375944
 -0.0038883   0.00639557 -0.00910603  0.0074775   0.00576713  0.0014388
  0.00280967 -0.00799084  0.00092286 -0.00338343  0.01139856  0.00386107
  0.0023399  -0.00563856  0.00620874]
[ 0.00962472  0.00305777  0.01647628  0.01189586  0.00129329  0.00454907
  0.00601272  0.00963383 -0.00800866 -0.01475132 -0.00794721  0.00027253
 -0.00452731 -0.00430165  0.01176948 -0.00794579 -0.0059966  -0.02815088
 -0.00206044 -0.02558482 -0.0057345 ]
[ 0.01578718 -0.00624332  0.0006124   0.01512379 -0.00953799 -0.01346421
 -0.00071997  0.01028454 -0.00382764  0.00994078 -0.01808215  0.0034263
 -0.00636571  0.01483487 -0.01330183  0.00495243 -0.00432511  0.01455744
 -0.02158899 -0.00421427  0.01518294]
[ 0.00385124 -0.01077953  0.00741046 -0.01417852  0.00588992 -0.00282359
 -0.01707898  0.00281925  0.01697988 -0.00900687 -0.00700236  0.00082363
 -0.01415731 -0.00451375  0.00173564 -0.00291788 -0.0053835   0.0005972
  0.00169643  0.00327614  0.00349937]
[ 0.01555906 -0.01335431  0.021137   -0.00672246  0.00404667  0.01188367
  0.01675012 -0.0057333  -0.00388367  0.02860374  0.00174017 -0.03086126
 -0.01665702  0.00707762 -0.01461274  0.00036065 -0.00826367  0.00903372
  0.01878703  0.00213023 -0.01426049]
[  8.65731974e-04   9.09339660e-04   4.23754211e-04  -6.17241509e-04
   8.99654450e-04  -1.84261558e-03   1.19729796e-03   1.30593791e-03
   1.28401843e-03   1.46169283e-03   3.09380456e-03   1.86981528e-03
  -3.26363699e-04   1.99557141e-04   2.45814980e-04   2.88459897e-06
  -1.45818863e-03  -2.62062409e-04   1.86125282e-03  -2.00088233e-03
   8.86180969e-04]
[ 0.01461354 -0.00321906 -0.00594746  0.00765696 -0.02506371 -0.01264873
 -0.00323271 -0.03168004  0.01260502  0.02569805 -0.00625109  0.00382426
 -0.00984023 -0.0120078   0.01975652  0.0025287   0.00971314 -0.01944126
 -0.00926804 -0.00572266  0.00653148]
[ 0.01268444  0.00338493 -0.00402105 -0.01576475 -0.01055543 -0.01133203
  0.00079841 -0.01682651  0.00426476  0.00559973  0.00875172 -0.00541714
  0.01253986  0.00189346  0.00267634  0.00858004 -0.00695455 -0.03161546
 -0.00786851 -0.0113867   0.01103726]
[ 0.01939821  0.04402124 -0.00543247 -0.02526852  0.0272099  -0.02029012
  0.01322451 -0.01698384 -0.00760672 -0.00670482 -0.04864319 -0.01055549
  0.01105327 -0.01294005  0.01271941 -0.00426045  0.00028715  0.01072967
  0.01417026  0.00520406  0.01059244]
[  1.00310325e-03  -1.89039829e-03   1.23860817e-03  -2.67652898e-03
   1.75048294e-03  -3.19606012e-04  -2.37243747e-03   6.23043785e-04
   3.78757388e-03  -2.20699295e-03   2.73186616e-04   5.91337431e-03
  -4.22018037e-03  -2.88005315e-03  -5.95190908e-05  -1.45760999e-03
  -7.20664742e-04   2.60167156e-03   2.06711538e-03  -2.51008684e-03
   2.25638551e-03]
[  1.08647013e-02  -1.29108357e-03   1.70556475e-05  -2.82320540e-03
  -2.14466706e-02  -6.32169673e-03   6.57732369e-03  -8.95440225e-03
  -1.17596176e-02  -8.81238165e-03   1.34706453e-02  -7.32055746e-03
  -2.34334845e-02  -7.52706283e-03   2.19314403e-02  -6.09891834e-03
  -2.35357468e-03   1.93000220e-02   4.38003137e-03   1.21868895e-02
  -1.61983714e-02]
[  6.92242058e-03   1.07568706e-02  -3.17847490e-03  -4.16807991e-03
   8.24764552e-03  -8.74604411e-03   2.59797482e-03   1.61837171e-03
   4.01934181e-03   5.32377289e-03   6.36627849e-03  -5.05106051e-04
   6.95556692e-05   3.70900994e-03  -2.46249888e-05   8.19442875e-03
  -1.04401453e-02  -5.50390280e-03  -1.53470392e-03   3.17409449e-03
   1.04153815e-02]
[  2.63616752e-03   1.45284207e-03  -3.26345974e-03   1.96211271e-04
  -7.39450157e-04   5.56025939e-03  -4.94428923e-03   1.09841667e-03
  -2.11207092e-03   3.17579938e-03  -2.64172240e-03   5.23860241e-03
  -2.73806440e-04   1.33998520e-02   4.70597771e-03  -1.20606337e-02
  -4.44908381e-04   1.44187277e-05   4.02409013e-03  -8.63476936e-04
   3.25099787e-03]
[ 0.00365455  0.0024276  -0.00064202 -0.00351887  0.00664749 -0.00614885
 -0.00124712  0.0078257  -0.00322811  0.01129562  0.0111826   0.01111129
 -0.00326076 -0.00881857 -0.00150169 -0.00564793  0.01388501  0.00349951
  0.00306113 -0.01198883 -0.00116876]
[ 0.00442245 -0.00085427 -0.00240675  0.00089409 -0.0113209  -0.00499387
  0.00032425 -0.01199927  0.00243303  0.00558499  0.00045847  0.00092478
 -0.00750375 -0.00496529  0.01269687 -0.00137687  0.0059135  -0.00445057
 -0.00603387  0.00040824  0.00125149]
[ 0.01362372 -0.0110202   0.00013847 -0.00787274 -0.00315905  0.00426032
 -0.00657589 -0.00435737 -0.01528643 -0.00183979  0.0069368   0.00429471
  0.02398632 -0.01266506 -0.00105527 -0.00681134  0.00402331  0.01155112
 -0.00277889  0.00148262  0.0158459 ]
[ 0.00974389 -0.00728181  0.00294922 -0.01536771 -0.0028082  -0.00713641
 -0.01042816 -0.00538482  0.00071006  0.00495135  0.00346819 -0.01118632
  0.01658099  0.01598426  0.00191804  0.00777663  0.00299089 -0.02228681
 -0.01374311 -0.01017032 -0.01447792]
[ 0.0069905   0.00331347  0.00329676  0.0039372  -0.00956414 -0.00360032
  0.0023893   0.00882844  0.00029202 -0.01632745 -0.00215357 -0.00010973
 -0.00215781  0.00362016 -0.01094521  0.00946018  0.01447421  0.0012095
  0.00492377 -0.00588013  0.00598317]
[ 0.00058366 -0.00027638  0.00029709 -0.00122019  0.00103098 -0.00068191
 -0.00075912  0.00122654  0.00107982  0.0003328   0.00159315  0.00364116
 -0.00228182 -0.00231194 -0.00049216 -0.00143905  0.00131181  0.00149278
  0.00197516 -0.00354012  0.0008388 ]
[ 0.00208445  0.00219835  0.00064913 -0.00177974  0.0038286  -0.00528229
  0.00157674  0.00415015  0.00115174  0.00658575  0.00895416  0.00682972
 -0.0009622  -0.0023642   0.00064707 -0.00196542  0.00323402  0.00126775
  0.00326322 -0.00752153  0.00142456]
[ 0.00288919  0.00082356 -0.00501645 -0.0013191  -0.00346983  0.00661076
 -0.00239992  0.00468832  0.0004781   0.00435582 -0.00480337  0.00382861
 -0.00104006  0.01919129  0.00792965 -0.01962603  0.0022903  -0.0004798
  0.00523746  0.0015103   0.00988432]
[ 0.01093662  0.01175    -0.01456905 -0.01428979 -0.01064092  0.02033138
  0.00357928  0.01550032  0.003217    0.00296356  0.00288088  0.00122661
 -0.01565129 -0.00866262 -0.01734041  0.00013606  0.010168   -0.01790099
 -0.01298805  0.01448121 -0.00485731]
[  1.05366212e-02   4.48753022e-03  -1.95645008e-03   1.89302716e-03
   1.24618617e-02  -1.70097919e-02   9.19460348e-03   1.08124298e-02
   1.01741517e-02   1.27205590e-02   2.03069301e-02   7.79566713e-03
  -2.94241575e-03   7.23020910e-03   2.07036628e-03   2.35415065e-03
  -3.94896168e-03   8.76544021e-04  -5.35304348e-05   2.87523129e-03
   1.73982619e-04]
[ 0.01455126 -0.00428761  0.01166274  0.01706061 -0.02034623 -0.00577388
 -0.00401438 -0.01515441  0.01365905  0.04035667 -0.02636719  0.00635751
 -0.00468278 -0.00683203 -0.02177486  0.00636466 -0.0086616   0.00705088
  0.00404256  0.00132926  0.00617106]
[ 0.00589526  0.00642753  0.00068408  0.01214387  0.00671758  0.00970354
 -0.01043663 -0.00381843  0.00983034 -0.00577606  0.01271204 -0.01336912
  0.00288537 -0.00586473  0.00278748 -0.00135325  0.00920686  0.00068868
  0.00170691  0.00398386  0.00601741]
[ 0.01467585  0.00674301  0.0191654   0.01692726 -0.00960558  0.00168552
  0.00152001  0.01011892  0.00370517 -0.02371553 -0.00236547  0.00172522
  0.01204069 -0.01096477  0.00309185 -0.00986014  0.01330453 -0.00958722
  0.00301369  0.00097061 -0.00306967]
[ 0.00528503 -0.00486352 -0.00887284  0.00671357 -0.00234821 -0.00728189
  0.00158482 -0.00763632  0.0072152   0.00652898 -0.00322767 -0.00096194
 -0.00499533 -0.00220013  0.00771685  0.00134444  0.00751143 -0.01021975
  0.00074178 -0.00205492  0.00035292]

Right eigenvectors

[ 1.         -0.13917817  1.29852175  0.68969485 -0.28182016  0.0224288
  0.30394835  1.13702076 -1.61788035 -0.76029458 -0.30148229  0.29161112
 -1.68603722 -0.3629605   1.38345687 -0.03565065 -2.45080218 -2.35080246
  1.39919007 -2.37515474 -2.06908624]
[ 1.         -0.54325629 -0.80941132 -0.89774519 -0.8212147   1.18950841
  1.36642206  0.47379153  0.23787037  0.31736588  0.62678937 -1.58214241
  0.27171291 -1.08787047 -2.01833996 -1.85114994 -2.03085179  0.09594299
  1.81913131 -0.54538563 -0.28648538]
[ 1.          0.38838303  0.31180305 -0.43803259 -0.88286011 -0.54646195
  0.28641618 -0.29695864 -0.00395197 -1.21607063  0.04114415  0.3175854
  1.28265165 -0.09574323  0.2736707  -0.34012601  0.54765726  0.92471665
  0.80733764  0.56090431 -0.9274467 ]
[ 1.          0.38790818 -0.05488014 -0.84727133 -0.52639934 -0.08740232
  0.68001355  1.56348082  0.46805196 -0.15710661  1.47936476  1.12065282
 -1.50958739 -0.8880343  -1.30267506 -0.49323389 -0.47939719 -0.47948696
  2.39831955 -2.46956923 -0.41438963]
[ 1.         -0.49471984 -0.01308874 -0.63200342 -0.05038571 -0.03203
 -0.51365495 -0.50794654 -0.01511238 -0.23365839  0.1615831   0.92016526
  1.22938494  1.88882331  0.21629714  0.42824112  0.06046607 -0.36364149
 -1.10301708 -0.29177157 -1.81124209]
[ 1.         -0.98487433  0.31931131  0.21689678  0.26962415  0.05750345
 -0.70095574  0.87393162 -3.03142523  0.41004365  0.06622006  0.07249436
 -0.33563167 -0.57599226  0.97994685  1.27136945 -0.46795    -0.57068985
  1.93459649  1.77193562  0.74683219]
[ 1.          1.80191333 -1.51807524 -1.5376775   0.14595645  1.73559075
 -0.36930912  1.44124168 -0.70885481  1.32239083 -0.36881468  1.54011877
 -2.38798852 -2.12809325 -2.79947759 -0.86841553  3.42749377 -2.23742047
 -2.62794935  1.5639687  -4.42058343]
[ 1.          1.78191858 -0.02168191 -1.20027987  0.52520372 -1.17328742
  0.72204604 -0.90755715 -0.33727945 -1.1550749  -2.27420399 -0.26816999
  1.50384874 -0.72030206  0.88786162 -0.52241649  0.49034611  1.42377255
  1.57977111  0.86014614 -0.23938232]
[ 1.          0.91720747 -0.86172712  0.01448359 -0.08424131  0.91758995
 -1.47215548 -1.11667976 -0.71697059 -0.45352447  0.60538092 -0.02136383
  0.06591609  0.75257617 -0.49052435 -0.00322717 -1.47637532  1.53828377
  0.80649931 -2.24493351 -0.68964774]
[ 1.         -1.83415794 -2.05091754  0.9739154   1.06219407 -0.53883304
  1.18441862  0.4701515   0.53318699 -0.44673204 -0.72788194 -0.37223986
  0.75065089 -0.977705   -0.57907686 -1.26949361 -0.78626242  0.14416573
 -0.37740318 -0.29522221 -0.94436125]
[ 1.         -1.45335847 -1.80310398  1.02928362  1.28200514 -0.23937759
  0.0414891  -0.16450794 -0.6979056  -0.22237837 -0.27383691  1.06738078
 -0.32924068  0.54547634  1.00435228  1.93840057  0.56318318 -1.72466771
  3.04468066  2.72567178 -0.29667391]
[ 1.         -1.81856964  1.09171138 -2.02667344  1.1432935   0.05108718
 -1.7610054  -0.06515451  2.63421801 -1.9675582  -0.58166692  2.75251231
 -2.06525059 -0.97283769  0.20340491 -0.26373074 -1.1300441   0.94524565
  0.30312296  0.26837051  0.90636419]
[  1.00000000e+00   7.27838115e-01  -1.55823404e+00  -1.61989906e+00
  -1.81857021e+00   3.05427457e+00   1.02291793e+00   3.03906845e+00
   1.50550348e+00   9.55067678e-01  -3.86207671e-01  -4.48235301e-01
  -1.75937925e-01   1.44925336e-02  -1.51936842e-03  -2.51502168e-01
   3.93072073e-01  -1.00056888e+00   9.46959869e-01   9.49748673e-01
   4.12193616e-01]
[ 1.          0.68371596  1.5420666   1.35044028  0.6808446   0.49412025
  0.31049183  0.4722364   1.25127511 -0.03970128  1.75551125 -0.67302169
  0.54367732 -0.38486111  0.77253517 -1.35136824  0.16451376 -0.14218943
 -1.15405476  2.77351455  0.3237681 ]
[ 1.         -0.36292187 -0.89072917  0.12588291 -0.47572521 -0.48903208
 -0.18527548 -0.14463355 -0.11865954  0.0726046  -0.61365706  0.01749675
 -0.14080751  1.91584128  0.8018651  -1.04637127  0.37577431  0.72317374
 -1.01639826 -0.32928969  0.24678117]
[ 1.          0.41518713 -0.32968104 -0.14422866 -1.42250036 -0.41161829
  0.39395628  0.42223298 -0.13541386 -1.49786613  0.1328225  -0.07476206
 -1.38407807  0.41745638 -0.96851516  0.86872074  1.08869686  0.9379533
  0.19250822 -0.55543873  0.31954564]
[ 1.          0.02415894  0.5585305   1.03317181 -0.10439515 -0.02624051
 -0.38652938  1.10887387 -1.28353904 -0.33879882 -0.65504124  0.23178619
 -0.51279346  0.07760749 -0.19298169  0.51049982 -0.98732671 -0.72496663
 -0.75043416 -0.23011718  0.77617584]
[ 1.         -0.74233909  0.87048456 -1.63464094 -0.46856883 -0.88179479
 -1.20681837  1.06828745  0.31390155  0.14859024  0.01663806 -2.65167812
  1.60546208  1.21859376 -0.93858406  0.91987888  1.66517921 -0.9268917
  0.94270307  0.00573482 -1.62698392]
[ 1.         -1.05010322 -0.20618069  0.62272551  0.12082559 -0.71574633
 -0.11340451  1.19688655 -1.20606502  0.16490646 -0.57227683 -0.4985539
  0.58377954 -0.52451374  0.00765902 -0.75442413 -0.33466288  0.97098772
 -1.67957941 -0.08511943  0.70957131]
[ 1.         -0.92493971  1.83062474 -0.42539133  1.46980133  2.09553441
  2.38301767 -1.47173755 -0.17978802  0.57526274 -0.02892276 -0.66531851
 -0.92294207  1.11269317 -0.39147534  0.44599998  1.55123669  0.55036897
 -0.07636504 -1.02655355  0.31764561]
[ 1.          0.21638376  0.54088919  0.16950031 -0.07952973 -1.0452303
  0.55813007  0.89005082  0.76280562  0.18128678  0.80406768  0.68679978
  0.44695556  1.50817178 -0.41625289  0.46155712 -0.37803558  0.90636951
 -0.48956431  0.94503746 -1.18875848]
[ 1.          0.41638603  1.07386364  0.42325341  0.78612373 -0.33327596
  0.91625521  0.74048065  0.51566401  0.69096456  1.43931021 -0.3061783
 -0.47197973  0.59569947  0.3732345  -0.3566266  -1.04519637  0.38634626
 -1.11507648  1.44998081 -0.21607646]
[ 1.         -1.71400711 -2.07320152  0.4091535   0.539827    0.10181271
  1.78202918  0.69203933  0.65899154 -0.27888825 -0.41291538 -1.33207565
  0.9861626  -1.7729768  -1.98713689 -2.82017229 -2.3874419   0.2519804
  0.82277436 -0.82810584 -1.56112292]
[  1.00000000e+00   1.07229919e-01  -1.58635256e-03   9.37012036e-01
  -1.06078736e+00  -7.13495166e-01   2.03242452e-01   1.41627252e+00
  -6.30532398e-01  -1.87645490e+00  -8.25851203e-01   3.59978101e-02
  -1.49886021e+00   9.02343067e-01  -1.78967980e+00   1.94505333e+00
   1.45776402e+00   3.29197985e-01  -2.93074574e-01  -1.44846569e+00
   1.98285002e+00]
[ 1.          0.15847645  0.33526136 -0.47561984 -0.63561291 -0.73319961
  0.18235927  0.25937322  0.49419133 -0.79531749  0.5050099   0.80489433
  1.7577443   1.86390189 -0.34496809  0.64689537  0.4386376   0.68338646
  0.10703763  0.81556134 -2.59663256]
[ 1.         -1.46441085 -0.14571952 -0.79731684  0.79504137  1.08251126
  0.46734563 -1.01700497 -0.22147242 -0.79852524  0.16150644  1.72455896
  0.60407047 -0.01281265 -0.16217694  0.73120681 -0.01143737 -0.01768313
 -0.62971054  0.57694186  0.53466713]
[ 1.          0.54536402 -2.47101939 -2.24789546 -2.79168728  6.20608528
  2.06777272  6.39920121  4.12792018  2.68615442 -2.15868718 -0.69412972
  2.09258798 -2.80089632  6.8374174   6.919629   -0.8513523   2.45156817
 -0.19249245 -2.33908483 -0.05744023]
[ 1.         -0.88753275  0.09554934  0.01915997 -0.37500612 -0.01134019
 -0.00762053  1.15193276 -0.29881761  0.01717387 -0.15729727 -0.61315625
  1.57358366 -0.83797925  2.65039055 -0.37512275 -0.49902352  3.3371213
 -3.74374842 -0.21215626 -0.83283574]
[ 1.          0.84969271  0.28564494  0.59952387  0.71958219  0.1182188
 -0.21411031  0.90364504 -0.61131307  0.16994111  0.37787378 -0.37877126
 -1.12133823  0.42413448 -0.27153208  0.58988929 -1.97176276 -0.28397463
 -2.17049395  1.26262084  0.73844873]
[ 1.          2.46367642 -0.71167078 -1.18656907  1.68722635 -0.44848722
 -0.01330755 -0.5252417  -0.79577117  0.16201581 -2.39066414 -0.21589491
 -0.36874861 -1.10298763 -0.12229038 -0.22011154  0.41840579  0.36492877
 -0.45551748  0.76016593 -0.63707999]
[ 1.         -1.15488707 -0.01621993 -0.48108237 -0.17011356 -0.5290757
 -0.82758074  0.6068495  -0.94924398  0.34087818 -0.34946329 -1.18674274
  1.35996015  0.32541682  0.66513348 -1.00089546  0.47425161  1.3353714
 -2.1527946  -0.3494117   0.49099486]
[ 1.          1.52096782 -0.76622019 -0.06153251  0.93232506  0.51352202
 -0.7604204   0.04733073 -0.26953046  0.07647302  0.12132377 -0.60329439
 -0.95114165  0.124743   -0.51530052  0.63730566 -1.01043905 -0.00382766
 -1.28625197  0.68364133  0.35131254]
[ 1.          0.15611921 -0.19287444 -0.27052819 -2.34032924 -0.71770297
  0.72587916 -0.37256327 -0.9972067  -1.77410035  1.21347053 -0.66591063
 -3.05793255 -0.32217353  1.19093129  0.17795992  0.74151402  2.76030197
  0.63374284  0.76474832 -1.45232631]
[ 1.         -1.2190361  -2.13422816  1.38440667  0.95269392 -1.06142793
  0.60768187  0.10656827  0.91249955 -0.11488977 -0.31491413 -0.45112814
 -0.4504427   0.29864068  0.28927718  0.09617218  0.78965102 -0.64873283
  0.71510047  0.01485235 -0.35341798]
[ 1.          0.18988407  2.00901562  1.35783462 -0.02166872  0.4415483
  0.72621509  1.54146638 -1.7145153  -1.97640677 -1.05314035  0.20561606
 -1.54222916 -0.72657098  2.34082141 -1.03307378 -2.49923192 -5.38602958
  0.76145301 -5.51838143 -2.47284968]
[ 1.         -2.05959792 -1.4579919   0.1588051   1.26914827  0.34388582
  1.19780251 -0.36048005  0.26118815 -0.97115615 -0.49621681  1.06114743
  1.15333883 -0.89525999 -0.6916137  -0.58629574 -0.80511874  0.13135053
 -1.03056717  0.26884274 -0.50985719]
[ 1.         -1.32045279  0.36051627 -0.58435098  0.31540314 -0.59847352
 -1.21140227  1.25818308 -2.57509917  1.04657292  0.43318073 -0.863719
  1.2046048  -1.25462566  0.42627304 -0.22345217  1.29727785  0.56254064
  0.20752546  0.09547645  1.54611092]
[ 1.         -0.08379757 -0.44123304 -0.25213656 -2.06817675 -0.71288514
  0.35162181 -1.49643038 -0.19761276 -0.25348576  0.60280657 -0.02450122
 -1.36091913 -0.44780025  1.81219503 -0.53276279  0.71059369  0.39830667
 -0.68925751  0.52118558 -0.22105312]
[ 1.          0.33460126 -0.52339572 -0.87232431 -1.25442098  0.06289442
  0.28178073 -0.73016449 -0.35458699 -0.92602094  0.98848771 -0.50665691
  0.2145245  -0.25752018 -0.76254994 -0.35856465 -0.96907976  0.40551399
  0.75356947 -0.69619704  0.20701558]
[ 1.          0.13176849  1.06987945  1.27441366 -0.99532461  0.08334979
 -0.69721396 -0.45761628  0.97039713  1.18708214 -1.15330454  1.16471345
  0.79791294 -0.78494515 -1.09167033  0.0548246  -0.35789911  0.21610019
  0.59875189  0.33653759 -0.00788762]
[ 1.          0.67078708 -2.10083493 -1.47047592 -2.11485656  3.88539483
  0.33412939  3.57638603  1.43698144  1.87630742 -1.53797202  0.51055966
 -0.43117668  4.94431274  2.13292051 -5.80367513  1.09684006 -1.27924701
  2.7175883   1.65818014  3.71103843]
[ 1.          0.00273201  0.92590913  0.00206875 -0.13608493 -0.41504726
  0.14234608  0.17667958  0.74323241 -0.37937608  0.14979521  1.19846957
  0.05352745  0.290137    0.20406457 -0.11019523 -0.46216767  0.54802563
  0.06811671 -0.07314517 -0.97524015]
[ 1.         -0.44378404 -0.85938132  1.13249152 -0.57277509 -1.13257795
  0.40967153  0.93413238  0.02617545 -0.94406785 -0.96786225 -0.12553256
 -1.4747363   1.12699516 -1.40701235  1.43948072  1.38876942  0.64931749
 -0.43075794 -1.13891534  1.55220891]
[ 1.         -2.63772161  1.85908533 -3.52305306  1.10869665 -1.02144617
 -4.31285356  1.00348124  3.08022665 -1.05015853 -1.56156214 -2.22101052
 -2.25942802 -0.40271759  0.28526639 -0.51486111 -0.34851426 -0.69797814
  0.13271753  0.50650055 -0.02597335]
[ 1.         -1.11929309 -0.68392478  0.20114036  0.93364054  0.7090315
 -0.53902832 -0.326732   -1.79613444 -0.16675983 -0.01874194  1.71254458
  0.05749094  0.32664414  0.80511544  1.9146483  -0.20226117 -1.08761085
  2.2185842   2.48743618  0.07882305]
[ 1.          0.56680046  0.24468494 -0.53833599 -1.00601346 -0.5128579
  0.31111689  0.8387761   0.65084694 -0.84076628  0.22653791 -0.16240426
  1.17609887  0.80921006 -1.02858313  0.87830448  0.78209237 -0.03805614
  1.38107686  0.40815389 -0.62301807]
[ 1.          0.52983229 -0.53904179  0.33832959  0.33869956  1.03878308
 -1.57921956 -0.44983549 -0.89788503  0.35678849 -0.02632125  1.12009713
  0.10245633  0.87175848  0.00806898  0.01863169 -0.56853361  0.09527461
  0.15038879 -0.52130971 -1.00402114]
[ 1.          1.15878853 -0.79914447 -0.50529484  0.01162953 -0.10573608
 -0.29380412 -0.62529413 -0.51759057 -0.67478457 -0.51008026 -0.51820474
 -0.38600467  0.63668658 -0.26428182 -0.09007263 -0.76002413  1.30039432
 -0.05858695 -0.87314311  0.38420097]
[ 1.          0.35308002  1.71614412  0.39934657  1.06875204  0.82800975
  1.40678313 -0.32423128  0.2688136  -0.39544345 -0.28366834 -0.41862898
 -0.20684912  0.14655747  0.89345939 -0.80091242  0.6743227  -0.46357034
 -0.27362008 -0.66369567  0.01240351]
[ 1.         -0.37350812 -0.64594808 -1.21454245 -1.20627853  0.7437028
  0.54412384 -0.71296849 -0.62870175 -0.58612272  1.47777242 -0.46549068
  1.05728957 -1.42132675 -1.5449251  -1.27446218 -1.46397758 -0.18541877
  0.46033437 -0.35194804  1.6066273 ]
[ 1.         -1.4388591   1.26037088 -0.76529493  1.60336961  2.36362679
  2.22459074 -1.87321618 -0.30379294 -0.02492614  0.08772549  0.60469886
 -0.45099126  1.09601238 -0.53514395  1.0874437   1.71184248  0.60640779
 -0.64962805 -0.72681841  0.90113598]
[ 1.         -1.51421757  1.01784466 -1.81168733  0.1765635  -0.70297338
 -1.75738691  0.6402348  -0.14766697  0.83124525 -0.16057996 -2.71790439
  0.76591648  0.61164836 -0.10763986  0.16798158  0.91235181 -0.80628346
 -0.27261128 -0.31695897 -0.83593913]
[  1.          -0.05864802  -2.54700341  -1.89076287  -2.45766951
   6.59805457   2.18106977   6.62843024   4.71667347   2.99098057
  -2.88256447  -0.36224093   3.65717081  -4.39115642  10.17405172
  10.27074906  -1.86391938   5.08254903  -1.88084893  -4.57781459
  -0.77966468]
[ 1.          1.08238827 -1.13713484  1.56133834  1.43799871  1.34365055
 -2.06260118 -0.82267523  1.08325625 -0.56337504  1.89270563 -2.23142391
 -0.46968075 -0.17315494  0.04892021  0.78913836  0.48619078  0.60973716
  0.3310408  -0.50994358  0.45107744]
[ 1.          1.5315721  -0.128698   -1.17652232  0.64393677 -1.58364244
  0.72402407 -0.27899697  0.54620597  0.38348399  0.0718757  -0.06675389
  0.95941851  0.22437872  0.29489552  0.84585109 -0.826039   -1.02049054
  0.79027128 -0.20831703  1.36801011]
[ 1.          0.39402911  1.22951133  1.37778543 -0.71922978  0.23276277
 -0.47420513  0.40056226  0.58973117 -0.27128139 -0.62306651  0.56195565
  1.06722067 -0.79179239 -0.72097511 -0.15654412  0.26511173 -0.55396876
  0.47944893  0.72561248  0.29780244]
[ 1.          0.67170012  1.31409105  1.59011776  0.24021489  0.96843798
 -0.42077477 -0.06090647  1.08731132 -0.67947456  0.71498155 -0.49324966
  1.04471678 -0.96653559  0.46792118 -1.02660773  1.11655033 -0.49026224
 -0.05019523  1.13357073  0.48000658]
[  1.00000000e+00   8.80876907e-01  -8.01222693e-01   9.51048223e-01
   4.98433344e-01   1.48460923e+00  -2.33946006e+00  -1.22594958e+00
  -8.74558050e-02   1.81516722e-03   1.06792785e+00  -2.15715486e-01
   2.37541862e-01   3.90965205e-01  -1.19699487e-01   3.71783391e-01
  -7.61343329e-01   1.25910135e+00   7.50842702e-01  -2.01050415e+00
  -7.61846536e-01]
[ 1.         -0.68729647  1.35832249  0.57248567 -0.86875498  0.19154955
  0.48985599 -1.0765477   0.60643757  3.69737291 -1.54120251 -1.11820052
 -1.12701514 -0.08080775 -2.26859     0.47377086 -1.10219539  1.04751909
  1.45319715  0.2422565  -0.41576117]
[ 1.          0.95551048  0.48643542 -0.47211237  1.0777764  -1.83604185
  1.03923991  0.89755084  1.08600744  1.36909973  2.3244973   1.33890864
  0.09015833  0.37980014  0.50926906  0.12188602 -0.95831552 -0.07341863
  0.71109105 -0.73091209  0.68079435]
[ 1.         -0.1338181   0.7704885   0.50843493 -0.4524876  -0.51321111
  0.43693146  0.69729487 -0.23826632 -0.558101    0.60733885 -0.1127932
 -0.14281621 -0.43014023  1.18745715 -0.9334172  -0.47533363  1.45752936
 -1.33372397  0.96322585 -0.92623825]
[ 1.         -1.0655344  -1.13887325 -0.06870769 -0.11715378  1.92931003
  0.60111223  1.27791712  1.25130179  0.5414562  -1.02540683  0.60192594
  2.26655815 -2.03136663  3.38360076  2.71043253 -1.13850379  2.75833978
 -2.14425854 -1.74440911 -0.86808736]
[ 1.          1.84152049 -1.02210742 -1.03966523  1.23932811  0.54775831
 -0.87283948  0.52553346 -1.25296546  1.43383935 -0.73237917  1.77536142
 -1.38413456 -1.66884111 -1.47552529 -0.94306531  2.62943086 -0.59672034
 -1.36049958  0.09603465 -3.66356346]
[ 1.          1.64984981  0.90243115 -0.60841237  1.6834965  -0.17679959
  1.48191562 -0.88713811 -0.1029544  -0.58350741 -2.33941209 -0.80376152
  0.31841177 -0.46537311  1.41207368 -0.9667104   0.66072187  0.10504954
  0.48872363 -0.41057754  0.62165554]
[ 1.         -0.75021101  0.89144297 -0.0308813  -0.51535634  0.14296769
  0.43209009  0.17620327 -2.31757359  0.55174694  0.52825097 -1.14864161
 -2.05603291 -0.46884418  1.34185046  0.47148585 -1.40390438  0.18189321
  2.59289552  1.0879734  -1.59722231]
[ 1.          0.26569206  0.10148878  0.8895065  -0.36256771  0.83131006
 -1.39019693 -0.96471024  0.1695083   0.71850493 -0.02986752  0.84829002
  0.93453407 -0.50861699  0.14891829 -0.09895555 -0.12674572  0.32643193
  0.18132194 -0.53003669 -0.23817926]
[ 1.         -0.17546338 -0.7624325  -1.36430024 -1.26933076  0.63109262
  0.57352458 -1.1892474  -0.24537998 -0.6476166   1.40697599  0.35615845
  0.12015839 -0.99637971 -0.77545235 -0.18210756 -0.60499807 -1.66408233
 -1.09644888  0.35481893  1.58679928]
[ 1.         -0.07608172 -2.09901578  1.92616579  1.62697902  0.21159452
 -1.05000073 -0.52983361  1.53401265 -0.53682073  1.31687978 -2.24398675
 -0.78028365  0.10687047  0.307674    0.85052332  1.24065908 -0.0309021
  1.0781834  -0.53796546  0.11253098]
[ 1.         -0.90534976  0.2577409  -0.91161034  1.03884218 -1.31313656
 -1.35814648  2.23390935 -3.1806455   2.61181615  2.01440044  0.50255872
  0.98139179 -2.79112154  0.32234667 -1.18180047  3.98140471  1.34863462
  0.81730386 -1.96949501  2.16865192]
[ 1.          0.31770001  1.7118709   1.23596868  0.13437175  0.4726439
  0.62471591  1.00094603 -0.83209234 -1.5326483  -0.82570815  0.02831524
 -0.4703837  -0.44693789  1.22283878 -0.82555996 -0.62304098 -2.92485045
 -0.21407801 -2.65823958 -0.59580889]
[ 1.         -0.39546784  0.03879088  0.95797921 -0.60416047 -0.85285732
 -0.04560447  0.65144882 -0.24245224  0.62967406 -1.14536911  0.21703027
 -0.4032199   0.93967814 -0.84257142  0.31369917 -0.27396313  0.92210502
 -1.3675012  -0.26694279  0.96172591]
[ 1.         -2.79897467  1.92417428 -3.68154632  1.52935735 -0.73316258
 -4.43466891  0.73203732  4.40893534 -2.33869136 -1.81820791  0.21386194
 -3.67603733 -1.17202571  0.45067013 -0.75764642 -1.39786034  0.15506721
  0.44049032  0.85067237  0.90863404]
[ 1.         -0.85829776  1.35850125 -0.43206071  0.26008474  0.76377823
  1.07655114 -0.36848619 -0.24960814  1.83839817  0.11184278 -1.98349172
 -1.07056721  0.45488734 -0.93917919  0.02317937 -0.53111603  0.58060836
  1.20746593  0.13691273 -0.9165394 ]
[  1.00000000e+00   1.05037089e+00   4.89475061e-01  -7.12970673e-01
   1.03918358e+00  -2.12839035e+00   1.38298918e+00   1.50847832e+00
   1.48315930e+00   1.68838957e+00   3.57362862e+00   2.15980850e+00
  -3.76980069e-01   2.30506839e-01   2.83938895e-01   3.33197693e-03
  -1.68434189e+00  -3.02706169e-01   2.14991808e+00  -2.31120299e+00
   1.02362047e+00]
[ 1.         -0.22027939 -0.40698281  0.5239633  -1.71510207 -0.86554907
 -0.2212133  -2.16785544  0.86255791  1.75850979 -0.42776051  0.26169292
 -0.67336388 -0.8216902   1.35193282  0.17303811  0.66466736 -1.33035943
 -0.63420938 -0.39159995  0.44694702]
[ 1.          0.2668565  -0.31700617 -1.2428416  -0.83215602 -0.89338027
  0.06294438 -1.32654713  0.33621961  0.44146472  0.68995733 -0.42706991
  0.98860154  0.14927433  0.21099387  0.6764224  -0.54827397 -2.49245983
 -0.62032741 -0.89769003  0.87014169]
[ 1.          2.26934607 -0.28004995 -1.30262141  1.40270207 -1.04597918
  0.68173882 -0.87553669 -0.39213534 -0.34564124 -2.50761311 -0.54414767
  0.56980884 -0.66707447  0.65570056 -0.21963128  0.01480305  0.55312703
  0.73049336  0.26827529  0.54605243]
[ 1.         -1.88455005  1.23477635 -2.66824872  1.74506755 -0.31861726
 -2.36509797  0.6211163   3.77585643 -2.20016528  0.27234147  5.89508038
 -4.20712459 -2.87114326 -0.05933496 -1.45310065 -0.71843526  2.59362289
  2.06072044 -2.5023215   2.24940503]
[  1.00000000e+00  -1.18832864e-01   1.56982204e-03  -2.59851175e-01
  -1.97397701e+00  -5.81856468e-01   6.05384677e-01  -8.24173809e-01
  -1.08236916e+00  -8.11102064e-01   1.23985418e+00  -6.73792795e-01
  -2.15684572e+00  -6.92799795e-01   2.01859579e+00  -5.61351681e-01
  -2.16625806e-01   1.77639693e+00   4.03143285e-01   1.12169577e+00
  -1.49091733e+00]
[ 1.          1.55391752 -0.45915657 -0.60211307  1.19143953 -1.26343726
  0.37529861  0.23378697  0.58062664  0.76906233  0.91966075 -0.07296668
  0.01004788  0.53579668 -0.00355728  1.18375193 -1.50816397 -0.79508356
 -0.22170047  0.45852379  1.50458664]
[ 1.          0.55111902 -1.23795613  0.0744305  -0.28050196  2.10922081
 -1.87555958  0.4166718  -0.80118995  1.20470318 -1.00210718  1.98720391
 -0.10386534  5.0830806   1.78515883 -4.57506346 -0.16877091  0.00546958
  1.52649257 -0.3275501   1.23322886]
[ 1.          0.66426669 -0.17567544 -0.96287363  1.81895912 -1.68251742
 -0.34125099  2.14135507 -0.88331117  3.09083301  3.05990781  3.04039529
 -0.89224671 -2.4130355  -0.4109085  -1.54544874  3.79937142  0.95757485
  0.83762072 -3.28051599 -0.31980833]
[ 1.         -0.19316647 -0.54421224  0.20216972 -2.55987192 -1.12920946
  0.07331825 -2.71326349  0.55015528  1.26287315  0.10366803  0.20911152
 -1.69674134 -1.1227463   2.87100422 -0.31133734  1.33715472 -1.006359
 -1.36437327  0.09231088  0.28298652]
[ 1.         -0.80889749  0.01016389 -0.5778699  -0.2318784   0.31271322
 -0.48267964 -0.31983681 -1.12204492 -0.13504302  0.5091707   0.31523773
  1.7606285  -0.92963301 -0.07745793 -0.49996148  0.29531628  0.84786791
 -0.20397429  0.10882645  1.16311084]
[ 1.         -0.7473213   0.30267361 -1.57716399 -0.28820146 -0.73239872
 -1.07022609 -0.55263549  0.07287226  0.50814936  0.35593507 -1.14803518
  1.70168185  1.64044012  0.19684508  0.79810345  0.30695049 -2.28726086
 -1.41043421 -1.04376388 -1.48584658]
[ 1.          0.47399694  0.47160542  0.56322153 -1.36816348 -0.51503129
  0.34179264  1.26291976  0.04177429 -2.33566415 -0.30807113 -0.01569682
 -0.30867796  0.51786898 -1.56572745  1.35329095  2.07055525  0.17302033
  0.70435189 -0.8411605   0.85590084]
[ 1.         -0.47352655  0.50901205 -2.09059271  1.76641545 -1.1683348
 -1.30062165  2.1014709   1.85009434  0.57019602  2.72959078  6.23850355
 -3.90950858 -3.96111991 -0.8432266  -2.46556302  2.24755599  2.55762266
  3.38410247 -6.06539326  1.43714266]
[ 1.          1.05464417  0.31141426 -0.85382128  1.83674675 -2.53414579
  0.75643336  1.99100851  0.55253899  3.15947328  4.2957046   3.27651437
 -0.4616104  -1.13421123  0.31042667 -0.94289628  1.55150078  0.60819674
  1.56551038 -3.60840952  0.68342585]
[ 1.          0.28504808 -1.73627979 -0.45656512 -1.20096866  2.28809728
 -0.83065546  1.62270982  0.16547979  1.50762402 -1.66252828  1.32514746
 -0.35998279  6.64243896  2.74458806 -6.79290843  0.79271276 -0.16606587
  1.81277465  0.52274018  3.42113591]
[ 1.          1.07437246 -1.3321353  -1.3066002  -0.97296228  1.85901895
  0.32727493  1.41728623  0.29414939  0.27097631  0.26341557  0.1121564
 -1.43109094 -0.79207445 -1.58553649  0.01244068  0.92972047 -1.63679437
 -1.187575    1.32410318 -0.44413279]
[ 1.          0.42589841 -0.18568097  0.17966169  1.18271896 -1.61434976
  0.87263301  1.02617619  0.96559908  1.20727116  1.92727153  0.73986404
 -0.2792561   0.68619807  0.19649243  0.22342557 -0.37478444  0.08319024
 -0.00508042  0.27287982  0.01651218]
[ 1.         -0.29465566  0.8014937   1.17244894 -1.39824514 -0.3967959
 -0.27587857 -1.04144977  0.93868477  2.77341442 -1.81202133  0.43690442
 -0.32181274 -0.46951482 -1.49642448  0.43739581 -0.59524773  0.48455469
  0.27781513  0.09135026  0.42409094]
[ 1.          1.09028766  0.1160384   2.05993549  1.13948697  1.64598925
 -1.77034133 -0.64771107  1.66749837 -0.97977941  2.15631368 -2.26777327
  0.4894388  -0.99481971  0.47283294 -0.22954927  1.56173748  0.11681851
  0.28953836  0.67577206  1.02071946]
[ 1.          0.45946297  1.30591454  1.15340961 -0.65451597  0.11485008
  0.10357198  0.68949493  0.25246755 -1.61595659 -0.16118099  0.11755517
  0.82044257 -0.7471303   0.21067582 -0.67186198  0.90655945 -0.65326518
  0.20535008  0.06613634 -0.20916445]
[ 1.         -0.92024322 -1.67886261  1.27029903 -0.44431285 -1.37783226
  0.29987011 -1.44489493  1.36521476  1.23537245 -0.6107196  -0.18201278
 -0.94518523 -0.41629371  1.46013365  0.25438679  1.42126499 -1.93371565
  0.14035538 -0.38881819  0.06677642]
