Cluster centers 

[-1.82245676 -0.82681754  1.94105646 -0.48536407]
[ 1.11563085 -0.24248426 -0.7984125  -0.37512445]
[-0.51126973  0.93871326 -0.08135281  1.04295812]
[-1.13246484  0.40603609 -0.8155432  -1.23286002]
[-0.01765762 -1.8433318   1.0061809   0.29577873]
[-0.30035222  1.05307448  0.37179602 -1.28610461]
[-0.83174659  0.30169896  1.03773583  2.91207515]
[ 1.12606182 -0.67892732  0.62381198 -0.2029663 ]
[-0.25208834 -0.48230095 -2.28441936  0.15302228]
[ 0.48997727  1.65973366  0.54087063  0.50557777]
[ 1.04226983 -0.33262017 -0.79595172  2.15708872]
[-0.24282842  1.25024039 -0.23375439  0.22296025]
[ 0.62304757 -0.30454589 -1.59812068 -0.19980988]
[-0.55079418 -1.39743432 -0.94426344 -0.47970089]
[-1.95819494 -1.59551879 -1.21453905 -0.77457622]
[-3.20513429 -2.28914422  1.02295118 -0.05014928]
[ 0.21325309 -1.3589411   0.20322479 -0.13386908]
[ 1.96203777  0.33324876 -0.1604041  -0.2677989 ]
[-0.30211213  0.77467658  1.26566899 -1.19665084]
[ 0.681664   -1.19891537  0.97464599  0.04409803]
[ 0.19738572  1.24523648  0.94432673  1.67458076]
[-0.34898362  1.214433   -0.4906395  -0.7152795 ]
[-0.85403512 -0.85974636 -2.16510761  1.48115291]
[ 0.61871901  1.81743328  0.44610154 -0.34099687]
[-1.35642718  0.07190902 -0.1909679   2.15118615]
[-1.01098944  0.39509651  0.19813166 -1.29284383]
[ 0.82353678 -0.91355216  0.22659961  3.82971717]
[-1.3679546   0.11955435 -1.43882675  0.77066082]
[-2.1752027  -0.98913905  0.8806667  -0.74685609]
[ 1.03773103 -0.70884432  0.42953753 -0.23691387]
[ 0.78047909 -0.66317497 -0.39946116 -0.39691551]
[-0.72477442  0.8805689  -0.81262114 -0.92784466]
[-1.19256881 -1.12146994 -1.77778348 -0.81126993]
[-0.35264949  1.00370437  0.23172151  1.28914449]
[ 1.47033426  0.13431504 -1.08440031  0.7537139 ]
[ 0.5672203  -0.52994324 -1.16226505 -0.44875222]
[ 0.23925042  1.59621241  0.18429302 -0.88869063]
[ 1.08161679 -0.04725704 -1.41803299  0.15532766]
[ 1.54273526 -0.1467238   0.1343769  -0.3602281 ]
[ 1.19506738  1.76833395  1.61568688 -1.11835804]
[-0.8707295   0.5267192   0.10612667  1.83746097]
[ 1.08605061 -0.84575214  1.12335949 -0.03486799]
[-1.69829782 -0.55126488  1.31653583 -0.80232636]
[ 0.120456   -0.76880878 -1.33164708 -0.52801396]
[ 0.81783229 -1.23689901  1.64216895  0.25798526]
[-1.77092148 -0.40606251 -0.42389798 -1.20691292]
[ 0.34860279 -0.48167872 -1.7179116   1.30699712]
[ 0.25671802  1.38112941  0.87914785 -1.24535696]
[-2.07249832 -0.77160442 -0.24907148  3.08974757]
[ 0.78267637 -0.96187011  0.49413013 -0.15875972]
[-1.02699267  0.55182338 -0.99816128  0.56393862]
[ 0.4750459  -1.02639147 -0.10304395 -0.29138575]
[-0.53476163  1.01860412 -0.43749678 -1.10854421]
[-0.97820647  0.62957663 -1.31893924 -0.5551524 ]
[ 1.6611388  -0.28944261  1.38674721 -0.15594921]
[-0.32565132  0.84357557  0.79883189  2.06907801]
[ 0.39302361 -1.63780255  1.56650883  0.40485618]
[ 2.75013856  1.0672225   0.54103652 -0.17046635]
[-0.40091634 -1.03359273 -1.63766386  2.31138318]
[-0.59447793  0.39691396  1.61784721 -1.03180006]
[-0.44227804 -1.89400841  0.23820216  0.03644234]
[ 1.17643954 -0.45292682  0.00398648 -0.35070825]
[-0.66894474  0.82834112 -0.17558817 -1.27943621]
[ 0.66490435 -0.22960932 -1.74634879  0.45270194]
[ 0.32539363 -0.94778963 -0.60188029 -0.41712477]
[-1.45474364 -0.7849382   2.87841917 -0.15261702]
[-0.29905992  1.15808612 -0.10706388  0.62130334]
[-0.83147007  0.71218116 -0.55272622  0.85874651]
[ 2.31429018  0.70865808 -0.29621481  0.43557208]
[ 1.46248281 -0.32930612  0.53893292 -0.29225323]
[-2.06867571 -0.79460501 -0.10463624 -1.04641155]
[-0.84743911 -0.6175461  -2.39888796  0.68227201]
[-0.7341106   0.53118515  0.78712234 -1.24412018]
[-1.13953789 -0.11704143  1.7150648  -0.84757892]
[ 0.24108819 -1.54786502  0.80466037  0.11435595]
[-1.35284797 -0.44447966 -2.18460767 -0.85920213]
[-0.00510089  1.24778961  0.47475791  1.17564412]
[-1.06287711  0.12448622  0.9064398   3.00152069]
[-2.10445104 -2.04156533 -0.87781096 -0.50611727]
[-0.86148717  0.61400482 -0.23192105  1.3807223 ]
[-0.35904587  1.19731444 -0.47848727 -0.15050376]
[-0.61784406  0.9305163  -0.49505527  0.52754251]
[-1.4024298   0.04012639 -0.26631377 -1.28485098]
[-0.02150284 -0.50948219 -2.00993636 -0.34968063]
[ 0.90143485 -0.34283876 -0.99814915 -0.3819894 ]
[ -4.09306607e-04  -1.43721031e+00  -3.54912160e-02  -1.85281652e-01]
[-2.58998502 -1.48470077  0.98699826 -0.4886394 ]
[-0.8653039  -1.27501209 -1.42724545 -0.65483521]
[-1.70230801 -0.38285301  0.38529496 -1.09458471]
[-1.26110501  0.24392862 -1.46215275 -1.05769077]
[-0.27518528  1.12076675  0.09921689  0.95250441]
[ 0.02535308  1.40541838  0.10745791  0.40658961]
[ 0.11965339  0.95061837  1.7197098  -1.12114954]
[ 1.69332824  0.27208295 -0.86976445  0.102471  ]
[-0.78622141  0.40586181  0.84591929  2.63759449]
[-0.3118808   0.92119734  0.78808095 -1.28161971]
[ 0.49889232  1.44796273  1.0528325   1.49509279]
[ 1.48651943 -0.06625645 -0.34781118 -0.36039439]
[-0.1775331   1.29841911 -0.10524779 -1.04623915]
[ 0.22454225  1.61233343  0.07496394 -0.56765391]

Populations

0.00367549567768
0.00623301326067
0.0218418466697
0.0226215552475
0.00675118128632
0.0112715807326
0.0249414362174
0.0137591426075
0.0129232048692
0.0128707983903
0.00768703663821
0.017621596523
0.00296615718876
0.00812494753173
0.00463772847888
0.00851374478885
0.00434826242478
0.0262714858724
0.00542269930912
0.00708564038995
0.00731659213738
0.0128951784527
0.00268558918281
0.0173739896634
0.00367708309369
0.006175696545
0.00803190968111
0.0120900995313
0.00718283571953
0.00961483635837
0.00407494479577
0.0165293173694
0.00501818913002
0.0157357135619
0.0150558019307
0.0138196275836
0.0151271826821
0.00448587551293
0.0150648114153
0.0203901404992
0.0116010235688
0.0163740456499
0.0126915300854
0.0034786880616
0.00736014282243
0.0079027561162
0.00249718309864
0.0268523379833
0.00992158925008
0.0241131827716
0.0115158615915
0.0099904284009
0.0115566072884
0.0121758867464
0.0133852142507
0.00415356940098
0.00399976167298
0.0136261204341
0.00395250889212
0.0183072836349
0.0141959557079
0.00738840356454
0.0209864659801
0.00424820387206
0.00686132615981
0.00680582634267
0.00477950002188
0.0286881944661
0.0039849780699
0.00986973188495
0.00306342992092
0.0260895745378
0.0126141462335
0.00281017028807
0.0119837987258
0.019430064047
0.014551759363
0.00460483091485
0.00404873773389
0.01597854534
0.0120486543957
0.00937577070199
0.00333606024417
0.00992761952595
0.01107832846
0.00377581173066
0.00392493464021
0.00285359411032
0.0161713649694
0.00446641638702
0.00882696649398
0.0133096355196
0.0105515089751

State labels

0
1
2
3
4
5
7
8
9
10
11
12
14
15
16
17
18
19
20
21
22
23
24
25
26
27
28
29
30
31
32
33
34
35
36
37
38
39
40
41
42
43
44
45
46
47
48
49
50
51
52
53
54
55
56
57
58
59
60
61
62
63
64
65
66
67
68
69
70
72
73
74
76
77
79
80
81
82
83
84
85
87
89
90
91
92
93
94
95
96
97
98
99

Eigen values

1.0
0.766674835673
0.747488827887
0.711669613529
0.690835208998
0.677517976783
0.658061050549
0.639356128842
0.621823055757
0.588211483697
0.565894738301
0.558907440858
0.54644852914
0.538012048428
0.519917903004
0.510224162181
0.453783911917
0.445122789932
0.429796032512
0.423810681796
0.41530257364

Left eigenvectors

[ 0.0036755   0.00455451 -0.00142834  0.00483954 -0.00057778 -0.00508748
  0.00814621 -0.00376976  0.003355    0.01840663 -0.01505227 -0.00356253
  0.00181782  0.01052081  0.00680077  0.00180958  0.00133403 -0.0036475
 -0.00127479  0.00453501  0.00816355]
[  6.23301326e-03  -1.01244038e-03  -3.76999258e-03  -4.70986769e-04
  -3.13571151e-03  -7.69323619e-05   2.90677022e-03  -1.17600714e-02
  -3.97261655e-03  -2.09441442e-03  -7.20586759e-03  -1.85650769e-03
   1.50226769e-02  -7.57116090e-03  -1.16886009e-02   1.16540076e-02
  -5.60781499e-03   4.87099513e-03  -1.43675751e-03  -1.78489825e-03
  -8.56895904e-03]
[ 0.02184185  0.00485419  0.01562892  0.00769004  0.00619228 -0.02288852
  0.00455937  0.00028898  0.0163675  -0.01612167  0.01529472 -0.0101471
 -0.01174215 -0.0002707  -0.00472125 -0.0197095  -0.00411164  0.00481281
  0.01181195  0.03562938 -0.01917618]
[ 0.02262156  0.00197045  0.00768058 -0.03014147 -0.01536339  0.01079826
 -0.02506991  0.03484061  0.0020506   0.02123008  0.00475078  0.01989221
  0.02572625  0.00096909  0.00431101 -0.00412304 -0.02967938 -0.02694955
  0.00612088 -0.00020122  0.0188983 ]
[ 0.00675118 -0.01117646  0.0001145  -0.00193751 -0.01372687  0.00654894
  0.00605275 -0.00400718  0.00996731 -0.00895277  0.00240367 -0.03083614
  0.01496377  0.00093513  0.00132236  0.00609315  0.00882775 -0.00160401
  0.01793218 -0.00739711  0.0028957 ]
[ 0.01127158 -0.00058419  0.00581981  0.01472425 -0.0071143  -0.00362333
 -0.00032936  0.0065424  -0.0030759  -0.00259043  0.00850835 -0.00514001
 -0.00564698  0.00552735  0.0118342   0.0032747  -0.00501206 -0.00581004
 -0.01011074  0.02381198 -0.00965028]
[ 0.02494144 -0.01967507  0.00491917 -0.03888954 -0.03471664 -0.01181876
 -0.00852219 -0.02838227 -0.02059741  0.02220451 -0.00076934 -0.00465269
 -0.0578357  -0.01143723 -0.00739206  0.01333081  0.01121467  0.01074601
 -0.00115576 -0.01258613  0.00158059]
[ 0.01375914  0.00204776 -0.00067828 -0.00719238  0.01415464  0.01595645
  0.00408179 -0.01179366 -0.01049064 -0.0078113  -0.00010214  0.00561128
 -0.00232072  0.00801202 -0.0169278  -0.00511635  0.00503421  0.03394156
 -0.00108767  0.03151587  0.02341224]
[ 0.0129232  -0.00744318  0.00953598 -0.01605897 -0.0125026  -0.00886428
 -0.01146483  0.00890521  0.00887507  0.00290137  0.00957828 -0.00254987
  0.0148809   0.00804715  0.01556516 -0.00080439  0.00641188  0.01558909
 -0.01136314 -0.00331397 -0.00612825]
[ 0.0128708   0.00805718  0.00181134 -0.00333486 -0.00212426 -0.00367791
  0.00393391  0.01325857 -0.00899575 -0.01248293 -0.00490634  0.00056107
  0.00384162 -0.0105308  -0.00701759 -0.02236223 -0.01112158 -0.00784947
 -0.0100353  -0.02190461  0.02335365]
[ 0.00768704  0.00646828 -0.00251203 -0.00349348  0.00097086  0.01555916
  0.00564353  0.00504668 -0.00457472 -0.0037227  -0.00541193 -0.00273895
 -0.00188533 -0.00624324  0.00092502 -0.01626477 -0.00136741  0.01009137
  0.00187021  0.00676554  0.01173053]
[ 0.0176216  -0.00201671  0.01264399 -0.0119614  -0.00281495 -0.0195024
 -0.00101711 -0.00978087 -0.00059201 -0.02160329 -0.01176712 -0.00573284
 -0.00679772 -0.00263899  0.04203854 -0.01803538 -0.01111607  0.01296762
  0.0053583  -0.00782789 -0.0008239 ]
[ 0.00296616 -0.00748022  0.00146218  0.00550122 -0.00481562  0.00780607
  0.0015338  -0.00334659 -0.00177975 -0.00191923  0.00739492 -0.01371417
  0.00503344  0.00916182  0.00335522 -0.0038055   0.0019664  -0.00889644
 -0.00486363 -0.00349574  0.00251856]
[  8.12494753e-03   7.96013254e-03  -2.63190741e-03   2.07972842e-03
   2.87011880e-03   4.35552826e-03   3.13893256e-03   6.21610784e-03
  -1.35039514e-02  -6.64303456e-03   6.39415953e-03   3.11655152e-04
  -1.21804990e-03   8.95902683e-03  -5.01532766e-03   9.79226873e-03
   4.31314644e-05   7.71237271e-03   5.62185094e-03  -5.58396910e-03
  -2.73914483e-03]
[ 0.00463773  0.00245798  0.0036693   0.00016318  0.00269032 -0.00350663
  0.00080002  0.00168662  0.00076721 -0.00207483 -0.00933712 -0.00412721
  0.0031516  -0.00360583 -0.00947744 -0.00556468  0.00469363 -0.0020621
 -0.0133236  -0.01248598  0.00632465]
[  8.51374479e-03  -4.86896018e-05   8.73856198e-03  -9.15724686e-03
   4.06085089e-03  -6.87938779e-03  -6.49929579e-03  -1.59769709e-02
   4.44658105e-04  -1.66145479e-02  -7.40278606e-03   6.90616037e-03
   3.70484799e-03   2.57464518e-03   3.52997632e-02  -5.05292899e-03
  -9.57887470e-03   6.20855878e-03   6.96559219e-03  -5.92119875e-03
   1.71772890e-03]
[ 0.00434826 -0.01295579 -0.0097269  -0.00047262  0.00828114 -0.00248418
  0.00854688  0.00567484  0.00233848 -0.00252502 -0.00368648  0.00987766
 -0.00101167  0.00048089  0.00020787 -0.00153839 -0.00039677 -0.00400178
  0.00409777 -0.00495556 -0.00541474]
[  2.62714859e-02   2.04188425e-02   4.16732886e-03   2.95526077e-03
  -1.64732058e-03  -1.46781170e-02   9.87498886e-03   7.12968529e-04
  -1.83618431e-02  -2.24864845e-02  -7.54493520e-03  -9.46512079e-05
   1.00902429e-02  -3.14289526e-02  -1.82838800e-02  -3.04336253e-02
   2.95979308e-03  -1.34063938e-02  -3.03237276e-02  -4.04191260e-02
   3.22313868e-02]
[  5.42269931e-03  -4.26763553e-03   1.68460581e-03  -5.33082827e-03
  -9.42190722e-03  -1.96453444e-03   2.99045943e-04  -1.48743474e-03
   6.60423617e-04  -6.36886940e-04   5.83070321e-03  -1.10158387e-02
   3.69420769e-05   5.89551742e-04   2.54498487e-03   6.38304640e-03
   9.06006320e-03   2.78482148e-03   9.28667352e-03  -4.63587045e-03
  -3.03455988e-04]
[  7.08564039e-03  -1.98215947e-02   8.36575960e-04   1.24573195e-02
  -4.79871759e-03   4.17138343e-03   8.90220300e-03  -3.35465972e-03
  -3.36250382e-03  -2.61778575e-03   5.09521950e-05  -2.77920703e-03
   1.66381302e-03  -1.57660862e-02  -1.61208429e-03   8.99602246e-03
  -2.74248870e-02   6.66690984e-04  -1.62330572e-02   1.76495071e-02
   8.32496701e-03]
[ 0.00731659  0.00263638  0.00253783  0.00433562  0.0027046  -0.00777139
  0.00999678  0.00332102  0.00199911  0.01745021 -0.0272309  -0.00976469
 -0.00329449  0.0133558   0.01109017  0.00353894  0.0107473  -0.00855281
 -0.00357227  0.01020574  0.01111197]
[ 0.01289518 -0.00024114 -0.00234305 -0.0230655  -0.02005393  0.0121333
 -0.01762959  0.01353822  0.00165408  0.01549617 -0.00089008  0.01323994
  0.00452944  0.00082288 -0.00627766 -0.01364033 -0.02119388 -0.02524717
  0.01292561  0.00323368  0.01368158]
[  2.68558918e-03  -9.38825103e-04  -1.98747127e-03  -1.49876526e-03
  -8.37718402e-03   7.69719682e-03   2.50459939e-03  -1.06128013e-03
   7.64447747e-03  -5.08850116e-03  -2.59847410e-03  -8.94044081e-03
   5.46462843e-03  -1.54037104e-03  -8.26071076e-04  -2.01074779e-03
   5.01979587e-03  -3.29599853e-03   1.36173979e-02   9.54109812e-05
   3.51745315e-03]
[ 0.01737399 -0.00525366  0.00681883 -0.00672675  0.0064911  -0.00146791
 -0.01177732  0.01208135  0.02552319  0.00194995  0.01368421  0.01438789
  0.01922246  0.00816418  0.0086502   0.02037905  0.00098379 -0.00459935
 -0.01803303 -0.01035798  0.02313878]
[  3.67708309e-03   5.47065186e-03  -4.18204158e-03   3.24880771e-03
  -2.90658616e-03  -1.02907814e-03   4.65709354e-03  -8.37237603e-03
   1.02258450e-03   1.08507515e-02  -4.24460151e-03   2.68347391e-03
   7.39122183e-03   5.28583243e-03  -2.09718137e-03   1.78946766e-04
  -6.78067466e-03   1.49393762e-03   8.72403755e-04  -2.20488390e-03
   5.58925520e-05]
[  6.17569655e-03  -4.58608071e-03  -4.11683506e-03  -3.10069126e-03
   4.91141514e-03   2.10281706e-03   3.01455994e-03   3.53084914e-03
  -3.10462098e-03  -7.55798731e-04   2.08967714e-03   7.82752655e-03
   4.32087310e-03   3.31148248e-03  -3.05853397e-03   1.62476573e-03
   3.76245844e-03   1.13957176e-02   1.25909522e-05   1.20723794e-02
  -3.33035661e-03]
[  8.03190968e-03  -1.86509830e-02  -5.18616822e-03  -2.39933962e-05
  -7.72239861e-03   1.34912160e-03   1.18432659e-02  -9.28692514e-03
  -1.67562689e-04  -6.17606397e-03  -5.84812726e-03  -1.63277075e-02
   8.56664098e-03  -1.60388771e-02  -6.38765179e-03   2.11110494e-02
  -1.69434368e-02   5.60168100e-03   7.68586415e-03  -2.00300644e-03
   8.22082419e-04]
[ 0.0120901  -0.0100809   0.00239007 -0.02768008 -0.02449126 -0.00474079
 -0.01149536 -0.00775391 -0.00826457  0.01965755  0.00092625  0.00239106
 -0.03386799 -0.00474475 -0.00740171 -0.0021972  -0.00235921  0.00252608
 -0.00224673 -0.0101873  -0.00031207]
[ 0.00718284  0.00115246  0.00163893 -0.00242893  0.0028302  -0.00013273
 -0.0013736  -0.00748927 -0.00177584 -0.00166295 -0.00991813  0.00169725
  0.01461561 -0.00096393 -0.01144929  0.0075544   0.0018811   0.01303808
 -0.0049858   0.00181861 -0.00173594]
[ 0.00961484  0.00860161 -0.00991221 -0.00470636 -0.02169959  0.02650004
  0.00362202  0.00031723  0.01938402 -0.00901106 -0.01254438  0.00391917
  0.0017917  -0.0065692  -0.0044042  -0.01402227  0.00445404 -0.00773971
  0.01711171  0.00909369  0.00615665]
[ 0.00407494 -0.00170898  0.00259861 -0.00626181 -0.00521426 -0.00314688
 -0.00357743 -0.00023676 -0.00406085  0.00381281 -0.00412259 -0.00142586
 -0.00989094  0.00228824 -0.00734304  0.00397789  0.00076647 -0.00136638
 -0.00057437  0.00406074 -0.00344959]
[ 0.01652932  0.011065   -0.000351   -0.00038051 -0.00020381 -0.00351673
 -0.00169457  0.00650596 -0.01852647 -0.01585832  0.00377762  0.00456089
  0.00821037  0.01529414 -0.0207421   0.002839   -0.00636972  0.00651913
  0.01481813  0.01412132  0.00787938]
[ 0.00501819 -0.00800162 -0.00379966 -0.00171588  0.00589071 -0.0016662
  0.0018096   0.00596446  0.00760453 -0.00083982  0.00176692  0.00927569
  0.0049015   0.00260587  0.00268598  0.00535655  0.00012291 -0.00374296
 -0.00429728 -0.00643701  0.00572073]
[  1.57357136e-02  -4.91605508e-03   2.76863402e-03  -1.01562950e-02
  -9.38036084e-03  -6.06992338e-03  -1.15725532e-02   1.11512607e-02
   6.14341129e-04   6.99714077e-03   8.72682490e-03   2.85812955e-03
   1.33817919e-02   1.19877145e-02  -4.62172508e-03  -1.10709693e-03
   3.61563206e-03   7.31322091e-05  -1.95325754e-02   2.15336080e-02
  -2.15542943e-02]
[ 0.0150558   0.00875829  0.01376497  0.01072955  0.00049309 -0.01283532
 -0.00363313  0.01422015 -0.00871978 -0.01389416 -0.01748012 -0.00653104
 -0.01413385  0.01197804 -0.00680291  0.00607915 -0.0035223  -0.00989309
  0.01446707  0.01611382 -0.01247183]
[ 0.01381963 -0.00908566  0.00947359 -0.00779957 -0.00220977 -0.00997432
 -0.00330169  0.01052182  0.02599837 -0.00493024  0.00242507 -0.02007237
  0.0212416   0.01208097 -0.00397638 -0.00463027  0.01301475  0.01501522
 -0.01875238 -0.00071678 -0.01611289]
[ 0.01512718 -0.00743269  0.0053433   0.0028214   0.00021874 -0.0026876
  0.00828697 -0.00446313 -0.00249415 -0.00246149 -0.00436775  0.00153143
 -0.01087729 -0.01362772 -0.01047529 -0.00992031  0.00164258  0.01798772
 -0.00573408  0.01289977  0.0140965 ]
[ 0.00448588 -0.00130736  0.00420289 -0.00070745  0.0003822  -0.0058442
 -0.00012308  0.00275221  0.00954295 -0.00415559  0.00344337 -0.00774578
  0.00421537  0.00364182 -0.00217789 -0.0054066   0.00379854  0.00664309
 -0.00439057  0.00824034 -0.01105919]
[  1.50648114e-02  -1.10353677e-02   8.54886519e-03   4.10802096e-04
  -9.07953952e-03  -2.99879848e-03  -3.84390706e-03   2.82147530e-03
   3.02447719e-03   1.21021647e-02   2.32515287e-02   7.96963038e-03
   2.48971055e-05  -4.55272212e-03   9.36999284e-03   1.00852254e-02
   1.93017492e-02  -1.14284639e-02  -1.82002426e-02   6.80012916e-03
   1.47374575e-02]
[ 0.02039014 -0.01533948  0.0018654  -0.00661907  0.00758418 -0.02261401
  0.01133722  0.01170861  0.01946903 -0.00976217 -0.0036197  -0.00223508
 -0.00568023  0.00045924 -0.00576406 -0.03584585 -0.01036327  0.02111605
 -0.00894621 -0.01608268 -0.01672987]
[ 0.01160102  0.00708858 -0.00199142 -0.00263684  0.00165346  0.00686208
  0.00182561  0.00998812 -0.01181393  0.00407507  0.01116001  0.01016875
  0.01452912 -0.00309722  0.00685977  0.01628601  0.00753897  0.01568931
  0.01018458  0.002809   -0.0111698 ]
[ 0.01637405 -0.00022698  0.01771201 -0.00121225  0.01515939 -0.00752671
 -0.00300836  0.00761722  0.01655837  0.00668758 -0.03446281 -0.01730426
  0.00584417  0.00758349 -0.02419638  0.00010871  0.01394945  0.00255431
 -0.02171126 -0.0113088  -0.0029791 ]
[  1.26915301e-02   1.12470242e-02   8.49301480e-05   1.30563494e-02
  -8.66476074e-05  -1.90273973e-02   1.21099032e-02  -5.66894822e-03
   2.04518857e-02   9.00554449e-03   3.22240915e-02   1.32693999e-03
  -1.07410620e-02   1.05512911e-03  -5.01314081e-03  -1.50262500e-02
  -1.99027991e-02   4.54466816e-03   2.26589418e-02  -3.87537428e-03
  -2.77621107e-03]
[ 0.00347869  0.00651127 -0.00717229  0.00182702 -0.01317837  0.01503487
  0.00114743  0.00114813  0.01945153 -0.01137182 -0.00861672  0.00922905
 -0.01013841  0.00014895  0.00053283  0.00144623  0.00231548 -0.00241407
 -0.004384    0.00299161 -0.00648336]
[ 0.00736014  0.00962395 -0.00128614  0.00149949 -0.00072562  0.00490773
  0.00762679  0.00445673 -0.00830772  0.00377929 -0.00230564 -0.00129452
  0.00529458 -0.02335405  0.01032883 -0.01313186  0.01206446  0.00605146
 -0.01014848 -0.00140945 -0.0002408 ]
[ 0.00790276 -0.00793727 -0.02971943  0.00657104  0.0098594  -0.00688585
 -0.02747872 -0.00033634 -0.00214218  0.00235441 -0.00532611 -0.00673495
  0.00371963 -0.00659402 -0.00258189 -0.01063014  0.0037133  -0.01003368
  0.00878221  0.00768558 -0.00798693]
[ 0.00249718 -0.00442965 -0.0016786   0.00157409  0.00020526  0.00793552
  0.00188411 -0.00354262 -0.00407753 -0.00136263  0.00677585 -0.00928407
  0.00161308  0.01352201  0.00147727 -0.00707998  0.00189863 -0.0071026
 -0.00600625 -0.00489394  0.00103655]
[ 0.02685234  0.03113481 -0.00407247  0.02167382 -0.00704499 -0.01723721
  0.00534385  0.01830632 -0.03040285 -0.03424259  0.00257874 -0.00309784
 -0.01435859  0.01316258 -0.01155794  0.03144878 -0.00773553 -0.01829174
  0.00048024 -0.02986659 -0.00253053]
[ 0.00992159 -0.0226324   0.01480108  0.03115387 -0.01377925  0.01272846
 -0.00429418 -0.00251182 -0.00788317  0.00490347  0.01165949 -0.00106477
  0.00146054 -0.00202532  0.00885409 -0.00095944 -0.0085511  -0.00956867
 -0.01935095  0.01148336  0.00240109]
[ 0.02411318  0.01511732 -0.01225582  0.00232618 -0.00633229 -0.01381238
 -0.00196393 -0.0344237  -0.01695082  0.00351598 -0.00701224  0.00840777
  0.02584113 -0.02063398 -0.01481305  0.00943133  0.01436843 -0.0196069
 -0.01485089 -0.00639984 -0.03907022]
[ 0.01151586  0.01177076 -0.0058091   0.00428345 -0.00433653  0.00910816
  0.01322082 -0.00506721  0.00048125  0.01118101  0.0017844   0.00211913
  0.00382792 -0.01687081  0.00263802 -0.01404823  0.0180076   0.0083209
 -0.00125086  0.00707933  0.00132088]
[ 0.00999043  0.007275    0.00631711 -0.00704741  0.02626803  0.02654284
 -0.00061661  0.00868542  0.0019617   0.01652884  0.00421774 -0.01685902
 -0.00936902 -0.00924514  0.00247218  0.01101933 -0.01437794 -0.00019568
  0.00315746 -0.01407352 -0.02136348]
[ 0.01155661  0.0053673   0.01644001 -0.00490992  0.03328919  0.01610237
 -0.0065418  -0.0019467   0.01875245  0.01058837 -0.0014241  -0.01548351
 -0.01039414 -0.0101669  -0.01044912  0.01661462 -0.00500848 -0.01430875
 -0.00104753 -0.00953662 -0.00626214]
[ 0.01217589 -0.00130537 -0.00270365 -0.01237788  0.00603641  0.01097202
 -0.00157565 -0.03009512 -0.01305197 -0.00661029  0.00098541  0.00652188
 -0.00832713  0.0163445   0.0019452  -0.00600744  0.00032719  0.00441546
 -0.00434707  0.00514759  0.00330542]
[ 0.01338521  0.00913068  0.00884973  0.00760421 -0.00073821 -0.00974207
  0.00662323  0.01538779 -0.01292623 -0.00562919 -0.02370789 -0.01577593
 -0.01255423  0.00521342  0.02718911 -0.00240474 -0.00541514 -0.01151394
  0.00364972  0.02252801 -0.00350887]
[  4.15356940e-03   4.03400556e-04   2.70608675e-04   2.09100804e-03
   1.08718999e-03  -8.00611080e-03   4.77755316e-03   3.83904421e-04
   8.59108772e-03   8.53391763e-04   8.75799549e-03  -1.15084701e-05
  -4.29497775e-03   4.10003699e-04  -2.71110351e-03  -1.19533199e-02
  -9.54756093e-03   6.47344162e-03   6.60546398e-03  -5.33963661e-03
  -5.16923223e-03]
[ 0.00399976 -0.00116693 -0.02133921  0.00898477  0.00564999 -0.00543807
 -0.0260373   0.00065768  0.00206956  0.00165039 -0.00126999 -0.01174092
 -0.00421768 -0.0057607   0.00496532 -0.00138624  0.00139282  0.00671078
  0.00177236  0.00175765  0.00998303]
[ 0.01362612 -0.00025495  0.01203753 -0.00892789  0.00173991 -0.00151626
 -0.01506384  0.00402759  0.00350924 -0.00540308 -0.00407873  0.01792413
  0.02727288  0.00860908  0.01431728  0.01212188 -0.00606386  0.02177945
  0.01170691 -0.00613864  0.01399785]
[  3.95250889e-03   6.18915550e-03  -2.34378912e-03   6.38733229e-03
  -1.63576413e-03  -6.81537466e-03   7.46033209e-03  -6.68357506e-03
   7.93766065e-03   1.38370208e-02   6.06514901e-03   1.22741138e-03
   2.85034827e-04   4.77246900e-03  -4.38385900e-05  -4.66752303e-03
  -1.18298826e-02   2.85372567e-03   9.32557953e-03  -3.02615654e-03
   4.35602913e-04]
[ 0.01830728  0.01359521 -0.01419026 -0.00046045 -0.00928871  0.00800857
  0.00207942 -0.02105323 -0.00947724 -0.0007291  -0.00705819  0.01041722
  0.02214911  0.00528671 -0.01843396  0.00054696 -0.00986641  0.00144935
  0.00027558 -0.00298248 -0.00581515]
[ 0.01419596  0.01600622  0.00119855  0.00906714 -0.00413889 -0.01155922
  0.00576265  0.01705568 -0.02229244 -0.02263822 -0.00240861 -0.00507879
 -0.00784448  0.00723439 -0.00241514  0.00967392 -0.00846558 -0.01723124
  0.00675195 -0.0110995   0.00839925]
[ 0.0073884   0.00883439  0.0018978  -0.00147106  0.00353245  0.01060857
  0.0056424   0.01304235 -0.009971    0.00485625 -0.00859929 -0.00894433
 -0.0006557  -0.01802991  0.01943528 -0.01176888 -0.00394789  0.00465394
 -0.00028692  0.00810472 -0.00620907]
[ 0.02098647  0.00565653  0.02816958 -0.00280241  0.04256086  0.00871828
 -0.01388527 -0.02114803  0.03250755 -0.00308045  0.01027113  0.00021435
 -0.01183665 -0.01217997 -0.01067653  0.01687935  0.00364282 -0.0254572
  0.00599045  0.01057118  0.02161253]
[ 0.0042482   0.00119425  0.00409    -0.0018366   0.00972165  0.00469284
 -0.00150331 -0.00624809  0.00351698 -0.00242031  0.00200528  0.00142983
 -0.0030096  -0.00047506 -0.00679474  0.00231518  0.00243049  0.00413659
  0.00120944  0.01306286  0.01360876]
[ 0.00686133 -0.00580822  0.00246289 -0.01154911 -0.00854996 -0.00650249
 -0.00503283  0.00255156  0.0020097   0.00616178  0.00290143  0.00042494
 -0.00706813  0.0021176  -0.00136464 -0.00756572 -0.00082869  0.00896347
 -0.00984799 -0.00382022 -0.01023025]
[ 0.00680583 -0.01540921 -0.01063939 -0.00130718  0.00861531 -0.00325838
  0.01302905  0.00739097  0.00067254  0.00153713 -0.00417898  0.01120612
 -0.00624982  0.00135865  0.00445268  0.00340378  0.01408751 -0.005952
  0.00862293 -0.00428626  0.00187939]
[ 0.0047795  -0.01376701  0.01558596  0.02664181 -0.00711969  0.01082984
 -0.01061081 -0.00192646 -0.00605226  0.0062008  -0.00231966  0.01047861
 -0.0010939  -0.00082248  0.00040423 -0.00727083  0.00308246  0.00333175
  0.0054866  -0.00867596 -0.00523158]
[ 0.02868819  0.03220987 -0.02837014  0.03197822 -0.0121634   0.00103867
 -0.00618018  0.004493    0.01751353 -0.00538219  0.01895863  0.00607414
 -0.02030224  0.01884753  0.01243019  0.03826026 -0.0137526   0.0219765
 -0.03018789 -0.02672711  0.00171381]
[ 0.00398498 -0.00096296 -0.01134239  0.00258932  0.00282242 -0.00424329
 -0.01073112 -0.00459984 -0.00312693  0.00150091 -0.00339117 -0.00177701
  0.00563302 -0.00625953 -0.00361095 -0.00369675  0.00468186 -0.00931435
  0.00226273  0.00329975 -0.01263477]
[ 0.00986973  0.01045999 -0.00547395  0.00335191 -0.00362918  0.00346386
  0.00535834  0.00140415 -0.00700474  0.00736035  0.00688772  0.00692535
  0.00959485 -0.01767299  0.00941404  0.00405704  0.02096657  0.00835052
 -0.00918576 -0.00160745 -0.00790478]
[ 0.00306343  0.00122712  0.00186504 -0.00153189  0.00027224 -0.0007204
 -0.00293564  0.00163863 -0.00194645 -0.00345314 -0.00026738  0.00451225
  0.00722631  0.00438869 -0.00024122  0.00330053 -0.00281355  0.00707699
  0.00624968  0.00120937  0.00565462]
[ 0.02608957 -0.05959726 -0.04362448 -0.0020181   0.03432541 -0.01009847
  0.03374621  0.02176945  0.00872472 -0.00891149 -0.01251696  0.0331242
 -0.00331695  0.00155233  0.00064846 -0.00470954 -0.00108028 -0.01068771
  0.01056723 -0.01260132 -0.01349253]
[ 0.01261415 -0.00845062 -0.01379527 -0.00487489  0.01330439  0.02357214
  0.00610865 -0.00978386 -0.01591912 -0.00160591  0.01219506 -0.00714039
 -0.00561586  0.03543383 -0.00229029 -0.01947306  0.00197029 -0.00298505
 -0.00850029 -0.00787026 -0.0028951 ]
[ 0.00281017  0.00197424 -0.00078676  0.00059956 -0.00108108 -0.00055008
 -0.00032282  0.00236013 -0.00184809 -0.00069586  0.0038599   0.00153152
  0.00161734  0.00232851 -0.00045352  0.00424988  0.00100687  0.00259507
  0.00098139  0.0024118  -0.0025359 ]
[ 0.0119838   0.00185969  0.00912861 -0.00741307 -0.00438401 -0.00687344
 -0.00980866  0.01301203 -0.00490578  0.00244041 -0.01348263 -0.00245394
 -0.00376194  0.01291964 -0.01905768  0.00552366 -0.00343049 -0.00888035
 -0.00090007  0.0163931  -0.0092857 ]
[ 0.01943006  0.00756773 -0.011024   -0.00352931  0.02218224  0.037067
  0.01269497  0.00133275 -0.01659498  0.0062536   0.01365079 -0.01098621
 -0.01612865  0.02042591 -0.00191489 -0.00554566  0.00436913  0.02364098
 -0.00352963 -0.008947   -0.00206328]
[ 0.01455176  0.00811311  0.00883464  0.00606607  0.00650886 -0.01102718
  0.0044848  -0.0093297   0.01339313  0.00145551  0.02902787  0.00362829
 -0.00477107 -0.01976    -0.0098074  -0.00923018  0.01022329 -0.02191092
  0.00191167  0.0022755   0.01752678]
[ 0.00460483 -0.00982126  0.01574482  0.02221976 -0.00301947  0.00827502
 -0.01164132 -0.00120836 -0.00359179  0.00479933 -0.00819409  0.01201205
 -0.00187726  0.00010681 -0.00385261 -0.00682174  0.00686572  0.00752137
  0.01395194 -0.0127514  -0.00542265]
[ 0.00404874  0.00221696 -0.01705529  0.00954092  0.00286415 -0.00392881
 -0.02057047  0.00101636  0.00367377  0.00076183  0.00124951 -0.00979582
 -0.0065203  -0.00289922  0.00650148  0.0039569  -0.00060756  0.01108908
 -0.00291204 -0.0023909   0.01238508]
[ 0.01597855 -0.01653751 -0.00838978 -0.00339559  0.0049659  -0.00390284
  0.01944185  0.00823412 -0.00459144  0.01180928 -0.0028511   0.00757138
 -0.01566792  0.00269422  0.01187276  0.01297307  0.03503206 -0.00580412
  0.01154957  0.00014712  0.01473316]
[  1.20486544e-02   9.04631758e-03   2.20038058e-03   5.70784051e-03
   7.15534728e-05  -9.24347900e-03   6.95395662e-03  -8.21063873e-03
   3.39870269e-03   8.50935905e-05   1.89694777e-02   1.51795902e-03
   7.32163254e-04  -1.71259212e-02  -6.98912688e-03  -7.75456015e-03
   1.74820310e-02  -1.30649629e-02   6.19767316e-03   1.39640980e-02
  -5.28703612e-03]
[ 0.00937577  0.00096092 -0.00032725 -0.0025682  -0.00411161  0.00081634
  0.0016954   0.00963354 -0.00535855  0.00905228  0.0129581   0.00985
  0.00662183 -0.00605429  0.00948367  0.01164525  0.01859552 -0.00343818
  0.002655    0.00326648  0.00427037]
[ 0.00333606 -0.00640298 -0.0007947  -0.00406116 -0.00579615 -0.0009262
  0.00236715 -0.00598019 -0.00250779  0.00085949 -0.00201195 -0.00602004
 -0.00495467 -0.00709032 -0.00332698  0.00959022 -0.00507088  0.00411862
  0.00310739 -0.00307767  0.00064847]
[ 0.00992762  0.00213838  0.00759652 -0.01012871  0.01410297  0.00148009
 -0.00838311 -0.03626432 -0.00028317 -0.01609097 -0.00316872  0.01204081
 -0.00040111  0.00363068  0.02614577  0.00073663 -0.00334997 -0.01493403
  0.00022283  0.00115419 -0.00445372]
[ 0.01107833  0.01702703 -0.01024571  0.01417952 -0.00647653 -0.00901789
  0.01717417 -0.01950027  0.00953395  0.03881627 -0.01018975  0.00274107
  0.01093907  0.0139139   0.00455145  0.00021941 -0.01255605  0.00312511
  0.00208848 -0.00382156  0.00364355]
[ 0.00377581  0.00729834 -0.00759404  0.00441431 -0.01113477  0.01165501
  0.00026418  0.00141606  0.01821071 -0.01068916 -0.00563019  0.00933897
 -0.01220168  0.00254388  0.00217118  0.00661215  0.00057971  0.00055936
 -0.01012047 -0.00064609 -0.0078426 ]
[ 0.00392493 -0.01294065 -0.00432048  0.00437579  0.00210328  0.00043944
  0.00760981  0.00131338 -0.00031164 -0.00236745 -0.00172526  0.00337937
  0.00032019 -0.00747281 -0.00071621  0.00390359 -0.01607034 -0.00150491
 -0.00798141  0.00859293  0.00269897]
[ 0.00285359 -0.00463237 -0.00033248 -0.001228   -0.00281018 -0.00039928
  0.00371081 -0.0020042   0.00119774 -0.00317465 -0.00162649 -0.00787782
  0.0022719  -0.00243095  0.00376947  0.00434423  0.00096261  0.00146416
  0.00742671 -0.00294624  0.00233148]
[  1.61713650e-02   8.97027672e-03   3.46877907e-04   7.29139419e-03
  -6.73840821e-03  -1.10425922e-02   8.61274167e-03   9.80073140e-03
  -1.04571330e-02  -5.67455033e-03   2.42002742e-02   3.51414258e-05
  -3.37851000e-03   1.81761396e-03   1.47093873e-03   1.60864962e-02
   1.39973487e-02  -7.45635566e-03   2.22117532e-02   6.20420199e-03
  -2.25249734e-03]
[ 0.00446642  0.00239035  0.00096827 -0.00308366  0.00403027 -0.00127116
 -0.00327862 -0.01815552 -0.00249932 -0.00595383 -0.00241312  0.00642151
  0.00397479 -0.0017665   0.00940947  0.00196354  0.00102958 -0.01180949
 -0.00290854 -0.00067983 -0.01079281]
[ 0.00882697  0.00750967  0.00394607 -0.00826536  0.01115992  0.01916753
 -0.00135213  0.0171443  -0.00556259  0.0153299   0.00156199 -0.00769835
  0.00255483 -0.01496333  0.01417984  0.00372554 -0.01635786  0.00135213
  0.00658206 -0.004148   -0.01886275]
[ 0.01330964 -0.00456109  0.02427503  0.01614054  0.00829143  0.00172202
 -0.01445521  0.00101743  0.00433734 -0.00129394 -0.02060891  0.00925867
 -0.00288071  0.00271577 -0.012967    0.00051323  0.00944231  0.01009056
  0.01946322 -0.0067559   0.00185584]
[ 0.01055151 -0.00168412 -0.01418461 -0.00520358 -0.00071154  0.00539343
 -0.01405173  0.0001187  -0.00848274  0.00297438  0.00169382  0.00185373
  0.00899997  0.01308997 -0.01170099 -0.01429269 -0.00710177 -0.01313067
  0.00526605  0.0098707  -0.00519902]

Right eigenvectors

[ 1.          1.23915404 -0.38861112  1.31670505 -0.15719904 -1.38416169
  2.21635792 -1.02564771  0.91280092  5.00793025 -4.09530324 -0.96926512
  0.49457948  2.86242002  1.850299    0.49233684  0.36295138 -0.99238428
 -0.34683427  1.23385032  2.2210745 ]
[ 1.         -0.16243193 -0.6048427  -0.07556325 -0.50308115 -0.01234272
  0.46635072 -1.88673935 -0.63735089 -0.33601957 -1.1560809  -0.29785075
  2.41017888 -1.21468712 -1.87527291  1.86972289 -0.89969566  0.7814832
 -0.23050769 -0.28636202 -1.3747699 ]
[ 1.          0.22224277  0.71554919  0.35207839  0.28350512 -1.04792051
  0.20874469  0.01323063  0.74936423 -0.73810948  0.70024841 -0.46457136
 -0.53759875 -0.0123935  -0.21615637 -0.90237338 -0.18824589  0.220348
  0.54079439  1.63124379 -0.87795585]
[ 1.          0.0871049   0.33952475 -1.33242241 -0.67914828  0.4773438
 -1.10823113  1.54015113  0.09064825  0.93848878  0.21001107  0.87934774
  1.13724502  0.04283905  0.19057104 -0.18226138 -1.31199539 -1.19132169
  0.27057753 -0.00889497  0.83541109]
[ 1.         -1.65548246  0.01695994 -0.2869888  -2.03325457  0.97004387
  0.89654634 -0.5935518   1.47638003 -1.32610348  0.35603638 -4.56751823
  2.21646697  0.13851335  0.19587159  0.90253044  1.30758611 -0.23758888
  2.65615382 -1.09567647  0.42891794]
[ 1.         -0.05182854  0.51632566  1.30631659 -0.63117182 -0.32145748
 -0.02922082  0.58043324 -0.27289024 -0.22981942  0.75484965 -0.45601462
 -0.50099232  0.49037943  1.04991444  0.29052715 -0.44466304 -0.51545921
 -0.89701137  2.11256785 -0.85616056]
[ 1.         -0.78885076  0.19722895 -1.55923411 -1.39192617 -0.47386047
 -0.34168794 -1.13795661 -0.82583083  0.89026595 -0.03084571 -0.18654459
 -2.31886021 -0.45856358 -0.29637659  0.53448431  0.44964012  0.43084985
 -0.04633909 -0.50462749  0.06337193]
[ 1.          0.1488288  -0.04929699 -0.52273483  1.02874451  1.15969824
  0.2966603  -0.85715103 -0.76244852 -0.56771724 -0.00742318  0.4078219
 -0.16866777  0.58230491 -1.23029464 -0.37185101  0.36588106  2.46683685
 -0.07905055  2.29054013  1.70157684]
[ 1.         -0.5759548   0.73789596 -1.24264577 -0.96745387 -0.68591968
 -0.88715046  0.6890868   0.68675425  0.22450863  0.74116873 -0.1973095
  1.15148652  0.62269017  1.20443517 -0.0622436   0.49615213  1.20628691
 -0.87928225 -0.25643584 -0.47420528]
[ 1.          0.62600433  0.14073239 -0.25910247 -0.16504462 -0.28575633
  0.30564587  1.03012787 -0.69892732 -0.96986482 -0.38119933  0.04359242
  0.29847578 -0.8181933  -0.54523363 -1.73743951 -0.86409422 -0.60986647
 -0.77969509 -1.70188417  1.81446758]
[ 1.          0.84145314 -0.32678781 -0.45446442  0.12629888  2.02407796
  0.73416228  0.65651876 -0.59512191 -0.48428263 -0.70403379 -0.35630814
 -0.24526091 -0.81217778  0.12033508 -2.11586954 -0.17788509  1.31277731
  0.24329462  0.88012379  1.52601506]
[ 1.         -0.11444517  0.71752812 -0.67879216 -0.15974424 -1.1067327
 -0.05771933 -0.55504999 -0.03359569 -1.22595504 -0.66776709 -0.32533062
 -0.38576095 -0.14975883  2.38562602 -1.02348133 -0.63082084  0.73589363
  0.30407578 -0.44422161 -0.04675485]
[ 1.         -2.52185398  0.49295337  1.85466269 -1.62352176  2.6317112
  0.51710127 -1.1282571  -0.60001859 -0.64704175  2.4930991  -4.62354712
  1.6969558   3.0887844   1.13116851 -1.28297278  0.66294441 -2.99931503
 -1.63970876 -1.17854009  0.84909942]
[ 1.          0.97971495 -0.32392916  0.25596823  0.35324767  0.53606848
  0.38633266  0.76506437 -1.66203552 -0.81760953  0.78697856  0.0383578
 -0.1499148   1.10265658 -0.61727508  1.20521009  0.00530852  0.94922123
  0.69192458 -0.68726217 -0.33712769]
[ 1.          0.5299971   0.7911837   0.03518514  0.58009482 -0.75610901
  0.17250347  0.36367459  0.16542863 -0.44738076 -2.01329501 -0.88992107
  0.67955637 -0.77749836 -2.04355272 -1.19987171  1.01205458 -0.44463591
 -2.87287181 -2.69226151  1.36373806]
[ 1.         -0.00571894  1.02640638 -1.0755839   0.47697588 -0.80803312
 -0.76338861 -1.87660909  0.05222826 -1.95149706 -0.86950998  0.81117775
  0.4351608   0.30241042  4.14620875 -0.59350252 -1.1251071   0.72923947
  0.81815844 -0.69548699  0.2017595 ]
[ 1.         -2.97953209 -2.23696159 -0.1086917   1.90447036 -0.57130455
  1.9655848   1.30508145  0.53779644 -0.58069724 -0.84780524  2.27163491
 -0.23266016  0.11059252  0.04780574 -0.35379394 -0.09124693 -0.92031779
  0.94239226 -1.13966477 -1.24526498]
[ 1.          0.7772245   0.15862555  0.11248929 -0.06270375 -0.55870905
  0.37588239  0.02713849 -0.69892671 -0.8559274  -0.28719103 -0.00360281
  0.38407584 -1.19631424 -0.69595911 -1.15842802  0.11266181 -0.51030207
 -1.15424486 -1.53851694  1.22685816]
[ 1.         -0.78699468  0.31065816 -0.98305806 -1.73749394 -0.3622798
  0.05514706 -0.27429785  0.12178872 -0.11744832  1.07524    -2.03143086
  0.00681249  0.10871924  0.46932067  1.17709761  1.67076629  0.51354894
  1.7125555  -0.85490089 -0.05596032]
[ 1.         -2.79743165  0.11806639  1.75810778 -0.67724543  0.58870945
  1.2563724  -0.47344482 -0.47455186 -0.36944942  0.00719091 -0.39223089
  0.23481477 -2.22507569 -0.22751427  1.26961318 -3.87048813  0.09409043
 -2.29097955  2.49088383  1.17490679]
[ 1.          0.36032944  0.3468597   0.59257318  0.3696533  -1.0621592
  1.36631683  0.45390203  0.27322907  2.38501872 -3.72180094 -1.33459588
 -0.45027658  1.82541218  1.51575589  0.48368671  1.46889485 -1.16896086
 -0.48824255  1.39487631  1.51873609]
[ 1.         -0.01869965 -0.18169995 -1.78869149 -1.55514912  0.94091786
 -1.36714563  1.04986697  0.12827156  1.2017026  -0.06902388  1.02673539
  0.35125049  0.06381277 -0.48682225 -1.05778492 -1.64355089 -1.95787709
  1.00236001  0.25076653  1.06098406]
[ 1.         -0.34957882 -0.74005037 -0.55807689 -3.11930956  2.86611105
  0.93260704 -0.3951759   2.84648059 -1.89474295 -0.96756202 -3.3290426
  2.03479686 -0.57356913 -0.30759398 -0.74871756  1.86916    -1.22729066
  5.07054392  0.03552702  1.30975101]
[ 1.         -0.30238652  0.39247367 -0.38717342  0.37361008 -0.08448869
 -0.67787092  0.69536978  1.46904586  0.11223383  0.78762627  0.82812822
  1.10639291  0.46990809  0.49788211  1.1729629   0.05662417 -0.26472595
 -1.03793255 -0.59617712  1.33180574]
[ 1.          1.48776944 -1.13732583  0.8835285  -0.79045974 -0.27986263
  1.26651844 -2.27690694  0.27809665  2.95091277 -1.1543393   0.72978332
  2.01007746  1.43750693 -0.57033831  0.04866541 -1.84403629  0.40628335
  0.23725429 -0.59962852  0.01520024]
[ 1.         -0.74260137 -0.66661874 -0.5020796   0.79528116  0.34049877
  0.48813278  0.57173294 -0.50271592 -0.12238275  0.33837109  1.26747266
  0.69965761  0.53621198 -0.49525328  0.26309028  0.60923629  1.8452522
  0.00203879  1.9548207  -0.53926818]
[ 1.         -2.32211065 -0.64569554 -0.00298726 -0.96146482  0.16797022
  1.47452678 -1.15625368 -0.02086212 -0.76894091 -0.72811168 -2.03285497
  1.06657586 -1.9968946  -0.79528431  2.62839726 -2.10951535  0.69742829
  0.95691616 -0.2493811   0.10235205]
[ 1.         -0.83381489  0.19768819 -2.28948316 -2.02572865 -0.39212194
 -0.95080797 -0.64134376 -0.68358127  1.62592107  0.07661221  0.19777026
 -2.80129957 -0.39244882 -0.61221288 -0.18173521 -0.19513581  0.20893794
 -0.18583244 -0.84261519 -0.02581209]
[ 1.          0.16044591  0.22817292 -0.33815707  0.3940233  -0.01847841
 -0.19123322 -1.04266229 -0.24723401 -0.231517   -1.38081026  0.23629252
  2.03479678 -0.13419913 -1.59397979  1.05172883  0.26188856  1.81517192
 -0.69412678  0.2531884  -0.2416788 ]
[ 1.          0.89461873 -1.03092855 -0.48948983 -2.25688605  2.75616135
  0.37671119  0.03299426  2.01605266 -0.9372041  -1.30469008  0.40761743
  0.18634793 -0.68323564 -0.45806279 -1.45839969  0.46324699 -0.80497587
  1.77971895  0.9457974   0.64032837]
[ 1.         -0.41938671  0.63770472 -1.53666157 -1.27958942 -0.77225186
 -0.877908   -0.058102   -0.99654177  0.93567092 -1.01169225 -0.34990966
 -2.42725642  0.56153863 -1.80199647  0.97618253  0.1880925  -0.33531364
 -0.14095066  0.99651366 -0.84653544]
[ 1.          0.66941684 -0.02123499 -0.02302049 -0.01233012 -0.21275707
 -0.10251912  0.3936012  -1.1208249  -0.95940532  0.22854083  0.27592728
  0.49671533  0.92527339 -1.25486747  0.17175535 -0.38535893  0.39439782
  0.8964756   0.85431959  0.47669097]
[ 1.         -1.59452343 -0.75717731 -0.34193229  1.17387252 -0.33203252
  0.36060881  1.18856822  1.51539376 -0.1673555   0.35210344  1.84841305
  0.97674631  0.51928414  0.53524795  1.06742776  0.0244933  -0.7458779
 -0.85634004 -1.28273543  1.13999975]
[ 1.         -0.31241386  0.17594588 -0.64542958 -0.59611919 -0.38574186
 -0.73543238  0.70865936  0.0390412   0.44466625  0.55458717  0.1816333
  0.85040897  0.76181575 -0.29370928 -0.07035569  0.22977236  0.00464753
 -1.24128946  1.3684545  -1.3697691 ]
[ 1.          0.58172187  0.91426367  0.71265213  0.03275103 -0.85251666
 -0.24131082  0.94449662 -0.57916378 -0.92284391 -1.16102202 -0.43378873
 -0.93876446  0.79557663 -0.45184652  0.40377436 -0.23394976 -0.65709474
  0.96089652  1.07027306 -0.82837345]
[ 1.         -0.65744574  0.68551725 -0.56438375 -0.15990074 -0.72175035
 -0.2389132   0.76136749  1.88126416 -0.35675625  0.17548029 -1.45245374
  1.53706018  0.87418947 -0.2877341  -0.33505058  0.94175827  1.08651386
 -1.35693799 -0.05186691 -1.16594275]
[ 1.         -0.49134672  0.35322479  0.18651197  0.01446021 -0.17766665
  0.54781983 -0.29504031 -0.16487848 -0.16271936 -0.28873505  0.10123698
 -0.71905587 -0.90087611 -0.69248102 -0.65579354  0.10858477  1.18909883
 -0.37905816  0.85275415  0.93186522]
[ 1.         -0.29143872  0.93691559 -0.15770512  0.08520112 -1.30280101
 -0.02743625  0.61352877  2.12733349 -0.92637152  0.76760249 -1.72670403
  0.93969928  0.81184237 -0.48550011 -1.20524959  0.84677842  1.48089125
 -0.97875348  1.83695232 -2.4653357 ]
[ 1.         -0.73252611  0.56747243  0.02726898 -0.60269852 -0.19905981
 -0.25515799  0.18728912  0.20076436  0.80333994  1.54343311  0.52902291
  0.00165267 -0.30220903  0.62197877  0.6694558   1.28124732 -0.75861978
 -1.20812947  0.45139159  0.97827029]
[ 1.         -0.75229872  0.09148537 -0.32462129  0.37195323 -1.10906574
  0.55601499  0.57422886  0.9548258  -0.47876892 -0.177522   -0.1096158
 -0.27857728  0.02252287 -0.28268844 -1.75799895 -0.50824922  1.0356008
 -0.43875192 -0.7887477  -0.82048813]
[ 1.          0.61103063 -0.17165925 -0.22729372  0.14252727  0.59150649
  0.15736667  0.86096893 -1.01835274  0.35126814  0.9619853   0.87653873
  1.25240022 -0.26697822  0.59130761  1.40384222  0.64985402  1.35240728
  0.87790359  0.24213402 -0.96282866]
[ 1.         -0.01386194  1.08171228 -0.07403492  0.92581804 -0.45967293
 -0.18372715  0.46520105  1.01125691  0.40842535 -2.10472151 -1.05681051
  0.35691648  0.46314089 -1.47772772  0.00663945  0.85192452  0.15599727
 -1.32595566 -0.69065426 -0.18194055]
[ 1.          0.88618348  0.00669188  1.0287451  -0.0068272  -1.49922012
  0.95417204 -0.44667177  1.61145942  0.70957122  2.53902337  0.10455319
 -0.84631734  0.08313648 -0.39499893 -1.1839589  -1.5681954   0.3580867
  1.78535934 -0.30535123 -0.21874518]
[ 1.          1.87176049 -2.06177934  0.52520478 -3.78831741  4.3219952
  0.32984437  0.33004811  5.59162931 -3.26899703 -2.47700356  2.65302719
 -2.91443509  0.04281699  0.15317066  0.41573985  0.66561774 -0.69396008
 -1.26024381  0.8599834  -1.86373815]
[ 1.          1.30757688 -0.17474398  0.20373175 -0.09858731  0.66679836
  1.03622911  0.60552199 -1.12874402  0.51348054 -0.31326018 -0.17588212
  0.7193578  -3.17304313  1.403347   -1.78418538  1.63916175  0.82219356
 -1.37884302 -0.19149828 -0.03271615]
[ 1.         -1.00436746 -3.76064158  0.83148742  1.24759015 -0.871322
 -3.47710646 -0.04255948 -0.27106706  0.29792301 -0.67395656 -0.852228
  0.47067502 -0.83439448 -0.3267072  -1.34511813  0.46987343 -1.26964278
  1.11128481  0.97251924 -1.01065145]
[ 1.         -1.77385949 -0.67219559  0.63034805  0.0821974   3.17778771
  0.7544938  -1.41864503 -1.63284999 -0.54566523  2.71339669 -3.71781545
  0.64595874  5.4149054   0.59157515 -2.83518669  0.76030702 -2.84424386
 -2.40520959 -1.95978548  0.41508866]
[ 1.          1.15948246 -0.1516618   0.80714817 -0.2623604  -0.64192592
  0.19900887  0.68174031 -1.13222339 -1.27521832  0.09603407 -0.11536582
 -0.53472401  0.49018376 -0.4304259   1.1711746  -0.28807641 -0.68119748
  0.01788434 -1.11225283 -0.09423888]
[ 1.         -2.28112687  1.4918053   3.14000802 -1.38881437  1.28290539
 -0.43281141 -0.25316708 -0.79454708  0.49422215  1.17516348 -0.10731835
  0.14720811 -0.20413247  0.89240663 -0.09670178 -0.86186766 -0.96442906
 -1.95038782  1.15741101  0.24200651]
[ 1.          0.62693194 -0.50826231  0.09646904 -0.26260696 -0.57281437
 -0.08144624 -1.42758851 -0.70296881  0.14581161 -0.2908052   0.34867935
  1.07165999 -0.85571346 -0.61431335  0.3911275   0.59587432 -0.81311967
 -0.61588258 -0.26540814 -1.62028464]
[ 1.          1.02213468 -0.50444376  0.37196098 -0.37657005  0.79092281
  1.14805277 -0.44001982  0.04179     0.97092285  0.15495191  0.18401867
  0.33240395 -1.46500591  0.2290771  -1.21990306  1.56372145  0.72256012
 -0.10862019  0.61474624  0.11470088]
[ 1.          0.72819682  0.63231638 -0.70541624  2.62931966  2.65682653
 -0.06172048  0.86937453  0.19635818  1.65446779  0.42217793 -1.68751702
 -0.93779957 -0.92539969  0.24745509  1.10298837 -1.43917146 -0.01958719
  0.31604868 -1.40870065 -2.138395  ]
[ 1.          0.46443542  1.42256388 -0.42485811  2.88053327  1.39334777
 -0.56606538 -0.16844868  1.62266028  0.91621788 -0.12322837 -1.33979692
 -0.89941106 -0.87974814 -0.90416837  1.43767279 -0.43338657 -1.23814468
 -0.09064331 -0.82520899 -0.541867  ]
[ 1.         -0.1072097  -0.22204942 -1.01658986  0.49576748  0.90112722
 -0.12940732 -2.47169859 -1.07195202 -0.54289972  0.08093154  0.53563862
 -0.68390298  1.34236595  0.15975837 -0.49338859  0.02687186  0.36263931
 -0.35702265  0.42276882  0.27147222]
[ 1.          0.6821467   0.66115732  0.56810541 -0.05515113 -0.72782323
  0.49481706  1.14961137 -0.96570976 -0.42055307 -1.77120016 -1.17860865
 -0.93791776  0.3894912   2.03127968 -0.17965644 -0.40456125 -0.86019805
  0.27266825  1.68305154 -0.26214501]
[  1.00000000e+00   9.71214194e-02   6.51508736e-02   5.03424365e-01
   2.61748362e-01  -1.92752547e+00   1.15022832e+00   9.24275928e-02
   2.06836263e+00   2.05459854e-01   2.10854681e+00  -2.77074222e-03
  -1.03404502e+00   9.87111710e-02  -6.52716554e-01  -2.87784283e+00
  -2.29864004e+00   1.55852497e+00   1.59031025e+00  -1.28555372e+00
  -1.24452771e+00]
[ 1.         -0.29175024 -5.3351215   2.2463257   1.41258115 -1.35959774
 -6.50971184  0.16443038  0.51742199  0.41262316 -0.31751601 -2.93540543
 -1.05448289 -1.44026041  1.24140438 -0.34658183  0.34822642  1.67779415
  0.44311755  0.43943823  2.49590516]
[ 1.         -0.01871069  0.88341552 -0.65520432  0.12768911 -0.11127583
 -1.10551236  0.29557874  0.25753766 -0.39652376 -0.29933194  1.31542466
  2.00151486  0.63180704  1.05072344  0.88960603 -0.44501727  1.59836052
  0.85915187 -0.45050535  1.02728047]
[ 1.          1.56588022 -0.59298769  1.61601971 -0.41385464 -1.72431609
  1.8874928  -1.69097028  2.00825877  3.50081965  1.5345061   0.31053982
  0.07211491  1.20745307 -0.01109133 -1.18090134 -2.99300594  0.72200361
  2.3594076  -0.76562928  0.11020922]
[ 1.          0.74261183 -0.77511571 -0.02515095 -0.50737781  0.43745252
  0.11358429 -1.14999178 -0.51767573 -0.0398257  -0.38553986  0.56902078
  1.2098521   0.28877638 -1.00691968  0.02987647 -0.53893336  0.0791678
  0.01505316 -0.16291224 -0.31764161]
[ 1.          1.12751985  0.08442902  0.63871311 -0.29155421 -0.81426142
  0.40593639  1.20144616 -1.57033736 -1.59469473 -0.16966845 -0.35776338
 -0.55258563  0.50960939 -0.1701289   0.68145622 -0.59633742 -1.21381339
  0.47562495 -0.78187791  0.59166483]
[ 1.          1.19570981  0.2568621  -0.19910443  0.47810724  1.43583999
  0.76368381  1.76524608 -1.34954795  0.65728049 -1.16389005 -1.21059046
 -0.0887471  -2.4402985   2.63051182 -1.59288596 -0.53433578  0.62989742
 -0.03883385  1.09695093 -0.84038018]
[ 1.          0.2695325   1.34227375 -0.13353413  2.02801456  0.41542411
 -0.66162979 -1.0076983   1.54897706 -0.14678293  0.48941681  0.01021387
 -0.56401337 -0.58037257 -0.50873407  0.80429696  0.17357934 -1.21302952
  0.28544334  0.50371407  1.02983201]
[ 1.          0.28111899  0.96276031 -0.43232363  2.28841529  1.10466397
 -0.35387062 -1.47076082  0.8278744  -0.56972494  0.47202952  0.33657267
 -0.70844098 -0.1118257  -1.59943922  0.54497801  0.57212167  0.97372781
  0.28469384  3.07491467  3.20341453]
[ 1.         -0.84651603  0.35895296 -1.68321788 -1.24610834 -0.94770227
 -0.73350667  0.37187606  0.29290213  0.8980445   0.42286731  0.06193259
 -1.03013994  0.30862866 -0.19888891 -1.10266194 -0.12077656  1.30637551
 -1.43528906 -0.55677647 -1.49100238]
[ 1.         -2.26412    -1.56327723 -0.19206814  1.26587275 -0.47876388
  1.91439663  1.08597689  0.09881895  0.22585467 -0.61403022  1.6465481
 -0.91830371  0.19963023  0.65424473  0.50012705  2.06991926 -0.87454451
  1.26699255 -0.62979241  0.27614443]
[ 1.         -2.88042859  3.261003    5.5741837  -1.48963004  2.26589304
 -2.22006762 -0.40306672 -1.26629475  1.29737346 -0.48533623  2.19240819
 -0.22887364 -0.17208511  0.08457577 -1.52125278  0.64493425  0.69709256
  1.14794462 -1.81524529 -1.09458795]
[ 1.          1.12275695 -0.98891348  1.11468227 -0.42398628  0.03620562
 -0.21542573  0.15661497  0.61047867 -0.18760993  0.66085111  0.21172959
 -0.70768606  0.65697872  0.43328599  1.33365886 -0.47938173  0.76604681
 -1.05227562 -0.93164146  0.05973936]
[ 1.         -0.24164685 -2.84628625  0.64977105  0.7082655  -1.06482236
 -2.69289342 -1.15429546 -0.78468014  0.37664228 -0.85098832 -0.4459275
  1.41356349 -1.57078099 -0.90614132 -0.92767061  1.1748777  -2.33736591
  0.56781579  0.82804674 -3.17060048]
[ 1.          1.05980516 -0.55462018  0.33961521 -0.36770831  0.35095755
  0.54290673  0.14226851 -0.70971956  0.74575004  0.69786294  0.70167534
  0.97214903 -1.7906247   0.95382959  0.41105878  2.12433012  0.84607333
 -0.93069975 -0.16286639 -0.80091155]
[ 1.          0.40057069  0.60880769 -0.50005601  0.08886647 -0.23516083
 -0.9582849   0.53489894 -0.63538418 -1.12721331 -0.0872813   1.47294174
  2.3588949   1.43260546 -0.07874241  1.07739782 -0.91843259  2.31015373
  2.04009352  0.39477501  1.84584583]
[ 1.         -2.28433227 -1.6721038  -0.07735258  1.31567518 -0.3870691
  1.2934748   0.83441182  0.33441423 -0.34157278 -0.47976853  1.26963366
 -0.1271368   0.05950011  0.02485506 -0.18051422 -0.04140639 -0.40965442
  0.40503646 -0.4830021  -0.51716175]
[ 1.         -0.66993185 -1.09363454 -0.38646221  1.05472001  1.86870636
  0.48426965 -0.77562619 -1.26200565 -0.12731029  0.96677637 -0.56606205
 -0.44520296  2.80905475 -0.18156485 -1.54374763  0.15619668 -0.23664331
 -0.67386998 -0.62392313 -0.22951231]
[ 1.          0.70253571 -0.27996892  0.21335286 -0.38470333 -0.19574731
 -0.11487387  0.83985236 -0.65764269 -0.24762131  1.37354526  0.54499249
  0.57552973  0.82859975 -0.1613841   1.5123225   0.35829354  0.92345511
  0.34922631  0.858241   -0.90239994]
[ 1.          0.15518367  0.76174602 -0.61859098 -0.36582823 -0.57356125
 -0.81849355  1.08580195 -0.40936792  0.20364237 -1.1250717  -0.20477111
 -0.31391879  1.07809255 -1.59028681  0.46092713 -0.28626048 -0.74102927
 -0.07510741  1.36793815 -0.77485451]
[ 1.          0.38948554 -0.56736807 -0.18164187  1.14164535  1.9077139
  0.65336745  0.06859198 -0.85408798  0.32185179  0.70256038 -0.565423
 -0.83008749  1.05125294 -0.09855285 -0.28541671  0.22486463  1.21672178
 -0.18165833 -0.46047201 -0.10618989]
[ 1.          0.55753471  0.60711831  0.41686163  0.44729004 -0.75779015
  0.3081962  -0.64113918  0.92037854  0.10002316  1.99480148  0.2493366
 -0.32786861 -1.35791169 -0.67396654 -0.63430014  0.70254693 -1.50572278
  0.13137034  0.15637315  1.2044438 ]
[ 1.         -2.13281689  3.41919553  4.82531466 -0.65571839  1.79703048
 -2.52806733 -0.26241134 -0.78000479  1.04223791 -1.77945579  2.60857536
 -0.40767133  0.02319598 -0.83664427 -1.48143184  1.49098247  1.63336497
  3.02984827 -2.76913591 -1.17759981]
[ 1.          0.54756861 -4.21249626  2.35651609  0.70741844 -0.97037904
 -5.08071105  0.25103207  0.90738588  0.18816425  0.30861621 -2.41947499
 -1.61045237 -0.71608038  1.60580436  0.97731699 -0.15006195  2.73889916
 -0.71924549 -0.59053067  3.05899882]
[ 1.         -1.03498207 -0.5250656  -0.21250956  0.31078533 -0.2442553
  1.21674704  0.51532347 -0.28735008  0.73907092 -0.1784329   0.47384649
 -0.98055984  0.16861466  0.7430438   0.81190558  2.1924434  -0.36324474
  0.72281752  0.00920749  0.92205905]
[ 1.          0.75081559  0.18262459  0.47373261  0.00593871 -0.76717936
  0.57715629 -0.6814569   0.28208152  0.0070625   1.57440633  0.12598577
  0.06076722 -1.421397   -0.58007531 -0.64360383  1.45095298 -1.08435037
  0.51438716  1.15897573 -0.43880719]
[ 1.          0.10248964 -0.03490378 -0.27391883 -0.4385353   0.0870693
  0.18082784  1.02749269 -0.5715314   0.96549727  1.38208339  1.05057989
  0.70626996 -0.64573813  1.01150808  1.24205837  1.98335887 -0.36670949
  0.28317663  0.34839581  0.45546874]
[ 1.         -1.91932383 -0.23821439 -1.21735309 -1.73742414 -0.27763253
  0.70956533 -1.79258927 -0.75172216  0.25763627 -0.60309159 -1.80453707
 -1.48518559 -2.12535742 -0.99727874  2.87471278 -1.52002161  1.23457482
  0.93145533 -0.92254699  0.19438088]
[ 1.          0.21539703  0.76519036 -1.02025598  1.42057903  0.14908857
 -0.84442332 -3.65287199 -0.02852362 -1.62082874 -0.31918184  1.21285934
 -0.04040354  0.3657154   2.63363955  0.07420049 -0.33743921 -1.50429081
  0.02244583  0.11626063 -0.44861891]
[ 1.          1.53696749 -0.92484217  1.27993273 -0.58461257 -0.81401163
  1.55024945 -1.76021765  0.86059472  3.50380161 -0.9197916   0.24742667
  0.98742926  1.25595625  0.41084256  0.01980552 -1.13338883  0.28209206
  0.18851938 -0.34495807  0.32889031]
[ 1.          1.93291879 -2.01123493  1.16910315 -2.94897409  3.08675726
  0.06996762  0.37503336  4.82299118 -2.83095638 -1.49112082  2.47336855
 -3.23153857  0.67373028  0.57502288  1.75118526  0.15353132  0.14814391
 -2.68034309 -0.17111168 -2.07706229]
[ 1.         -3.29703619 -1.10077758  1.11486936  0.53587648  0.11196097
  1.93883658  0.33462429 -0.07939878 -0.60318084 -0.43956465  0.86099947
  0.08157897 -1.90393234 -0.18247672  0.9945609  -4.09442217 -0.38342218
 -2.03351315  2.18931739  0.68764838]
[ 1.         -1.62334577 -0.11651237 -0.43033341 -0.98478657 -0.13992137
  1.30039777 -0.70234072  0.41973137 -1.11251005 -0.56997896 -2.76066581
  0.79615287 -0.85189021  1.32095494  1.5223727   0.337331    0.51309397
  2.60258215 -1.03246624  0.81703359]
[ 1.          0.55470127  0.02145013  0.45088304 -0.41668766 -0.68284849
  0.53259213  0.60605468 -0.64664504 -0.35090114  1.49648927  0.00217306
 -0.20891928  0.11239707  0.09095947  0.99475191  0.86556384 -0.46108388
  1.37352371  0.38365358 -0.13928925]
[ 1.          0.53518304  0.21678971 -0.69041036  0.90235052 -0.2846045
 -0.73405991 -4.06489585 -0.55957969 -1.33302212 -0.54028047  1.43773314
  0.8899293  -0.39550629  2.10671542  0.43962227  0.23051487 -2.64406369
 -0.65120236 -0.15221012 -2.41643641]
[ 1.          0.8507648   0.44704727 -0.93637618  1.26429892  2.17147428
 -0.15318154  1.94226382 -0.63018145  1.7367116   0.17695648 -0.87214011
  0.28943461 -1.69518357  1.60642317  0.42206354 -1.85316908  0.15318218
  0.74567577 -0.46992323 -2.13694607]
[ 1.         -0.34269097  1.82386877  1.21269624  0.62296474  0.12938131
 -1.08607075  0.07644317  0.32587973 -0.09721816 -1.54842012  0.695637
 -0.21643769  0.2040454  -0.97425632  0.03856071  0.70943399  0.75813965
  1.46234072 -0.50759436  0.13943619]
[ 1.         -0.15960913 -1.34432098 -0.4931594  -0.06743474  0.5111523
 -1.33172721  0.01124988 -0.80393653  0.28189135  0.16052906  0.17568395
  0.85295595  1.24057831 -1.10893999 -1.35456387 -0.67305713 -1.24443532
  0.49908007  0.93547753 -0.49272803]
