Cluster centers 

[ 0.15026233  1.02183034 -1.20840344  0.16251749]
[-0.51139843 -0.98231306 -0.61294388 -0.48240871]
[ 1.01391066  1.59383057  1.74248514 -1.60785588]
[ 1.40693994 -0.36078628  1.19656522  1.2927186 ]
[-1.71124516 -0.61546574  0.24433904  0.97791596]
[ 0.62718596 -1.04120106 -0.5301601  -1.45838326]
[-0.18573406  1.43396633 -0.27526851 -0.20104496]
[ 0.47937619  0.2011801  -0.51978002  1.24013636]
[-1.31398084 -0.06734379  1.02485803 -0.68524152]
[ 0.38163973 -0.87083663  0.12324494 -1.56381606]
[ 0.27176612 -2.15152195  0.4993707   0.7365266 ]
[ 3.3807223  -1.12365308  4.00322238  0.57171673]
[ 1.32671405  1.06944426 -0.23491302 -1.28618039]
[ 0.15413093  0.5087525  -1.03820096  1.03142987]
[ 0.83490882  0.27302013 -1.76842815  0.60176574]
[ 1.70647329 -0.48009589 -0.45246912  0.98501533]
[-2.05887892  0.13017886  0.46165029  0.41996682]
[-0.62671308  1.84158294  1.87931514 -0.78032037]
[ 0.42624656 -1.52917044 -1.60713584 -0.43949154]
[-0.91190613 -1.32026206  1.58638983  1.33462883]
[ 0.58292689  1.53655056  0.73183414 -1.09666003]
[-0.70333656  1.01745107 -0.7270479   0.90313014]
[-0.790609   -1.48204906  0.41715402  0.96937599]
[ 0.83230778 -0.06404055  0.29987851  1.34891655]
[-0.17091659 -0.79298648  0.03025467 -1.15010066]
[-1.44016515 -0.53106147 -0.05932855  0.1037639 ]
[ 1.71445321 -0.49980454  1.91769873  1.23564936]
[-1.10791815  1.59466007  0.41941252  0.08493374]
[ 0.00377193 -0.00770865  1.8667154   1.70691175]
[-1.9878287   0.88946775  0.26965268  1.2072966 ]
[ 0.58850926  1.38903577  0.06289298 -0.88615462]
[-0.55711478 -1.39902432 -0.74786874  0.28907372]
[ 1.04394194 -0.82449602  1.02926286 -2.23473294]
[ 0.13522195  1.83480778  2.22098366 -1.25723357]
[-0.50782782  0.70863587 -0.55220775  1.24300022]
[-0.89345818 -0.43525369  0.5210975  -0.81929277]
[ 0.05164345  1.57132981  0.38799827 -0.6535021 ]
[-0.48347289  1.36368591 -0.47401563  0.16516196]
[ 0.20722984  1.25999038 -0.68318141 -0.28654614]
[ 2.26414008 -0.8803511  -0.86169199  0.7212837 ]
[ 0.87108366  0.61401783 -1.82025703 -0.08514303]
[ 0.14723483 -1.13652977 -0.90466263 -0.88879255]
[-1.56204391 -0.28615334  0.25053445 -0.04844497]
[-2.10773711  0.78528824  1.22074138  0.02846941]
[-1.69800382 -0.35996438  1.23882621  1.60618895]
[ 0.91610945 -1.31672495 -1.57427919 -1.07756498]
[ 0.48741373  0.05227965  0.51052244  1.46197954]
[ 1.40239174 -0.32553542  0.22852028  1.18877432]
[-0.13846726 -0.67655761  0.50243602 -1.36163076]
[ 1.41776105 -0.98464918 -0.07292426 -2.0990747 ]
[ 0.0949318   1.70078226  1.13133787 -0.93283499]
[ 2.08758067 -0.66537925  1.50798323  1.08447454]
[-0.80951617 -1.39786026 -0.20764088  0.69784049]
[-0.58846141  1.53231861  0.01927067 -0.05989633]
[ 1.12240281 -0.27416797  1.68573198  1.41297011]
[ 0.27927792 -2.00872919 -0.67075352  0.4315977 ]
[ 0.58923906  0.59893601 -1.72006927  0.34502294]
[-1.8422137  -0.3297068   0.13667373  0.60740475]
[-1.1773959   1.25007202 -0.31450689  0.77145206]
[ 0.4574577  -2.2738406   1.2574394   0.80156999]
[-0.31818228 -0.90993757 -0.41025874 -0.81412265]
[-0.09563663  0.47066833 -0.47635089  1.30825162]
[ 0.60009872  1.81205242  2.71351045 -1.60422155]
[ 1.04313537  1.3133253   0.30628891 -1.25926001]
[ 1.43497243 -0.28535727 -1.1538101   0.88640134]
[-0.14679645  1.17143067 -0.92500458  0.21403745]
[ 0.43985498 -0.75744056  0.75749158 -1.81518867]
[ 0.77464306 -0.22555198  2.38271355  1.54120377]
[-1.19904868 -1.12318196  0.13760404  0.89820955]
[-0.55343594 -0.72976743 -0.03514958 -0.82416297]
[-1.06927265 -0.75342903 -0.28413647 -0.12772265]
[-0.81774726 -0.33697488  0.91756356 -1.03489795]
[-2.10548566  0.41151361  0.53683278  1.39975988]
[ 1.010938   -1.12330337 -0.90148207 -1.53852438]
[ 0.74269194  1.10322295 -0.81421933 -0.64360374]
[ 0.80043921  0.11548943 -1.08831938  1.01107374]
[ 0.12840325 -0.83815439  0.0786499  -1.38136397]
[ 1.04811541  0.72002004 -1.57264372 -0.49844765]
[ 1.6278275  -0.45977911  1.50006715  1.24319967]
[ 0.13037613  0.20836936  0.32873068  1.50107434]
[-1.12625017 -1.20912433  0.79961783  1.18424687]
[ 0.19710634  0.7281514  -1.41911317  0.60649829]
[ 0.19206386  0.28628883 -0.24593917  1.35959111]
[ 1.25046735 -0.28770875  1.00323427  1.3237557 ]
[ 0.98573771 -1.0328529  -0.42665133 -1.7272333 ]
[-0.09671848  1.50688847  0.01949788 -0.407794  ]
[-1.20886792  1.67757615  0.93033507 -0.11055491]
[-0.49892967 -1.20140673 -0.87591227 -0.13187995]
[-2.24776327  0.5928937   0.67462996  0.53460575]
[ 1.06767582  0.26783815 -2.10128751  0.19999447]
[ 1.79110402 -0.52948946  0.29625742  1.07827886]
[ 1.36960264  0.87833294 -0.81216981 -1.12499537]
[-0.23807136  0.88975108 -1.05758009  0.7673034 ]
[ 1.35140921 -0.25361151 -0.78637113  1.00745927]
[-2.04547711 -0.09835747  0.29939024  0.82038565]
[-1.4580898  -0.90424488  0.53905311  1.15818505]
[ 0.61763061  0.88515937 -1.43195969 -0.16624778]
[-1.03926925 -0.53404308  0.12527281 -0.49654521]
[-1.62638484  0.10976797  0.9907925  -0.4009367 ]
[ 1.23855833 -0.22195112 -0.2018456   1.16326333]

Populations

0.0238582330288
0.0361240728801
0.0032143692455
0.0101582632753
0.00840808761674
0.0053602659075
0.00211390008688
0.0302983885495
0.0108532149907
0.0356268816578
0.00386410242808
0.0155459782495
0.0372669640174
0.00921892374903
0.0272091834169
0.00828724076548
0.00763699294984
0.00711883691985
0.0143511472259
0.00422314733963
0.00265953104004
0.00218686297707
0.0139425487623
0.0166102731423
0.0220962327076
0.00650396397917
0.00157764015619
0.00469451462455
0.0127467961593
0.0062196725715
0.00561639896903
0.0314689010847
0.00106054631973
0.0146418490488
0.0100981693227
0.0342120834309
0.0128104446492
0.0194905536649
0.0193190043467
0.00317332403129
0.00119042751358
0.0200210127038
0.00407086275165
0.00508583101746
0.0062886093758
0.00227592407912
0.00123417298353
0.00515014584174
0.00111456132131
0.00663073120578
0.0177644026458
0.0125201850576
0.00447399929836
0.00342165326667
0.00450948390813
0.0112015822233
0.0237605655835
0.0177433597476
0.00405055597363
0.00847908781244
0.0155496066342
0.0289843198544
0.0444475109992
0.00384217540097
0.00374026884125
0.00986786638109
0.00552848104697
0.015346414712
0.00321250534511
0.00921892234465
0.0077633783367
0.00806677344148
0.00329473818692
0.0130566308949
0.00687298652012
0.00421905822897
0.00622665024002
0.0198054196724
0.00359640081034
0.0021376927349
0.00646819647288
0.0250015152362
0.00118201143182
0.0119517250117
0.00660502232983
0.00604237130468
0.0202993982706
0.00481729971638

State labels

0
1
2
3
4
5
6
7
8
9
10
11
13
14
15
16
17
18
19
20
21
22
23
24
25
26
28
29
30
31
32
33
34
35
36
37
38
41
42
43
44
45
46
47
48
49
50
52
53
54
55
56
57
58
59
61
62
65
66
67
68
69
70
71
73
74
75
76
77
79
80
81
82
83
84
85
86
87
88
90
91
92
93
94
95
97
98
99

Eigen values

1.0
0.870379255759
0.856326015335
0.805296747947
0.783516947509
0.740402254098
0.720443844823
0.693626955037
0.662116351433
0.642075389378
0.621596441674
0.595112761045
0.592606189336
0.579927009427
0.530764044083
0.514840391962
0.510767159133
0.485743246986
0.465487985559
0.449534655048
0.407620002423

Left eigenvectors

[ 0.02385823  0.02128657 -0.01569568  0.03224609  0.0480116  -0.00199127
 -0.00108718  0.00909571  0.01599334 -0.00372347  0.02165285  0.0002601
  0.01040066 -0.00631721 -0.00196309 -0.01484798 -0.0052647   0.02573364
  0.00899816 -0.00601484  0.03830041]
[ 0.03612407  0.00174927  0.02746346 -0.01306342 -0.00497865 -0.03781592
 -0.02188144 -0.04168406 -0.06191587  0.01502278 -0.00957965 -0.00303072
  0.03836574  0.00828749 -0.02039994 -0.00910145  0.01348156  0.0573493
 -0.00535709 -0.01411048  0.02568116]
[ 0.00321437  0.00328884 -0.00729119 -0.00763363 -0.00222251  0.00192001
  0.00593119 -0.0009221   0.00519309  0.02437278  0.00754209 -0.00040635
  0.00948273  0.00859518 -0.01003245 -0.00264305  0.0026507  -0.00716899
 -0.00251601  0.0072417  -0.00063172]
[ 0.01015826 -0.00371083  0.00530157 -0.00313115 -0.00487788 -0.01726626
 -0.01168708 -0.00094655 -0.01183329  0.00237483  0.0048487  -0.00489677
 -0.00112053  0.01739135 -0.00030228 -0.00206083 -0.00310282  0.00223953
  0.01648665 -0.01647401  0.00918196]
[ 0.00840809  0.00647138  0.0015889   0.00564533  0.01238306  0.00344961
 -0.00088421  0.00272569  0.00913622 -0.00463479  0.007555    0.0005124
  0.00304178 -0.00113265 -0.0032379  -0.01778499 -0.00568163  0.00342134
  0.00088393 -0.00200712  0.01837074]
[  5.36026591e-03   5.32507971e-03  -7.98768044e-03  -1.69706983e-03
  -4.58356860e-03   4.24601323e-03   1.34755751e-02   3.32680594e-03
  -7.01025542e-03  -4.04603098e-03   4.70817365e-03  -4.58675850e-05
   2.21617788e-03   6.08440700e-03  -5.26722479e-03   7.33227280e-03
  -1.40237573e-03  -1.23716349e-03   4.04260877e-03  -1.13863121e-02
  -8.36840448e-03]
[  2.11390009e-03   6.02182437e-04  -2.08966552e-03  -2.18939685e-03
  -7.01158005e-04  -1.53625642e-04  -8.42012961e-04  -3.05344882e-03
   8.70811637e-05   7.13536365e-04  -1.61019220e-03   3.57007523e-03
  -8.10272940e-03   3.84439800e-05   1.01633182e-03  -5.38426847e-03
   3.40141915e-03   5.73418154e-03  -1.21182189e-03   1.23714746e-03
  -4.04062601e-03]
[ 0.03029839 -0.07565531 -0.01318093  0.02208558  0.00489564  0.01010204
  0.02454719  0.00967517  0.00703796  0.01768498 -0.03208437  0.0245582
  0.01143816 -0.02733976 -0.01576408 -0.01167154  0.00013249 -0.00779232
  0.02597705 -0.03107222  0.00030359]
[ 0.01085321  0.00878868 -0.00222275  0.01633309 -0.01292773  0.00652946
  0.022849   -0.00197052 -0.02406019 -0.00883771  0.01693146  0.01067104
 -0.00043403  0.00705852  0.01410825  0.01196779 -0.00153702 -0.00538545
 -0.00508835  0.00289307 -0.00309134]
[ 0.03562688  0.00513016  0.01459247  0.01229284 -0.02047394 -0.00339962
  0.01264017 -0.03268634 -0.00158241  0.01382086 -0.0076766   0.00334438
  0.02354882  0.00812879  0.02258257 -0.00822246 -0.03121477  0.01992289
 -0.01529564  0.02428832 -0.00658302]
[ 0.0038641   0.00389208 -0.00210779  0.00275037 -0.001365    0.0013379
 -0.00024611  0.00460335 -0.00573403  0.0006481  -0.00452932 -0.00489124
 -0.00604465 -0.00672401  0.00265918 -0.00710998  0.00229501 -0.01210657
 -0.00158571 -0.0010608   0.0049903 ]
[  1.55459782e-02   4.64991765e-03   3.84186460e-02  -2.58003051e-02
   1.82274007e-02  -2.14034496e-03   2.08460802e-02   2.31120668e-02
  -7.10794236e-05   6.62703764e-03  -3.34323111e-03   7.94347102e-03
  -1.03281372e-02  -8.83564382e-03   6.38082625e-03   1.99602573e-02
   2.45141970e-03  -6.57173715e-03   6.16676624e-03   2.81962164e-03
  -1.27335083e-02]
[ 0.03726696 -0.07039388 -0.00846582 -0.00624066  0.00856792  0.00495674
 -0.00640145  0.00470524 -0.00058422 -0.01075404  0.02885015 -0.0543674
 -0.01461579  0.01505936  0.01601215  0.02070251  0.0323038  -0.00737437
 -0.03000429  0.02661051  0.00228123]
[  9.21892375e-03   1.08663641e-02  -9.89322117e-03   1.73275066e-02
   3.21776920e-02  -1.43134622e-02  -2.32502812e-03  -4.81552373e-03
  -1.33731098e-03   5.87542319e-03  -8.97668631e-03  -3.79359176e-03
  -7.65341006e-03   4.42996918e-03  -7.01072662e-05   8.62656647e-03
   2.88737609e-03  -1.35514129e-02  -5.84005393e-03   4.52380235e-03
  -1.22869357e-02]
[ 0.02720918  0.00282735  0.04426314 -0.02309641  0.01373915  0.0009604
  0.01488656  0.01285958  0.0139511  -0.00128352  0.00524158 -0.02405551
 -0.0067236   0.01985243  0.03086714 -0.01762063 -0.01588331 -0.02492373
  0.03548695  0.00157548 -0.03233361]
[ 0.00828724  0.00508495 -0.00836853 -0.00727343 -0.00419898  0.00298267
  0.00040507 -0.00582346  0.00961039  0.03458707  0.01303629  0.00494501
  0.00175599  0.00070451  0.00728998 -0.00737368  0.00810213  0.00431765
 -0.00657605  0.01303296  0.00966722]
[ 0.00763699 -0.01149155 -0.00529408 -0.00576667  0.00164081  0.00258157
 -0.00200825 -0.00123042  0.00088035 -0.00151366  0.00784765 -0.01311119
 -0.01363103  0.00187803  0.00903643  0.00766084  0.00695952  0.00315649
 -0.00665086  0.01701225  0.00915982]
[  7.11883692e-03   2.44863592e-03   3.85872523e-04   4.15044141e-03
   4.44428874e-03  -1.17192777e-02  -2.70706673e-03  -1.32311300e-02
  -1.50240869e-02   4.87898007e-03  -1.41262789e-02   6.21709318e-03
   7.26671746e-04   8.86996543e-03   5.25954212e-05   1.54790331e-03
  -5.66953393e-04  -1.24497126e-02  -1.00834233e-02   1.17656876e-02
   2.33717626e-03]
[ 0.01435115  0.01347745 -0.00327679  0.01995542 -0.0046646   0.00132789
  0.00244922  0.01262618 -0.00851702  0.00163565  0.01842922 -0.00501133
  0.00061139 -0.02100559  0.00686297 -0.00521532  0.00522292 -0.00155857
  0.00632859  0.00036404  0.01566642]
[ 0.00422315  0.00307321  0.00313841  0.00406074 -0.00774484 -0.00067003
  0.00136593 -0.00786892  0.01507951  0.00027551 -0.00953452 -0.00909784
  0.00268327 -0.00195679  0.0032089   0.01856615 -0.00340035  0.00315601
 -0.00548974 -0.00617267  0.00649958]
[  2.65953104e-03   2.23601036e-03   5.86785731e-04   2.27361483e-03
  -3.91173460e-04   1.40873607e-02  -1.07982856e-02   7.10748609e-03
  -3.19119897e-03   4.23151639e-03  -9.82375024e-03  -5.13316668e-05
   1.50932197e-03   8.84762665e-03  -1.91513459e-04   5.94778671e-03
  -2.65624057e-03   6.39730701e-03  -1.52849648e-04  -1.52025397e-03
  -4.47160848e-03]
[ 0.00218686  0.00266689  0.00036289  0.00351257 -0.0019641   0.0127189
 -0.00908494  0.01138732 -0.00760738  0.00585686 -0.01231405 -0.00774206
 -0.00269116  0.00563999 -0.00544959  0.00163263 -0.00241208  0.00513068
 -0.0017781   0.00341912 -0.00084729]
[ 0.01394255  0.00529125  0.00020782  0.00879597 -0.00840165 -0.00770452
  0.00707276 -0.01787695 -0.01463155  0.0013901  -0.01545575  0.01115885
 -0.00019452  0.00882027  0.0143281   0.00112719 -0.01038616 -0.01608981
 -0.01018451  0.01348172  0.00699565]
[ 0.01661027 -0.00334019 -0.00216835  0.00197923 -0.00543312 -0.01617352
 -0.00662349 -0.01700449 -0.01665154  0.00116278 -0.02386734  0.02371823
 -0.00773783  0.01052449 -0.00365797 -0.0113515  -0.00513156 -0.01810831
  0.00990488  0.00340869  0.0135494 ]
[ 0.02209623 -0.04013807 -0.00733382  0.00572512 -0.0009055  -0.0029545
 -0.00147177  0.01243758  0.00663146 -0.00413864  0.01291494 -0.00486995
 -0.00589663  0.01092776  0.00396796  0.01200498 -0.0062423   0.00938947
 -0.03036038  0.0274796  -0.00764607]
[ 0.00650396  0.00248756  0.00087318  0.00162878  0.00607227  0.00557869
 -0.00394453 -0.00150839  0.00468565 -0.00657107  0.00530258 -0.00182609
  0.00506832 -0.00162844 -0.00615987 -0.00905063 -0.00477109  0.00083612
 -0.00922693 -0.00259481  0.00232071]
[ 0.00157764  0.00128628  0.00026354  0.00133231 -0.00271634  0.00104979
  0.00229236 -0.00217477  0.00339211 -0.00334768 -0.00058696  0.00230386
 -0.00787664  0.00513177 -0.00783211 -0.00138485  0.01276449  0.00524239
  0.00260438  0.00242318 -0.00533494]
[ 0.00469451  0.00058355  0.00119161 -0.00332092 -0.00086757 -0.00312891
 -0.00549319 -0.00831684 -0.00870464 -0.00051197 -0.00124422  0.0015793
  0.00513244 -0.00449798 -0.0057252  -0.00225363 -0.00012123  0.01072445
  0.00444973  0.0018718  -0.00928478]
[  1.27467962e-02   5.47539388e-03   5.49107365e-03   6.64937912e-03
   8.79712508e-05   1.58408101e-02  -4.98449204e-03  -8.41237140e-04
   1.12222294e-02  -5.34860350e-03  -4.19046416e-03   4.97164418e-04
   8.57216465e-03   4.64734491e-03  -6.14938042e-03  -1.19021524e-02
  -2.13467267e-02   1.43584760e-02  -1.04868644e-02   9.93169223e-04
  -1.11921437e-02]
[ 0.00621967  0.00568564 -0.01132517 -0.00481134  0.00605012 -0.00293279
  0.00260266  0.00665001  0.00327262 -0.01098278 -0.00508103 -0.00071461
  0.0088143  -0.00089586  0.0022218  -0.00267822 -0.00020673  0.00921819
  0.00592133  0.00289502  0.01386198]
[ 0.0056164   0.000875   -0.00118632 -0.00401521 -0.00186076 -0.00111091
 -0.0038753   0.00239594  0.00642696 -0.0038839   0.00340813  0.00634881
 -0.01464972  0.00500262 -0.003848   -0.0062729  -0.00131006  0.00422335
 -0.00267368  0.01026829  0.00174887]
[ 0.0314689  -0.05028359 -0.00939544  0.02232369  0.00035348  0.00802515
  0.01722168  0.00596883  0.00777076  0.00710093 -0.00714322  0.02513472
  0.01135971 -0.005617   -0.00034443 -0.00286839 -0.02764513  0.0259599
 -0.0088778   0.01491915 -0.01204805]
[  1.06054632e-03   7.45578612e-04  -1.45498818e-03  -5.62767562e-04
   3.79162282e-04  -8.18585781e-04   1.76527636e-04  -5.16500904e-04
  -6.21580797e-04  -8.40804221e-04  -2.47006569e-03   1.08985124e-03
  -1.57562673e-03  -1.21562253e-04   1.67638825e-03  -2.31384903e-03
   4.13875620e-04  -6.11007607e-05  -7.79467930e-05   9.80939629e-04
   2.09811746e-03]
[ 0.01464185  0.00270648 -0.0070119  -0.0122477  -0.0022511   0.00316543
 -0.01679896 -0.01939929 -0.00884463 -0.01014931 -0.0005261   0.00826626
  0.00170901 -0.02287772 -0.01102817 -0.00352867 -0.0074488   0.00727345
  0.01753014  0.01332507 -0.04029236]
[ 0.01009817  0.00799962 -0.01238523 -0.00148405  0.00478133 -0.00694601
  0.00175553 -0.00205936 -0.00885636 -0.0007668  -0.01928425 -0.00258414
 -0.0128996  -0.00705816  0.0133939  -0.00769902  0.00117676 -0.02130665
 -0.00588605 -0.00497093  0.00202592]
[ 0.03421208  0.02010751  0.02000146  0.02337129 -0.0425271  -0.00332744
  0.00645046 -0.03457686  0.06042491  0.00103597 -0.03343913 -0.02892105
  0.00844626 -0.00585091  0.00762242  0.04038339 -0.00722157  0.0057042
 -0.00850916 -0.00831079  0.00524626]
[ 0.01281044 -0.00529335 -0.00567842 -0.00099018 -0.01436573 -0.02690942
 -0.01993727  0.02568136  0.01044134 -0.00830767  0.0104797   0.02064946
 -0.01303988  0.01782799 -0.00978572  0.00642399 -0.01775752 -0.00467206
 -0.01557536  0.00356217 -0.00099362]
[ 0.01949055  0.01201771 -0.03801701 -0.03753057  0.00397952  0.00572589
  0.00724427 -0.00746182 -0.00627521 -0.02107702 -0.00970741 -0.01416517
 -0.00979062 -0.01828605 -0.01464663  0.01673973 -0.0261552  -0.0001768
  0.02420546  0.00198109  0.01299772]
[ 0.019319   -0.00920179 -0.00456507 -0.01602403  0.00861822  0.01573319
 -0.02407232 -0.02066679 -0.00760257 -0.02867982  0.02172336 -0.01508314
  0.01533017 -0.01415308 -0.02238304  0.00486362  0.0136953  -0.02311448
 -0.03931515 -0.01072576 -0.01074852]
[ 0.00317332  0.00090768 -0.00517745 -0.00351223 -0.00266996 -0.00773887
 -0.00184149  0.01148091  0.00429851 -0.0081813  -0.00342848  0.00559494
  0.00710941  0.00745159  0.00235341 -0.00060828  0.00177773  0.00317809
 -0.00562907  0.00403678 -0.00022649]
[ 0.00119043  0.00101554 -0.00281045 -0.00276312 -0.0001818   0.0002434
  0.00126275 -0.00113748  0.00015575  0.00377747 -0.0014919   0.00037677
 -0.00717949 -0.00041512  0.00647149 -0.00543715  0.00037603  0.00483107
 -0.00903255 -0.01337544 -0.00413143]
[ 0.02002101 -0.01759254  0.01593464 -0.01207873  0.00391881 -0.01281234
 -0.0062682   0.00010974 -0.01262546 -0.00028079  0.01639256 -0.04245925
 -0.00241006  0.03633079  0.02410561 -0.00628918  0.00979635  0.00177855
  0.03547301 -0.01216558 -0.0007369 ]
[ 0.00407086  0.00299075 -0.00301158  0.00053382  0.00463944  0.00573124
 -0.00552746 -0.00161295  0.00481071  0.00759839  0.00723191  0.00845783
  0.00396309  0.00151976  0.00798958  0.0011368   0.00626319  0.00098495
  0.00304155 -0.000996    0.01146575]
[ 0.00508583  0.00386138 -0.01102273 -0.00979469  0.00015047  0.00048179
  0.00476544 -0.00162156 -0.0012844   0.00446213 -0.00597867 -0.00166243
 -0.01504042 -0.00118579  0.01107266 -0.00578582 -0.00301823  0.00364625
 -0.01075272 -0.02166676 -0.00377695]
[ 0.00628861  0.00576812 -0.01484002 -0.01077124 -0.00121238 -0.00948304
  0.00459499  0.01898497  0.00615948 -0.01680013 -0.01367748  0.00302727
  0.02323557  0.00837401  0.0098217  -0.00442956  0.01241298  0.00846138
 -0.00271667  0.00546071  0.00012467]
[  2.27592408e-03   2.43144115e-03  -4.94270776e-03  -3.07513491e-03
  -1.21658359e-03  -4.80014214e-03   9.06084365e-04   8.24327631e-03
   2.44862169e-03  -6.84506393e-03  -8.11363921e-03   5.45897151e-04
   1.11552298e-02   6.17602839e-05   9.47747283e-03  -4.40471231e-03
   1.18941873e-02   1.33007478e-03  -2.04527281e-03   4.20812917e-03
  -3.51012676e-03]
[ 0.00123417  0.00059925 -0.00036689 -0.00035009 -0.00130921  0.00023556
  0.00025271 -0.00116324  0.00233253 -0.00186119 -0.00012046  0.00285734
 -0.00780529  0.00327402 -0.00454419 -0.00326221  0.0076924   0.00540746
  0.00070514  0.0039438  -0.00462839]
[  5.15014584e-03   2.78874719e-03  -1.19535242e-03   1.19232666e-04
  -5.71137313e-03  -3.27934815e-03  -7.54349263e-03  -1.22968775e-03
   6.37960996e-05   1.28335056e-03   2.24399538e-03  -2.75143315e-04
   9.09270187e-04  -1.64883714e-02  -2.48773007e-03   2.24122663e-05
   2.25308267e-03   5.80684676e-04   9.48964856e-03   3.72674699e-03
  -1.87020017e-02]
[  1.11456132e-03   7.87732923e-04  -1.90647763e-03  -1.94834015e-03
  -4.88697385e-04   3.03619915e-04   4.40378863e-04  -1.55756930e-03
   9.04081243e-04   5.03281599e-03   7.58457753e-05   1.43660866e-03
  -5.45173220e-03  -1.51761947e-04   4.90210564e-03  -5.51085065e-03
   1.97689256e-03   5.18349068e-03  -7.31194787e-03  -7.51201484e-03
  -3.17671632e-03]
[ 0.00663073  0.00868048 -0.00722791  0.01625745  0.02865339 -0.00783253
 -0.00171312  0.00102998  0.0073828   0.00311158  0.0050935  -0.00508983
 -0.00197468  0.00117072 -0.00498561  0.00725231  0.00168343  0.01004188
  0.00746971 -0.00573105 -0.00659215]
[ 0.0177644   0.00705651  0.04520271 -0.03132254  0.02275107 -0.0039443
  0.02367456  0.02700264 -0.00807181  0.00985066 -0.00744761  0.02387323
 -0.00927291 -0.02232195 -0.01037924  0.03208669  0.01175782  0.0074003
 -0.01412474  0.00181576  0.00735228]
[ 0.01252019  0.00129689 -0.01862657 -0.02107324  0.00022688  0.0067161
 -0.00291195 -0.00866988  0.00376606  0.00333431  0.0038608   0.00056303
 -0.03357357 -0.00620225  0.01392257  0.00527248 -0.00643324  0.01469142
  0.00713567  0.02131514  0.01918608]
[ 0.004474    0.00334886 -0.00201286  0.00029033 -0.00596646 -0.00275701
 -0.0036844   0.00089522  0.00484354  0.01440308  0.00649762 -0.00040544
  0.00105891 -0.00960268  0.0033347  -0.00201075  0.00729747  0.00035482
  0.00075125  0.00541905  0.00097626]
[ 0.00342165  0.00111694  0.00145225  0.0015375  -0.00289266 -0.00081036
  0.00062744 -0.00524678  0.00321088 -0.00297412 -0.00649145  0.00404164
 -0.00436771  0.00563473 -0.00790274 -0.00492315  0.00626225 -0.0072106
  0.00499307 -0.00129456  0.01055515]
[ 0.00450948  0.0021056  -0.00927311 -0.01022658  0.00073639  0.00239478
  0.00077681 -0.00331374 -0.000455   -0.00371684 -0.00121626 -0.00311115
 -0.01061684 -0.0058846   0.00010219  0.00595184 -0.00885225  0.0044136
  0.00936396  0.00759909  0.0113008 ]
[ 0.01120158  0.00399575  0.00523753 -0.0003562  -0.00121345  0.00740681
 -0.00378995 -0.00822501  0.00495713 -0.00496962 -0.00123028  0.00310095
  0.00670352 -0.00262842 -0.00366325 -0.01703746 -0.0186195   0.00698092
 -0.00339897  0.00988259 -0.01976171]
[ 0.02376057 -0.06086959 -0.0095359   0.00988262  0.00581074  0.00787302
  0.01248583  0.00803184  0.00442472  0.00741258 -0.00968032 -0.00746337
  0.00157199 -0.01344394 -0.00460023  0.0013044   0.01783764 -0.01130539
  0.00646518 -0.01379205  0.00189568]
[ 0.01774336  0.01653474  0.00051479  0.01851851 -0.01360828  0.01549412
 -0.0033614   0.0266049  -0.01865642  0.00403945  0.00076344 -0.01913215
 -0.0123865  -0.0215014  -0.00466056 -0.01895181  0.00754841 -0.02018602
  0.00115321  0.00208613  0.01311725]
[  4.05055597e-03   3.66843853e-03  -2.58194590e-03   6.40370087e-03
   1.11140239e-02  -8.73353456e-03  -1.75473465e-03  -6.70021023e-03
  -6.51121359e-03   4.16232048e-03  -9.42545332e-03   1.28949409e-03
  -2.69398938e-03   5.85698104e-03  -4.51838194e-06   4.71875485e-03
   1.02663459e-03  -1.33455397e-02  -8.69911741e-03   9.31900986e-03
  -5.52348935e-03]
[ 0.00847909 -0.01943478 -0.00364835  0.00627118  0.00059225  0.00054514
  0.00642407  0.00031362 -0.00048288  0.0062248  -0.01557223  0.01347195
  0.002763   -0.00828272 -0.00726364 -0.00741814 -0.0010647  -0.00766891
  0.01457766 -0.0142676   0.00387314]
[  1.55496066e-02   1.21279725e-02  -1.74925499e-03   2.22082555e-02
  -1.58090821e-02   8.03675421e-03   2.54986850e-02   3.53525463e-04
  -2.64914257e-02  -7.76009080e-03   2.55440956e-02   8.81428556e-03
   2.64611319e-03   8.06491142e-04   1.85675903e-02   1.03927414e-02
  -2.33780139e-03  -8.42056688e-04  -3.79072275e-03   4.41340213e-03
   4.87783742e-05]
[  2.89843199e-02   1.95614754e-02   1.03159127e-05   1.81565395e-02
  -3.99170639e-02  -2.78304629e-02  -2.86886260e-02   1.90821017e-02
   1.28507780e-02   2.22131656e-02   1.41697156e-02  -1.32068202e-02
   2.78334738e-03  -5.98739660e-02   2.80365173e-03   5.07581422e-03
   2.15599585e-02  -7.51783236e-03   1.78650248e-02  -2.61833606e-03
  -1.67062161e-02]
[ 0.04444751  0.02042913  0.04165289 -0.01005747  0.01520002  0.02978098
 -0.00463691  0.0034199   0.0340424  -0.0240497   0.01015169  0.00267831
  0.00021489  0.00437492 -0.01421845 -0.06802212 -0.02057381 -0.0282504
 -0.01162323  0.00131768  0.00953764]
[ 0.00384218 -0.00090615 -0.00092973  0.00017143 -0.00645414 -0.01218062
 -0.00985329  0.01024872  0.0029794  -0.00134124  0.00691589  0.00786897
 -0.00655752  0.00765251 -0.00628052  0.00472785 -0.0111275  -0.00456425
 -0.00242282 -0.00782013  0.00092053]
[  3.74026884e-03   4.22111284e-03  -1.02628769e-02  -1.04792983e-02
  -2.13900096e-03   1.91885603e-03   9.08817537e-03   8.74912588e-04
   3.71183698e-03   2.04433932e-02   5.08690987e-03  -2.44123517e-03
   1.14773560e-02   1.05114221e-02  -1.43484871e-02  -8.40996503e-05
  -2.13282668e-04  -9.20900058e-03   1.66909503e-05   1.98831493e-03
  -4.30675521e-03]
[ 0.00986787  0.0061241   0.00696703  0.00523161 -0.00883082  0.00373304
  0.00493656 -0.01076847  0.01724346 -0.00980548 -0.00987385  0.00197529
 -0.00945334  0.01162342 -0.01897861 -0.00770231  0.01773573 -0.00964553
  0.00727061 -0.00424657  0.01543088]
[ 0.00552848  0.00793866 -0.00698783  0.0150459   0.02782534 -0.01008101
 -0.0019611  -0.00121781  0.00451905  0.00469846 -0.00021191 -0.00562681
 -0.00503646  0.0030007  -0.00430689  0.01097346  0.00303992  0.00179275
  0.00387533 -0.00305269 -0.01557203]
[ 0.01534641 -0.00086389 -0.00486333  0.01854161  0.00550863  0.01026877
  0.01167574  0.00501009  0.0018296  -0.00581794  0.01008028  0.01008901
  0.0076634   0.00200835 -0.00352428 -0.00563233 -0.01690358  0.02411029
 -0.00413344 -0.00037333 -0.00041844]
[ 0.00321251  0.00237418  0.00242909  0.00316565 -0.00605743 -0.00052765
  0.00107929 -0.006247    0.01204169  0.00022087 -0.00767561 -0.00736566
  0.00217359 -0.00158961  0.00263768  0.01532395 -0.00280957  0.00262556
 -0.00459377 -0.00519013  0.00553982]
[  9.21892234e-03  -2.94564688e-04  -9.64058529e-05   1.20132289e-03
  -1.36301525e-02  -2.35346457e-02  -1.92708413e-02   1.58694561e-02
   2.41550313e-03   1.19469243e-03   1.26262924e-02   8.21548824e-03
  -9.27421333e-03   8.82995318e-03  -8.79531753e-03   6.85510518e-03
  -1.43524235e-02  -6.95117122e-03   4.38126747e-03  -1.76025197e-02
   2.24679668e-03]
[ 0.00776338 -0.00422561  0.00707439 -0.00479843  0.00049584 -0.00857354
 -0.00475113 -0.00560658 -0.01294228  0.00210077  0.00431274 -0.01605962
  0.00518897  0.01502314  0.00631084 -0.00432728  0.00666635  0.0118823
  0.01556256 -0.00885674  0.00551919]
[ 0.00806677  0.00643155  0.00254327  0.00852682 -0.01179187  0.00492663
  0.01110148 -0.00775614  0.01001269 -0.01053124 -0.00228729  0.00244753
 -0.0132476   0.01279888 -0.01795191  0.00326863  0.02670942  0.00428873
  0.00682062 -0.00233427 -0.00363561]
[ 0.00329474  0.00312107 -0.00385085 -0.00074126 -0.0024088  -0.00538901
 -0.0010754   0.00597104  0.00113119 -0.00299224 -0.00748781 -0.00107117
  0.00597275 -0.00593783  0.01023353 -0.00461209  0.0119602  -0.00389711
 -0.00131594  0.00256932 -0.00502313]
[ 0.01305663  0.01236633 -0.03159151 -0.02812804 -0.00311985  0.00251926
  0.02179407  0.00715794 -0.00217587  0.00011873 -0.0058041  -0.00801143
  0.01104513  0.00956286 -0.01441039  0.00894538 -0.00996022 -0.00400912
  0.00883338 -0.01947792 -0.00918955]
[ 0.00687299  0.00235526 -0.00177052 -0.00393558  0.00520211  0.02127495
 -0.02132203 -0.00490959  0.00397777  0.00129367  0.00634983  0.0232079
  0.00749366  0.0065103   0.01797439  0.01417613  0.01296267 -0.01010908
  0.00932592 -0.01011992  0.00379017]
[ 0.00421906 -0.00369219 -0.00196009  0.00027888 -0.00011972  0.00166572
 -0.00234819 -0.00345708 -0.00094291  0.00065453 -0.00266779  0.01074647
 -0.00123091 -0.0005705   0.00369918  0.00123501 -0.00360854  0.00118423
  0.00705517  0.00607892 -0.00178685]
[  6.22665024e-03  -1.56209449e-03   1.84399602e-03  -4.63516612e-03
   1.26397844e-03  -8.45790573e-04  -8.04878778e-03  -9.97456659e-03
  -9.80524703e-03  -5.33680369e-03   4.42078134e-03  -4.58465496e-03
   9.72479297e-03  -2.78817309e-03  -1.01671402e-02   5.00368647e-05
   6.63026104e-03   2.20663259e-03  -1.48151151e-02  -6.56948643e-03
   1.01760211e-03]
[ 0.01980542  0.01579897 -0.0068845   0.02549354 -0.0202008   0.01794424
  0.03815433  0.00663295 -0.02839503 -0.01753851  0.02674151  0.00968429
 -0.0048109   0.01184508 -0.00096839  0.01425545  0.00747176  0.00091447
  0.00171892 -0.01027852 -0.011519  ]
[ 0.0035964   0.00429993  0.00033931  0.00561099 -0.00374805  0.0133203
 -0.00842992  0.01504381 -0.01069648  0.00646547 -0.01216453 -0.01214228
 -0.00545859  0.00137457 -0.00749173 -0.00266785 -0.00107395  0.00133039
 -0.00206317  0.00531477  0.00276353]
[  2.13769273e-03   1.31077476e-03  -1.85231151e-04  -6.68099609e-05
   1.11921177e-03   1.13747570e-02  -1.02951301e-02   1.80136722e-03
  -3.33710241e-04   2.41782970e-03  -2.91282479e-03   7.45115145e-03
   3.20980991e-03   6.85540043e-03   6.38238960e-03   8.84094048e-03
   3.26331593e-03   6.90989898e-05   3.74042525e-03  -5.35911233e-03
  -1.59858239e-03]
[ 0.0064682   0.00053023 -0.00827336 -0.01107399  0.00268192  0.00483548
 -0.00390899 -0.00676584 -0.00349403 -0.01291999  0.00324043 -0.00819182
  0.00157358 -0.00932014 -0.01163316  0.00698505 -0.00403701 -0.00800902
 -0.00546025 -0.00325253  0.00089819]
[ 0.02500152  0.00819286  0.02935721 -0.0052856  -0.00201283  0.00510282
  0.0095418  -0.00656069  0.02494177 -0.00263055 -0.00321054 -0.01735727
  0.00426773  0.01317366  0.02321695 -0.02368831 -0.02721362 -0.01740832
  0.01370261  0.00776743 -0.02320838]
[ 0.00118201  0.00028197 -0.00041803  0.00030628 -0.00047164 -0.0012168
  0.00013258 -0.00175509 -0.00168509 -0.00014582 -0.00279224  0.0021731
 -0.00093799  0.0010052   0.00140662 -0.00148889 -0.0008284  -0.00224672
 -0.00019403  0.00172007  0.00262072]
[  1.19517250e-02   1.45275661e-03   3.62112185e-03  -7.64061529e-03
   7.18604372e-03   2.03749833e-02  -1.94692756e-02  -8.63742753e-03
   5.74264794e-03  -1.31892894e-02   1.34104645e-02   1.01702749e-02
   1.05559595e-02  -6.17836692e-05   9.43636314e-04  -2.41426030e-03
   1.10439728e-02  -2.50603638e-02  -1.33791787e-02  -1.35745593e-02
   5.82532213e-04]
[ 0.00660502  0.00285454  0.00279774  0.00127348 -0.00662754 -0.0089343
 -0.00739538 -0.00196009 -0.00583954  0.00616435  0.00137386 -0.00308966
  0.00620468 -0.0110622  -0.00272143 -0.00036603  0.00733353  0.00844903
  0.00357193 -0.00343119  0.00060723]
[  6.04237130e-03  -8.14904132e-05  -4.75402991e-03  -5.97361583e-03
   1.21890354e-03   8.98103661e-03  -1.10148251e-02  -7.81941903e-03
   1.74437406e-04  -3.77749204e-04   1.79296607e-03   1.61253169e-02
  -4.28398277e-03  -3.43618085e-03   1.08459050e-02   7.63000509e-03
   6.61515275e-04   1.25591063e-03   1.52882998e-02   7.88817047e-03
  -4.50992059e-03]
[  2.02993983e-02   7.84666297e-03   3.90391862e-02  -2.45653273e-02
   1.73669894e-02  -3.81169867e-03   1.27254860e-02   1.37220910e-02
  -1.13703883e-02   5.97957224e-03  -6.09912892e-03   2.13649102e-02
   2.74356696e-05  -1.76409866e-02  -1.90953619e-02   1.25877993e-02
   1.00667697e-02   1.52117855e-02  -2.11348102e-02  -1.47300943e-03
   2.09721250e-02]
[ 0.0048173   0.00133045 -0.00099458  0.00206623 -0.0078394  -0.00921027
 -0.00813109  0.00830636  0.0043057   0.00151084  0.00480748  0.00299504
 -0.00283542 -0.00569077 -0.00224128  0.00285798 -0.00100671 -0.00298948
 -0.00119312  0.00060846 -0.00445769]

Right eigenvectors

[ 1.          0.89221083 -0.65787263  1.35157087  2.01237049 -0.08346259
 -0.04556836  0.38123986  0.67034899 -0.15606628  0.90756298  0.01090206
  0.43593568 -0.26478097 -0.08228159 -0.6223418  -0.22066576  1.07860626
  0.37715106 -0.25210733  1.60533323]
[ 1.          0.04842406  0.76025362 -0.36162645 -0.13782086 -1.04683438
 -0.60573025 -1.15391376 -1.713978    0.41586619 -0.26518732 -0.08389744
  1.06205467  0.22941746 -0.56471864 -0.2519497   0.37320154  1.5875645
 -0.14829693 -0.39061167  0.71091536]
[ 1.          1.02316737 -2.26830983 -2.3748466  -0.69143028  0.59732106
  1.84521018 -0.28686857  1.61558541  7.58244602  2.34636686 -0.12641758
  2.95010565  2.67398719 -3.12112594 -0.8222599   0.8246398  -2.23029544
 -0.78273808  2.2529158  -0.19653004]
[ 1.         -0.36530198  0.52189684 -0.30823682 -0.48018833 -1.69972591
 -1.15049934 -0.09318061 -1.16489287  0.23378279  0.4773154  -0.48204837
 -0.11030715  1.71203994 -0.02975754 -0.20287241 -0.30544779  0.22046389
  1.62297942 -1.62173531  0.90389083]
[ 1.          0.76966172  0.18897225  0.67141694  1.47275567  0.41027277
 -0.10516216  0.32417516  1.08659869 -0.55123026  0.89853966  0.06094103
  0.36176836 -0.13470958 -0.38509359 -2.11522456 -0.67573414  0.40691028
  0.1051281  -0.2387136   2.18488904]
[ 1.          0.99343574 -1.49016496 -0.3166018  -0.85510097  0.79212735
  2.51397512  0.62064196 -1.30781859 -0.75481908  0.87834703 -0.00855696
  0.41344551  1.13509425 -0.98264244  1.36789348 -0.26162428 -0.23080263
  0.75418064 -2.12420658 -1.56119204]
[ 1.          0.28486798 -0.98853562 -1.03571444 -0.33168928 -0.07267403
 -0.39832202 -1.44446222  0.04119455  0.33754498 -0.76171632  1.68885713
 -3.83307113  0.01818628  0.48078517 -2.54707803  1.60907281  2.71260764
 -0.57326356  0.58524405 -1.91145553]
[ 1.         -2.49700761 -0.43503745  0.7289359   0.16158076  0.3334183
  0.81018152  0.31932941  0.23228814  0.58369382 -1.05894653  0.81054478
  0.37751696 -0.90235034 -0.52029438 -0.38521999  0.004373   -0.25718607
  0.85737391 -1.02554045  0.01002012]
[ 1.          0.80977707 -0.20480139  1.50490789 -1.19114265  0.60161554
  2.1052749  -0.18156119 -2.21687201 -0.8142944   1.56004071  0.98321459
 -0.0399913   0.65036174  1.29991448  1.10269566 -0.14161859 -0.49620792
 -0.46883302  0.26656385 -0.28483156]
[ 1.          0.14399675  0.4095916   0.34504388 -0.57467671 -0.0954229
  0.35479313 -0.91746273 -0.04441617  0.38793336 -0.21547227  0.09387224
  0.66098453  0.22816451  0.63386313 -0.23079366 -0.87615776  0.55920958
 -0.42932851  0.68174132 -0.18477666]
[ 1.          1.00723913 -0.54548107  0.71177374 -0.35325222  0.34623848
 -0.06369231  1.19131232 -1.48392412  0.16772394 -1.17215203 -1.26581521
 -1.56430993 -1.74012103  0.68817594 -1.84000857  0.59393122 -3.13308595
 -0.41036854 -0.27452763  1.29145213]
[ 1.          0.29910743  2.47129163 -1.65961284  1.17248336 -0.13767837
  1.34093075  1.48669106 -0.00457221  0.42628631 -0.21505441  0.5109663
 -0.66436071 -0.5683556   0.41044868  1.2839499   0.15768835 -0.42272908
  0.3966792   0.18137306 -0.81908698]
[ 1.         -1.88890825 -0.2271669  -0.16745815  0.22990651  0.13300622
 -0.17177267  0.12625762 -0.01567649 -0.28856751  0.77414802 -1.45886303
 -0.39219148  0.40409422  0.42966079  0.55551903  0.86682125 -0.19787948
 -0.80511771  0.714051    0.06121318]
[ 1.          1.17870203 -1.07314275  1.87955851  3.49039572 -1.55261748
 -0.25220169 -0.52235205 -0.14506151  0.63732203 -0.97372389 -0.4115005
 -0.83018477  0.48052997 -0.00760471  0.93574551  0.313201   -1.46995607
 -0.63348544  0.49070829 -1.33279503]
[ 1.          0.10391178  1.62677226 -0.84884622  0.50494523  0.0352969
  0.54711516  0.47261903  0.51273483 -0.04717246  0.19264022 -0.88409538
 -0.24710757  0.72962231  1.13443845 -0.64759878 -0.5837481  -0.91600445
  1.30422708  0.05790242 -1.18833434]
[ 1.          0.61358725 -1.00980947 -0.87766604 -0.50667973  0.35991114
  0.04887865 -0.70270238  1.15966072  4.17353298  1.57305609  0.59670148
  0.21189105  0.0850108   0.87966336 -0.88976258  0.97766266  0.52100015
 -0.79351472  1.57265388  1.16651879]
[ 1.         -1.50472122 -0.69321551 -0.75509666  0.21485064  0.33803486
 -0.26296285 -0.16111285  0.11527408 -0.1982007   1.02758369 -1.71679963
 -1.78486851  0.24591259  1.18324515  1.00312223  0.91129055  0.41331639
 -0.87087473  2.227611    1.19940096]
[ 1.          0.34396573  0.05420443  0.5830224   0.62429984 -1.64623489
 -0.38026812 -1.85860839 -2.11046931  0.68536197 -1.98435209  0.87332991
  0.10207731  1.2459852   0.0073882   0.21743767 -0.0796413  -1.74884082
 -1.41644251  1.6527542   0.32830872]
[ 1.          0.93912003 -0.22832936  1.39051011 -0.32503327  0.09252832
  0.17066357  0.87980294 -0.59347309  0.11397374  1.28416328 -0.3491935
  0.04260241 -1.46368716  0.47821763 -0.36340793  0.36393738 -0.10860271
  0.44098153  0.0253663   1.09164917]
[ 1.          0.72770688  0.74314401  0.9615433  -1.83390224 -0.15865633
  0.32343953 -1.86328388  3.57068008  0.06523827 -2.25768089 -2.15428066
  0.63537143 -0.46334771  0.75983638  4.39628285 -0.80517029  0.74731347
 -1.29991698 -1.46162808  1.53903803]
[ 1.          0.84075362  0.22063504  0.85489313 -0.14708362  5.2969341
 -4.06022169  2.67245841 -1.19991041  1.59107614 -3.69379041 -0.01930102
  0.56751433  3.32676194 -0.07201024  2.23640432 -0.99876276  2.40542671
 -0.05747241 -0.57162483 -1.68135224]
[ 1.          1.21950621  0.16594189  1.60621305 -0.89813477  5.81604662
 -4.15432551  5.20715015 -3.47867424  2.67820017 -5.63091887 -3.54026015
 -1.23060221  2.57903268 -2.49196522  0.74656286 -1.10298514  2.3461369
 -0.81308231  1.56348066 -0.38744582]
[ 1.          0.37950382  0.01490539  0.63087211 -0.60259073 -0.55259041
  0.50727885 -1.28218651 -1.04941718  0.09970217 -1.10853103  0.80034502
 -0.01395136  0.63261543  1.02765318  0.0808452  -0.74492515 -1.15400791
 -0.73046222  0.96694799  0.50174845]
[ 1.         -0.20109186 -0.13054296  0.11915707 -0.32709423 -0.97370568
 -0.39875887 -1.02373355 -1.0024844   0.07000375 -1.43690245  1.42792548
 -0.46584618  0.63361329 -0.22022345 -0.68340264 -0.30893912 -1.09018763
  0.59631058  0.20521555  0.81572423]
[ 1.         -1.81651194 -0.33190364  0.25909939 -0.04097974 -0.13371063
 -0.06660743  0.56288244  0.30011729 -0.18730049  0.58448602 -0.22039722
 -0.26686143  0.49455321  0.17957613  0.54330459 -0.28250497  0.42493547
 -1.37400719  1.24363274 -0.34603513]
[ 1.          0.38246903  0.13425413  0.25042922  0.9336257   0.85773701
 -0.60648091 -0.23191843  0.7204299  -1.01031736  0.81528361 -0.28076585
  0.77926595 -0.25037698 -0.94709545 -1.39155652 -0.73356618  0.12855519
 -1.41866199 -0.39895751  0.356815  ]
[ 1.          0.81531969  0.16704799  0.8444976  -1.72177334  0.66542076
  1.45303237 -1.3784933   2.1501181  -2.12195605 -0.37204938  1.46031994
 -4.99267286  3.25281321 -4.96444765 -0.87779732  8.0908786   3.32293166
  1.65080586  1.53595294 -3.38159236]
[ 1.          0.12430529  0.25382976 -0.70740464 -0.18480409 -0.66650374
 -1.17012938 -1.77160767 -1.85421434 -0.10905663 -0.265037    0.33641487
  1.09328492 -0.95813422 -1.21955047 -0.48005562 -0.02582331  2.28446399
  0.94785757  0.39872032 -1.97779436]
[ 1.          0.4295506   0.43078069  0.52165101  0.00690144  1.24272875
 -0.39103881 -0.06599597  0.88039608 -0.41960375 -0.32874646  0.03900309
  0.67249563  0.36458925 -0.48242557 -0.93373678 -1.67467389  1.12643804
 -0.8227059   0.0779152  -0.87803583]
[ 1.          0.91413744 -1.82086253 -0.77356817  0.97273899 -0.47153397
  0.4184568   1.06919044  0.52617293 -1.7658126  -0.8169295  -0.11489516
  1.41716422 -0.14403589  0.35722123 -0.430605   -0.0332382   1.4821026
  0.95203223  0.46546162  2.22873142]
[ 1.          0.15579341 -0.21122431 -0.71490785 -0.33130924 -0.19779725
 -0.68999716  0.42659769  1.14432097 -0.69152852  0.60681757  1.13040528
 -2.60838221  0.89071634 -0.68513735 -1.11688929 -0.23325665  0.75196805
 -0.47604912  1.82826994  0.31138617]
[ 1.         -1.59788205 -0.29856261  0.70938884  0.01123271  0.25501851
  0.54726015  0.18967392  0.24693453  0.22564904 -0.22699309  0.79871632
  0.36098208 -0.17849373 -0.010945   -0.09115012 -0.87849042  0.82493811
 -0.28211338  0.47409175 -0.38285573]
[ 1.          0.70301372 -1.37192328 -0.53063931  0.357516   -0.77185293
  0.16644972 -0.487014   -0.58609491 -0.79280292 -2.32905027  1.02763191
 -1.4856746  -0.11462229  1.58068367 -2.18175198  0.39024757 -0.05761253
 -0.07349683  0.92493803  1.97833647]
[ 1.          0.18484563 -0.47889454 -0.83648574 -0.15374415  0.21619074
 -1.14732519 -1.32492053 -0.60406507 -0.69317117 -0.03593091  0.56456369
  0.11672109 -1.5624882  -0.75319521 -0.24099904 -0.50873349  0.49675792
  1.19726249  0.91006719 -2.7518626 ]
[ 1.          0.79218512 -1.22648223 -0.14696207  0.47348477 -0.68784862
  0.17384677 -0.20393409 -0.87702671 -0.07593428 -1.90967792 -0.25590182
 -1.27741942 -0.69895396  1.32636913 -0.76241758  0.11653158 -2.10995154
 -0.5828825  -0.49226048  0.20062281]
[ 1.          0.58773117  0.58463135  0.68312971 -1.24304321 -0.09725917
  0.18854336 -1.01066222  1.76618613  0.0302807  -0.97740712 -0.8453461
  0.2468795  -0.17101869  0.22279906  1.18038391 -0.21108252  0.16673049
 -0.24871797 -0.24291962  0.15334529]
[ 1.         -0.41320548 -0.44326473 -0.07729496 -1.12140792 -2.10058451
 -1.55632944  2.00472025  0.81506437 -0.64850788  0.81805874  1.61192401
 -1.01791003  1.39167605 -0.76388573  0.50146518 -1.38617492 -0.36470717
 -1.21583253  0.2780674  -0.07756346]
[ 1.          0.61659155 -1.95053508 -1.9255774   0.20417667  0.29377759
  0.37168085 -0.38284304 -0.32196174 -1.08139662 -0.49805712 -0.72677083
 -0.5023264  -0.93820061 -0.75147346  0.85886382 -1.34194259 -0.00907105
  1.24190702  0.10164361  0.66687296]
[ 1.         -0.47630751 -0.23629931 -0.82944408  0.44610061  0.8143894
 -1.24604345 -1.06976476 -0.39352808 -1.48453943  1.1244557  -0.78074106
  0.79352803 -0.73259871 -1.15860199  0.25175303  0.70890281 -1.19646324
 -2.03505033 -0.55519208 -0.55637044]
[ 1.          0.28603383 -1.63155492 -1.10679703 -0.84137498 -2.43872701
 -0.580302    3.61794427  1.35457771 -2.57814919 -1.08040741  1.76311697
  2.24036566  2.34819829  0.7416244  -0.19168441  0.56020974  1.00150207
 -1.77387166  1.27209921 -0.07137257]
[  1.           0.8530867   -2.36087319  -2.32111184  -0.15272086
   0.20446637   1.06075512  -0.9555222    0.13083878   3.17320765
  -1.2532477    0.31649708  -6.03101654  -0.34871284   5.43627552
  -4.56739365   0.31588087   4.05826667  -7.58765003 -11.23583151
  -3.47054551]
[ 1.         -0.87870383  0.79589594 -0.60330254  0.19573494 -0.63994453
 -0.31308088  0.00548122 -0.63061065 -0.01402491  0.81876758 -2.12073418
 -0.12037671  1.81463294  1.2040153  -0.31412901  0.48930356  0.08883413
  1.77178908 -0.60764051 -0.03680642]
[ 1.          0.73467132 -0.73978821  0.13113189  1.13966919  1.40786881
 -1.35780972 -0.39621875  1.18174166  1.86653051  1.77650654  2.07764979
  0.97352551  0.37332707  1.96262505  0.27925389  1.53854185  0.24195124
  0.7471509  -0.24466571  2.81654098]
[ 1.          0.75924197 -2.1673414  -1.92587766  0.02958518  0.09473149
  0.93700328 -0.31883865 -0.2525444   0.87736547 -1.17555462 -0.32687497
 -2.957319   -0.23315535  2.17715789 -1.13763608 -0.59345763  0.71694344
 -2.11424994 -4.26022091 -0.74264184]
[ 1.          0.91723252 -2.35982463 -1.71281773 -0.19278968 -1.50797134
  0.73068458  3.01894582  0.97946691 -2.67151688 -2.17496166  0.48138982
  3.69486675  1.33161529  1.56182375 -0.70437784  1.97388244  1.34550858
 -0.43199891  0.86834936  0.01982503]
[ 1.          1.0683314  -2.17173666 -1.35115883 -0.53454489 -2.1090959
  0.39811713  3.62194696  1.07588022 -3.00759766 -3.56498676  0.23985736
  4.90140684  0.02713636  4.16423066 -1.93535116  5.22609144  0.58441088
 -0.89865599  1.84897608 -1.5422864 ]
[ 1.          0.48554738 -0.29727386 -0.28365981 -1.06079656  0.19086702
  0.20476338 -0.94252896  1.8899568  -1.50804572 -0.09760631  2.315184
 -6.32430763  2.65280357 -3.68196818 -2.64323858  6.23283404  4.38144806
  0.57134259  3.19549927 -3.75019592]
[ 1.          0.54148897 -0.23210069  0.02315132 -1.10897309 -0.6367486
 -1.46471437 -0.23876756  0.01238724  0.24918723  0.43571492 -0.05342437
  0.17655232 -3.20153485 -0.4830407   0.00435177  0.43747939  0.11275111
  1.84259803  0.7236197  -3.63135381]
[ 1.          0.70676499 -1.71051839 -1.74807802 -0.43846613  0.27241203
  0.39511407 -1.39747295  0.81115433  4.51551287  0.06804989  1.28894537
 -4.89137035 -0.13616294  4.39823772 -4.94441225  1.77369564  4.6507003
 -6.56038185 -6.73988474 -2.85019429]
[ 1.          1.30912817 -1.09006281  2.45183345  4.32130201 -1.18124755
 -0.25836105  0.15533467  1.11342164  0.46926675  0.76816592 -0.76761262
 -0.29780704  0.17656027 -0.75189451  1.09374138  0.25388292  1.51444474
  1.12652871 -0.86431708 -0.99418131]
[ 1.          0.39722761  2.54456657 -1.76321946  1.28071103 -0.22203379
  1.33269682  1.52004206 -0.45438095  0.5545167  -0.41924372  1.34388047
 -0.52199393 -1.25655523 -0.58427196  1.80623543  0.6618754   0.41658057
 -0.79511506  0.10221348  0.41387687]
[ 1.          0.10358415 -1.48772286 -1.68314157  0.01812096  0.53642213
 -0.23258078 -0.69247189  0.30079872  0.26631455  0.30836641  0.04496969
 -2.68155574 -0.49538011  1.11200988  0.42111813 -0.51382975  1.17341899
  0.56993324  1.70246208  1.5324115 ]
[ 1.          0.74851703 -0.44990175  0.06489176 -1.33358486 -0.61622915
 -0.82351425  0.20009384  1.08259729  3.21928417  1.45230597 -0.09062136
  0.23668028 -2.14632968  0.74535072 -0.4494294   1.63108485  0.07930796
  0.1679154   1.21123076  0.21820731]
[ 1.          0.32643162  0.42443019  0.44934483 -0.84539955 -0.2368324
  0.18337415 -1.53340507  0.93840015 -0.86920454 -1.89716654  1.18119536
 -1.27649056  1.64678628 -2.30962578 -1.43882305  1.83018389 -2.10734314
  1.45925784 -0.37834474  3.08481017]
[ 1.          0.46692707 -2.05635816 -2.26779419  0.16329763  0.53105351
  0.17226119 -0.73483776 -0.10089786 -0.82422765 -0.26971132 -0.68991216
 -2.35433579 -1.30493917  0.02266084  1.31984966 -1.96302869  0.97873797
  2.07650441  1.68513446  2.50600783]
[ 1.          0.35671269  0.46757046 -0.03179932 -0.10832878  0.66122934
 -0.33834051 -0.73427181  0.44253875 -0.4436533  -0.10983053  0.27683146
  0.59844359 -0.23464762 -0.32702986 -1.52098686 -1.6622204   0.62320848
 -0.30343676  0.88224989 -1.76418888]
[ 1.         -2.56179052 -0.4013331   0.41592527  0.24455377  0.33134833
  0.52548521  0.33803249  0.18622118  0.31196999 -0.40741119 -0.3141076
  0.0661595  -0.56580905 -0.19360768  0.05489782  0.75072448 -0.47580488
  0.27209711 -0.58045967  0.07978273]
[ 1.          0.93188329  0.0290129   1.04368698 -0.7669506   0.87323482
 -0.18944569  1.4994286  -1.05145939  0.22765999  0.04302703 -1.07827083
 -0.69809237 -1.21179978 -0.26266507 -1.06810738  0.42542194 -1.13766625
  0.06499368  0.1175724   0.73927663]
[  1.00000000e+00   9.05662965e-01  -6.37430001e-01   1.58094368e+00
   2.74382676e+00  -2.15613230e+00  -4.33208345e-01  -1.65414582e+00
  -1.60748639e+00   1.02759239e+00  -2.32695299e+00   3.18349901e-01
  -6.65091260e-01   1.44596966e+00  -1.11549673e-03   1.16496473e+00
   2.53455228e-01  -3.29474270e+00  -2.14763540e+00   2.30067426e+00
  -1.36363733e+00]
[ 1.         -2.29208403 -0.43027613  0.7396051   0.06984792  0.06429263
  0.75763638  0.03698688 -0.05694978  0.73413542 -1.83654594  1.58884397
  0.3258607  -0.97684076 -0.85665342 -0.87487433 -0.12556773 -0.90444962
  1.71924903 -1.68268047  0.4567869 ]
[ 1.          0.77995365 -0.11249513  1.42821976 -1.01668695  0.51684614
  1.6398283   0.02273533 -1.70367176 -0.49905383  1.64274867  0.56684942
  0.17017236  0.05186569  1.19408746  0.6683604  -0.15034473 -0.05415293
 -0.24378255  0.28382725  0.00313695]
[  1.00000000e+00   6.74898548e-01   3.55913569e-04   6.26426273e-01
  -1.37719512e+00  -9.60190303e-01  -9.89798144e-01   6.58359477e-01
   4.43370005e-01   7.66385607e-01   4.88875217e-01  -4.55653964e-01
   9.60294183e-02  -2.06573645e+00   9.67299471e-02   1.75122765e-01
   7.43849041e-01  -2.59375842e-01   6.16368606e-01  -9.03362947e-02
  -5.76388067e-01]
[ 1.          0.45962382  0.93712546 -0.22627753  0.3419768   0.67002579
 -0.10432328  0.0769424   0.76590119 -0.54108103  0.22839721  0.06025788
  0.00483476  0.09842892 -0.31989303 -1.53039206 -0.46287875 -0.6355901
 -0.2615047   0.0296457   0.21458215]
[ 1.         -0.23584283 -0.24198115  0.04461906 -1.67981295 -3.17024144
 -2.56450846  2.66742752  0.77544632 -0.34908397  1.79999207  2.04805187
 -1.70672036  1.99171153 -1.63462508  1.23051474 -2.8961466  -1.18793373
 -0.63058536 -2.03534044  0.23958563]
[  1.00000000e+00   1.12855867e+00  -2.74388751e+00  -2.80175002e+00
  -5.71884281e-01   5.13026232e-01   2.42981875e+00   2.33917033e-01
   9.92398445e-01   5.46575503e+00   1.36003857e+00  -6.52689760e-01
   3.06859118e+00   2.81033866e+00  -3.83621811e+00  -2.24849212e-02
  -5.70233525e-02  -2.46212264e+00   4.46250015e-03   5.31596796e-01
  -1.15145606e+00]
[ 1.          0.62061037  0.70603222  0.53016615 -0.89490693  0.3783028
  0.50026572 -1.09126592  1.74743575 -0.99367748 -1.00060677  0.2001744
 -0.95799253  1.1779066  -1.92327365 -0.78054414  1.79732199 -0.97746879
  0.73679677 -0.43034366  1.56375088]
[ 1.          1.43595651 -1.26396918  2.72152441  5.0330887  -1.82346812
 -0.35472653 -0.22027986  0.81741181  0.84986463 -0.03833126 -1.01778628
 -0.91100212  0.54277085 -0.77903748  1.98489617  0.54986567  0.32427514
  0.70097524 -0.55217522 -2.81669264]
[ 1.         -0.05629255 -0.31690335  1.20820486  0.3589521   0.66913136
  0.7608122   0.3264664   0.11921999 -0.37910722  0.65684939  0.6574183
  0.49936094  0.13086764 -0.22964854 -0.36701268 -1.10146741  1.57106974
 -0.26934249 -0.02432689 -0.02726604]
[ 1.          0.73904184  0.75613583  0.98541418 -1.88557859 -0.16424827
  0.33596552 -1.94458851  3.74837944  0.06875386 -2.38929016 -2.29280976
  0.67660213 -0.49481882  0.82106634  4.77009186 -0.87457195  0.81729286
 -1.42996638 -1.61560281  1.72445527]
[ 1.         -0.03195218 -0.01045739  0.13031056 -1.47849738 -2.552863
 -2.09035727  1.72140034  0.26201578  0.12959133  1.36960611  0.89115495
 -1.00599755  0.95780752 -0.95405051  0.74359073 -1.55684395 -0.75401126
  0.47524725 -1.90939017  0.24371576]
[ 1.         -0.54430025  0.91125094 -0.61808506  0.06386912 -1.1043567
 -0.61199209 -0.72218345 -1.6670937   0.27059964  0.55552378 -2.06863831
  0.66839057  1.9351289   0.81289916 -0.557396    0.85869237  1.53055776
  2.00461243 -1.14083623  0.71092622]
[ 1.          0.79728907  0.31527717  1.05702999 -1.46178311  0.61073138
  1.37619791 -0.96149187  1.24122619 -1.30550893 -0.28354436  0.30340851
 -1.64224294  1.58661685 -2.22541421  0.40519624  3.31104088  0.53165321
  0.84552022 -0.28936861 -0.45068975]
[ 1.          0.94728999 -1.1687872  -0.22498216 -0.73110423 -1.63564156
 -0.326399    1.81229554  0.3433332  -0.90818705 -2.27265627 -0.32511675
  1.81281594 -1.80221544  3.10602166 -1.39983619  3.63009249 -1.18282897
 -0.39940657  0.77982584 -1.52459117]
[ 1.          0.94713054 -2.41957614 -2.15431038 -0.23894784  0.19294856
  1.66919571  0.54822252 -0.16664897  0.00909342 -0.44453283 -0.61359108
  0.8459405   0.7324143  -1.1036834   0.68512162 -0.76284763 -0.30705601
  0.6765438  -1.49180324 -0.7038223 ]
[ 1.          0.34268359 -0.25760513 -0.57261599  0.75689208  3.0954448
 -3.10229437 -0.71433141  0.57875389  0.18822592  0.92388266  3.37668296
  1.09030584  0.94722965  2.61522267  2.06258714  1.8860312  -1.47084291
  1.35689501 -1.47241931  0.55145872]
[ 1.         -0.87512092 -0.46458009  0.06610035 -0.02837633  0.39480881
 -0.55656772 -0.81939698 -0.22348932  0.1551364  -0.63231803  2.54712466
 -0.29175034 -0.13521965  0.87677946  0.292721   -0.8552957   0.28068699
  1.67221496  1.44082466 -0.42351964]
[ 1.         -0.25087237  0.29614575 -0.74440766  0.20299493 -0.13583396
 -1.29263528 -1.60191535 -1.57472263 -0.85709065  0.70997746 -0.73629557
  1.56180171 -0.44778059 -1.63284267  0.00803592  1.06481989  0.35438518
 -2.37930742 -1.05505949  0.16342689]
[ 1.          0.79770954 -0.34760708  1.28720004 -1.019963    0.90602696
  1.92645882  0.33490558 -1.43370023 -0.88554104  1.35021153  0.48897165
 -0.2429084   0.59807261 -0.04889535  0.71977531  0.37725814  0.04617283
  0.0867906  -0.51897528 -0.58160845]
[ 1.          1.19562134  0.09434578  1.56016848 -1.04216779  3.70378699
 -2.3439875   4.18301701 -2.97421722  1.79776181 -3.38241778 -3.37623207
 -1.5177934   0.38220713 -2.08311919 -0.74181121 -0.2986185   0.36992132
 -0.57367512  1.47780164  0.7684161 ]
[ 1.          0.61317267 -0.08665004 -0.0312533   0.52356064  5.32104397
 -4.81600088  0.84266892 -0.15610767  1.13104641 -1.36260219  3.48560452
  1.50153006  3.20691572  2.98564405  4.13573959  1.52655986  0.0323241
  1.74974878 -2.506961   -0.74780737]
[ 1.          0.08197548 -1.27908242 -1.71206708  0.41463212  0.74757765
 -0.60434077 -1.04601586 -0.54018576 -1.99746408  0.50097824 -1.26647646
  0.24327927 -1.44091731 -1.79851635  1.07990619 -0.6241322  -1.23821584
 -0.84416866 -0.50284973  0.13886228]
[ 1.          0.32769437  1.17421707 -0.21141118 -0.08050828  0.20410052
  0.38164882 -0.26241183  0.99761034 -0.10521573 -0.12841385 -0.69424884
  0.17069891  0.52691459  0.92862168 -0.94747483 -1.08847899 -0.69629041
  0.54807117  0.31067835 -0.92827877]
[ 1.          0.23855506 -0.35366046  0.2591189  -0.39901529 -1.02943418
  0.1121666  -1.48483177 -1.42561632 -0.12336483 -2.36228172  1.83847439
 -0.79355046  0.85041182  1.19002613 -1.25962387 -0.70083589 -1.90075977
 -0.16415325  1.45520532  2.21716668]
[ 1.          0.12155204  0.30297901 -0.63928975  0.60125578  1.70477343
 -1.62899293 -0.72269296  0.48048695 -1.10354693  1.12205263  0.8509462
  0.8832164  -0.00516944  0.07895398 -0.20200099  0.92404843 -2.0967989
 -1.11943495 -1.13578243  0.04874043]
[ 1.          0.43217778  0.42357694  0.19280405 -1.00340956 -1.35265297
 -1.11965968 -0.29675788 -0.88410554  0.93328181  0.2080027  -0.46777443
  0.93938813 -1.67481719 -0.41202441 -0.05541634  1.11029546  1.27918241
  0.54078944 -0.51948231  0.09193395]
[ 1.         -0.0134865  -0.78678215 -0.98862111  0.20172602  1.48634305
 -1.82293085 -1.29409774  0.02886903 -0.06251671  0.29673219  2.66870672
 -0.70899032 -0.56868085  1.79497494  1.26275012  0.10947941  0.20785062
  2.53018212  1.30547596 -0.74638257]
[  1.00000000e+00   3.86546580e-01   1.92316963e+00  -1.21015052e+00
   8.55542077e-01  -1.87773973e-01   6.26889812e-01   6.75985111e-01
  -5.60134254e-01   2.94568940e-01  -3.00458606e-01   1.05248983e+00
   1.35155088e-03  -8.69039877e-01  -9.40686103e-01   6.20107016e-01
   4.95914684e-01   7.49371250e-01  -1.04115451e+00  -7.25641916e-02
   1.03314023e+00]
[ 1.          0.27618217 -0.20645902  0.42891953 -1.6273432  -1.91191583
 -1.68789354  1.72427715  0.89380008  0.31362771  0.99796083  0.62172611
 -0.58859125 -1.18131975 -0.46525735  0.59327493 -0.20897737 -0.62057078
 -0.24767315  0.12630679 -0.92535003]
