Cluster centers 

[-1.31511371  0.37176875 -0.54866149  0.47871292]
[ 0.86795774  0.26242361 -0.7605363  -0.31338275]
[-0.34840083 -0.64381341  1.58771505 -0.41980783]
[ 0.67487275 -0.14982725 -0.56646192  1.82099002]
[-1.09744856 -1.09163656 -0.23274684 -0.10434417]
[ 1.00582103  1.59026947 -0.13282408 -0.7653513 ]
[-1.11913398  2.184989    0.39026407 -0.06813292]
[ 1.50420701 -1.08451768  0.58465179  0.61776616]
[ 2.01022128  0.50563986  3.78260038  2.1091942 ]
[ 0.90651425 -0.87420711 -0.86981376 -0.70737923]
[ 1.08677883 -1.10220679 -0.52099873 -0.07737693]
[-1.4811598  -0.28239022 -0.88438367 -0.78720634]
[-0.89227162  1.75556666  0.2735613   1.35445829]
[-0.77418455  2.8305079   0.98936113  0.9383265 ]
[-1.00554736 -1.1568197  -0.0278604  -1.41834006]
[ 1.06494811 -1.03411764  0.59286563 -3.09624706]
[ 0.93023961  0.72027592 -0.45626921  0.51726108]
[-1.35459633  1.18579543 -0.30196409 -0.53198809]
[-0.85728989 -0.73280919 -0.39185864  1.59983921]
[-1.08646223  0.93000585 -0.22082582  1.16939244]
[ 0.25858978  0.29900391  3.15727129 -1.1067031 ]
[-0.78951162 -1.04882867  0.5079856  -0.39507933]
[ 0.74937156  0.09567161 -0.92645734 -1.16453249]
[ 1.40486239 -1.07306856  0.60394023  1.17492744]
[-0.72979791 -1.08439589  0.21934683  0.91301599]
[ 0.8436987   0.74795895 -0.63510467 -0.9516731 ]
[ 0.8815748  -0.38400058 -0.79142431  0.47660011]
[-0.01026553 -0.29415862  2.29636186  0.05175418]
[ 0.92850104 -1.04961428 -0.19104172  1.67810038]
[-1.1048785   1.68373009  0.14115815  0.63895022]
[-0.5421229  -0.85510479  1.10454681 -0.38433042]
[-0.07191007 -0.69452099  1.58250514  1.07334847]
[ 2.41445894  0.15947752  2.91809426 -1.75222712]
[ 0.50473732  0.93059862 -0.0998057   2.34233493]
[-1.39853025 -0.77279693 -0.79297788 -0.63313474]
[ 0.92316415  0.66770934 -0.55119321 -0.00930104]
[ 1.08992631  1.76761403  0.05465055 -0.19902432]
[-0.13633423 -0.31785183  2.15968729 -1.10038679]
[ 0.88395195  0.14880058 -0.6974275   0.39512503]
[-1.40092572 -0.31421045 -1.09813432 -2.18513905]
[-1.09511066 -0.92158868 -0.38849188  0.59245052]
[ 0.81129204 -0.64129421 -0.60273493  1.45873237]
[-0.1369589  -0.37089861 -0.43314311  2.62109116]
[ 0.99304185  1.96293813  0.0490664  -1.30275918]
[ 0.61514684 -0.14649154 -1.06055006 -1.74626415]
[ 1.21783245 -1.15334515 -0.00644044  0.8496528 ]
[-0.74677713  1.16650355 -0.00822874  1.91956527]
[-1.07389167 -1.13688947 -0.12401291 -0.69506322]
[-0.6991273  -0.97158606  0.76306578 -0.7964881 ]
[-0.560297    2.98272751  1.17346418  1.46843948]
[ 0.85192877 -0.29676792 -0.90798491 -0.35378144]
[ 0.71385036  0.63445753 -0.76375291 -1.54177859]
[-1.41521371 -0.33949855 -0.78813855 -0.12715613]
[-0.60158988 -0.90397268  0.90591929 -1.67269566]
[-1.44668294  0.31363275 -0.69047576 -0.41304205]
[ 0.1607113  -0.35407116  2.26430485  0.93914598]
[ 0.8222735   0.31250607 -0.52806566  1.23520579]
[-1.25806698  1.45857337 -0.07783795 -0.00737849]
[ 0.90484618  0.76582025 -0.56445947 -0.47253216]
[ 1.5537499  -1.07100078  0.55889819 -0.60028774]
[ 0.81340245  1.73235971 -0.17199977 -1.85888201]
[ 0.87552707 -0.59132153 -0.71744868  0.91524311]
[-0.59458305  0.41927421 -0.31419138  2.24492289]
[-1.33818624  0.92787043 -0.37135538 -0.00703021]
[-1.37864218 -0.84118032 -0.83966033 -1.43148885]
[ 0.96594598  1.04186361 -0.26645467  0.71958326]
[-1.2090694  -1.12096645 -0.44645846 -1.11285226]
[ 0.91377953 -0.70547571 -0.83953181  0.01302661]
[ 0.14069643  0.04181202  2.81971938 -0.43221473]
[-0.95169264  2.41593114  0.63899834  0.62514196]
[-0.43256422 -0.80797414  1.24414242  0.12706605]
[-0.21718314 -0.52964205  1.84127021 -0.10326285]
[-0.84603574 -1.08743042  0.30466735 -0.00130878]
[ 1.14320559  2.53053793  0.47233334 -1.2244283 ]
[-1.00307961  1.56833769  0.12894061  1.12114676]
[-1.17842779  1.722987    0.11252636  0.20079675]
[-0.43098538 -0.6994486   1.42795766 -0.93483747]
[-1.22639239  0.56622133 -0.43061541  0.80818305]
[ 0.82274055 -0.85968898 -0.96493117 -1.18050079]
[-0.49764443 -0.94283896  0.90814328  0.57327117]
[-1.4141981   0.21271278 -0.67680628 -0.06623318]
[ 0.83557248 -0.16363672 -0.68310507  1.03763802]
[-1.43207329  0.6671949  -0.58186584 -0.68062065]
[-0.59392077 -0.44788729 -0.46360919  2.2595411 ]
[ 0.69128271 -0.56193002 -0.56968157  1.8522468 ]
[ 0.87752462  0.10832165 -0.76622788  0.02455661]
[ 0.9963641   1.20153584 -0.28072328 -0.07768622]
[ 0.83377608  0.12558611 -0.84442599 -0.59680067]
[ 1.57990511 -0.87167681  1.25815488  1.42399196]
[ 0.94276568  1.38009644 -0.28281558 -0.91719209]
[ 0.92008601  1.03031408 -0.45392811 -0.67959259]
[ 0.9951218  -0.96773009 -0.56649415  0.73235666]
[-0.6480709   3.37441533  1.41736303  0.85728573]
[-1.48288506  0.10133601 -0.82947591 -0.93103965]
[ 0.81483544 -0.54471681 -0.98829679 -0.83545319]
[-1.39548531  0.55387921 -0.55881008 -0.12125501]
[ 0.87242801 -0.21467203 -0.83625805  0.06871182]
[-1.30569586 -0.93625936 -0.63335126 -0.33776433]
[ 0.8090451   0.9084413  -0.59322374 -1.27363742]
[-0.95652381 -0.11313564 -0.52324439  1.68717466]

Populations

0.0112902615597
0.0113373002988
0.00894223376981
0.0100733140457
0.00931934438104
0.00825722081474
0.007032105107
0.0081440501319
0.0027584178981
0.0104740773937
0.0197975164046
0.00606074335777
0.00760645022732
0.00574884632729
0.00732011462118
0.0116649670449
0.00269186018035
0.00791781801206
0.0155498529067
0.0129074780518
0.0130612227874
0.0267719603534
0.0102590187801
0.00842900647685
0.00943533275952
0.00770983373445
0.00864445876124
0.0115871214469
0.0136519641147
0.0102514323485
0.0175615853265
0.00267832350875
0.00761114690135
0.0189778611917
0.0158642690927
0.013836043333
0.0196087553001
0.00705732554726
0.00341536803882
0.0231592676031
0.0116692255918
0.0029142640266
0.0128076781833
0.0144625235022
0.0244758046844
0.0034195947606
0.00546164767948
0.0161862839532
0.00458281586234
0.00551935733059
0.00947994736627
0.0218930251742
0.0020813685224
0.00428101485001
0.00629487708559
0.0121255538925
0.00253178461455
0.0119453093907
0.0127478985183
0.00438846171874
0.011926669922
0.0045023592541
0.0123899953022
0.00852847622351
0.00558254592647
0.00852057381189
0.0164556258866
0.00558884425738
0.00221243489019
0.0135166620897
0.0113764076822
0.0105519102895
0.00907170348235
0.00798287890923
0.010004351575
0.00994073472818
0.020330653555
0.00516907226422
0.0106976088338
0.00919412959112
0.0155253773723
0.00664225898441
0.00222553211061
0.00478624652391
0.00816095925211
0.0140689521736
0.0123289812704
0.00584835672108
0.010802323068
0.0129576417086
0.0105933347281
0.00251535942565
0.00856269653805
0.021128010843
0.0119153305384
0.0109047128515
0.00714020728354
0.00938721149211
0.00722916199153

State labels

0
1
2
3
4
5
6
7
8
9
10
11
12
13
14
16
17
18
19
20
21
22
23
24
25
26
27
28
29
30
31
32
33
34
35
36
37
38
39
40
41
42
43
44
45
46
47
48
49
50
51
52
53
54
55
56
57
58
59
60
61
62
63
64
65
66
67
68
69
70
71
72
73
74
75
76
77
78
79
80
81
82
83
84
85
86
87
88
89
90
91
92
93
94
95
96
97
98
99

Eigen values

1.0
0.639688199873
0.632033922032
0.595027784359
0.586780460616
0.571372564371
0.546495345584
0.528970135007
0.499066521261
0.495389512667
0.478963373435
0.462352520085
0.453239246378
0.438056826922
0.430846079552
0.418144696909
0.405850502897
0.398456776217
0.37922197863
0.369175156108
0.35092976696

Left eigenvectors

[  1.12902616e-02   3.44054808e-03   1.46490983e-02  -1.99449612e-02
  -7.90655454e-03   1.13040134e-03   1.70182752e-02   1.53844586e-02
  -7.63245889e-03  -1.27605910e-02  -3.54492118e-03  -6.50730035e-03
  -6.30229720e-03  -8.22913145e-03   1.60623745e-02   3.01970250e-03
   3.44567438e-03  -6.81867990e-04   2.65546927e-05   2.60366395e-03
  -5.14085965e-03]
[  1.13373003e-02   7.00044368e-03   2.26357646e-03   2.34167963e-02
  -1.00746821e-02  -8.30492661e-03  -2.70952405e-03   1.41006711e-03
  -5.37602672e-03  -1.75935382e-02  -6.20386630e-03  -8.20566252e-05
   1.39660640e-02   1.37025647e-03  -1.17651646e-02  -9.75449644e-03
  -1.61982345e-02  -2.15693764e-02   1.42196155e-02  -3.59213942e-03
  -1.67225082e-02]
[ 0.00894223  0.00479139  0.00949603  0.00939676 -0.00842488 -0.0096659
  0.00507075  0.00995662  0.00077748  0.0080371  -0.01305095  0.0008235
  0.00128866  0.01171998 -0.00398394 -0.00838806 -0.01646972 -0.007394
  0.0067977  -0.01077118 -0.01553868]
[ 0.01007331  0.00442867 -0.00210116  0.00536866 -0.00489026  0.00258311
 -0.00392349 -0.0092794   0.01315299  0.0083143   0.01417921  0.00512762
  0.01239773  0.01244495  0.00688424  0.00723562  0.0023096  -0.00800869
  0.00891731 -0.00140568  0.00936021]
[  9.31934438e-03  -5.52280872e-03   1.22068378e-02  -4.20716441e-03
   8.04695305e-03  -8.24769892e-03  -7.00799095e-04   4.33377936e-03
   4.67938502e-03  -1.21892899e-02   1.82573363e-02  -3.23523014e-03
  -1.61467979e-02  -2.09301190e-03  -1.15050318e-02   5.24807400e-03
   2.43821473e-03  -2.02821038e-03   3.45782541e-03   6.50912248e-05
  -7.51847058e-04]
[  8.25722081e-03   1.11787152e-03   5.04436824e-03   2.64523561e-03
  -1.26915148e-02   2.13551565e-03  -5.81923965e-04  -7.09688913e-03
   1.16314633e-02  -8.89451887e-03   7.38604065e-03   2.24559710e-02
  -2.88565561e-05   1.23727580e-02   2.39332248e-03  -6.94624234e-03
   1.20636053e-03   3.64349103e-03   5.82182689e-04  -2.47097423e-03
   3.20256535e-03]
[ 0.00703211  0.00531562 -0.01476697  0.002017    0.00299391 -0.00774177
  0.00265166 -0.00648144 -0.02345402 -0.0123116   0.00115982 -0.01102963
  0.00367355  0.01443432  0.00802172 -0.01454034 -0.00931687  0.01144483
 -0.01188975  0.00878032  0.00301369]
[ 0.00814405  0.00067191 -0.00604252  0.01149732 -0.00380831  0.00123743
  0.00584392  0.00500623 -0.00819946 -0.01530551 -0.00853837  0.00529158
  0.00644097 -0.0044392  -0.01232317 -0.0036255   0.00455794 -0.02746959
  0.00788176  0.01122591 -0.01141436]
[ 0.00275842 -0.00216605 -0.00137508  0.00130242 -0.00285318 -0.00172324
  0.00283826 -0.00141708  0.00443508 -0.0043612   0.00478687  0.00397288
 -0.00495125  0.00527488  0.00521554  0.00880081  0.00156343  0.00078617
  0.00049365  0.00804657  0.00692586]
[ 0.01047408  0.00387736 -0.01319218 -0.01776896  0.00407526  0.01043751
  0.02454074 -0.00666087  0.0124416  -0.00260366 -0.0119575   0.00055318
  0.01599128 -0.0067886  -0.02014906 -0.00268091 -0.00165912  0.0173859
  0.02394981 -0.0165199   0.00714882]
[ 0.01979752 -0.00314587  0.00337999 -0.00574244 -0.00187921 -0.01707171
  0.01289388  0.00210707  0.00506927 -0.00036824  0.01423777 -0.00864244
 -0.02939777  0.00057862  0.01069694  0.03389987  0.00769215 -0.01758397
  0.01027945  0.01058628  0.00267685]
[ 0.00606074 -0.04201285 -0.00113401  0.00446326  0.00091408 -0.00045163
  0.00423304 -0.00803327  0.00552479 -0.00552942 -0.0014411  -0.01131213
 -0.00818469  0.00121295  0.0025865  -0.0072256  -0.00496817 -0.00028051
  0.0038352  -0.00680144 -0.00049808]
[ 0.00760645  0.00239397  0.00697485  0.00314392 -0.01303087 -0.0050618
  0.00329745  0.00342412 -0.00072943 -0.00209857  0.0104144  -0.00399069
 -0.01309993 -0.00311974 -0.00660455 -0.00831217 -0.00610234  0.00510466
  0.00815874  0.00395692  0.00657475]
[ 0.00574885  0.00241799 -0.01381109 -0.00200861  0.0018345  -0.00578083
  0.00273003 -0.00343435 -0.01104131 -0.00529842  0.00379499  0.00124881
 -0.00035809  0.00520036 -0.00454525 -0.00618399 -0.00503945  0.00790167
 -0.01539585  0.01532337 -0.00091663]
[ 0.00732011  0.00060944  0.00719392  0.00574219  0.0080212   0.00444174
  0.01067799  0.01053676 -0.00540042  0.01090536 -0.00123817  0.00204106
  0.00362148  0.01265464  0.00651748 -0.00177694 -0.01271515 -0.00335427
 -0.00043213 -0.01209139 -0.01659069]
[ 0.01166497  0.00266788  0.01560543  0.0170699   0.02270799  0.0205969
  0.01618959  0.00483667 -0.02164353  0.03268766  0.00937314  0.00670246
  0.00322714  0.01756522  0.00981281  0.00952949 -0.02097751  0.01410009
  0.01080884  0.01467617  0.00323079]
[  2.69186018e-03  -2.62140664e-05  -1.12784970e-02   1.89402844e-03
  -7.08551229e-04  -8.11574841e-04  -7.21270031e-03   1.42491426e-02
  -7.16552815e-03  -8.60039567e-06   6.77907619e-03   4.10613304e-03
  -3.80407437e-03  -7.66312276e-04   5.76750401e-03  -2.98817061e-03
   3.92342520e-03   6.62215474e-03   6.15061565e-03  -1.60598842e-02
   3.79931628e-03]
[ 0.00791782 -0.02607448 -0.00351233  0.0021546   0.00590793 -0.00205761
  0.0066801  -0.00094821  0.00216805 -0.00307284  0.00648233 -0.01112183
 -0.01512135 -0.00207533 -0.00921067  0.00215651 -0.00174712 -0.01274914
  0.00814179 -0.00333231 -0.00705063]
[ 0.01554985  0.00941592  0.00776458 -0.00148892 -0.00249799  0.01231341
  0.02697069  0.0029867   0.00095216 -0.00170643 -0.00219994 -0.00775999
 -0.00241395 -0.0086016   0.02378334  0.008031   -0.00301104  0.00084004
 -0.01566801 -0.02397442 -0.02534143]
[ 0.01290748 -0.01746241 -0.01081425 -0.00524621  0.01146698  0.00132429
  0.01057839 -0.00413108 -0.00754831 -0.00170908 -0.00550372  0.00419609
  0.0042652  -0.00599746 -0.02142456 -0.00918645 -0.00303513 -0.01447885
  0.00950485  0.00279151 -0.00729307]
[ 0.01306122  0.0068791  -0.00146884 -0.0055549   0.01263815  0.0165132
 -0.00276421 -0.00354571  0.0132037  -0.01229894 -0.01719533 -0.01285135
  0.01329479 -0.01596331  0.01200768 -0.00209465  0.01662031  0.01657812
  0.01826946  0.00993088 -0.00038076]
[ 0.02677196  0.01590464 -0.00575202  0.02207667 -0.0121183   0.00128736
 -0.00223866 -0.02072913  0.00158169 -0.00213704  0.01384022 -0.00846365
  0.01287818 -0.02589384  0.01612634  0.02027467 -0.02553259 -0.03621285
  0.01049292 -0.00052427  0.00437396]
[ 0.01025902  0.00698535  0.00621664 -0.01303847 -0.01136952  0.00360788
  0.03026845  0.00591668  0.00031991 -0.01061171 -0.00657446  0.00095634
 -0.00233301 -0.00038371  0.00541432 -0.0087087   0.00612805  0.01174918
  0.01850318 -0.00672973 -0.00263005]
[ 0.00842901  0.00045841 -0.0102519  -0.00644396  0.00810578 -0.00220272
  0.00096669 -0.01254503 -0.00634403  0.0013423  -0.00705037 -0.00214607
  0.00405893 -0.0045887   0.01380543 -0.01621368  0.00112016  0.00064184
 -0.00313002  0.00599944 -0.00190729]
[ 0.00943533 -0.00119395  0.0104407  -0.02204319  0.00577895 -0.00323418
 -0.01089612  0.01002577  0.00165948 -0.00549673  0.01299762 -0.00400485
  0.00464583  0.00860661 -0.01523493 -0.00499868 -0.00652482 -0.00179479
 -0.00521819  0.00686942 -0.00489523]
[ 0.00770983 -0.00619167  0.01038064 -0.02222324 -0.01584451 -0.00850714
 -0.00404985  0.01199575 -0.01583337  0.00315948  0.00062555 -0.00014471
  0.01979498 -0.00235515  0.00117843  0.01418014 -0.00171438 -0.00047902
  0.00284655  0.00683725 -0.00266345]
[ 0.00864446  0.00076467 -0.00222457 -0.00133232  0.00923241  0.00488694
  0.00042489 -0.00112443  0.00728699  0.01932908  0.01056413 -0.0087017
  0.00597585  0.02596066  0.00211053  0.00294443  0.00067782 -0.00792904
  0.00503831 -0.00338801  0.00323862]
[ 0.01158712  0.00592629 -0.00285627 -0.0046589   0.00671869 -0.00136885
 -0.00019015 -0.01851612  0.00828533  0.00438439  0.00364858 -0.0022941
  0.00064443 -0.01181676  0.0166718   0.00649079  0.00642399 -0.00496673
 -0.00793575 -0.01730319 -0.01739409]
[ 0.01365196  0.00566754  0.00583124  0.01682725 -0.02119761 -0.00376305
  0.00108439 -0.00217004  0.01453144 -0.0077818  -0.00241061  0.01539455
  0.00350952  0.01596676 -0.00212002 -0.00909367 -0.00425736 -0.00974202
  0.00779514  0.00312422  0.01344709]
[  1.02514323e-02   3.97858919e-03  -9.24978708e-03  -8.07205498e-03
   2.31982879e-03  -2.23379717e-02   1.26555926e-03   1.83064719e-03
  -6.59903920e-05   1.19910509e-02  -1.48839031e-02   5.41658793e-03
  -1.37725903e-02  -1.05017814e-02   1.14749179e-02   4.43425479e-03
  -1.53983852e-02  -1.34750897e-02   1.78987107e-03   3.71180938e-03
   2.27490196e-02]
[ 0.01756159  0.00579685  0.02043129 -0.02060292 -0.01708298 -0.03948869
  0.02187831  0.01976415 -0.00552243  0.0078646   0.00196874 -0.01312038
 -0.02373677 -0.00850041  0.00617568  0.01003866 -0.00100989  0.00340205
  0.03745518  0.01071096 -0.0065884 ]
[ 0.00267832 -0.00867812  0.00524764 -0.00867734 -0.01129262 -0.00235063
 -0.00423488  0.0029645  -0.01083842  0.00413943 -0.00288869  0.00046209
  0.01862408 -0.00028598  0.00067659  0.01228963  0.00284679  0.0023364
 -0.00407827  0.0007799   0.0020863 ]
[ 0.00761115 -0.00277842 -0.0078539  -0.01525605  0.0004993  -0.00274941
 -0.00746757  0.00693289 -0.01025252 -0.00130483 -0.00087185  0.0055759
  0.00482214 -0.00275201 -0.00084213  0.00449209 -0.00875031 -0.00802026
  0.00169938  0.00293585 -0.00129091]
[ 0.01897786  0.00319091  0.02247069  0.01109944  0.02217915 -0.00734766
 -0.00600178  0.01078264  0.01311271 -0.02154579  0.01176383  0.012924
  0.01785597 -0.00628841 -0.00559988 -0.00594713  0.00495489 -0.00699804
 -0.01960397 -0.01810817  0.00082764]
[ 0.01586427  0.00342931 -0.00306668 -0.02132057 -0.00348958  0.00458101
  0.00158714 -0.01030152  0.00080169  0.00178015  0.01699423  0.00863442
 -0.01164302  0.02011297 -0.02567271 -0.01432107 -0.00048769  0.0012006
 -0.0124961   0.01341097 -0.00919534]
[ 0.01383604 -0.01073919 -0.00971945  0.01018754 -0.01404707  0.00063732
  0.00679849 -0.00793259  0.01713064 -0.01927362  0.01273607  0.02137775
 -0.00384851  0.0205106   0.01429796  0.01428547  0.00143374  0.01262429
 -0.00404121  0.02088266  0.02042127]
[ 0.01960876  0.00302549 -0.02751404 -0.01327515 -0.00163204  0.00778779
  0.02323206 -0.02186063  0.0094119   0.00573917  0.00953249  0.02897234
  0.00544945  0.00863796 -0.02649828  0.01438029  0.00746618  0.00527175
 -0.01554071 -0.01013649  0.00531178]
[ 0.00705733  0.00313754  0.0052782  -0.00909182 -0.00277348 -0.00807759
 -0.00416761 -0.00439597 -0.00222972  0.01309223  0.01458596 -0.00665554
 -0.0040305  -0.00027886 -0.00791948 -0.01788896  0.01159257  0.00061967
  0.00325009  0.0115353  -0.00599625]
[ 0.00341537 -0.00163644  0.00843194 -0.00119844  0.00911806  0.00073549
  0.00129932  0.00615673  0.00073391 -0.00706087  0.00712433  0.00410298
  0.00025917 -0.00313725 -0.00103984 -0.00495897  0.00348556  0.00122601
 -0.00122259  0.00512193  0.007657  ]
[ 0.02315927 -0.00045174  0.00796284  0.00185385 -0.01429415  0.02125996
 -0.01232732 -0.00547896 -0.01665653  0.00687519 -0.01846648  0.00177737
 -0.01799197  0.00506544 -0.0252104   0.0170374   0.02732769 -0.01055655
 -0.02565055 -0.01259312  0.00272389]
[ 0.01166923  0.00285261  0.00474173 -0.03040398  0.00288166  0.01195632
 -0.02468771 -0.00077248 -0.00517495 -0.01091086 -0.01062968  0.00548282
 -0.01767703  0.00678201 -0.00077859  0.00111272 -0.01688107 -0.00742398
 -0.00017399  0.00730841 -0.01317086]
[ 0.00291426  0.00133919 -0.00676735 -0.00621204  0.002617   -0.00041824
  0.00849287 -0.00404428  0.00365941  0.0008433  -0.00456563  0.00249598
  0.00650571 -0.00745787 -0.00955072 -0.00027624 -0.00293733  0.00641398
  0.00637294 -0.00534189  0.00480929]
[ 0.01280768  0.00041157  0.00084533 -0.01630399  0.00555101  0.0031796
 -0.02196408 -0.00635629  0.00811933  0.0018095  -0.02018447  0.00945796
 -0.00910563 -0.00100177  0.02624368 -0.01239496 -0.01658022 -0.00461974
  0.0014424   0.01001098 -0.00316315]
[ 0.01446252  0.00821018 -0.00626807 -0.00673148 -0.00351917  0.01192316
  0.01932044 -0.02114422  0.00329899  0.00318618  0.00300302  0.00879976
  0.0053752  -0.00684334  0.00798762  0.00568486 -0.00640578  0.00524356
 -0.00563116 -0.02647078 -0.00914612]
[ 0.0244758   0.00171212  0.01474738  0.0034613  -0.04504514  0.00240337
 -0.01821074 -0.0139661   0.00281017  0.02258551  0.00722565  0.01868488
  0.01774949 -0.00025006  0.00208187 -0.02397324 -0.00110408  0.00096014
  0.01019323 -0.00662173 -0.0007589 ]
[  3.41959476e-03  -6.80375665e-04  -2.88160589e-03   1.53293973e-05
   2.68865925e-03   2.42425401e-03   8.66123866e-04   1.68956816e-03
  -6.90886454e-03   1.22952423e-03  -5.07319025e-03   4.44799546e-04
  -1.13026145e-03   9.58813760e-04   7.21969039e-03  -6.99652302e-03
   1.37243540e-02  -1.11573475e-02   1.92266401e-03  -2.43183293e-03
   8.46281554e-03]
[ 0.00546165 -0.00141882  0.00433706  0.00864982  0.01120073  0.00877693
  0.00330698  0.00139122 -0.00969413  0.01246424  0.00187625  0.00433102
  0.00044923 -0.00851192 -0.00327177  0.0047869  -0.00610424  0.00302112
  0.00308922  0.0124503  -0.00138246]
[ 0.01618628 -0.00107769  0.01735827  0.0130642   0.0158686   0.00490885
 -0.00705914 -0.01007293 -0.02079782  0.02134717 -0.00780706  0.00287501
 -0.01339086 -0.00021907 -0.01718143  0.00402465  0.01278443  0.01417969
  0.01041922  0.00497708  0.01779782]
[  4.58281586e-03   7.67297185e-05   8.09407070e-03  -3.03213877e-03
   9.68580689e-03  -6.74328787e-03  -4.11189604e-03   4.61949279e-03
   4.15344419e-03  -7.96677482e-03   6.73215324e-03   7.08625985e-04
   7.43619886e-03   5.22238931e-04  -4.92133148e-03  -8.89001604e-04
  -2.18154767e-03   3.95180666e-04  -1.00383499e-02  -6.93573642e-03
  -2.35276430e-04]
[ 0.00551936  0.00248753  0.00372137 -0.00500516 -0.01125658  0.00242803
  0.00643041 -0.00357906  0.00442608 -0.00335194  0.00415755  0.01213988
 -0.00060033  0.00815281 -0.00160578 -0.01176772  0.00249732  0.00628677
  0.00643921 -0.00198499 -0.00176905]
[ 0.00947995  0.00566374  0.00788706 -0.00070905 -0.01627335  0.00311762
 -0.00668564 -0.01017769 -0.00550371  0.00717977  0.01370786 -0.00861559
 -0.00895378 -0.00639888 -0.0119461  -0.01647385  0.00137125  0.00078229
 -0.00315357  0.00021992  0.01285478]
[ 0.02189303  0.00443613 -0.03759184 -0.01653958  0.01515154 -0.03008275
  0.01518601 -0.01864535 -0.00099893  0.01341814 -0.0061657   0.0176704
  0.00864496 -0.03694596 -0.01749083  0.004806   -0.01553005 -0.00133588
 -0.02006684  0.00880395  0.00996678]
[ 0.00208137  0.00049596  0.00276056 -0.00344236  0.00227969  0.00171153
  0.00170078  0.00212636  0.000613   -0.00414944  0.00154261  0.00012595
 -0.00024962 -0.00184811  0.00053133 -0.00272217  0.003249    0.00214081
  0.00037483  0.00463551  0.00154213]
[ 0.00428101 -0.00331307  0.00440042  0.00262671  0.01063672  0.00239506
  0.0016668   0.00326554 -0.00230209 -0.00033685  0.00257922  0.00624953
  0.00622348 -0.00706787 -0.0045668  -0.00351084 -0.00414668 -0.00290309
 -0.00211804  0.00304503 -0.00084924]
[ 0.00629488  0.00325566 -0.00184063  0.00753681 -0.00541299  0.00455058
  0.00473327 -0.00275107 -0.00817611 -0.00615283 -0.00221159 -0.00054204
  0.00130226 -0.00481341 -0.00132857  0.00194717 -0.00154239 -0.01992634
 -0.00088708  0.0043928   0.00067107]
[ 0.01212555  0.00595457 -0.00451678  0.01077821  0.00129429 -0.00892989
 -0.00670945 -0.01040318  0.01060852 -0.00884551 -0.00216886 -0.01038683
  0.01041889  0.00765378  0.01426654  0.0123336   0.0182275   0.01492076
  0.00826618  0.01679824 -0.00857694]
[  2.53178461e-03   1.85245623e-03  -1.40499419e-05   9.01633971e-04
   4.92906842e-04  -9.80802377e-03  -5.02053395e-04   1.63598396e-03
   2.90161139e-03   6.16594634e-03  -1.20902274e-02   3.68569392e-03
  -5.64477174e-03  -4.70809330e-04   1.90480412e-03   3.41737058e-04
  -5.78963687e-03  -3.53173306e-03  -2.99857929e-03  -1.20506161e-03
   1.29480956e-02]
[ 0.01194531  0.00632945 -0.00577649  0.00809767 -0.00774294  0.01647554
 -0.0084931   0.00981294  0.02000837  0.00320154  0.00454095 -0.03259582
  0.00673372 -0.01939043 -0.0038988   0.00270187 -0.00645181 -0.00472286
 -0.00893224  0.00433122  0.01291587]
[ 0.0127479   0.00524823  0.00229218  0.00675638 -0.01122753  0.0087179
  0.00424651  0.01071129  0.01036393  0.00422074 -0.01285777 -0.01078073
 -0.00371745  0.01516357 -0.01332407 -0.00635615 -0.00768758  0.00321526
 -0.0156561  -0.00251856 -0.00491756]
[ 0.00438846  0.00254562  0.00069252 -0.00245017 -0.0033197  -0.0049789
 -0.00447827 -0.00603864  0.00346455  0.01249907  0.01167386 -0.00444957
  0.00472835 -0.00186693  0.00312101 -0.01371053  0.0114731  -0.00454104
  0.00155474  0.00449145 -0.00730629]
[ 0.01192667  0.00444869  0.00861457  0.00825046  0.00308958  0.00714884
 -0.00068102 -0.01258508 -0.00622396  0.01090044  0.01012825  0.00537425
  0.00428323 -0.00135534  0.00617505  0.01013047 -0.00724925 -0.0036567
  0.01283733 -0.00543743  0.01389501]
[ 0.00450236  0.00403267  0.00442984 -0.00272487 -0.00729604  0.00679025
  0.01146732  0.0033345  -0.00475582 -0.00396847  0.00157649 -0.01279334
 -0.0071703  -0.00600234  0.00935664 -0.00138078 -0.00317945  0.00302742
 -0.01901124 -0.00532768  0.00478395]
[ 0.01239     0.00056184 -0.03118329 -0.00631299  0.00762654 -0.00707934
 -0.00703019  0.02242622 -0.02191386  0.00607082  0.00245489 -0.00475242
 -0.00365966  0.01764467  0.0117127  -0.01220891  0.01067601 -0.00444154
  0.00291617 -0.01555592  0.00819848]
[ 0.00852848 -0.0094246  -0.00127826 -0.00282476  0.00768289  0.0009714
 -0.00257856 -0.00988791 -0.00046143  0.00849229 -0.00563878 -0.00337589
 -0.0054929   0.00481809  0.01822217 -0.00616751  0.0071494  -0.00841887
  0.00339395 -0.00108515  0.0057034 ]
[ 0.00558255 -0.01837153  0.00633421 -0.00564824 -0.01605557  0.00042498
 -0.00663882 -0.00192962 -0.01109187  0.00618034 -0.00608562  0.00097315
  0.02072343  0.00112465  0.00037186  0.01113671  0.00591005  0.00413515
 -0.00829446 -0.00357443  0.00484084]
[ 0.00852057  0.00399137 -0.00828898 -0.00541395  0.00475214 -0.01419005
 -0.00383946 -0.00828366  0.00094198  0.01411151  0.00731335 -0.00559157
  0.00548844 -0.00578753  0.00951148 -0.01867417  0.01768655  0.00178717
 -0.00379498  0.00601786 -0.01268106]
[ 0.01645563  0.00228156 -0.0121309   0.00234562 -0.00104478  0.00937299
 -0.02052379  0.01163574  0.01325549 -0.01400979  0.01638996  0.01329128
  0.00572452 -0.00939961  0.01588178  0.0148835  -0.01535688 -0.00527017
  0.00223835 -0.0009424   0.00977072]
[ 0.00558884  0.00012429 -0.00086074  0.00208535  0.00283491  0.00577855
  0.00148792 -0.00229667 -0.00941909  0.00264752 -0.00374708  0.00252903
 -0.00015332 -0.00539549  0.00354607 -0.00525957  0.01079068 -0.01215723
 -0.00088179 -0.00169749  0.0082798 ]
[ 0.00221243  0.00083451  0.00111666  0.00052253  0.00412047 -0.00565454
 -0.00035301 -0.00026247  0.00336752  0.00366421  0.00131876 -0.00249756
  0.00200941  0.00399899 -0.00074259  0.00188434  0.000887    0.00181101
 -0.00268222 -0.00473129 -0.00042159]
[ 0.01351666 -0.01206209 -0.00135312  0.01901245 -0.00658592  0.00075825
 -0.00921935  0.0082316   0.00649746  0.01254714 -0.0124497   0.00132736
 -0.00719172 -0.01269185 -0.00670124 -0.00722767 -0.00263987  0.03155749
 -0.005975    0.01164247 -0.02118224]
[ 0.01137641  0.00714627  0.01256016  0.00523113  0.00708974  0.00947957
 -0.01953908 -0.02258634 -0.02281737 -0.00625288 -0.00626479 -0.00501071
 -0.01121934 -0.00254152 -0.01502479  0.00362876  0.01047071  0.00918909
  0.01344784 -0.01382977  0.01790697]
[ 0.01055191  0.00084955 -0.00998552  0.00491245  0.0022274   0.00481256
 -0.00082888  0.01080534  0.00360567  0.00177513 -0.00640913 -0.00427014
 -0.00567085  0.01335526 -0.00807298  0.02068143  0.01689582  0.00153447
 -0.00710585  0.01242541 -0.01181744]
[ 0.0090717   0.00489974  0.00021175  0.00257869  0.00055767 -0.00036328
 -0.00389823 -0.00684374  0.01447182  0.01193276  0.01857782 -0.01100372
  0.00914881 -0.00026524  0.00921023  0.00247534  0.00700464 -0.01764846
  0.00093431 -0.00305204 -0.00070596]
[  7.98287891e-03   8.49764485e-04   1.70846151e-03   6.54025423e-03
  -3.64347922e-03  -4.68524357e-03  -1.03164714e-02  -3.34864201e-04
   1.12042909e-02   5.61358327e-03  -1.80213513e-02   3.04413019e-03
   2.94980833e-04   6.19974408e-05   9.70985025e-03  -5.40362436e-03
   3.55424205e-03   1.33006481e-02  -2.29160251e-03   9.92958833e-03
  -9.24305872e-03]
[  1.00043516e-02   5.49213448e-03   9.06702803e-03   1.22401440e-02
   8.09586757e-06  -2.24933661e-02  -3.43186726e-03   5.07267218e-03
   1.15797371e-02   1.24425564e-02  -3.13419243e-02   8.19915945e-03
  -6.73777348e-03   8.73452457e-03  -4.81017210e-03  -3.24425735e-03
  -3.47217197e-03   2.12201538e-03  -1.08100385e-02  -7.20426006e-03
   1.36574098e-02]
[ 0.00994073  0.0034981  -0.00326123  0.00657116  0.00258899  0.00506475
  0.00012835  0.00733609  0.01046584 -0.00633623 -0.0096196  -0.00706223
  0.0066541  -0.003268    0.00835499  0.00338802  0.01935319  0.00402532
 -0.00355191  0.00683273 -0.0119915 ]
[ 0.02033065 -0.01112459  0.02897927 -0.00401633  0.0361754   0.00209132
 -0.00385243  0.02184363  0.00827399 -0.01835959  0.01216048  0.0183921
  0.02453895 -0.01279142  0.01359027 -0.02245788 -0.01155875 -0.00152573
 -0.01826541 -0.00512234  0.00939997]
[ 0.00516907  0.00308215  0.00481279 -0.00897218  0.00263066  0.00854483
 -0.01541325 -0.01033567 -0.00721439 -0.00649588 -0.0049929   0.0046567
 -0.01531851  0.00150718 -0.0041696   0.00504123 -0.00349828 -0.00017104
  0.0015258  -0.00714438 -0.00650094]
[ 0.01069761  0.00648568  0.00019027  0.00418195 -0.01029098  0.00771471
  0.02301624 -0.00107741 -0.01256552 -0.00825963  0.0044934  -0.00733436
 -0.00685637  0.01009048  0.01154807 -0.00717992 -0.01482041  0.01278564
 -0.01221934  0.00524728  0.01028331]
[ 0.00919413  0.00074047  0.00431114  0.0015428   0.00732627 -0.01963665
 -0.00022445  0.00492807  0.00824417  0.00963711 -0.00501451  0.00295245
  0.00232957 -0.00767276 -0.00080069 -0.00845599  0.00161658  0.00991945
 -0.01018807 -0.00173593 -0.00474091]
[ 0.01552538  0.00471178  0.00486027 -0.01086142  0.0008872   0.01490185
 -0.01588703 -0.01987251  0.00355854 -0.00545609  0.00159632  0.01776113
 -0.02304866 -0.00063602  0.00373192  0.01284086 -0.0015859  -0.0014212
 -0.01135442 -0.01697073 -0.02397947]
[  6.64225898e-03  -3.32501990e-04   1.37653740e-02   5.09710886e-03
   1.53544576e-02   5.41944498e-03   3.89478324e-03   8.60915894e-03
  -4.61333312e-03  -2.39226360e-03   3.68216122e-03   9.15962419e-03
   4.89273745e-03  -7.09947128e-04  -5.17876470e-05  -6.26255585e-03
   6.47343785e-03   1.84994517e-03  -3.05812714e-04   7.09812923e-03
   1.34443551e-02]
[  2.22553211e-03   2.01085858e-03   1.76948809e-03   8.28625771e-05
   3.00957163e-03   4.07577985e-03  -3.96198807e-03  -4.78743478e-03
  -2.29237113e-03  -3.34003276e-03  -4.31836212e-03  -3.41366435e-03
   2.34138644e-05  -3.64409978e-03  -1.10055732e-03   4.36168703e-04
   6.00179761e-03   5.78615295e-03   7.56602484e-03  -1.43825800e-03
   4.95490208e-03]
[ 0.00478625  0.0036888   0.00313302  0.00019934 -0.00931196  0.00862531
  0.0011064   0.00050946 -0.00161474  0.00114641  0.00332749 -0.0163197
 -0.00719571 -0.00917615 -0.0019261  -0.00297115  0.0004201  -0.00040066
 -0.01993954 -0.0042954   0.01221246]
[ 0.00816096  0.00329707 -0.00363724 -0.01578772  0.00579626  0.01226334
 -0.01820243  0.00418866  0.01165881 -0.00669357 -0.01152316 -0.00373368
 -0.00092765  0.00412163  0.00977984 -0.00086787 -0.01493721 -0.00030826
  0.01029524  0.00950414  0.00079238]
[ 0.01406895 -0.00188463 -0.00383901  0.02141712 -0.02228677  0.00379742
 -0.01620603  0.0143319   0.00135378  0.00693674  0.00454265  0.00018742
 -0.00458558 -0.02364602 -0.01402159 -0.01216086 -0.00923884  0.01566758
  0.00768112 -0.00289825 -0.01219978]
[ 0.01232898 -0.00743976 -0.01493946  0.00011524  0.01018813  0.0046825
  0.00663976  0.0116102  -0.00709242  0.01126737  0.00016599 -0.00502148
 -0.00385706  0.02417136 -0.00591416  0.00387522  0.01246408 -0.01397731
 -0.00071219 -0.01501588 -0.01468725]
[  5.84835672e-03  -3.14101756e-04  -1.61941732e-02   7.44565729e-03
  -5.04871586e-03   1.14124004e-03  -1.33924286e-02   2.17058158e-02
  -5.39951578e-03  -2.65568124e-03   1.24814593e-02   9.98664779e-03
  -5.60402691e-03  -9.06768569e-03   5.27911818e-03   9.14136582e-05
   2.00518640e-03   1.29399664e-02   8.46525387e-03  -1.79796353e-02
   2.00089484e-03]
[ 0.01080232  0.01273606 -0.00362931  0.02011722  0.00382725 -0.01884095
 -0.01039382 -0.0232313  -0.02600301 -0.03188268 -0.00270236 -0.02605088
  0.01765711  0.01547464  0.00021398  0.00097717 -0.01383381  0.00870641
  0.00938432 -0.00433166 -0.00475861]
[ 0.01295764 -0.06389716  0.00030343  0.006615   -0.00256423  0.00067442
  0.00233899 -0.01236545  0.00691684 -0.00621673 -0.00673797 -0.00812535
 -0.00060847  0.00310967  0.00998405 -0.0108093  -0.00494301  0.00874271
 -0.00133878 -0.0053312   0.00448823]
[ 0.01059333  0.00435692 -0.01147552 -0.01522452  0.00616093  0.0137832
 -0.00610663  0.01612264  0.01767286  0.00497525 -0.00598219 -0.02492309
  0.0093431   0.02393747 -0.01475652 -0.00029451 -0.01025391  0.00217711
  0.01001798  0.00036638  0.01127064]
[  2.51535943e-03   1.84438883e-03  -3.14860416e-03  -1.71998267e-03
  -7.48987234e-05   5.89547639e-03  -2.95492675e-03   5.61467489e-03
   8.42489152e-03   1.88596994e-03  -5.48533967e-04  -1.37961429e-02
   4.03434836e-03   2.11423122e-03  -5.09923121e-03   5.77021370e-04
  -4.70746430e-03  -5.50419834e-04   8.01046304e-04   1.32428697e-03
   7.68643223e-03]
[ 0.0085627  -0.00461939 -0.00843166  0.00945029  0.00093     0.00351586
  0.00014687  0.0029784  -0.00069638  0.00570811  0.00538298 -0.00451511
 -0.00317216 -0.02160839 -0.00938017  0.00568897 -0.007258   -0.00641293
  0.00031051  0.01071587 -0.00142903]
[ 0.02112801 -0.00253147 -0.03872566  0.01401268 -0.00307023 -0.00156734
 -0.00193708  0.02117313 -0.00319717 -0.01075542  0.00761527  0.01741977
 -0.00772614 -0.00469053 -0.00879893  0.02054632  0.01366629  0.00746335
 -0.01279822  0.02778542 -0.01154482]
[ 0.01191533  0.00502483  0.00661832  0.00360304 -0.00220538  0.0090157
  0.01300212  0.01242554 -0.0020223  -0.01616435 -0.02069464  0.00448205
  0.00351691 -0.00039151  0.00110759 -0.00865902  0.03249012 -0.01522708
  0.00660281  0.00801515  0.00447818]
[ 0.01090471  0.00607618  0.00808085  0.00443319  0.01547087 -0.0304505
 -0.00312974 -0.00659608  0.00585667 -0.00896851  0.002151   -0.00977688
  0.003205    0.00263939 -0.00644144  0.01820878  0.00254526  0.0087218
 -0.00915344 -0.01959579 -0.00054952]
[ 0.00714021  0.00236937  0.00880705  0.00145909  0.00723783 -0.01903924
 -0.0005172  -0.00210308  0.00189305 -0.00434713  0.0044306  -0.00919382
 -0.00680281  0.0008982  -0.00503213  0.016089    0.00861361  0.01085218
  0.00764645 -0.00340413 -0.00074708]
[ 0.00938721  0.00191324  0.00278547  0.00896729  0.00746225  0.01377024
  0.00291622  0.00026433 -0.00276683  0.01084835 -0.00326185  0.00112695
 -0.00266081 -0.00672898  0.00610992  0.01344639 -0.00441088  0.01290645
  0.00079501  0.01094598 -0.01980054]
[ 0.00722916  0.00305828  0.00439718  0.0064585  -0.000759    0.00032741
  0.00031164  0.00841175  0.00508904 -0.00098377 -0.01693228  0.00186686
 -0.0028259   0.00868784 -0.01007704  0.00205565  0.01398549 -0.00452452
 -0.01464677 -0.00220768  0.00167078]

Right eigenvectors

[ 1.          0.30473591  1.29749857 -1.76656326 -0.70029862  0.1001218
  1.5073411   1.36263084 -0.67602144 -1.13022989 -0.31398043 -0.576364
 -0.55820648 -0.72886987  1.42267514  0.26746081  0.30518995 -0.06039435
  0.002352    0.23061148 -0.45533574]
[ 1.          0.61747008  0.19965745  2.06546495 -0.8886315  -0.73253124
 -0.238992    0.12437415 -0.47418932 -1.55182783 -0.54720843 -0.00723776
  1.23186857  0.12086268 -1.03773953 -0.8603897  -1.42875588 -1.90251434
  1.25423294 -0.31684258 -1.47499914]
[ 1.          0.53581544  1.06192988  1.05082903 -0.94214478 -1.08092676
  0.56705625  1.1134376   0.08694444  0.89877975 -1.45947266  0.09209153
  0.14410952  1.3106325  -0.44551928 -0.93802766 -1.84179005 -0.82686307
  0.76017911 -1.20452925 -1.73767273]
[ 1.          0.43964383 -0.20858684  0.53295863 -0.48546705  0.25643105
 -0.38949325 -0.92118638  1.30572641  0.82537926  1.40760176  0.50903003
  1.2307497   1.23543722  0.68341344  0.71829557  0.2292789  -0.79504047
  0.88524112 -0.13954471  0.92920828]
[ 1.         -0.59261773  1.30983868 -0.45144425  0.86346772 -0.88500849
 -0.07519833  0.4650305   0.50211526 -1.30795573  1.95907947 -0.34715212
 -1.73261093 -0.22458789 -1.23453232  0.56313768  0.26162943 -0.21763445
  0.37103741  0.00698453 -0.08067596]
[ 1.          0.13538109  0.61090388  0.32035423 -1.53702015  0.25862402
 -0.07047456 -0.85947673  1.40864142 -1.0771807   0.89449475  2.71955559
 -0.00349471  1.49841675  0.28984601 -0.84123248  0.14609765  0.44124907
  0.07050589 -0.29925011  0.38785027]
[ 1.          0.75590734 -2.0999355   0.28682763  0.42574891 -1.10091735
  0.37707849 -0.92169251 -3.33527772 -1.75076969  0.16493184 -1.56846762
  0.5223964   2.05263136  1.14072794 -2.06770806 -1.32490532  1.62751149
 -1.69078164  1.24860516  0.42856148]
[ 1.          0.08250282 -0.74195477  1.41174427 -0.4676183   0.15194303
  0.71756954  0.61470998 -1.00680364 -1.87934926 -1.04841826  0.6497484
  0.79088022 -0.54508454 -1.51314995 -0.44517127  0.55966487 -3.37296428
  0.96779363  1.37841843 -1.40155778]
[ 1.         -0.78525226 -0.49850135  0.47216119 -1.03435443 -0.62471992
  1.02894521 -0.5137281   1.60783523 -1.58105069  1.73536761  1.44027328
 -1.79495928  1.91228306  1.89077043  3.19052859  0.56678452  0.28500824
  0.1789602   2.91709504  2.51080928]
[ 1.          0.37018674 -1.25950714 -1.69647007  0.38908036  0.99650841
  2.34299815 -0.63593893  1.18784663 -0.24858117 -1.1416283   0.05281398
  1.526748   -0.64813345 -1.92370738 -0.25595653 -0.15840248  1.65989836
  2.28657933 -1.57721762  0.68252519]
[ 1.         -0.15890248  0.17072787 -0.29005876 -0.09492162 -0.86231584
  0.65128753  0.10643089  0.25605593 -0.01860036  0.71916968 -0.43654161
 -1.48492225  0.02922668  0.54031706  1.71232968  0.38854141 -0.8881906
  0.51922938  0.53472764  0.13521149]
[ 1.         -6.93196265 -0.18710788  0.73642089  0.15081906 -0.07451698
  0.69843552 -1.32545885  0.91156958 -0.9123335  -0.23777651 -1.86645991
 -1.35044342  0.20013234  0.42676308 -1.19219691 -0.81973014 -0.04628271
  0.63279342 -1.1222126  -0.08218121]
[ 1.          0.3147286   0.91696472  0.41332332 -1.71313474 -0.66546147
  0.43350675  0.45016054 -0.09589681 -0.27589336  1.36915337 -0.52464582
 -1.72221369 -0.41014431 -0.86828299 -1.09277946 -0.80225884  0.67109626
  1.07260787  0.5202064   0.86436474]
[ 1.          0.42060365 -2.40241121 -0.34939391  0.31910802 -1.00556419
  0.47488294 -0.59739862 -1.92061305 -0.92164858  0.66013132  0.21722758
 -0.06228934  0.90459163 -0.79063666 -1.07569275 -0.87660152  1.37448007
 -2.67807645  2.66546898 -0.15944641]
[ 1.          0.08325557  0.98276029  0.78444031  1.09577524  0.60678621
  1.45871877  1.4394254  -0.73775064  1.48978029 -0.16914588  0.27882949
  0.49472965  1.72874839  0.89035214 -0.24274712 -1.7370146  -0.45822695
 -0.05903298 -1.65180357 -2.26645223]
[ 1.          0.22870897  1.33780345  1.46334704  1.94668266  1.76570599
  1.3878811   0.41463188 -1.85542983  2.80220794  0.80352935  0.57458022
  0.27665239  1.50580982  0.84122091  0.81693271 -1.79833424  1.20875494
  0.92660687  1.25814087  0.27696524]
[  1.00000000e+00  -9.73827190e-03  -4.18985247e+00   7.03613232e-01
  -2.63219923e-01  -3.01492197e-01  -2.67944835e+00   5.29341853e+00
  -2.66192435e+00  -3.19496374e-03   2.51836118e+00   1.52538868e+00
  -1.41317681e+00  -2.84677593e-01   2.14257191e+00  -1.11007646e+00
   1.45751448e+00   2.46006638e+00   2.28489418e+00  -5.96609152e+00
   1.41140922e+00]
[ 1.         -3.29313936 -0.44359883  0.27212019  0.74615665 -0.25987079
  0.84367893 -0.11975661  0.27381926 -0.38809163  0.81870096 -1.40465847
 -1.90978806 -0.26210923 -1.16328391  0.27236184 -0.22065627 -1.61018336
  1.02828691 -0.42086172 -0.89047618]
[ 1.          0.60553117  0.49933438 -0.09575119 -0.16064386  0.79186642
  1.73446616  0.19207267  0.06123303 -0.10973938 -0.14147685 -0.49903959
 -0.15523963 -0.55316307  1.52949     0.51646783 -0.19363804  0.05402249
 -1.00759886 -1.54177821 -1.62968912]
[ 1.         -1.35289095 -0.83782813 -0.40644719  0.88839821  0.10259885
  0.8195555  -0.32005328 -0.58480116 -0.13240993 -0.42639812  0.32508949
  0.33044411 -0.46465031 -1.65985643 -0.71171561 -0.23514529 -1.12174093
  0.73638356  0.21627108 -0.56502645]
[ 1.          0.52668139 -0.11245814 -0.42529735  0.96760876  1.26429177
 -0.21163513 -0.27146826  1.0109084  -0.94163791 -1.31651735 -0.98393195
  1.01788257 -1.22219135  0.91933788 -0.16037185  1.27249294  1.26926218
  1.39875563  0.76033331 -0.02915178]
[ 1.          0.59407816 -0.21485228  0.82461915 -0.45264895  0.04808601
 -0.08361965 -0.77428508  0.05908015 -0.07982379  0.51696684 -0.31613877
  0.48103224 -0.96720006  0.60235937  0.75730987 -0.95370626 -1.35264082
  0.3919368  -0.01958268  0.1633783 ]
[ 1.          0.68089852  0.60596832 -1.27092758 -1.10824639  0.35167861
  2.95042371  0.57673004  0.03118351 -1.03437907 -0.64084671  0.09321948
 -0.22741028 -0.03740265  0.52776183 -0.84888258  0.59733321  1.14525386
  1.8036017  -0.65598179 -0.25636481]
[ 1.          0.05438457 -1.21626457 -0.76449806  0.96165273 -0.26132597
  0.11468615 -1.48831693 -0.7526429   0.15924731 -0.83644124 -0.25460515
  0.48154364 -0.54439389  1.63784758 -1.92355797  0.13289389  0.07614685
 -0.37133937  0.71176121 -0.22627642]
[ 1.         -0.12653994  1.10655363 -2.33623868  0.61247995 -0.34277362
 -1.15482133  1.0625774   0.17587944 -0.58256883  1.37754784 -0.42445277
  0.49238609  0.91216855 -1.61466799 -0.52978271 -0.69153032 -0.19022013
 -0.55304786  0.72805315 -0.51881881]
[ 1.         -0.80308757  1.34641532 -2.88245326 -2.05510337 -1.10341405
 -0.52528345  1.55590292 -2.05365924  0.40979912  0.08113697 -0.01876915
  2.56749708 -0.30547364  0.15284753  1.83922791 -0.22236292 -0.062131
  0.36921078  0.88682229 -0.3454619 ]
[ 1.          0.08845755 -0.2573411  -0.15412434  1.06801534  0.56532575
  0.04915173 -0.13007519  0.84296688  2.23600786  1.22206971 -1.00662136
  0.69129228  3.00315646  0.24414843  0.34061425  0.07841053 -0.9172393
  0.58283745 -0.39192903  0.3746467 ]
[ 1.          0.51145504 -0.24650401 -0.40207528  0.57984129 -0.11813541
 -0.01641086 -1.59799118  0.71504614  0.37838488  0.31488277 -0.19798691
  0.05561569 -1.01981882  1.43882132  0.56017296  0.55440789 -0.42864209
 -0.68487688 -1.49331249 -1.50115686]
[ 1.          0.41514481  0.4271359   1.23258821 -1.55271504 -0.27564169
  0.07943096 -0.15895434  1.06442144 -0.57001316 -0.17657615  1.12764352
  0.25707076  1.16955771 -0.15529058 -0.66610711 -0.31184949 -0.71359811
  0.57099061  0.22884776  0.9849934 ]
[ 1.          0.38810081 -0.90229216 -0.78740753  0.22629314 -2.17900981
  0.12345195  0.17857477 -0.00643719  1.16969517 -1.45188521  0.52837377
 -1.34347961 -1.02442089  1.11934777  0.43254978 -1.50207158 -1.31445921
  0.17459717  0.36207715  2.21910644]
[ 1.          0.33008673  1.16340783 -1.17318132 -0.9727473  -2.24858364
  1.24580472  1.12541922 -0.31446059  0.44782973  0.11210498 -0.74710679
 -1.35163037 -0.48403453  0.35165832  0.57162582 -0.05750542  0.19372111
  2.13279035  0.60990866 -0.37516003]
[ 1.         -3.24013194  1.95929977 -3.23984101 -4.2163016  -0.87764932
 -1.58116944  1.1068506  -4.04671975  1.54553192 -1.07854388  0.17252897
  6.95363184 -0.10677591  0.25261575  4.58855347  1.06289985  0.8723365
 -1.52269623  0.2911902   0.77895649]
[ 1.         -0.36504654 -1.0318949  -2.00443567  0.0656012  -0.36123498
 -0.98113607  0.91088578 -1.34704059 -0.17143724 -0.11454902  0.73259712
  0.63356249 -0.36157595 -0.11064407  0.59019858 -1.14967055 -1.05375121
  0.22327492  0.38572978 -0.16960746]
[ 1.          0.16813867  1.18404765  0.58486266  1.16868537 -0.38716982
 -0.31625171  0.56816943  0.69094768 -1.13531192  0.61987121  0.68100386
  0.94088446 -0.33135487 -0.29507424 -0.31337181  0.261088   -0.36874746
 -1.03299149 -0.95417348  0.0436107 ]
[ 1.          0.21616576 -0.19330718 -1.34393674 -0.21996485  0.28876254
  0.10004526 -0.64935351  0.05053438  0.11221143  1.0712266   0.54426826
 -0.73391495  1.26781603 -1.6182727  -0.90272472 -0.03074167  0.07567966
 -0.78768805  0.84535703 -0.57962572]
[ 1.         -0.77617515 -0.70247326  0.73630409 -1.0152516   0.04606225
  0.49136088 -0.57332789  1.23811685 -1.39300113  0.92049915  1.54507666
 -0.27815123  1.48240358  1.03338506  1.03248219  0.10362332  0.91242085
 -0.29207825  1.50929419  1.47594704]
[ 1.          0.15429294 -1.403151   -0.6770014  -0.08323005  0.39715887
  1.18477996 -1.1148402   0.47998448  0.29268397  0.48613444  1.47752045
  0.2779091   0.44051532 -1.35134916  0.73336089  0.38075724  0.26884679
 -0.79253922 -0.51693696  0.27088824]
[ 1.          0.44457875  0.74790385 -1.28828154 -0.3929937  -1.14456751
 -0.59053652 -0.62289438 -0.31594444  1.85512682  2.06678237 -0.94306872
 -0.57110897 -0.03951352 -1.1221638  -2.53480789  1.64262956  0.08780503
  0.46052759  1.63451454 -0.84964938]
[ 1.         -0.47914161  2.46882189 -0.35089719  2.66971537  0.2153464
  0.3804324   1.80265443  0.21488379 -2.06738132  2.08596237  1.20132943
  0.07588264 -0.91856811 -0.3044603  -1.45195702  1.02055199  0.35896761
 -0.35796748  1.4996707   2.24192605]
[ 1.         -0.0195057   0.34382938  0.08004806 -0.61721096  0.91798909
 -0.53228434 -0.2365776  -0.71921671  0.29686576 -0.79736906  0.07674537
 -0.77687989  0.21872211 -1.08856651  0.73566217  1.17998944 -0.45582394
 -1.10757173 -0.54376166  0.11761549]
[ 1.          0.24445593  0.40634448 -2.60548437  0.24694501  1.02460304
 -2.11562544 -0.06619783 -0.44346984 -0.93501191 -0.91091549  0.46985308
 -1.51484175  0.58118765 -0.06672187  0.09535545 -1.44663128 -0.63620169
 -0.01491014  0.62629812 -1.1286832 ]
[ 1.          0.45952859 -2.32214873 -2.13159713  0.89799746 -0.14351398
  2.91424014 -1.38775474  1.25568916  0.28937077 -1.56664996  0.856469
  2.23236799 -2.5590933  -3.27723078 -0.09478945 -1.00791579  2.20089205
  2.1868097  -1.83301383  1.6502589 ]
[ 1.          0.03213449  0.06600151 -1.27298593  0.4334127   0.24825701
 -1.71491466 -0.49628784  0.63394263  0.14128264 -1.57596625  0.73846005
 -0.71095097 -0.07821615  2.04905827 -0.96777549 -1.29455343 -0.3607009
  0.11261992  0.78163903 -0.24697316]
[ 1.          0.56768664 -0.43340112 -0.46544309 -0.24333039  0.8244175
  1.33589715 -1.46200063  0.22810631  0.22030604  0.2076412   0.60845258
  0.37166382 -0.47317729  0.55229764  0.39307494 -0.44292294  0.36256171
 -0.38936254 -1.83030183 -0.63240116]
[ 1.          0.06995156  0.60252908  0.1414173  -1.8403946   0.09819373
 -0.74403043 -0.57060825  0.11481428  0.92276872  0.29521584  0.76340218
  0.72518515 -0.01021657  0.08505844 -0.97946674 -0.0451089   0.03922793
  0.41646133 -0.27054192 -0.03100613]
[ 1.         -0.19896383 -0.84267467  0.00448281  0.78625084  0.7089302
  0.2532826   0.49408432 -2.02037523  0.35955261 -1.48356475  0.13007376
 -0.33052497  0.28038812  2.11127075 -2.0460094   4.01344455 -3.26276891
  0.56224908 -0.71114653  2.47480071]
[ 1.         -0.25977902  0.79409428  1.58373744  2.05079621  1.60701055
  0.6054911   0.25472519 -1.77494518  2.2821386   0.34353227  0.79298839
  0.08225211 -1.55848866 -0.5990439   0.87645646 -1.1176552   0.55315262
  0.56562104  2.27958594 -0.25312149]
[ 1.         -0.06658067  1.07240582  0.80711565  0.98037335  0.30327239
 -0.43611855 -0.62231268 -1.28490399  1.31884309 -0.48232585  0.17762018
 -0.82729681 -0.01353449 -1.06148064  0.24864574  0.78983134  0.87603102
  0.64370699  0.30748746  1.09956163]
[ 1.          0.01674292  1.76617847 -0.66163225  2.11350558 -1.47142894
 -0.89724225  1.00800314  0.90630833 -1.73840169  1.46899929  0.15462676
  1.62262659  0.11395591 -1.07386629 -0.19398589 -0.47602778  0.08623097
 -2.19043275 -1.51342245 -0.05133884]
[ 1.          0.4506927   0.67423992 -0.90683721 -2.03947238  0.43991207
  1.16506569 -0.64845562  0.80191924 -0.6073062   0.75326683  2.19950967
 -0.10876756  1.47712997 -0.29093531 -2.13208174  0.45246628  1.13903991
  1.16666004 -0.35964193 -0.3205171 ]
[ 1.          0.59744405  0.83197308 -0.0747952  -1.71660738  0.32886445
 -0.7052406  -1.07360222 -0.58056324  0.75736385  1.44598445 -0.90882301
 -0.9444972  -0.67499136 -1.26014444 -1.73775806  0.14464795  0.08252009
 -0.33265736  0.02319893  1.35599738]
[ 1.          0.20262757 -1.71706905 -0.75547268  0.69207142 -1.37407919
  0.69364582 -0.85165717 -0.04562792  0.6128958  -0.28162855  0.80712453
  0.39487271 -1.68756779 -0.79892263  0.2195219  -0.70936068 -0.06101841
 -0.91658616  0.40213503  0.455249  ]
[ 1.          0.23828671  1.32631909 -1.65389221  1.09528291  0.82231147
  0.81714421  1.02161443  0.29451706 -1.99361327  0.74115374  0.06051403
 -0.11992966 -0.88793188  0.25528099 -1.30787571  1.56099256  1.02855731
  0.18008724  2.22714466  0.7409222 ]
[ 1.         -0.77389835  1.0278916   0.61357252  2.48462593  0.55946099
  0.38934755  0.7627967  -0.53774442 -0.07868447  0.6024776   1.45982539
  1.45373984 -1.65098008 -1.06675632 -0.82009468 -0.96862051 -0.6781321
 -0.49475163  0.71128686 -0.19837459]
[ 1.          0.51719218 -0.29240108  1.19729269 -0.85990447  0.72290141
  0.75192341 -0.43703292 -1.29885157 -0.97743416 -0.35133234 -0.0861082
  0.20687561 -0.76465576 -0.21105632  0.30932667 -0.245023   -3.16548542
 -0.14092016  0.6978372   0.10660501]
[ 1.          0.49107651 -0.37250054  0.88888381  0.10674078 -0.73645174
 -0.5533316  -0.85795503  0.87488911 -0.7294934  -0.17886676 -0.85660697
  0.85925092  0.63121065  1.17656776  1.01715775  1.50323001  1.23052175
  0.68171536  1.38535818 -0.70734396]
[ 1.          0.73168003 -0.00554942  0.35612586  0.19468751 -3.87395662
 -0.1983002   0.64617818  1.14607355  2.43541504 -4.77537755  1.45576914
 -2.22956238 -0.18595947  0.7523563   0.13497872 -2.28678097 -1.39495794
 -1.18437377 -0.47597319  5.11421689]
[ 1.          0.52986884 -0.48357769  0.67789553 -0.64819914  1.37924741
 -0.71099907  0.82148881  1.67499777  0.26801653  0.38014538 -2.72875492
  0.56371257 -1.62326692 -0.32638726  0.22618635 -0.54011228 -0.39537398
 -0.74776096  0.3625877   1.08125015]
[ 1.          0.41169338  0.17980882  0.52999969 -0.88073538  0.68386944
  0.33311463  0.84023953  0.81299144  0.33109263 -1.00861868 -0.84568687
 -0.29161265  1.18949571 -1.04519737 -0.49860354 -0.60304665  0.25221918
 -1.22813163 -0.19756646 -0.38575428]
[ 1.          0.58007059  0.15780366 -0.55832188 -0.7564612  -1.13454368
 -1.02046498 -1.37602707  0.789468    2.84816692  2.66012528 -1.01392402
  1.07745111 -0.42541713  0.71118448 -3.12422334  2.61437769 -1.03476738
  0.35427841  1.02346909 -1.66488728]
[ 1.          0.37300335  0.722295    0.69176596  0.2590477   0.59939931
 -0.05710054 -1.05520518 -0.52185225  0.91395486  0.84921023  0.45060744
  0.35913    -0.11363948  0.51775156  0.8493964  -0.60781878 -0.30659872
  1.07635503 -0.45590498  1.16503696]
[ 1.          0.89567855  0.98389284 -0.60520993 -1.62049257  1.50815441
  2.54695788  0.74061135 -1.05629608 -0.88141998  0.35014675 -2.84147363
 -1.59256525 -1.33315389  2.07816451 -0.30667956 -0.70617314  0.67240705
 -4.22250731 -1.18330808  1.06254362]
[ 1.          0.04534634 -2.51681248 -0.50952313  0.61554008 -0.57137565
 -0.56740872  1.81002667 -1.76867357  0.48997784  0.19813496 -0.38356954
 -0.29537181  1.42410627  0.94533556 -0.98538474  0.86166394 -0.35847815
  0.23536508 -1.25552259  0.66170131]
[ 1.         -1.10507485 -0.14988094 -0.33121498  0.90085183  0.1139002
 -0.30234764 -1.15939929 -0.05410437  0.99575709 -0.66117117 -0.39583723
 -0.64406636  0.56494103  2.13662721 -0.72316657  0.83829728 -0.98714843
  0.39795509 -0.12723838  0.66874736]
[ 1.         -3.29088668  1.13464564 -1.01176801 -2.87603092  0.07612655
 -1.18920968 -0.34565316 -1.98688439  1.1070823  -1.09011614  0.17432019
  3.71218239  0.20145746  0.06661032  1.99491568  1.05866601  0.74072839
 -1.48578411 -0.64028648  0.86713922]
[ 1.          0.46843905 -0.97281926 -0.63539677  0.55772541 -1.66538621
 -0.45061071 -0.97219542  0.11055388  1.65616913  0.85831629 -0.65624359
  0.64413913 -0.67924198  1.11629513 -2.19165679  2.07574591  0.20974761
 -0.44538975  0.70627372 -1.48828656]
[ 1.          0.13864932 -0.73718845  0.14254219 -0.06349101  0.56959205
 -1.24722048  0.70709818  0.80552944 -0.85136765  0.99600932  0.80770406
  0.34787622 -0.57120932  0.96512797  0.90446253 -0.93322957 -0.32026542
  0.13602352 -0.05726944  0.5937619 ]
[ 1.          0.02223976 -0.15401031  0.37312659  0.50724383  1.03394298
  0.26623021 -0.41093805 -1.68533758  0.47371575 -0.67045783  0.45251438
 -0.02743307 -0.96540408  0.63449164 -0.94108447  1.9307535  -2.17526806
 -0.15777691 -0.30372849  1.48148647]
[ 1.          0.37719214  0.50472122  0.23618026  1.86241204 -2.55579911
 -0.15955554 -0.11863374  1.52208561  1.65618978  0.59606611 -1.12887284
  0.90823541  1.80750802 -0.33564172  0.85170205  0.40091674  0.81856051
 -1.21234021 -2.13849771 -0.19055334]
[ 1.         -0.89238682 -0.10010792  1.40659382 -0.48724465  0.05609778
 -0.68207291  0.60899631  0.4806997   0.92827234 -0.92106332  0.09820143
 -0.53206304 -0.93897812 -0.49577653 -0.53472294 -0.19530491  2.33471063
 -0.44204707  0.86134195 -1.5671209 ]
[ 1.          0.62816536  1.1040534   0.45982272  0.62319647  0.83326535
 -1.71750888 -1.98536664 -2.00567461 -0.54963581 -0.55068282 -0.4404475
 -0.98619398 -0.2234025  -1.32069685  0.31897279  0.92038796  0.80773199
  1.18208152 -1.21565338  1.5740439 ]
[ 1.          0.0805115  -0.94632321  0.46555096  0.2110894   0.45608448
 -0.07855223  1.02401787  0.3417077   0.16822831 -0.60739036 -0.40467978
 -0.53742398  1.26567261 -0.76507308  1.95997037  1.60120972  0.14542071
 -0.67341869  1.17755073 -1.11993336]
[ 1.          0.54011298  0.02334195  0.28425624  0.0614737  -0.04004552
 -0.42971298 -0.75440515  1.59527043  1.31538222  2.0478866  -1.21297204
  1.00849959 -0.02923793  1.0152702   0.27286418  0.77214147 -1.94544039
  0.10299153 -0.33643524 -0.07782033]
[ 1.          0.10644837  0.21401571  0.81928516 -0.45641169 -0.58691152
 -1.29232468 -0.0419478   1.40354012  0.70320286 -2.25750028  0.38133238
  0.03695169  0.0077663   1.2163344  -0.67690171  0.44523312  1.66614679
 -0.28706467  1.24386057 -1.15786032]
[  1.00000000e+00   5.48974558e-01   9.06308416e-01   1.22348199e+00
   8.09234612e-04  -2.24835822e+00  -3.43037451e-01   5.07046573e-01
   1.15747003e+00   1.24371443e+00  -3.13282915e+00   8.19559308e-01
  -6.73484276e-01   8.73072533e-01  -4.80807983e-01  -3.24284620e-01
  -3.47066168e-01   2.12109237e-01  -1.08053365e+00  -7.20112643e-01
   1.36514693e+00]
[ 1.          0.3518957  -0.3280672   0.66103339  0.26044257  0.50949499
  0.01291118  0.73798266  1.0528234  -0.63740021 -0.96769542 -0.71043311
  0.66937709 -0.32874799  0.84047988  0.34082193  1.94685746  0.4049314
 -0.35730815  0.6873466  -1.20629869]
[ 1.         -0.54718301  1.4253977  -0.1975504   1.77935271  0.10286539
 -0.18948881  1.07441854  0.40697099 -0.90304978  0.59813514  0.90464874
  1.20699284 -0.62916937  0.66846212 -1.10463135 -0.56853826 -0.07504583
 -0.89841713 -0.2519515   0.46235463]
[ 1.          0.59626762  0.93107341 -1.73574215  0.50892291  1.65306792
 -2.98182068 -1.99952084 -1.39568352 -1.25668212 -0.96591728  0.90087808
 -2.96349294  0.29157682 -0.80664382  0.97526719 -0.67677226 -0.03308904
  0.29517925 -1.38214055 -1.25766065]
[ 1.          0.60627381  0.01778623  0.39092336 -0.96198873  0.72116178
  2.15153142 -0.10071461 -1.17461024 -0.77210034  0.42003806 -0.68560725
 -0.64092538  0.94324643  1.07949993 -0.6711709  -1.38539441  1.19518667
 -1.1422499   0.49050997  0.96127143]
[ 1.          0.08053693  0.4689016   0.16780259  0.79684218 -2.13578175
 -0.0244128   0.53600181  0.8966775   1.04818108 -0.54540378  0.32112331
  0.25337569 -0.83452763 -0.0870868  -0.91971649  0.1758279   1.07888923
 -1.1081064  -0.18880892 -0.51564562]
[ 1.          0.30348897  0.31305355 -0.69959118  0.0571453   0.95983796
 -1.02329429 -1.28000153  0.22920797 -0.35143044  0.10281986  1.14400633
 -1.48457946 -0.04096679  0.2403754   0.82708821 -0.10214882 -0.09154075
 -0.73134562 -1.09309605 -1.54453355]
[ 1.         -0.05005857  2.07239344  0.76737581  2.31163188  0.8159039
  0.58636425  1.29611913 -0.6945428  -0.36015813  0.55435376  1.37899233
  0.73660745 -0.10688339 -0.00779669 -0.94283524  0.97458378  0.27851145
 -0.04604047  1.06863181  2.02406367]
[ 1.          0.90354058  0.7950854   0.0372327   1.35229306  1.83137319
 -1.78024305 -2.15114163 -1.03003283 -1.50077941 -1.94037287 -1.53386434
  0.01052057 -1.63740607 -0.49451424  0.19598401  2.69679219  2.59989641
  3.39964757 -0.64625354  2.22638984]
[ 1.          0.77070815  0.65458787  0.04164779 -1.94556591  1.80210266
  0.23116163  0.1064435  -0.33737134  0.23952148  0.69521971 -3.40970717
 -1.50341369 -1.91719112 -0.4024246  -0.62076892  0.08777161 -0.08370994
 -4.16600681 -0.89744689  2.55157403]
[ 1.          0.40400471 -0.44568824 -1.93454216  0.7102428   1.50268332
 -2.23042799  0.51325588  1.42860731 -0.82019422 -1.4119859  -0.45750484
 -0.11366929  0.50504215  1.19836897 -0.10634428 -1.83032568 -0.03777233
  1.26152317  1.16458618  0.09709443]
[ 1.         -0.13395674 -0.27287108  1.52229684 -1.58411042  0.26991473
 -1.1519003   1.01868993  0.09622469  0.49305299  0.3228844   0.01332179
 -0.32593646 -1.68072355 -0.99663345 -0.86437575 -0.65668303  1.11362791
  0.54596275 -0.20600329 -0.86714214]
[ 1.         -0.603437   -1.21173535  0.0093468   0.82635601  0.37979646
  0.53854906  0.94170003 -0.57526381  0.91389334  0.01346339 -0.40729061
 -0.31284475  1.960532   -0.47969595  0.31431821  1.01095808 -1.13369542
 -0.05776558 -1.2179335  -1.19127827]
[ 1.         -0.05370769 -2.76901256  1.27311955 -0.86327085  0.19513858
 -2.28994728  3.71143842 -0.92325349 -0.45409016  2.13418228  1.70759895
 -0.95822249 -1.55046727  0.90266693  0.01563066  0.34286322  2.21258158
  1.44745854 -3.07430551  0.34212941]
[ 1.          1.17901094 -0.3359752   1.86230538  0.35429894 -1.74415722
 -0.96218354 -2.15058355 -2.40716851 -2.9514651  -0.25016429 -2.41159944
  1.63456582  1.43252901  0.01980883  0.09045961 -1.28063269  0.8059756
  0.86873136 -0.40099323 -0.44051755]
[ 1.         -4.93123377  0.02341745  0.51050972 -0.19789316  0.05204801
  0.18051015 -0.95429809  0.53380385 -0.47977341 -0.5200001  -0.62707
 -0.04695823  0.23998746  0.77051413 -0.83420283 -0.38147431  0.6747143
 -0.10331965 -0.41143254  0.34637705]
[ 1.          0.41128835 -1.08327741 -1.43717909  0.58158541  1.30112007
 -0.57645995  1.52196063  1.66830035  0.4696586  -0.56471234 -2.35271407
  0.88197916  2.25967281 -1.39300031 -0.02780162 -0.96795839  0.20551655
  0.94568722  0.03458576  1.06393719]
[ 1.          0.73325061 -1.25175119 -0.68379201 -0.02977655  2.34379084
 -1.17475328  2.2321561   3.34937879  0.74978149 -0.21807379 -5.48476006
  1.60388544  0.84052847 -2.0272376   0.22939917 -1.87148773 -0.21882353
  0.31846196  0.52648021  3.05579877]
[ 1.         -0.53947797 -0.98469642  1.10365825  0.10861022  0.41060186
  0.01715276  0.34783422 -0.08132678  0.66662561  0.62865513 -0.5272997
 -0.37046313 -2.52354928 -1.09546927  0.66438979 -0.84763051 -0.74893802
  0.03626281  1.25145977 -0.16689023]
[ 1.         -0.1198158  -1.8329061   0.66322759 -0.14531578 -0.07418282
 -0.091683    1.00213575 -0.15132355 -0.5090597   0.36043497  0.82448722
 -0.36568236 -0.22200537 -0.41645819  0.97246822  0.64683302  0.35324425
 -0.60574675  1.31509866 -0.54642243]
[ 1.          0.42171172  0.55544571  0.30238718 -0.18508787  0.75664738
  1.09120925  1.04281942 -0.16972254 -1.35660106 -1.7368082   0.37615854
  0.29515823 -0.03285777  0.0929551  -0.7267125   2.72674977 -1.27793995
  0.5541443   0.67267576  0.37583347]
[ 1.          0.55720716  0.74104233  0.40653852  1.4187321  -2.79241664
 -0.28700815 -0.60488387  0.53707716 -0.82244384  0.19725396 -0.89657405
  0.29390918  0.24204122 -0.59070244  1.66980873  0.23340911  0.79981955
 -0.83940217 -1.7970015  -0.050393  ]
[ 1.          0.33183468  1.23344412  0.20434819  1.01367281 -2.66648214
 -0.07243537 -0.29454014  0.26512494 -0.60882459  0.62051381 -1.28761235
 -0.95274722  0.12579486 -0.70475943  2.25329659  1.2063535   1.5198685
  1.07090035 -0.47675441 -0.10462997]
[ 1.          0.20381324  0.29672988  0.9552668   0.79493788  1.46691454
  0.31065872  0.02815834 -0.29474449  1.15565186 -0.34747767  0.12005111
 -0.28345089 -0.71682407  0.65087738  1.4324163  -0.46988175  1.37489726
  0.08469095  1.16605213 -2.10931026]
[ 1.          0.42304802  0.60825622  0.89339534 -0.10499112  0.04529066
  0.04310931  1.16358579  0.70395924 -0.13608423 -2.34221832  0.25823964
 -0.39090293  1.20177719 -1.39394248  0.28435521  1.93459389 -0.62587072
 -2.02606805 -0.30538587  0.2311162 ]
