Cluster centers 

[-0.99604273  0.48415564  0.17770137 -1.70001998]
[ 1.09293379 -0.46665945 -0.24863594 -0.10767913]
[-0.81349338  0.22070724 -0.43332243  1.59438045]
[-0.89000488 -2.59120586 -0.79878607 -0.10215335]
[ 1.13225012  0.90939139  0.24540299 -0.44317186]
[-1.0210642   1.15691698  0.42775101 -0.12005342]
[ 0.95757915 -1.76075593  1.96097942 -1.06973744]
[ 0.23890752 -0.331926   -2.26265396  0.88675366]
[-1.05900951 -0.77940392  1.87468144  1.98123198]
[-0.98496082  0.99330912 -0.68494416 -0.48267956]
[ 1.00258542 -0.18498817  1.34110468 -1.27688077]
[ 1.04170797  0.9472422  -0.61892209  0.68360355]
[ 0.81094838 -0.42748967  0.33827485  3.05957735]
[-0.96790191 -0.70497179 -0.90778173 -0.75662673]
[-0.96003665  0.02009394 -1.0426459  -0.74642534]
[ 0.13958113  0.39288914 -1.81117468  1.75019717]
[-1.03151909  0.7055308   1.23222776  0.48005993]
[ 1.02276106  0.22773319  2.72702776  1.63857475]
[ 1.09502504 -1.04485114  0.9021109  -0.67309157]
[-1.01337063 -0.2565455   0.19438628 -1.62075992]
[-0.97874329  1.51827209  0.70059869 -0.9601916 ]
[ 0.046545    1.71768244  2.39242854 -1.7326913 ]
[-1.02613038  0.82388999  0.54816518  0.44263574]
[-0.90079839  0.6842591  -0.56999844  0.82130969]
[-0.73558035 -0.40297207 -1.76427652 -0.05969576]
[-0.80369408  0.69811485 -1.09742514  0.8120035 ]
[ 0.85542448 -0.24376841 -1.40894536  0.57007886]
[-0.89983432 -3.45530272 -0.40475812  0.10390047]
[-1.02170066 -1.95909205 -0.18754582 -0.80981816]
[ 1.01145722 -1.1270355  -0.60578197  0.25224731]
[-0.9770694   0.03877127  0.4936246   1.54350805]
[ 0.43546019 -0.26755227 -0.57064281  2.91881708]
[ 1.12224196  0.03839448  0.01883955 -0.36036075]
[ 1.08155077  0.9335244   0.80129233 -0.95147662]
[ 0.94795979  0.57259488 -1.13352107  0.6547512 ]
[-1.02771685 -0.34335681  1.22353287  1.74963576]
[ 1.12514193  1.16124274 -0.02809609  0.17490974]
[-1.01164765  0.93421436 -0.44656186 -1.025144  ]
[-0.9991804   0.85467501  0.04717518  0.46241715]
[-0.82073456  0.37132486 -1.57295622 -0.11332851]
[-1.05573416 -1.62185594  2.17940974  2.69453144]
[ 1.04831473 -1.23411845  1.35314017 -0.89841301]
[ 1.01417235  1.75440109  1.43359055 -0.64926116]
[-0.94823228  1.23251771  0.50457082 -1.697489  ]
[-0.6557965  -1.83314909 -1.6288122   0.2120217 ]
[ 0.71855541 -1.23147499 -1.50730577  0.70547309]
[-0.97441132 -1.22721947 -0.77114827 -0.7074932 ]
[-0.90140049 -0.31915414  0.34131893  2.05583033]
[-0.94935586  0.96376037  1.8698785   0.02042754]
[ 0.52391851  0.13094684 -1.98978728  0.99482227]
[ 1.07925101 -1.96225249  1.23378191 -0.49148004]
[ 1.1068007  -1.4120995   0.60518415 -0.34361048]
[-1.04426522  0.16649347  1.25544489  1.14548096]
[ 1.08600037  0.04867601 -0.46226577 -0.02870688]
[-1.02172921 -1.25386708  0.49223014 -1.50067617]
[-1.02925922 -0.72805187 -0.17149475 -1.27158262]
[-0.99049246  1.04137469 -0.30158646  0.06421593]
[ 1.10292228  1.02847068  0.48144954  1.13642984]
[-1.0291593  -2.77320274  0.06776555 -0.58577998]
[-1.01315874 -0.06964069 -0.54975568 -1.13804409]
[-0.95501289  0.45692277 -1.06210491 -0.64900012]
[ 1.10330485  0.60025568 -0.40815396  0.01194751]
[ 1.11832899 -0.53919376  0.38691956 -0.49723012]
[-0.55941734  0.49538786 -1.94416518  0.67388754]
[ 0.81673602  0.71947669 -1.21112318  1.3288437 ]
[-1.01069854  0.47346336 -0.57260575 -1.10520654]
[-0.90898148  0.46215059  0.7875706  -2.08401083]
[-1.01523448  1.28311935 -0.05072184 -0.6485729 ]
[ 0.20301138 -1.04369858 -2.20708814  0.85317787]
[ 0.96222396  0.1543059   0.3805601   2.4027865 ]
[-1.03234116 -1.23302212 -0.17078377 -1.11170368]
[ 0.99140759 -0.44205121 -0.90906862  0.29175154]
[ 0.80227854 -1.08246973  0.82955575  3.62160381]
[ 1.09684424 -0.41973262  0.80477981 -0.8141258 ]
[-1.04734278 -0.51724282  2.39112918  1.53322832]
[ 0.89052419 -0.93097096  1.83014117 -1.39403597]
[-0.89328183  0.74377738 -1.23710069 -0.13582393]
[ 1.1241872   1.41394646  0.6212806  -0.20129621]
[-1.01762759  0.50562716 -0.24588066 -1.37048899]
[-1.0034277   0.44331043  0.44473862  1.01856977]
[-0.905491   -0.18101083 -1.29684607 -0.51986894]
[-1.00670042  1.07369194 -0.48535111 -0.77193018]
[-0.88603681 -1.65192157 -1.09106693 -0.30943257]
[-0.9203044   0.9168938  -0.92957242  0.0867483 ]
[-1.03798026  0.21630133  1.79695085  0.93116159]
[ 0.75333268  0.34989439 -0.65331506  2.21464473]
[ 0.97485438 -3.48804252  2.3365536  -0.34667248]
[-0.69063563  0.55799834 -1.26967721  1.16597411]
[-0.83586364 -1.36330362  0.82000673  3.06459013]
[ 1.0602507   0.62321699 -0.6910772   0.27509159]
[ 1.10384974 -1.02318692  0.12619482 -0.19393403]
[ 0.98878518 -2.0374415  -0.31341488  0.3935932 ]
[ 0.0402868  -2.15942324 -1.91520646  0.89273944]
[ 1.13047754  0.63094904  0.01535875 -0.32564416]
[-1.00978015  1.23915438 -0.02334218 -1.12463409]
[-1.00828953  1.30080921  0.77939464 -0.3838368 ]
[ 0.99735551  0.79668652 -0.25826164  1.50090321]
[-0.84899629 -0.82463317 -1.40336096 -0.32899831]
[-0.39105879 -0.10737242 -2.26548588  0.56480183]
[ 1.09168681  0.25429252  0.76775846 -0.93682347]

Populations

0.00381149368173
0.0132627142277
0.00860447582725
0.00832512545088
0.0150768406869
0.0117020714369
0.00503071269018
0.00490026713468
0.011014999227
0.0117749372803
0.01182125068
0.0133211599655
0.00321968504579
0.0124881082549
0.00934132166846
0.00605536940125
0.0110206154814
0.00180551577817
0.0125569461303
0.0100181632767
0.00588506123029
0.00248177163237
0.0121935291309
0.00765978839505
0.00702477890677
0.00413737010393
0.013281908764
0.00511854606729
0.00965147606969
0.0100675060774
0.0117478089585
0.00394215571137
0.0258505872184
0.0143675264637
0.0171444290004
0.0144814238158
0.0260793314921
0.00864167915931
0.0138763819859
0.00693841267861
0.00727469869694
0.00965485644662
0.00611314116402
0.0069288989523
0.00488675499613
0.00636810905652
0.0121842321111
0.00559021274603
0.0103578737272
0.0100055538999
0.0129010667874
0.0132584402569
0.0141017612205
0.0197100064454
0.00551756633273
0.0131917223469
0.0113437793851
0.0065017393992
0.00652208777802
0.01935969561
0.00930381536925
0.0183040442218
0.0211464796358
0.00209390335779
0.0107271890189
0.0128562403253
0.00206203892716
0.010800547488
0.00715055999137
0.00499783391407
0.0104389497682
0.0165277291767
0.00107622098003
0.023003296271
0.00828926522917
0.00356472166388
0.00830656022832
0.0110652316117
0.0110475324672
0.0179769199215
0.00832013038524
0.00516399592863
0.00895935439996
0.00594859426643
0.0123889767562
0.00647206746676
0.00179320692708
0.00268957942289
0.00244426176641
0.0182734921556
0.0150676602999
0.00324477404405
0.00214143870078
0.0168917320791
0.0117533303872
0.0121558626012
0.012198845395
0.00935758014843
0.00175242378284
0.0247481699725

State labels

0
1
2
3
4
5
6
7
8
9
10
11
12
13
14
15
16
17
18
19
20
21
22
23
24
25
26
27
28
29
30
31
32
33
34
35
36
37
38
39
40
41
42
43
44
45
46
47
48
49
50
51
52
53
54
55
56
57
58
59
60
61
62
63
64
65
66
67
68
69
70
71
72
73
74
75
76
77
78
79
80
81
82
83
84
85
86
87
88
89
90
91
92
93
94
95
96
97
98
99

Eigen values

1.0
0.764815273799
0.261937036143
0.245278448817
0.233816896018
0.21931004049
0.212744826954
0.204627574489
0.195050640232
0.193209307501
0.188402438194
0.183456093077
0.180471021209
0.171225566287
0.169718233373
0.165749963913
0.162946578326
0.158353345187
0.152486766575
0.148737154977
0.143930688432

Left eigenvectors

[ 0.00381149 -0.00277436 -0.00715681 -0.02634668  0.00047197  0.00169982
  0.00241124  0.00517394 -0.00216891  0.0034866  -0.00496127  0.0052824
 -0.00489626 -0.00785822  0.00160527 -0.01017355 -0.0027879  -0.00104668
 -0.00538208 -0.00633106 -0.00352367]
[ 0.01326271  0.01279884  0.00545927 -0.00584082  0.00020749 -0.00729985
  0.00983634  0.00428852  0.00147319  0.00612934  0.00250865  0.00287979
 -0.00265822  0.01133769 -0.00144428  0.00506445  0.01411701 -0.0060908
 -0.0005502  -0.01014376  0.005399  ]
[ 0.00860448 -0.00975164  0.00294642  0.01017059  0.00913108 -0.00595593
  0.01111094  0.00436126 -0.0163843   0.014771    0.00392011  0.00858889
 -0.00867702  0.00333541  0.00396861 -0.00676645 -0.00886776  0.00444453
 -0.00069741  0.00148033 -0.00749447]
[ 0.00832513 -0.00453475 -0.00406286 -0.01426494 -0.0043047   0.00703994
  0.00090339 -0.01332988 -0.01118175  0.00305983 -0.00962881 -0.0040726
  0.00560395  0.00577152  0.00202783 -0.00690195  0.01129565 -0.01748256
 -0.00113517  0.00531225 -0.00424029]
[  1.50768407e-02   1.58907834e-02   6.26732611e-03  -3.95189744e-03
  -1.84535147e-03  -1.81706545e-03   9.97335410e-03   3.62492943e-03
   2.06713610e-03   1.66329512e-02   6.57490785e-03   4.34229915e-03
   5.38752362e-05   1.37122716e-02   2.84170241e-03  -9.41732361e-03
  -1.65729282e-03  -5.40402323e-03  -9.26387251e-03  -2.79190367e-03
  -1.65754060e-02]
[ 0.01170207 -0.01248711  0.0056503   0.01286372  0.0216378  -0.01833681
  0.00467298  0.00820176 -0.00384253  0.00970074 -0.00805916  0.0032615
  0.0008673   0.00483372  0.00285661 -0.00603765  0.00143565 -0.00024049
 -0.01301944 -0.00288501 -0.00900571]
[ 0.00503071  0.00580848 -0.00570896 -0.00116791  0.00894096  0.00264384
 -0.00971519 -0.00670302 -0.00248028 -0.00556924  0.00380368  0.00881064
 -0.00021095  0.00939695  0.01564557  0.0026849   0.00416599 -0.00776852
  0.00285385  0.00158026 -0.01447418]
[ 0.00490027  0.00230345  0.00065097 -0.00087416 -0.00218833  0.00232141
 -0.00904729  0.00997543  0.0075794   0.01289676 -0.0027077  -0.01094976
  0.01201796  0.00950143 -0.001376   -0.01573336 -0.00049968  0.00967258
 -0.00214055  0.01964301  0.00148486]
[  1.10149992e-02  -9.18849002e-03   2.76168007e-05  -3.04686397e-05
   2.55266692e-04   5.78083183e-03   6.18140859e-04   2.38492084e-02
   6.11913180e-03   6.18318178e-04  -5.27200078e-03  -9.45911020e-03
   1.87801319e-02   1.33601152e-02   5.67279553e-03  -2.42437971e-02
   9.75350536e-03  -2.29490410e-02  -6.88824613e-03   4.98666295e-03
   1.93176684e-03]
[ 0.01177494 -0.00935041 -0.00234846 -0.00787374  0.00222993  0.00012054
  0.00409997  0.00735956  0.01900982 -0.00202005  0.0080358  -0.01226734
 -0.01035376 -0.02047965 -0.00277485 -0.01421102 -0.00933062 -0.00784816
  0.00862077 -0.00658428 -0.00811338]
[ 0.01182125  0.01215267 -0.00690753  0.00529193  0.00488787  0.00033301
  0.00945346 -0.00864457 -0.00350807 -0.00688249  0.00581663  0.01178912
 -0.0018229   0.00756028 -0.02610907 -0.02668858  0.00325909 -0.00980559
  0.01275717 -0.01009243 -0.00478388]
[ 0.01332116  0.01597933  0.00243315  0.00317351 -0.00705369  0.00756814
  0.0213821   0.00193668  0.00250078 -0.00264482  0.00090227  0.00838041
 -0.00098287  0.00680813  0.00988142  0.00165886 -0.00795491  0.00282629
 -0.01058991  0.01122646  0.00606306]
[ 0.00321969  0.00154553 -0.00289266  0.00130542  0.00558732 -0.00419732
 -0.00625219  0.0006096   0.00026762 -0.00582171 -0.00153669 -0.00449792
 -0.00064404  0.00061016  0.00296355 -0.00703986 -0.00113106  0.00755935
  0.00581716 -0.00122302  0.00969256]
[ 0.01248811 -0.01508886  0.00732716 -0.00035655 -0.00679114 -0.04381268
 -0.00687701 -0.01127807 -0.00729552  0.01065197  0.02937817  0.01705834
  0.00383554  0.00503924  0.01020208  0.00417506 -0.00926163  0.0089992
  0.00486088  0.01184735  0.01726945]
[  9.34132167e-03  -1.00563071e-02   1.01568421e-02   1.92811507e-02
  -9.31931046e-03  -3.18583687e-03  -8.24047343e-05  -9.12291822e-03
   1.11919007e-02  -8.91089905e-04   1.26700238e-02   1.17040438e-02
   1.39432538e-02  -1.12747672e-02   8.33134540e-03  -1.49634737e-02
  -1.63376823e-02  -3.53566742e-03  -4.72763022e-03  -1.90743086e-02
   1.54107408e-04]
[ 0.00605537  0.00330492 -0.00668309  0.00234087 -0.01257793 -0.00201397
  0.01122118  0.0085282   0.00197708 -0.00169593 -0.0020825  -0.00051573
  0.00281889 -0.00950815 -0.00254469 -0.00014073  0.01238298  0.00491559
  0.01457342 -0.00510749  0.00217127]
[ 0.01102062 -0.01223261 -0.00070613  0.0013161   0.02177329  0.0054641
  0.00503024  0.00886245  0.00244759  0.00214637  0.00687244  0.02481108
  0.02139854 -0.02454787 -0.00885442  0.02973512  0.0239809   0.00023998
 -0.01383922  0.01633775  0.00164598]
[ 0.00180552  0.00137091  0.00209307  0.00135241 -0.00131949  0.00311306
 -0.00151042 -0.00251142 -0.00499047  0.00570433 -0.00087757 -0.00355162
  0.00191383 -0.00213713 -0.00302472  0.00061832 -0.00694265 -0.00419716
 -0.00144351  0.00532113 -0.00200618]
[ 0.01255695  0.01280059 -0.00290235  0.00090885  0.00319411 -0.01376484
 -0.00230581 -0.00494703  0.00982213 -0.01714973  0.00374481 -0.01112015
 -0.00134465 -0.00900534  0.00023554  0.0066631   0.00056468 -0.0014033
 -0.00917268 -0.00399893  0.00957664]
[ 0.01001816 -0.01094443  0.00329798  0.00199029 -0.00061866  0.00588847
  0.00404834 -0.00152188  0.01627792 -0.00171393 -0.00135844 -0.00624861
 -0.02357838 -0.00122876  0.00336153 -0.01298519  0.0077555   0.00251566
 -0.0224922  -0.00235046 -0.00508626]
[ 0.00588506 -0.00542563 -0.00247745 -0.00132701 -0.00692652  0.00288962
 -0.00857788 -0.00525982  0.01634802  0.00787988 -0.004507    0.01781127
  0.01131587  0.00671077 -0.00058507  0.00953473  0.00265822  0.01286325
  0.01279052 -0.00676087 -0.00627358]
[ 0.00248177  0.00085508  0.00203459  0.00243328 -0.00288958  0.00261248
  0.00125495 -0.00139436 -0.00036995  0.00073699  0.00886315 -0.00485939
  0.0027272  -0.00130401  0.0008138  -0.00117666  0.00124297 -0.00684092
  0.00707771 -0.00489022 -0.00388619]
[ 0.01219353 -0.01115605 -0.00325185 -0.0061119   0.00953412  0.0155285
 -0.00079535 -0.01135286  0.00091721 -0.00319119 -0.0043384   0.00157458
 -0.00701216 -0.01469115  0.01354677  0.00113755  0.00239396 -0.00164728
 -0.00459644 -0.00917531 -0.00049738]
[  7.65978840e-03  -6.28276252e-03   1.87478646e-03  -9.76451416e-04
   1.41144455e-02   7.06332897e-04   2.05030845e-03   1.85174929e-03
   1.05322821e-02  -1.50534893e-04   9.67079746e-03  -2.92180539e-03
   6.48879091e-04   3.09447246e-03  -1.17643323e-02  -2.11669439e-05
  -7.05119688e-03   5.94986203e-03   1.00214147e-03  -6.97330856e-03
  -1.33966852e-02]
[  7.02477891e-03  -5.63239902e-03  -5.81120847e-03  -1.01758641e-02
  -6.34479101e-04  -5.31340202e-04  -2.68697055e-03   1.26267431e-02
  -1.25108710e-02  -1.75225122e-03   4.75608366e-03   1.43427926e-02
  -2.62906092e-03  -1.68502969e-02  -1.63271489e-02  -9.42260543e-04
   7.46596744e-06   1.26109997e-02  -1.11276604e-03  -2.67195325e-03
  -1.49910574e-02]
[ 0.00413737 -0.00379993 -0.00198421  0.00698815 -0.00463366  0.00829995
  0.00404419  0.01573333 -0.00465813 -0.00505724 -0.00631417  0.00439181
  0.0043824  -0.00820602  0.00239082 -0.00381163 -0.00680698 -0.00482341
  0.00878885 -0.009959    0.00591843]
[  1.32819088e-02   1.36156562e-02   1.18610895e-02  -4.94423981e-03
   1.30338209e-02   5.80371393e-03  -3.31340943e-02   5.80177233e-03
  -7.99647485e-03   3.37489360e-03  -3.74329056e-05  -6.31641437e-03
  -1.13956514e-02  -6.69889233e-03   2.77267308e-02   3.01152124e-03
  -1.67282041e-03   3.39602434e-03  -5.70204119e-04  -3.01517424e-02
   8.13550719e-03]
[ 0.00511855 -0.00415349  0.00102387  0.00997905 -0.00714501  0.00789699
  0.00326344  0.01285501  0.00542669 -0.00684545 -0.00465272  0.00446664
  0.00523043  0.00526888  0.00281006 -0.00196377  0.00021253 -0.00160974
 -0.00525192 -0.00056245 -0.00112517]
[ 0.00965148 -0.00985697 -0.00034438 -0.01285953 -0.01086693  0.00492561
 -0.01680108  0.00316022  0.01703207  0.00405749  0.0088148  -0.01206799
 -0.00538749  0.0230093  -0.00766368  0.0011857  -0.01426618  0.00778692
  0.00652355 -0.00468209  0.00720521]
[ 0.01006751  0.00922042  0.01557088 -0.00294022 -0.00154081  0.00262919
 -0.00555773 -0.00621202 -0.00368455  0.00750344  0.00782222 -0.02010342
  0.01406153 -0.00464113 -0.01436749 -0.0043129  -0.0035128  -0.01247534
  0.00990211  0.01855966 -0.03411362]
[ 0.01174781 -0.01289324 -0.00120333  0.00179569 -0.00414371  0.00298325
 -0.01234023  0.00309007  0.00615866 -0.01841955  0.00918446 -0.00268299
  0.0142309   0.01404501  0.00644083  0.00402346 -0.00420631  0.0002161
  0.00092554 -0.01003389  0.00463558]
[ 0.00394216  0.00371159 -0.00747082 -0.00099956 -0.00630608 -0.00505653
  0.00826984 -0.00216924  0.0042375  -0.0094599  -0.00983502 -0.00314072
  0.00390598 -0.00430805 -0.00055387  0.01023818 -0.00621651  0.00805587
  0.00024036  0.00357071  0.00330093]
[ 0.02585059  0.02858591 -0.02208547  0.01174792  0.00333438 -0.00100879
  0.01209228  0.00374281  0.00646414 -0.01579628  0.01091582  0.00298125
 -0.00480708  0.00492725 -0.00854411 -0.03429189  0.00971568  0.02197822
  0.02358588 -0.00811839  0.02726934]
[ 0.01436753  0.01605527 -0.0034909  -0.00054608 -0.01512577 -0.00810446
  0.00607705  0.01135758  0.00631866  0.00372764 -0.00325515 -0.01857988
 -0.00223159 -0.01087449 -0.00034023  0.02059752  0.00421052  0.01332183
 -0.01696397  0.00173228  0.00151787]
[ 0.01714443  0.01603966 -0.00398814  0.00430686 -0.00507655  0.0047496
  0.00731473  0.00463563 -0.00420896  0.02116181  0.0057383  -0.00279006
  0.00896684  0.01212038  0.00282148  0.00739183  0.00985013  0.00152957
 -0.00447403 -0.01618733  0.0018743 ]
[  1.44814238e-02  -1.48830588e-02  -2.09668931e-03   1.91143802e-03
  -2.65152107e-02   2.22071731e-03  -2.18412665e-02   2.46239527e-05
   3.13456881e-03  -1.20688621e-02   2.20275228e-03  -1.74019517e-03
   8.94865936e-03   2.00184729e-02  -3.92383629e-03   8.25302974e-03
  -2.02642902e-02  -1.58068446e-02   1.91022587e-02   1.41698722e-02
   2.07063926e-03]
[ 0.02607933  0.022551    0.00836342 -0.01055869 -0.01102623 -0.00585988
  0.0243531   0.01245229  0.0182907  -0.01471286 -0.00063378  0.00307991
 -0.01740218 -0.00813584  0.00799075 -0.00117908 -0.01298504  0.00274004
 -0.01758805 -0.00964146 -0.00207048]
[ 0.00864168 -0.00920675 -0.00572953 -0.01460223  0.00881224 -0.00780411
  0.00510711 -0.00440036 -0.00263872  0.00744647 -0.01838682  0.0096428
  0.01136068 -0.00966448  0.0091656   0.0043509   0.00268911 -0.01471463
 -0.00120752  0.00717409  0.00180673]
[ 0.01387638 -0.01603127  0.00670435  0.01092621  0.00051604  0.01276233
  0.00513584 -0.02918246 -0.01486665  0.00579686  0.01242373 -0.01726724
 -0.00786135  0.0039085   0.00088306  0.00405173 -0.01243069  0.01797774
  0.01164397 -0.01758584  0.00202344]
[ 0.00693841 -0.00822749 -0.00071833  0.00092755 -0.01208965  0.00324258
 -0.00134696 -0.01558643 -0.00569568 -0.00899812 -0.01177171 -0.0053671
 -0.01304502  0.00431672 -0.00067519  0.0083786   0.01543826  0.00845851
 -0.00742841  0.00078987 -0.01021046]
[ 0.0072747  -0.00775053  0.00609575  0.01801052 -0.0147364  -0.00341136
 -0.00247751 -0.02528208  0.01370712  0.01212909 -0.01620405  0.01485202
 -0.01303541 -0.02117812  0.01019045 -0.0041501   0.01957548 -0.00395475
 -0.0005353   0.00080586 -0.00739519]
[ 0.00965486  0.01065567 -0.00620774 -0.00089464 -0.00045349  0.00125917
  0.01110244 -0.0030299  -0.00379153  0.00939906  0.01086883  0.01980007
 -0.00761734  0.02079042  0.00285321 -0.00216251  0.01303518 -0.01970255
 -0.00394081  0.00251433  0.01090998]
[ 0.00611314  0.00588841 -0.00892971 -0.00609027 -0.00211875  0.00288108
  0.00739066 -0.0051197   0.00155975 -0.01000422 -0.01067837  0.0086432
 -0.00222159  0.00142655  0.00359912  0.0085777  -0.02222585  0.00037619
 -0.00442831  0.00577122  0.00036578]
[ 0.0069289  -0.00777089  0.00075962  0.00143708 -0.00181272 -0.03057833
 -0.00518109  0.00400459 -0.01499943  0.00183935 -0.00635942  0.00312547
 -0.00884934  0.00485236  0.00296421 -0.00540318  0.0024973   0.00144458
  0.00590984  0.00825954  0.00272028]
[ 0.00488675 -0.004422   -0.00489209 -0.00895534 -0.01171252  0.00697851
 -0.0008026  -0.01828393 -0.00490535 -0.00667203 -0.01698014  0.00176195
  0.01049842  0.01100558 -0.00109648  0.00775982 -0.00035733  0.00266275
 -0.00330552 -0.00152148  0.00070456]
[ 0.00636811  0.00262514 -0.00092699  0.00128766 -0.00287519 -0.00593543
  0.00349858 -0.0086737   0.00122674  0.00441077 -0.00411709  0.00404821
  0.00074636  0.01049509 -0.00786582 -0.00801312  0.00657519 -0.00675804
  0.00217867 -0.00785825 -0.00560002]
[ 0.01218423 -0.01139862  0.00427618  0.00660048 -0.00183234  0.00728014
  0.00547587 -0.02331946 -0.02448229 -0.00193281  0.0082413  -0.00855422
  0.0084318  -0.00311485 -0.00285022 -0.00077602 -0.01665095  0.00957521
 -0.0048907  -0.01095423  0.00733541]
[ 0.00559021 -0.00615083 -0.0065381  -0.01901271  0.00621967 -0.01000559
  0.00917206 -0.00040375 -0.00373873  0.01725847 -0.01683252 -0.00035301
  0.00949321  0.00093259  0.0080335  -0.00455704 -0.00545091  0.00059385
  0.02034986 -0.01327661  0.00482057]
[  1.03578737e-02  -9.80607558e-03   4.65940646e-04   9.35768066e-03
  -1.31665883e-03   1.09508465e-02   5.99242751e-03  -1.18072888e-03
   9.29058817e-03  -2.46110473e-03  -7.41368153e-03  -1.99620373e-02
  -2.82247096e-02   4.35887687e-03   3.60800864e-03  -9.06877627e-04
   8.51904239e-03   2.16109650e-03   5.47289907e-04   7.23432630e-05
  -2.58418649e-03]
[ 0.01000555  0.00801246  0.00487105 -0.00043912  0.00730186 -0.00441536
  0.0043311  -0.00664711  0.00616033 -0.01295757 -0.00424131  0.00262709
  0.00188386  0.00071355 -0.00695579 -0.00062628 -0.00810917  0.00128442
 -0.00347177  0.00491818 -0.01675043]
[ 0.01290107  0.01242068  0.01022026 -0.00910133 -0.00802775 -0.00216735
 -0.00336948 -0.00218877  0.00073191  0.01129558  0.00413445 -0.00448645
 -0.00932251  0.00473263 -0.01462659  0.02284452  0.00520912 -0.01896889
 -0.00973793 -0.0155301   0.00758853]
[ 0.01325844  0.01495469 -0.00668242  0.00356352  0.00216172  0.00496394
  0.00289999  0.00146424 -0.00185599 -0.00112973  0.01087412  0.00410775
 -0.00464869  0.00938619  0.01227169 -0.00042139  0.00757025  0.00215001
  0.00127943  0.00494075 -0.02213549]
[ 0.01410176 -0.01263558  0.01150031 -0.00132666  0.00690037  0.00487178
  0.00864572  0.00448615  0.00026647 -0.01275678  0.00203654 -0.00308989
  0.02017545  0.00359709 -0.00931171 -0.00115898  0.00752107  0.00899766
 -0.02629143 -0.01962549 -0.0036115 ]
[ 0.01971001  0.02011876 -0.01177496  0.00519395  0.00085215  0.00732144
  0.01110669  0.01141815 -0.00623714  0.01614759 -0.00288883 -0.00048089
  0.01123806 -0.0032049   0.01637501  0.01291178 -0.00916693  0.02465558
 -0.00448183  0.01260946  0.00696251]
[ 0.00551757 -0.00681056  0.00238067  0.01056486 -0.0120587   0.00615779
 -0.00397805  0.00583769 -0.0069114  -0.00310996 -0.00269378  0.00327361
 -0.01436751 -0.00826367  0.01097364 -0.00270927  0.00359127 -0.00436076
  0.0029619  -0.00132798  0.00067846]
[ 0.01319172 -0.01588797 -0.00195725  0.00138555  0.01530378  0.02503342
  0.01191316 -0.00954991 -0.01877214 -0.00115086  0.00690053 -0.01240245
 -0.00343558  0.01776237 -0.01139     0.01152703  0.0022527   0.00933477
 -0.00141197  0.00897875  0.00618683]
[ 0.01134378 -0.01192731 -0.00360471  0.01193412  0.00087309  0.01891371
  0.00294404  0.01064168 -0.00668259 -0.00730233 -0.00326094 -0.01522399
 -0.01056193  0.0021678   0.00241954  0.00860182  0.00070779 -0.02272675
  0.02123967  0.01339147  0.01834154]
[ 0.00650174  0.00762386  0.0017917   0.00333158 -0.00433441  0.00128614
  0.00790359  0.00418835  0.00113302 -0.00154957 -0.0061326   0.0023839
 -0.00484536 -0.00659967 -0.00503356 -0.00117597 -0.0066001   0.00453518
 -0.00950012 -0.00107337  0.0141311 ]
[ 0.00652209 -0.00733523  0.00081578 -0.00380681 -0.00659368 -0.00594557
 -0.00687873  0.00090519  0.00094135 -0.00772795  0.01945227  0.00488354
  0.01065986 -0.01087789  0.00136468  0.00638265 -0.00575817 -0.01605327
  0.003765    0.00986628  0.00365558]
[  1.93596956e-02  -1.84286108e-02   7.41589711e-03   1.18224817e-02
   6.19102026e-03   2.27057725e-03   2.71013753e-03   7.62455315e-03
   1.31966567e-03   4.29184223e-03  -1.33908923e-02   1.07764656e-02
   3.09760291e-02  -5.21040888e-03  -3.63636499e-04  -1.35275236e-02
   4.35376867e-03   8.27610539e-06  -1.75111682e-02  -8.08133334e-03
  -1.90494692e-03]
[ 0.00930382 -0.01040111 -0.00058582 -0.00061776  0.0117395   0.00899823
  0.00617553 -0.00265182 -0.00295125 -0.00830561  0.01324428 -0.00985848
  0.00755725 -0.00198837  0.00270046 -0.00198042  0.00820104  0.0046178
 -0.0072993  -0.00307443 -0.00367581]
[ 0.01830404  0.02053398 -0.00663205  0.00261727  0.02166001  0.00221724
 -0.02818832 -0.01169637 -0.00843941 -0.0144035  -0.00084949  0.01105511
 -0.00211298  0.00683442  0.01269903  0.00152978  0.00558239 -0.0086539
  0.00329521  0.00220641 -0.01585045]
[ 0.02114648  0.01840934  0.00984588  0.00537677 -0.02164689 -0.00140574
 -0.00468992 -0.01284642 -0.00775502  0.03150383 -0.01740184 -0.00447366
  0.00514809 -0.01178622 -0.01905964 -0.00441704 -0.00887803 -0.01166984
 -0.01453138  0.02407254  0.00019423]
[ 0.0020939  -0.00225234 -0.00026185  0.00192183 -0.00235709 -0.00138652
  0.0001459   0.00071854 -0.00943232  0.0031702   0.00344352  0.00533842
 -0.00715888  0.00241148 -0.00085959  0.00168432 -0.00335602  0.01076567
  0.00310325  0.00166223 -0.00808643]
[ 0.01072719  0.01071905  0.00414161 -0.00110753 -0.00938845  0.00423967
 -0.00369725  0.00620652 -0.00854611  0.01944933 -0.00164821 -0.00304988
 -0.00410828  0.00060755 -0.00361788  0.01906741 -0.01780745 -0.01158359
 -0.01374035 -0.01254904  0.00026411]
[ 0.01285624 -0.01047316 -0.00121914  0.01417177 -0.01197092  0.01794701
 -0.00955202  0.02035515 -0.00145459  0.00675965 -0.00484474  0.02219189
 -0.00815062  0.00200306 -0.01251401  0.01046703 -0.01670632  0.00333894
  0.01327486  0.00188379 -0.01874889]
[ 0.00206204 -0.0026459   0.00066604  0.00218969 -0.00827319  0.00139308
 -0.00458122 -0.00339883  0.00794931 -0.00283941 -0.00218025  0.00757375
  0.00879278  0.00495423  0.00331788 -0.00136438 -0.00034958  0.00494568
 -0.00347615 -0.00610561  0.00062817]
[  1.08005475e-02  -1.07161946e-02   4.28092622e-03   4.86876629e-03
   4.49915964e-03  -2.34812015e-02   4.13726018e-03   4.19856627e-05
   2.77265708e-03  -2.02483903e-02   2.15594638e-03  -3.37540935e-03
   4.14402679e-03   3.42342637e-03  -1.05549556e-03   4.58810107e-03
  -1.12557069e-02   3.51764713e-03  -2.01529065e-02  -4.00063684e-03
   6.73560288e-03]
[ 0.00715056  0.00390247  0.00103005  0.00274352 -0.00182435  0.00277473
  0.00372945 -0.00132171 -0.0008678  -0.003361    0.0038003  -0.00392038
  0.00281186 -0.00996907 -0.01219267 -0.01010274 -0.0034747  -0.00104386
  0.00643428 -0.00654519 -0.01472741]
[ 0.00499783  0.0033176  -0.00279501 -0.0049919  -0.01078451 -0.00970246
  0.00045666  0.00375327 -0.00121211  0.00090725 -0.00308913 -0.01018963
  0.00241376 -0.00078025 -0.00445958  0.01499441  0.00621153 -0.00167642
  0.00686061 -0.01390795 -0.00023787]
[  1.04389498e-02  -9.23750165e-03  -6.06825098e-03  -1.95368575e-02
  -2.59608891e-02   4.78983244e-04  -1.19313978e-02   8.95861149e-03
  -7.49066106e-04   8.32824206e-03   2.38724874e-02   1.52951406e-02
  -1.09601700e-02  -6.43900650e-05   6.41858794e-03  -1.91066786e-02
   1.20738592e-02   1.93736188e-02  -1.45068919e-03   1.69419521e-02
   7.04413553e-03]
[ 0.01652773  0.01463859 -0.00496004  0.00619881  0.01421725 -0.01135296
 -0.04216901  0.0071091  -0.01230202 -0.0114727  -0.01654259 -0.00448794
  0.00179583 -0.02002895 -0.04388603  0.00193268  0.02164176  0.01247042
  0.00702118 -0.01206645  0.01727951]
[ 0.00107622 -0.0003553  -0.0017736  -0.00782068  0.00227221  0.00262673
 -0.00373775  0.0016605   0.00340212  0.0016809   0.00011447 -0.0012199
 -0.00366346 -0.00200174  0.00241778 -0.00244894 -0.00423794  0.0005752
  0.00084127 -0.00549501 -0.00074499]
[ 0.0230033   0.02353834  0.02441286  0.01000916  0.00466797  0.01070145
 -0.02589977 -0.01963399 -0.01789091  0.0091222  -0.01339393  0.01294731
 -0.00388591 -0.01953298 -0.03441128 -0.0284361  -0.00954212 -0.00303519
 -0.00164307  0.00851045  0.03993333]
[ 0.00828927 -0.00979705  0.00234275  0.00856751  0.00712007 -0.01197776
  0.00179674  0.01773541 -0.00929235 -0.00385077 -0.00401478 -0.0031751
 -0.01848803  0.01263927  0.00017641  0.00661148 -0.00347178  0.00489246
 -0.00468159  0.00481509 -0.00707434]
[ 0.00356472  0.00390645 -0.0013552   0.00165324  0.00716011  0.00200986
 -0.01729108  0.00370503 -0.00185351 -0.00078291 -0.00223764  0.00120265
 -0.00151142  0.00044696  0.00618059  0.0060094   0.00841551  0.00058799
  0.00107809 -0.00362029 -0.00222174]
[ 0.00830656 -0.00765655 -0.00588269 -0.00486706  0.01243183  0.0138809
  0.0119904   0.00393705 -0.00898828  0.00118843  0.01040559 -0.00111185
  0.00560298 -0.00737857 -0.0014875   0.00226714  0.00979928  0.00848928
  0.00176616  0.0089265   0.00095271]
[ 0.01106523  0.01054875  0.01365199 -0.00450576 -0.00206757 -0.0104314
 -0.00062034  0.00225197 -0.00410822  0.00841999  0.01595667  0.00060605
  0.00074805  0.0033921   0.00909466  0.01238748  0.01136503 -0.01395916
  0.00011847 -0.01118762  0.00540916]
[ 0.01104753 -0.00730944  0.00286219  0.00488863  0.0081575  -0.01183664
  0.00531424 -0.00874014  0.013759   -0.00212051 -0.01187863 -0.0095465
  0.00089781 -0.01040292  0.00718466 -0.01654693 -0.01197114 -0.01992306
 -0.00021076  0.00030487 -0.00151787]
[  1.79769199e-02  -1.60592486e-02   4.99258796e-04   5.07772321e-03
  -1.89185871e-03  -5.21979946e-03  -1.21773415e-02   6.48896835e-03
  -1.19544814e-02  -6.55501681e-03  -1.91210821e-02  -2.09478901e-03
   5.67055803e-03   1.21944272e-02  -2.63381524e-02  -2.19817958e-03
   7.91352635e-03  -1.55004799e-03  -3.11509001e-03  -4.36776861e-05
  -1.17702961e-02]
[ 0.00832013 -0.00905566 -0.00121535 -0.01008835  0.01378159  0.00017101
 -0.00203124 -0.00633809  0.03120656  0.01316912  0.00595636  0.0100489
 -0.01872391 -0.00819011 -0.01885853  0.01646932 -0.01588062 -0.00779773
  0.00245899  0.01327181  0.0079443 ]
[ 0.005164   -0.00593144  0.00117711 -0.00102103  0.0044206   0.00431959
  0.00309514 -0.00234148 -0.00219946  0.00332495  0.01514968 -0.00346839
  0.01107637 -0.01143704  0.00241079  0.00202645  0.00236917  0.00468517
  0.00333306 -0.00293741  0.00700811]
[ 0.00895935 -0.00928094 -0.00423992 -0.01331277 -0.01011835  0.00013776
 -0.00055637 -0.00051393 -0.01159924 -0.01551492  0.00262432 -0.00704144
  0.00462059  0.00100605 -0.0013304   0.0008974   0.00481333 -0.01076801
 -0.01216929  0.00868412  0.01339512]
[  5.94859427e-03  -6.54091640e-03  -1.89502045e-03  -7.62733750e-03
  -6.64858991e-03  -1.69051479e-02  -2.80963052e-03   8.36125876e-03
  -1.18580734e-02  -1.57490602e-02  -1.52475490e-05  -4.83347634e-03
  -6.21039726e-03  -3.19266927e-03   3.50424005e-03  -1.59323031e-05
   1.86302941e-03  -8.64691346e-03  -4.12377929e-03   1.60216975e-03
  -6.32583365e-03]
[ 0.01238898 -0.01298889  0.00266538  0.00585598  0.0143534  -0.01670464
 -0.0027116   0.00850246  0.02870655  0.00509946 -0.01074899 -0.00747066
 -0.012395    0.01858773 -0.01071809  0.00534241  0.00102318  0.00058774
 -0.0040402   0.00480044 -0.00307397]
[ 0.00647207  0.00758829  0.0026514  -0.00124132 -0.00400047  0.00106862
 -0.00021548  0.00274353 -0.00225159  0.01155142  0.01131035 -0.00366314
 -0.00076756  0.00472311  0.00035913  0.00648395  0.00442084 -0.00565849
 -0.00633225 -0.01303711  0.00189652]
[  1.79320693e-03   1.72738141e-03  -1.78813047e-03   1.50798764e-03
   1.54782245e-03  -3.93697299e-03  -8.59860719e-04  -2.20251397e-03
   3.37454577e-03  -4.13863440e-03  -2.20126636e-03  -9.94357734e-05
  -5.14211971e-05   3.50546595e-04  -6.81231133e-03  -1.84069251e-03
   4.19894030e-03   1.58884644e-03   5.63776293e-03  -2.34080833e-04
  -1.88262922e-03]
[  2.68957942e-03  -3.07083758e-03  -8.06100683e-05   2.88574515e-03
   2.54849943e-03   3.68836298e-03  -5.45422738e-03   7.84312753e-03
   6.51261721e-03   1.18090679e-03  -1.35115086e-03   8.60434879e-04
   1.80445554e-03   3.24168126e-03   3.57477248e-03   2.35448823e-03
   1.08549816e-02  -3.39866055e-03   1.90367108e-03   3.03013141e-03
   3.77707354e-03]
[  2.44426177e-03  -2.90287913e-03  -4.44347017e-03  -1.48012360e-02
  -6.87411377e-03   5.39518480e-03  -2.45735865e-03  -8.84134777e-04
  -3.95789500e-03  -2.44499014e-03   3.48236559e-04   8.66168845e-04
  -4.13918618e-03  -9.29242000e-05  -2.91330392e-03  -7.56316983e-03
   3.43595285e-03   2.36628575e-03  -7.84271863e-03   2.34353260e-03
   1.18025212e-04]
[ 0.01827349  0.01752775 -0.01424005 -0.00500123  0.02434207  0.00593855
 -0.02196784 -0.01014309  0.00044529 -0.01831446  0.00052448  0.00547266
  0.0037887  -0.00565501  0.02324345  0.00351773 -0.02066254  0.00358929
 -0.00131161  0.00496741 -0.02486774]
[ 0.01506766  0.01507108 -0.01865625 -0.00037014 -0.01536525 -0.006689
  0.02400815  0.00108284  0.01175271 -0.00893648  0.00395613 -0.0040103
  0.00824208 -0.00457936  0.00103139  0.00783134  0.01418355  0.01039668
  0.0330948   0.00784245 -0.01877486]
[ 0.00324477  0.0039441   0.04476881 -0.0155828   0.00194746  0.00479419
  0.00746767  0.00330164  0.00077627 -0.01346055 -0.00594621  0.00797751
 -0.00180732  0.00301602  0.00306972  0.00135669  0.00347132  0.00609244
  0.01357085  0.00520308  0.00163557]
[ 0.00214144  0.00134932 -0.00169413 -0.00320614 -0.00297238 -0.00556856
  0.00061062  0.001642    0.00173487 -0.00631975  0.00442074 -0.00512043
  0.00050762 -0.00582106  0.00034187  0.00400603 -0.00196356 -0.00623549
  0.00294355  0.00205241 -0.00728978]
[ 0.01689173  0.01975852 -0.01148723  0.00684634  0.00283618  0.00152199
  0.02243752  0.00032956  0.00634326 -0.00646272  0.01070112  0.01192194
 -0.00594965  0.01599002 -0.00257739 -0.00345921  0.00286829 -0.00052617
 -0.00588196 -0.0002092   0.00654921]
[ 0.01175333 -0.01118752  0.00063026  0.0023858  -0.0078975   0.00086887
  0.00335743 -0.01543622  0.00577812  0.00318324  0.01324537 -0.01662092
 -0.01129706 -0.01942676  0.01311854  0.00082547  0.01636396 -0.00041911
  0.01299916  0.01073666  0.00853483]
[ 0.01215586 -0.01108832 -0.00275672 -0.00098982  0.01950001 -0.01444422
  0.01704112 -0.00682136 -0.01008134  0.01134214 -0.01888054 -0.01140077
  0.00363165  0.00968807  0.01033767  0.00228517 -0.0005561   0.00380657
  0.02110095 -0.00185269  0.00530329]
[ 0.01219885  0.01332542 -0.01638937  0.00394169  0.01614355  0.00770924
  0.00124035 -0.01237861 -0.00172398 -0.02045797  0.00227144  0.0205373
 -0.01059954  0.00490705  0.00340696 -0.00707007 -0.01071846 -0.01132019
  0.00758482  0.01724537  0.02160193]
[ 0.00935758 -0.00919547 -0.0050311  -0.00905772  0.01354783  0.01406043
 -0.00016584 -0.00309665  0.01451024  0.01318369 -0.00133802 -0.00226331
 -0.00275593  0.00407854 -0.00480897  0.0109422   0.00390234  0.00200658
  0.00850128  0.00175575  0.01019809]
[  1.75242378e-03  -1.36688396e-03  -5.26511814e-04   4.99840189e-03
  -2.82211862e-03   4.93332431e-03   1.94241840e-04   1.04859216e-02
  -5.11242581e-03   1.68466995e-03  -6.21088314e-03   4.54665753e-03
  -2.73311228e-03  -3.07913877e-03   2.47727556e-03   4.22168205e-03
  -6.03966368e-03  -4.85622655e-03   4.05532320e-03  -9.59542587e-04
  -6.61477182e-05]
[ 0.02474817  0.02709958  0.00754988  0.00791616 -0.00068453  0.00098379
 -0.01668514  0.00585232  0.00648461  0.01683041 -0.01532454 -0.03635596
  0.02117022 -0.02013225  0.04236492 -0.00631837 -0.00813559  0.03640522
 -0.00822999  0.03633223 -0.00316397]

Right eigenvectors

[ 1.         -0.72789361 -1.87769179 -6.91242807  0.12382717  0.44597135
  0.63262374  1.35745659 -0.56904409  0.91476057 -1.30166047  1.38591313
 -1.28460528 -2.06171612  0.42116642 -2.66917654 -0.73144423 -0.27461255
 -1.41206455 -1.66104558 -0.92448634]
[ 1.          0.96502446  0.41162536 -0.44039431  0.01564483 -0.55040388
  0.74165344  0.32335134  0.1110779   0.46214839  0.18915046  0.21713431
 -0.20042782  0.85485439 -0.10889746  0.38185618  1.06441331 -0.45924222
 -0.04148468 -0.76483273  0.4070808 ]
[ 1.         -1.13332189  0.34242848  1.18201205  1.06120144 -0.69218928
  1.29129789  0.50685942 -1.90416058  1.71666503  0.4555899   0.99818811
 -1.00843044  0.38763613  0.46122623 -0.78638741 -1.03059796  0.51653728
 -0.08105258  0.17204176 -0.87099635]
[ 1.         -0.54470664 -0.48802385 -1.71347994 -0.51707318  0.84562546
  0.10851351 -1.60116209 -1.34313332  0.36754188 -1.15659625 -0.48919424
  0.67313759  0.69326516  0.24357916 -0.82905079  1.3568145  -2.09997593
 -0.13635461  0.63809798 -0.50933676]
[ 1.          1.05398629  0.41569227 -0.26211708 -0.12239643 -0.12052031
  0.66150159  0.24043031  0.13710672  1.10321197  0.43609321  0.28801121
  0.00357338  0.90949237  0.18848129 -0.62462182 -0.10992308 -0.35843207
 -0.61444388 -0.1851783  -1.09939518]
[ 1.         -1.06708569  0.48284616  1.0992682   1.849057   -1.56697098
  0.39932964  0.70088141 -0.3283632   0.82897617 -0.6886948   0.2787113
  0.0741151   0.41306515  0.24411189 -0.5159473   0.12268376 -0.02055145
 -1.11257607 -0.24653814 -0.76958231]
[ 1.          1.15460404 -1.1348213  -0.23215594  1.77727592  0.52553914
 -1.93117542 -1.33241944 -0.49302803 -1.10704743  0.75609174  1.75136982
 -0.04193247  1.86791639  3.11001143  0.53370257  0.8281103  -1.54421774
  0.56728449  0.31412256 -2.87716327]
[ 1.          0.47006678  0.13284283 -0.17838932 -0.446573    0.47373202
 -1.84628561  2.03569155  1.54673286  2.63184773 -0.55256188 -2.23452315
  2.45251102  1.93896189 -0.28080003 -3.21071563 -0.10197072  1.97388751
 -0.43682296  4.00855821  0.30301583]
[ 1.         -0.83417982  0.0025072  -0.0027661   0.02317446  0.52481455
  0.0561181   2.16515752  0.55552721  0.0561342  -0.47862017 -0.85874815
  1.70495989  1.21290206  0.51500644 -2.20098038  0.8854749  -2.08343556
 -0.62535149  0.45271569  0.17537603]
[ 1.         -0.79409413 -0.19944539 -0.66868625  0.18937912  0.01023741
  0.34819429  0.62501918  1.61443037 -0.17155517  0.68244925 -1.04181769
 -0.87930465 -1.73925806 -0.23565735 -1.20688728 -0.79241349 -0.66651421
  0.73212833 -0.55917759 -0.68903812]
[ 1.          1.02803625 -0.58433118  0.44766224  0.41348145  0.0281701
  0.79970051 -0.73127368 -0.29675969 -0.58221324  0.49204863  0.99728234
 -0.15420536  0.63955034 -2.2086556  -2.25767851  0.2756973  -0.82948873
  1.07917271 -0.85375295 -0.40468451]
[ 1.          1.19954471  0.18265279  0.23823052 -0.52951044  0.56812955
  1.60512302  0.14538407  0.18772987 -0.19854292  0.0677318   0.62910549
 -0.07378228  0.51107649  0.74178374  0.12452797 -0.59716326  0.21216527
 -0.79496936  0.84275396  0.45514496]
[ 1.          0.48002618 -0.89842868  0.40544839  1.73536237 -1.30364276
 -1.94186402  0.18933589  0.0831184  -1.80816096 -0.47727898 -1.39700512
 -0.20003124  0.18950812  0.92044567 -2.18650514 -0.35129406  2.34785472
  1.80674909 -0.3798565   3.01040518]
[ 1.         -1.20825859  0.58673092 -0.02855084 -0.54380838 -3.50835234
 -0.5506848  -0.90310453 -0.58419717  0.85296887  2.35249169  1.36596648
  0.3071351   0.40352335  0.81694319  0.33432289 -0.74163611  0.72062173
  0.38924105  0.94869085  1.38287162]
[ 1.         -1.07654007  1.08730247  2.06407095 -0.99764367 -0.34104776
 -0.00882153 -0.97661964  1.19810677 -0.09539227  1.35634167  1.25293232
  1.49264251 -1.20697773  0.8918808  -1.60185831 -1.74896903 -0.37849756
 -0.50609864 -2.04192825  0.01649739]
[ 1.          0.5457829  -1.103663    0.38657713 -2.07715306 -0.33259192
  1.85309623  1.40836965  0.32650011 -0.28007098 -0.34390903 -0.08516853
  0.46551925 -1.57020077 -0.42023636 -0.02324121  2.0449581   0.81177383
  2.40669405 -0.84346385  0.3585695 ]
[ 1.         -1.10997489 -0.06407364  0.11942148  1.97568708  0.49580722
  0.45643867  0.80416995  0.22209226  0.19475936  0.62359836  2.25133366
  1.94168247 -2.22744961 -0.80344143  2.69813577  2.17600373  0.0217754
 -1.25575747  1.48247199  0.14935441]
[ 1.          0.75929099  1.15926312  0.74904435 -0.73080848  1.7241942
 -0.83656016 -1.39096861 -2.76401543  3.15939132 -0.48604911 -1.96709244
  1.05998957 -1.18366605 -1.67526427  0.34246121 -3.8452462  -2.32463184
 -0.79950192  2.94715112 -1.11113816]
[ 1.          1.01940324 -0.23113463  0.07237817  0.25436966 -1.09619291
 -0.18362853 -0.39396756  0.78220718 -1.36575619  0.29822608 -0.88557748
 -0.10708401 -0.71715987  0.01875771  0.53063049  0.04496948 -0.11175503
 -0.73048681 -0.3184635   0.762657  ]
[ 1.         -1.09245911  0.3292005   0.19866855 -0.06175433  0.58777906
  0.40409997 -0.15191218  1.62484104 -0.17108235 -0.13559757 -0.62372834
 -2.3535634  -0.12265318  0.33554356 -1.29616496  0.77414403  0.25110983
 -2.2451416  -0.23461973 -0.50770402]
[ 1.         -0.92193263 -0.42097315 -0.22548858 -1.17696642  0.4910091
 -1.45756894 -0.89375778  2.77788372  1.33896384 -0.76583819  3.02652322
  1.92281181  1.14030638 -0.099416    1.62015883  0.45168881  2.18574638
  2.17338741 -1.14881947 -1.06601695]
[ 1.          0.34454369  0.81981239  0.9804619  -1.1643214   1.05266854
  0.50566505 -0.5618408  -0.14906664  0.29696243  3.57130045 -1.95803096
  1.09889398 -0.52543517  0.32791157 -0.47411955  0.50083926 -2.75646643
  2.85187975 -1.970455   -1.56589213]
[ 1.         -0.91491543 -0.26668652 -0.50124104  0.78190005  1.2735034
 -0.06522753 -0.9310561   0.07522072 -0.2617118  -0.3557952   0.12913246
 -0.57507188 -1.20483167  1.11097993  0.09329091  0.19633032 -0.13509486
 -0.37695728 -0.75247379 -0.04079066]
[ 1.         -0.82022664  0.24475695 -0.1274776   1.84266781  0.09221311
  0.26767168  0.24174941  1.37500954 -0.01965262  1.26254107 -0.38144727
  0.0847124   0.40398929 -1.53585604 -0.00276338 -0.92054722  0.77676585
  0.13083148 -0.91037875 -1.74896284]
[  1.00000000e+00  -8.01790219e-01  -8.27244323e-01  -1.44856718e+00
  -9.03201523e-02  -7.56379965e-02  -3.82498949e-01   1.79745773e+00
  -1.78096295e+00  -2.49438629e-01   6.77043893e-01   2.04174292e+00
  -3.74255326e-01  -2.39869427e+00  -2.32422246e+00  -1.34133836e-01
   1.06280462e-03   1.79521660e+00  -1.58405845e-01  -3.80361189e-01
  -2.13402552e+00]
[ 1.         -0.91844208 -0.47958189  1.68903307 -1.1199525   2.00609424
  0.97747881  3.80273801 -1.12586709 -1.22233121 -1.5261307   1.061498
  1.05922267 -1.98339027  0.57785995 -0.92126777 -1.64524251 -1.16581527
  2.1242597  -2.40708499  1.43048109]
[ 1.          1.02512797  0.89302597 -0.37225371  0.98132137  0.43696385
 -2.49467866  0.43681766 -0.60205766  0.25409703 -0.00281834 -0.47556526
 -0.85798296 -0.50436217  2.08755619  0.22673859 -0.12594729  0.25568797
 -0.04293089 -2.27013624  0.61252545]
[ 1.         -0.81145935  0.20003064  1.9495861  -1.39590703  1.54281975
  0.63757217  2.51145804  1.06020241 -1.33738085 -0.90899327  0.87263858
  1.02185882  1.02937101  0.54899483 -0.38365705  0.04152129 -0.31449103
 -1.02605771 -0.10988472 -0.21982162]
[ 1.         -1.0212916  -0.03568145 -1.33239049 -1.12593484  0.51034784
 -1.74077783  0.32743358  1.76471127  0.42040086  0.91331086 -1.25037755
 -0.55820395  2.38401924 -0.79404222  0.12285116 -1.47813452  0.80681169
  0.67591236 -0.48511627  0.74653954]
[ 1.          0.91585917  1.5466471  -0.29205092 -0.15304775  0.26115643
 -0.55204642 -0.61703621 -0.3659847   0.74531292  0.77697729 -1.996862
  1.39672443 -0.46100096 -1.42711521 -0.42839787 -0.34892459 -1.23916872
  0.98357143  1.8435207  -3.38848794]
[ 1.         -1.09750165 -0.10243051  0.15285294 -0.35272183  0.25394063
 -1.05042848  0.26303342  0.52423899 -1.56791335  0.78180193 -0.22838252
  1.21136657  1.19554322  0.5482578   0.34248634 -0.35805047  0.01839504
  0.07878439 -0.85410759  0.39459111]
[ 1.          0.94151215 -1.89510969 -0.25355753 -1.59965149 -1.28268034
  2.0977962  -0.55026799  1.0749201  -2.39967769 -2.49483212 -0.79670208
  0.99082459 -1.09281554 -0.14049939  2.59710077 -1.57693139  2.04351925
  0.0609713   0.905777    0.83734251]
[ 1.          1.10581265 -0.85435096  0.45445485  0.1289867  -0.03902392
  0.46777576  0.14478613  0.25005765 -0.61106095  0.42226602  0.11532625
 -0.18595645  0.19060489 -0.33051884 -1.32654219  0.37583976  0.85020212
  0.91239245 -0.31405042  1.05488268]
[ 1.          1.11746937 -0.24297122 -0.03800764 -1.05277484 -0.56408197
  0.42297093  0.79050359  0.43978756  0.25944908 -0.22656287 -1.29318544
 -0.15532152 -0.75687972 -0.02368031  1.43361603  0.29305793  0.92721796
 -1.18071646  0.12056934  0.10564587]
[ 1.          0.93556096 -0.23262003  0.25121066 -0.2961051   0.27703458
  0.4266536   0.2703871  -0.24550032  1.23432572  0.33470345 -0.16273881
  0.52301791  0.70695733  0.16457125  0.4311507   0.57453795  0.0892165
 -0.2609614  -0.9441744   0.10932431]
[  1.00000000e+00  -1.02773449e+00  -1.44784749e-01   1.31992409e-01
  -1.83098092e+00   1.53349376e-01  -1.50822646e+00   1.70038202e-03
   2.16454462e-01  -8.33403006e-01   1.52108819e-01  -1.20167409e-01
   6.17940575e-01   1.38235530e+00  -2.70956526e-01   5.69904579e-01
  -1.39932996e+00  -1.09152558e+00   1.31908705e+00   9.78486117e-01
   1.42985889e-01]
[ 1.          0.86470788  0.32069139 -0.40486793 -0.42279582 -0.2246944
  0.93380839  0.47747737  0.70134839 -0.56415805 -0.02430194  0.11809756
 -0.66727858 -0.31196496  0.30640152 -0.04521133 -0.49790533  0.10506539
 -0.67440569 -0.36969737 -0.07939161]
[ 1.         -1.06538846 -0.66301069 -1.68974449  1.01973749 -0.90307846
  0.59098603 -0.50920165 -0.30534814  0.86169202 -2.12769055  1.11584758
  1.31463776 -1.11835659  1.06062672  0.50347816  0.31117939 -1.70275071
 -0.13973259  0.83017258  0.20907133]
[ 1.         -1.15529208  0.4831483   0.78739621  0.03718842  0.91971621
  0.37011356 -2.1030309  -1.07136369  0.41775013  0.89531456 -1.24436191
 -0.56652727  0.28166564  0.06363792  0.29198715 -0.89581641  1.29556399
  0.83912152 -1.26732141  0.14581906]
[ 1.         -1.18578807 -0.10352974  0.13368379 -1.74242361  0.46733786
 -0.19413086 -2.24639643 -0.82089071 -1.29685556 -1.69659927 -0.77353395
 -1.88011534  0.62214735 -0.09731138  1.20756752  2.22504268  1.21908496
 -1.07062131  0.11384029 -1.47158508]
[ 1.         -1.06540864  0.83793854  2.47577558 -2.02570549 -0.46893489
 -0.34056571 -3.4753437   1.88421791  1.66729834 -2.22745328  2.04159891
 -1.79188251 -2.9112024   1.40080654 -0.5704838   2.69089853 -0.54363097
 -0.07358429  0.11077521 -1.01656294]
[ 1.          1.10365939 -0.64296545 -0.09266198 -0.04696969  0.13041879
  1.14993306 -0.31382116 -0.39270731  0.97350549  1.12573682  2.05078828
 -0.7889645   2.15336392  0.29552117 -0.2239812   1.35011599 -2.0406876
 -0.40816852  0.26042174  1.12999909]
[ 1.          0.96323776 -1.46074041 -0.9962585  -0.34658926  0.4712937
  1.20897865 -0.83749061  0.25514754 -1.6365104  -1.74678945  1.41387204
 -0.3634118   0.2333578   0.58875147  1.40315702 -3.63575006  0.06153823
 -0.72439213  0.94406845  0.05983443]
[ 1.         -1.12151803  0.10963025  0.20740334 -0.26161798 -4.41315812
 -0.74775042  0.57795437 -2.1647635   0.26546022 -0.91781154  0.45107768
 -1.27716345  0.70030699  0.42780327 -0.77980329  0.36041864  0.20848618
  0.8529269   1.19204184  0.39259976]
[ 1.         -0.90489488 -1.00109139 -1.83257341 -2.39678816  1.42804656
 -0.16423962 -3.74152836 -1.0038047  -1.36533014 -3.47472789  0.36055588
  2.14834155  2.25212517 -0.22437772  1.58792904 -0.07312298  0.54489213
 -0.67642439 -0.3113485   0.14417717]
[ 1.          0.41223155 -0.14556819  0.20220452 -0.45149886 -0.93205467
  0.54939019 -1.36205217  0.19263787  0.6926335  -0.64651716  0.63570097
  0.11720289  1.64806991 -1.23518992 -1.25832009  1.0325191  -1.06123175
  0.3421221  -1.23399982 -0.87938459]
[ 1.         -0.93552231  0.35096054  0.54172287 -0.15038584  0.59750516
  0.44942274 -1.91390457 -2.00934218 -0.15863243  0.67639032 -0.70207334
  0.69202568 -0.25564613 -0.23392652 -0.06369085 -1.36659812  0.78586858
 -0.40139606 -0.89905005  0.60204131]
[ 1.         -1.10028517 -1.16956219 -3.40107036  1.11260018 -1.78984075
  1.6407347  -0.07222472 -0.66879839  3.08726574 -3.01106893 -0.06314837
  1.6981836   0.16682463  1.43706492 -0.81518195 -0.9750817   0.1062297
  3.64026551 -2.37497412  0.86232359]
[ 1.         -0.9467267   0.0449842   0.90343645 -0.12711671  1.05724851
  0.57853838 -0.11399337  0.89695901 -0.23760714 -0.71575323 -1.92723312
 -2.72495208  0.42082738  0.34833487 -0.08755442  0.82247019  0.20864287
  0.05283806  0.00698437 -0.24949005]
[ 1.          0.80080136  0.48683444 -0.04388754  0.72978072 -0.44129134
  0.43287004 -0.66434184  0.6156907  -1.29503758 -0.42389511  0.26256295
  0.18828169  0.07131571 -0.69519334 -0.06259338 -0.81046737  0.12837068
 -0.34698438  0.49154485 -1.67411354]
[ 1.          0.9627641   0.79220282 -0.705471   -0.62225479 -0.16799781
 -0.26117843 -0.16965842  0.05673272  0.87555378  0.32047335 -0.34775809
 -0.72261551  0.36684022 -1.13375019  1.77074658  0.40377457 -1.47033465
 -0.75481557 -1.20378421  0.58820932]
[ 1.          1.12793701 -0.50401281  0.26877387  0.16304478  0.37439868
  0.21872776  0.110438   -0.13998569 -0.08520817  0.82016579  0.30982128
 -0.35062084  0.70794108  0.9255759  -0.03178272  0.57097619  0.16216125
  0.09649962  0.37264968 -1.66953961]
[ 1.         -0.89602882  0.81552297 -0.09407781  0.48932676  0.3454731
  0.6130949   0.31812663  0.01889614 -0.90462311  0.14441734 -0.21911346
  1.43070456  0.25508125 -0.66032256 -0.08218659  0.53334287  0.638052
 -1.86440761 -1.39170479 -0.25610283]
[ 1.          1.02073838 -0.5974101   0.26351827  0.04323445  0.37145808
  0.563505    0.57930749 -0.31644544  0.81925829 -0.14656692 -0.0243984
  0.57017045 -0.16260253  0.8307967   0.65508748 -0.46509031  1.25091672
 -0.22738857  0.63974898  0.35324748]
[ 1.         -1.23434202  0.43147115  1.9147687  -2.18551079  1.11603408
 -0.72097905  1.05801928 -1.25261772 -0.56364756 -0.48821807  0.59330662
 -2.60395722 -1.49770208  1.98885591 -0.49102693  0.6508799  -0.79034066
  0.53681281 -0.2406822   0.12296307]
[ 1.         -1.20438966 -0.14836927  0.10503145  1.160105    1.89766156
  0.9030787  -0.72393202 -1.42302432 -0.08724102  0.52309512 -0.94016926
 -0.26043448  1.34647853 -0.86341996  0.87380814  0.17076608  0.70762322
 -0.10703426  0.68063513  0.46899314]
[ 1.         -1.05144037 -0.31776948  1.05204126  0.07696649  1.6673204
  0.25952862  0.93810685 -0.58909752 -0.64372964 -0.28746501 -1.34205649
 -0.93107641  0.1911      0.21329233  0.75828506  0.06239428 -2.00345451
  1.87236259  1.18051181  1.61688045]
[ 1.          1.17258819  0.27557188  0.51241387 -0.66665338  0.19781459
  1.2156112   0.64418908  0.17426427 -0.23833093 -0.94322493  0.36665546
 -0.74524128 -1.01506158 -0.77418699 -0.18087031 -1.0151279   0.69753385
 -1.46116615 -0.1650892   2.17343364]
[ 1.         -1.12467507  0.12508009 -0.58368041 -1.01097731 -0.91160606
 -1.05468268  0.13878788  0.14433269 -1.18488879  2.98252217  0.74876965
  1.63442479 -1.66785383  0.20923911  0.97862074 -0.882872   -2.46136999
  0.57726874  1.51274918  0.56049268]
[  1.00000000e+00  -9.51906019e-01   3.83058559e-01   6.10674977e-01
   3.19789132e-01   1.17283727e-01   1.39988644e-01   3.93836417e-01
   6.81656206e-02   2.21689551e-01  -6.91689197e-01   5.56644373e-01
   1.60002666e+00  -2.69136922e-01  -1.87831723e-02  -6.98746710e-01
   2.24888281e-01   4.27491504e-04  -9.04516709e-01  -4.17430806e-01
  -9.83975655e-02]
[ 1.         -1.11794043 -0.06296508 -0.0663991   1.26179377  0.96715478
  0.66376362 -0.28502538 -0.31720841 -0.89270965  1.42353195 -1.05961673
  0.81227382 -0.21371583  0.29025322 -0.21286098  0.88147073  0.49633423
 -0.7845486  -0.33044819 -0.395086  ]
[ 1.          1.12182743 -0.36232723  0.14298885  1.18334577  0.12113372
 -1.54000501 -0.63900484 -0.46106786 -0.78690236 -0.04640976  0.60397088
 -0.11543801  0.3733833   0.69378258  0.08357632  0.30498108 -0.47278632
  0.18002615  0.12054239 -0.86595329]
[ 1.          0.87056299  0.46560375  0.254263   -1.02366409 -0.06647651
 -0.22178251 -0.60749709 -0.36672859  1.48979058 -0.8229192  -0.21155592
  0.243449   -0.55736099 -0.90131489 -0.20887847 -0.419835   -0.55185757
 -0.68717737  1.13837105  0.00918509]
[ 1.         -1.07566401 -0.12505136  0.91782189 -1.12569268 -0.6621705
  0.06967866  0.34315578 -4.50465912  1.51401505  1.64454722  2.54950809
 -3.4189177   1.15166919 -0.41052079  0.80439091 -1.60275984  5.14143741
  1.48203871  0.79384417 -3.86189491]
[ 1.          0.99924141  0.38608488 -0.10324541 -0.87520107  0.39522641
 -0.34466176  0.57857853 -0.79667762  1.81308768 -0.15364767 -0.28431264
 -0.38297833  0.05663611 -0.33726237  1.77748426 -1.66002956 -1.07983508
 -1.28088967 -1.16983527  0.02462061]
[ 1.         -0.81463645 -0.09482895  1.10232596 -0.93113654  1.39597668
 -0.74298727  1.58328968 -0.11314299  0.52578757 -0.37683957  1.72615738
 -0.63398125  0.15580464 -0.97338003  0.81415929 -1.29947148  0.2597135
  1.03256166  0.14652716 -1.45834942]
[ 1.         -1.28314611  0.32300015  1.06190553 -4.0121429   0.67558509
 -2.22169277 -1.64828509  3.85507278 -1.37699145 -1.05732878  3.67294141
  4.26412132  2.40258563  1.60902786 -0.66166543 -0.16953075  2.39844164
 -1.68578259 -2.9609578   0.30463505]
[ 1.         -0.99218994  0.39636196  0.45078884  0.41656774 -2.17407511
  0.38306023  0.00388736  0.25671449 -1.87475591  0.19961455 -0.31252206
  0.38368673  0.31696786 -0.09772612  0.42480264 -1.04214225  0.32569156
 -1.86591527 -0.37041056  0.62363532]
[ 1.          0.5457567   0.14405197  0.38367858 -0.25513395  0.38804378
  0.52156047 -0.18483997 -0.12136106 -0.47003258  0.5314684  -0.54826181
  0.3932367  -1.39416579 -1.70513499 -1.41285932 -0.48593465 -0.14598301
  0.89982857 -0.91533973 -2.05961693]
[ 1.          0.66380795 -0.55924387 -0.99881269 -2.15783616 -1.94133202
  0.09137141  0.75097913 -0.24252663  0.18152868 -0.61809322 -2.03880916
  0.48296093 -0.1561179  -0.89230172  3.00018175  1.24284421 -0.33542967
  1.37271569 -2.78279606 -0.04759387]
[ 1.         -0.88490718 -0.58130857 -1.87153478 -2.48692538  0.04588424
 -1.14296917  0.85819088 -0.07175685  0.79780459  2.28686678  1.46519918
 -1.04993033 -0.00616825  0.61486913 -1.83032576  1.15661628  1.85589731
 -0.13896888  1.62295561  0.67479351]
[ 1.          0.88569884 -0.30010408  0.37505487  0.86020563 -0.68690365
 -2.55140987  0.43013164 -0.74432591 -0.6941483  -1.0008989  -0.27153975
  0.10865566 -1.21183905 -2.65529701  0.11693533  1.30942136  0.75451507
  0.4248123  -0.73007289  1.04548616]
[ 1.         -0.33013841 -1.64799155 -7.26679411  2.11128809  2.4406936
 -3.47303074  1.54289694  3.16117161  1.56185094  0.10636217 -1.13350218
 -3.40400318 -1.8599715   2.2465496  -2.27549775 -3.93779643  0.53446213
  0.7816869  -5.10583753 -0.69222841]
[ 1.          1.02325944  1.06127657  0.43511832  0.20292634  0.46521396
 -1.12591571 -0.85352926 -0.77775418  0.3965606  -0.5822615   0.56284574
 -0.16892834 -0.84913842 -1.49592821 -1.23617494 -0.41481555 -0.13194576
 -0.07142746  0.3699667   1.73598283]
[ 1.         -1.18189614  0.28262491  1.03356652  0.85895108 -1.44497282
  0.21675553  2.13956398 -1.12100975 -0.4645491  -0.48433529 -0.38303742
 -2.23035758  1.52477567  0.02128208  0.79759517 -0.4188287   0.59021687
 -0.56477741  0.58088234 -0.85343385]
[ 1.          1.09586479 -0.3801695   0.4637785   2.00860243  0.56382058
 -4.85061246  1.03936001 -0.51996022 -0.21962731 -0.62771919  0.33737507
 -0.42399398  0.12538434  1.73382102  1.68579683  2.36077704  0.16494677
  0.30243339 -1.0155889  -0.62325639]
[ 1.         -0.92174727 -0.70819816 -0.58592954  1.49662776  1.67107683
  1.44348534  0.47396827 -1.08206972  0.14307174  1.25269519 -0.13385159
  0.67452509 -0.88828243 -0.17907495  0.27293383  1.17970344  1.02199647
  0.21262193  1.07463298  0.11469376]
[ 1.          0.95332363  1.23377397 -0.40719965 -0.1868528  -0.94271834
 -0.05606251  0.20351773 -0.37127305  0.76094106  1.44205519  0.05477058
  0.06760347  0.30655459  0.82191365  1.11949548  1.02709391 -1.2615335
  0.0107065  -1.01106034  0.488843  ]
[ 1.         -0.66163562  0.2590797   0.44250902  0.73840004 -1.07142849
  0.48103448 -0.79113984  1.24543606 -0.19194405 -1.07522925 -0.8641298
  0.08126789 -0.94165088  0.65034075 -1.49779426 -1.0836034  -1.80339445
 -0.01907775  0.02759583 -0.13739439]
[ 1.         -0.89332593  0.02777221  0.28245791 -0.1052382  -0.29036117
 -0.67738754  0.36096108 -0.66499052 -0.36463515 -1.06364617 -0.11652658
  0.31543546  0.67833796 -1.46510929 -0.12227788  0.4402048  -0.08622434
 -0.17328274 -0.00242965 -0.65474487]
[ 1.         -1.08840374 -0.14607372 -1.2125227   1.65641539  0.02055436
 -0.24413588 -0.76177721  3.7507293   1.58280272  0.71589731  1.20778212
 -2.2504343  -0.98437302 -2.26661516  1.97945419 -1.90869817 -0.93721271
  0.29554726  1.59514427  0.95482916]
[ 1.         -1.14861422  0.22794582 -0.1977208   0.85604338  0.83648124
  0.59936885 -0.45342398 -0.42592138  0.64387154  2.93371315 -0.67164923
  2.14492186 -2.21476541  0.46684542  0.39241827  0.45878533  0.90727701
  0.64544108 -0.56882415  1.35710932]
[ 1.         -1.03589354 -0.47323962 -1.48590762 -1.12936133  0.01537631
 -0.0620993  -0.05736227 -1.2946517  -1.73170105  0.2929137  -0.78593121
  0.51572828  0.11229041 -0.14849324  0.10016382  0.53724082 -1.20187292
 -1.3582777   0.96928021  1.49509915]
[  1.00000000e+00  -1.09957346e+00  -3.18566096e-01  -1.28220839e+00
  -1.11767413e+00  -2.84187275e+00  -4.72318399e-01   1.40558565e+00
  -1.99342447e+00  -2.64752638e+00  -2.56321885e-03  -8.12540934e-01
  -1.04401090e+00  -5.36709873e-01   5.89087084e-01  -2.67833077e-03
   3.13188180e-01  -1.45360619e+00  -6.93235932e-01   2.69335860e-01
  -1.06341656e+00]
[ 1.         -1.04842287  0.21514162  0.47267652  1.15856218 -1.34834719
 -0.2188722   0.68629257  2.31710452  0.41161283 -0.86762539 -0.60300837
 -1.00048611  1.50034432 -0.86513154  0.43122323  0.08258758  0.04744079
 -0.32611209  0.38747708 -0.24812104]
[ 1.          1.17246844  0.40966827 -0.19179677 -0.61811275  0.16511304
 -0.03329354  0.42390389 -0.34789396  1.78481195  1.74756299 -0.56599249
 -0.11859649  0.72976858  0.05548852  1.00183613  0.68306497 -0.8742947
 -0.97839633 -2.01436606  0.29303205]
[ 1.          0.96329173 -0.99716906  0.84094458  0.86315886 -2.19549285
 -0.47951004 -1.22825422  1.88184962 -2.30795138 -1.22755847 -0.05545137
 -0.02867555  0.19548586 -3.79895439 -1.02648082  2.34158157  0.8860363
  3.14395559 -0.13053755 -1.04986724]
[ 1.         -1.14175382 -0.02997125  1.07293547  0.94754571  1.37135306
 -2.02791088  2.91611672  2.42142587  0.43906746 -0.50236511  0.31991429
  0.67090621  1.20527441  1.32911951  0.8754113   4.03594017 -1.26364015
  0.70779508  1.12661905  1.40433612]
[ 1.         -1.18763022 -1.81791911 -6.05550362 -2.81234762  2.20728601
 -1.00535822 -0.36171853 -1.61925988 -1.00029799  0.14247106  0.35436828
 -1.69342999 -0.03801729 -1.19189522 -3.09425526  1.40572213  0.96809834
 -3.20862468  0.95878954  0.04828665]
[ 1.          0.95918974 -0.77927382 -0.27368749  1.33209723  0.32498164
 -1.20216959 -0.55507123  0.0243682  -1.00224182  0.02870161  0.29948638
  0.20733334 -0.30946532  1.27197637  0.19250467 -1.13073828  0.1964207
 -0.07177666  0.27183669 -1.36086391]
[ 1.          1.0002272  -1.23816497 -0.02456547 -1.01975038 -0.44393065
  1.59335633  0.07186521  0.77999557 -0.59308984  0.26255747 -0.26615287
  0.54700479 -0.30391986  0.0684506   0.51974496  0.94132373  0.68999958
  2.1964125   0.52048245 -1.24603686]
[  1.           1.21552238  13.79720341  -4.80243049   0.60018365
   1.47751076   2.30144577   1.01752456   0.23923578  -4.14837909
  -1.83254845   2.45857138  -0.5569931    0.92950054   0.94604895
   0.41811646   1.06981839   1.87761734   4.18236991   1.60352479
   0.50406327]
[ 1.          0.63010066 -0.79111968 -1.49718886 -1.38803015 -2.60038171
  0.28514508  0.76677292  0.81014082 -2.95117213  2.0643797  -2.3911188
  0.2370446  -2.718292    0.15964733  1.87072068 -0.91693532 -2.9118207
  1.37456728  0.95842658 -3.40415066]
[ 1.          1.16971552 -0.68005051  0.40530731  0.16790328  0.09010282
  1.32831364  0.01951005  0.37552466 -0.38259655  0.63351204  0.70578534
 -0.35222241  0.9466179  -0.1525827  -0.20478722  0.16980428 -0.03114965
 -0.34821541 -0.01238479  0.38771719]
[ 1.         -0.95185991  0.05362355  0.20298951 -0.67193761  0.07392546
  0.28565735 -1.31334865  0.49161581  0.27083719  1.12694588 -1.41414551
 -0.9611791  -1.65287282  1.11615512  0.07023265  1.39228259 -0.03565895
  1.10599787  0.91349968  0.72616265]
[ 1.         -0.91217906 -0.22678124 -0.08142745  1.60416508 -1.18825162
  1.40188463 -0.56115829 -0.82933953  0.93305918 -1.55320416 -0.93788257
  0.29875714  0.79698751  0.85042676  0.18798916 -0.04574778  0.31314686
  1.73586589 -0.15241095  0.43627393]
[ 1.          1.09235118 -1.34351831  0.3231199   1.3233669   0.63196452
  0.1016775  -1.01473597 -0.14132288 -1.67704116  0.18620161  1.68354469
 -0.86889716  0.40225559  0.27928532 -0.57956907 -0.87864557 -0.92797211
  0.62176569  1.41368855  1.77081763]
[ 1.         -0.98267647 -0.53764976 -0.96795558  1.44779193  1.50257166
 -0.01772291 -0.33092449  1.55064059  1.40887823 -0.14298768 -0.24186917
 -0.29451296  0.43585382 -0.5139116   1.1693403   0.41702439  0.21443411
  0.90849166  0.18762902  1.08982154]
[ 1.         -0.77999624 -0.30044777  2.85227919 -1.61040876  2.81514344
  0.11084182  5.98366772 -2.9173456   0.96133708 -3.54416734  2.59449659
 -1.55961834 -1.75707429  1.41362813  2.40905316 -3.44646297 -2.77114851
  2.31412244 -0.54755168 -0.03774642]
[ 1.          1.09501341  0.30506829  0.31986832 -0.02765985  0.03975193
 -0.67419689  0.2364749   0.26202367  0.68006673 -0.61921902 -1.46903621
  0.85542555 -0.81348433  1.71184042 -0.25530654 -0.32873504  1.47102657
 -0.33254948  1.46807757 -0.12784663]
