Cluster centers 

[-0.29669721  0.24776726 -1.29280459  1.25957942]
[ 0.82245541 -0.60076771 -0.06171996 -0.58305625]
[-0.76709489  1.08624558  0.9990781   0.44634645]
[-1.22139153 -0.78430757 -1.14969361  0.0695536 ]
[-1.13069376 -2.06808536  0.69598815  1.54386979]
[ 1.18703061  1.20720544  1.49876481 -0.09104729]
[-1.05486423  1.12430663 -0.28494199 -0.53814707]
[ 1.1899408  -0.65086455  0.38033715  1.50961449]
[ 1.17881479  0.57656048 -0.49501304 -0.57698048]
[-0.4426286  -1.13957279 -0.08461721  1.95634576]
[-1.0332913   0.60190951 -1.82708332 -0.64249934]
[ 1.51013437  1.09211754 -0.05971348  0.93151758]
[ 0.18642012 -1.00861016 -0.13481789 -1.71530377]
[-1.39184226  0.56381913  2.6515976  -0.0950344 ]
[-0.12022378 -2.23293258  1.30571347 -1.26757684]
[-0.84238347 -0.00222474 -1.53765404  0.342982  ]
[-0.31393816  1.25448116 -0.19340418  0.87405556]
[ 1.32795883  0.33958429 -0.34671759  0.26680058]
[ 0.92342926  0.92943942  2.92415446 -0.14296166]
[ 0.7646262  -1.43900651  0.92719223  0.27301577]
[ 0.5376374  -1.21466191  0.40670385 -0.74165991]
[ 0.58215281  0.05233544 -0.76065734 -1.74799435]
[-1.46873522  0.74774733  1.71856211 -0.6992472 ]
[ 0.32988188  1.32414333  0.00809544  1.64684569]
[ 1.00166742 -0.64956519  0.32220072  2.38865938]
[-0.96649488 -1.10437457 -0.55314328  1.0114384 ]
[-0.8123439   0.70302618 -1.64787832 -0.07494925]
[ 1.30149436  0.01228836 -0.10464554  1.87586053]
[-0.37287282 -0.9135133  -0.6468887  -2.64619825]
[-1.34486748 -2.5540725   1.32100907  1.57252269]
[ 1.11182242 -0.26478    -0.13349515  0.0374168 ]
[ 0.67577817 -0.48136558 -0.29864522 -1.1033671 ]
[ 1.30674661  1.27232747  1.46501262  0.68030156]
[-1.09555683 -0.1497299  -1.62286704 -0.20398178]
[ 0.2097229  -1.4395039   0.42007149 -1.30194068]
[ 0.99316746  0.75834387 -0.51488053 -1.23202726]
[-1.60030374 -2.13510271  0.37402801  0.52313784]
[-1.28031914  1.02025635  0.36265589 -0.85984175]
[-0.6675868   0.73174119  2.90167271  1.13583385]
[ 1.45968657  1.01864426 -0.12256507  0.40708413]
[ 0.59163159  1.06864427  0.27580248 -2.09818675]
[-0.96451519  1.11481456  0.3212815  -0.13366541]
[ 0.08859017  0.63676808  2.89743505 -2.20777003]
[-0.68586933 -1.78579711  0.63041226  2.06757305]
[-0.94165945 -2.56154951  1.68564151  2.27063422]
[ 0.98890913 -1.12438944  0.7278457   0.83045475]
[ 1.06636536 -0.19126169 -0.23109671 -0.22949797]
[-0.99209931  1.09302617 -0.95626272 -0.57536736]
[-0.66197024  1.13733587 -0.92942364  0.17430984]
[-1.01426039  0.9987706   1.14098669  0.05163611]
[-0.72273876  0.95587477  1.84031293  0.7618323 ]
[ 1.11584527  0.15913848 -0.4322767  -0.42998053]
[ 1.45883761  0.50662645 -0.3036205   1.08078876]
[ 0.72297599 -1.05956603  0.37615829 -0.37667082]
[ 0.60415243 -1.29694964  0.86981099  2.73694213]
[-1.54084048 -1.10428263 -1.06547281 -0.62850601]
[-1.55636761  0.93547595  0.24198862 -1.85355878]
[ 1.35620612  0.91421582 -0.22626722 -0.09384159]
[-1.31982193  0.65585303 -1.92593812 -1.89067837]
[-1.39388202  0.35922569  3.42218145  0.22843406]
[ 1.45687769  1.02307265 -0.19025629  1.50324059]
[-0.57783992  1.21880241 -0.1868661   0.45981737]
[-1.2619497   0.8161865   1.73107829 -0.2187604 ]
[-1.04137791  0.90747573  1.61945948  0.17021686]
[-0.53082626  0.83184145 -1.44351295  0.4934823 ]
[-0.61537657 -0.72353955 -0.72321312  1.38278501]
[-1.39628228 -1.53031718 -0.35715136  0.39002448]
[-0.99078114 -1.55525025  0.03542625  1.35850011]
[ 0.56114248 -1.44305305  0.73429374 -0.41947882]
[-1.3651723  -2.19292223  0.68896967  1.17515459]
[ 0.56971896 -0.34786709 -0.50131741 -1.46720316]
[-0.60735276 -0.91406689 -0.49657159  1.54361764]
[ 1.02924897  1.16161519  0.92457196 -0.92046942]
[ 0.86161513  0.11528867 -0.59505143 -1.14529421]
[ 1.1377699   1.14394838  2.06329834  0.13143485]
[ 0.52777159 -0.83256986 -0.06183391 -1.14394985]
[ 1.24088784  1.07258346 -0.0340391  -0.5737803 ]
[ 1.28660458 -0.2425969   0.02782502  1.1151165 ]
[-0.0308393   0.11716687 -1.04522767  1.73007609]
[-1.46459452  0.62583191  2.28752014 -0.41123676]
[ 0.25761753 -1.7750147   0.93484112 -0.87107234]
[ 0.91014169 -0.26690371 -0.30166032 -0.66617838]
[-0.52501998  1.18063253  0.71356658  0.75082996]
[ 1.36438433  1.27664487  0.84613981  0.37130952]
[  3.37667176e-01  -1.39134201e-03  -8.61531146e-01  -2.17469119e+00]
[-1.04681341  0.80927058  2.09107556  0.32574425]
[-0.3354835  -0.6988916  -0.53406016  1.81727836]
[ 0.09162821  1.07442833 -0.86741644  1.43078186]
[-0.65304629 -0.27709638 -1.19615505  0.97269386]
[-1.22909362  0.34196927 -1.96051111 -1.15195533]
[-0.6304266   1.19902056  0.20016307  0.45986455]
[ 0.12058694 -2.12181552  1.34435715 -0.84477141]
[-0.09454861 -1.97757872  0.92872736 -1.44868845]
[-1.05275823 -0.56031727 -1.24286446  0.30763414]
[ 0.88296484 -0.79202249  0.20057537 -0.16640991]
[-0.90210843 -0.82207158 -0.8396527   0.90208898]
[ 1.39686058  1.17539506  0.21349786  0.12344684]
[-0.86468839  1.16508528 -0.33823804 -0.12029306]
[ 1.08500466  0.7450237  -0.49567808 -0.97776829]
[ 1.49369717  0.89534508 -0.23416321  0.75723052]

Populations

0.0158771753034
0.024446095325
0.00908327826641
0.0128188602495
0.0101388288579
0.00336314537187
0.0235848832968
0.0125655664354
0.00920294293476
0.0110745613043
0.00793373686756
0.00430776563582
0.0138345554116
0.00131521151822
0.0130431539787
0.0285534095737
0.0150346912018
0.0387354323889
0.000828917694588
0.00321200015232
0.0182160509078
0.0103624577305
0.0149867670991
0.00513656311458
0.00609770297832
0.00626914713276
0.0176730359086
0.00932396605302
0.00335902364801
0.00321360674254
0.0269428151682
0.0265164022976
0.00908789344471
0.0132619890212
0.0366416099309
0.00689417817786
0.00198033131251
0.0160884710912
0.00230924330621
0.00896930515473
0.0160979639027
0.00611837398295
0.0116810697577
0.00457812282651
0.00288229001198
0.0134677629296
0.0106038886887
0.0107891139942
0.0150067526089
0.00265354372951
0.0148010571191
0.0117390162024
0.0144128954718
0.00323365439546
0.00338052429656
0.00148853946551
0.0104458072096
0.00255430795583
0.00838783543477
0.0111600812431
0.00888184451924
0.0131163351691
0.00532017638744
0.00795586695138
0.00917614430168
0.0078245580686
0.00609300408505
0.0065697266506
0.00492491336425
0.00677859374759
0.0111505696017
0.00569993865659
0.00698512696608
0.00580969048353
0.0272994152542
0.0224315138986
0.00349736779113
0.00187850193502
0.005031178861
0.00851622466357
0.000543931061097
0.00946339955958
0.0075817190937
0.00692106154241
0.00294343786171
0.00359979596904
0.00360119903575
0.00243028816055
0.00517861730125
0.0031085554528
0.000899812675982
0.017022559203
0.0207139244104
0.0166110408082
0.0137045852336
0.0117004394075
0.0141625973617
0.0071049712897

State labels

0
1
2
3
4
5
6
7
8
9
10
11
12
13
14
15
16
17
18
19
20
21
22
23
24
25
26
27
28
29
30
31
32
33
34
35
36
37
38
39
41
42
43
44
45
46
47
48
49
50
51
52
53
54
55
56
57
58
59
60
61
62
63
64
65
66
67
68
69
70
71
72
73
74
75
77
78
79
80
81
82
83
84
85
86
87
88
89
90
91
92
93
94
95
96
97
98
99

Eigen values

1.0
0.771553319337
0.755029182008
0.724457494224
0.68507298784
0.658103191091
0.649065418047
0.633177984801
0.606422146018
0.589469915103
0.572247672227
0.535411930202
0.533384887595
0.495337369968
0.486761068569
0.468882962962
0.436522826447
0.431313553708
0.420456408849
0.41722395566
0.401144202357

Left eigenvectors

[ 0.01587718 -0.00217845 -0.01124709  0.00765313 -0.00960757 -0.00038768
  0.01415315  0.01209461  0.00480818  0.00875643 -0.0036916   0.00583175
  0.00643559  0.000564    0.018592   -0.00934535 -0.00344473  0.0063399
 -0.02331643  0.00291655  0.02148119]
[ 0.0244461  -0.00190766 -0.00853579  0.01127662  0.00499578  0.00236075
 -0.00967666 -0.00381431  0.01038368  0.01700201 -0.0105818   0.01092454
  0.01055764 -0.01799331  0.01537573 -0.01146262  0.0153053   0.01062937
 -0.02142763  0.00344959 -0.01014598]
[ 0.00908328 -0.00838784  0.0036718   0.00359791  0.00447598  0.00459348
 -0.0021843   0.00070213 -0.003183    0.00675157 -0.00763241  0.00680996
 -0.0074205   0.0001544  -0.01109756  0.00645997  0.00338115 -0.00860324
  0.01095683  0.01190704 -0.00643108]
[ 0.01281886  0.00924274  0.01541404 -0.00406802  0.0070421  -0.01363363
 -0.01261111  0.01057213 -0.01141141 -0.00925094 -0.00678261  0.00145674
  0.01583579 -0.01550683  0.01155098  0.00407495  0.00179082  0.01031368
  0.00735555 -0.00292124  0.01885766]
[ 0.01013883  0.00114184  0.00172927  0.00757133  0.00307668  0.00515858
 -0.00021099 -0.00878713  0.01463055  0.00855264  0.00374056 -0.01065332
  0.00345229  0.00229778 -0.00646844  0.00808153 -0.01054504  0.03173741
 -0.00232879  0.01286113  0.01584   ]
[ 0.00336315  0.00096315 -0.00073261 -0.00138507  0.0049246  -0.01898367
 -0.01122861 -0.00214694 -0.0023096   0.01255091  0.00720651  0.01177048
 -0.00492177  0.01052852 -0.00555243 -0.00591221 -0.01423358 -0.0037486
 -0.00566859  0.00020988 -0.00304906]
[ 0.02358488  0.01125     0.02478493  0.00078182 -0.00517406  0.01431156
  0.00442101 -0.00923519  0.00010729 -0.00611108 -0.00671695  0.01692008
 -0.02866707 -0.00285343 -0.02282181 -0.01014686 -0.00407623 -0.01474802
  0.01448883  0.0111523   0.02774877]
[ 0.01256557 -0.00035287 -0.01084617 -0.00704548 -0.00601096 -0.00253091
  0.03050357  0.02333508  0.00430197  0.00399574  0.00384328  0.00819107
 -0.00064388  0.0008764   0.0011998  -0.01266602 -0.014409    0.0008847
 -0.01041518 -0.0045153   0.00729029]
[ 0.00920294  0.004305    0.00049352 -0.01081865  0.00600506 -0.03822912
 -0.01132686 -0.00012923 -0.01045697  0.00399361  0.00047649 -0.00391043
 -0.00429725  0.00361449  0.00293145 -0.00306521  0.00534493  0.01037018
  0.00401471  0.00428717  0.0104    ]
[ 0.01107456 -0.00084425 -0.00249125  0.00241769  0.00016733  0.0019156
  0.01754349  0.00614573  0.00050179 -0.00120848 -0.00019182  0.00888795
 -0.00851566 -0.00313751 -0.00383476 -0.00646554 -0.01750145 -0.0022632
  0.00207988  0.0054985   0.01182934]
[ 0.00793374  0.01567788  0.03444943  0.00955994 -0.01051151  0.000666
  0.00569698  0.00740539 -0.00273714  0.00726708  0.00347475 -0.00472536
  0.00118934  0.00582196  0.0001667   0.00061714  0.00033251  0.00033031
 -0.00557084 -0.00071781 -0.01224179]
[ 0.00430777  0.00314329  0.00282648 -0.00981876 -0.00290464  0.00802263
 -0.00027278 -0.00374228 -0.00395363  0.00087398  0.00334436  0.0068519
 -0.00312408  0.00099203 -0.00570185 -0.00288815  0.00288654 -0.00148172
  0.00717107  0.00317834  0.01064026]
[ 0.01383456 -0.00067574 -0.00072789 -0.00951928 -0.00226859  0.00157671
 -0.00173882 -0.01739584 -0.00130011 -0.00847674 -0.03588109 -0.01494635
  0.02746652  0.02144048 -0.01224177 -0.01328475 -0.01619392 -0.01127279
  0.00153325 -0.01626402 -0.00876672]
[ 0.00131521 -0.00530696  0.00219609 -0.00078778  0.00032485 -0.00071084
  0.0004086  -0.00050303  0.00065158 -0.00387649  0.00321618 -0.00159623
  0.00232443 -0.0010052  -0.00307296 -0.00325502 -0.00020678 -0.00345534
 -0.00836901 -0.00038286  0.00164679]
[ 0.01304315  0.00157167 -0.0084312  -0.00955202 -0.00083648 -0.00162175
  0.0157026   0.02598855  0.01740265  0.00293247  0.01064471 -0.00045003
  0.00664061  0.0089894   0.00352451  0.00672468 -0.00689921 -0.01378006
  0.00208066 -0.00795468 -0.01394067]
[ 0.02855341 -0.00518043 -0.00794236  0.01974252  0.01062675  0.021811
 -0.00050943 -0.00365352 -0.01143222  0.00545365  0.01500151 -0.01559811
 -0.01440847 -0.01778598 -0.02584245 -0.03426808 -0.03439446  0.02941707
  0.03832102  0.00093095  0.01599815]
[ 0.01503469 -0.00266381  0.00387508  0.00323257  0.01661028  0.01045308
 -0.01572462  0.01535467 -0.00444794 -0.01220417 -0.00935146  0.00250644
 -0.0086072   0.00171774 -0.02770221 -0.00101081  0.00646555  0.00319231
 -0.00312503  0.00462464  0.01126457]
[ 0.03873543 -0.00124727 -0.0082797   0.01748754  0.01830952 -0.00494444
 -0.03250628 -0.01113177  0.02375265  0.03349273  0.02036995  0.03255829
  0.00862517 -0.01648736 -0.00850476  0.02135997  0.01950656 -0.03472143
  0.00343651 -0.02103672 -0.03568698]
[  8.28917695e-04  -1.70939293e-03   4.43252680e-04   6.96621620e-04
   1.76555894e-03   4.70561571e-04  -9.58050828e-06  -3.98139506e-04
  -1.98556753e-03  -2.91742388e-03   3.91547477e-03  -2.64484608e-03
   1.24607169e-03   1.30834168e-03  -4.02534451e-03  -1.98709773e-03
   2.52044817e-03  -3.10353040e-03  -7.46093869e-03  -7.12683441e-04
   1.45620764e-03]
[ 0.003212    0.00156113 -0.00036256 -0.00348008  0.00500611 -0.02399567
 -0.01142635 -0.00169119 -0.00480052  0.01155632  0.0062939   0.00949406
 -0.00588129  0.01162745 -0.00454554 -0.00727423 -0.01384096 -0.00014634
 -0.00495805  0.00199768  0.00070721]
[ 0.01821605 -0.00095198 -0.01362578 -0.00553197 -0.0029072  -0.01674163
  0.03400925  0.02765562  0.01007117 -0.00802917  0.00092116  0.00368603
  0.00328249  0.00355794 -0.00437302 -0.0080917   0.00349081 -0.00863542
  0.00799452  0.00392428 -0.00930993]
[  1.03624577e-02   1.44830630e-03  -5.21475987e-03  -9.58931819e-03
  -3.87792513e-03  -1.75896757e-02   9.00621309e-03   1.47013601e-03
  -1.87192186e-03  -1.18151695e-02  -9.84249879e-03  -1.12671975e-02
  -7.17985858e-03  -9.78414441e-03  -4.61224042e-03   7.94079104e-04
   1.54768097e-02   5.49087771e-04   4.46788201e-03  -9.07559716e-05
  -2.21153684e-03]
[ 0.01498677  0.00525619  0.00095586 -0.0049604  -0.01353913 -0.00352816
 -0.00756443 -0.01739919  0.008173   -0.00964837 -0.0097147  -0.0158237
 -0.03396015 -0.0133877   0.00173238  0.00381603  0.00423069  0.00160114
 -0.01473145 -0.006696   -0.00971942]
[ 0.00513656 -0.00335739 -0.00073965  0.00562567  0.0115968   0.00051927
  0.00496285 -0.00285794 -0.02225721 -0.01626519  0.01122255  0.00023539
 -0.00047165  0.00829393  0.00174577  0.01302987 -0.00021541  0.00789204
 -0.00827527 -0.01065567 -0.00712253]
[  6.09770298e-03  -1.21699337e-02  -6.16241333e-05   5.31835935e-03
   3.59889033e-03   4.60823650e-03   6.64104373e-03   1.39211338e-03
  -1.75418067e-02   1.09417701e-02  -1.25622945e-02   5.32462758e-03
  -1.06557547e-02   7.78783169e-03   5.31089617e-03   1.28202038e-02
   1.21752854e-03   5.97379807e-03   6.06770085e-03   6.02029963e-03
  -8.23618311e-03]
[ 0.00626915 -0.00389728 -0.00061715  0.0068204   0.01216219  0.00461518
 -0.00083826 -0.00171177 -0.01395087 -0.01083612  0.01758677 -0.01194005
  0.00262564  0.00874619 -0.0148868  -0.00368729  0.01201278 -0.00760642
 -0.01731248 -0.00241702  0.00305672]
[ 0.01767304  0.00611745  0.00074795 -0.02024941 -0.0017857  -0.00736468
 -0.00539486 -0.01266366 -0.00584647 -0.00971982 -0.02655734  0.00058404
  0.01785621 -0.0201689  -0.00265978 -0.01152173  0.01490551  0.02137956
 -0.01097568  0.00115135 -0.00372442]
[ 0.00932397 -0.00045644 -0.00147585  0.00067534  0.00360279  0.00116217
  0.00266704 -0.00776546 -0.00150999 -0.00636843 -0.00897702 -0.00261368
  0.01363759  0.00290364  0.00473425 -0.00891061 -0.01533018 -0.00155392
  0.00563385 -0.00485414 -0.00280983]
[  3.35902365e-03   7.87696737e-04  -1.10807740e-03  -2.96720382e-03
  -2.32307019e-03  -2.10249870e-03  -4.15211311e-03  -2.44605818e-03
  -1.35947416e-03  -1.67097033e-03  -5.67235840e-04  -1.55147457e-02
  -1.24691691e-02  -8.33973374e-03   8.02559711e-03  -6.51927196e-05
  -4.87308034e-03  -5.04275116e-03  -3.77564363e-03   3.34995932e-03
  -4.31607572e-03]
[  3.21360674e-03   3.61506583e-04  -6.19297453e-05  -1.83781593e-03
   8.68390917e-03   7.07254430e-03  -1.60597268e-02   2.16744438e-02
   6.12558261e-03  -9.27108633e-03  -5.85729815e-03   9.83018138e-05
  -6.48896811e-03   8.74453183e-03   1.87576517e-03  -5.44464296e-04
   2.06949155e-03   4.41776097e-03  -3.50739982e-03   1.47481936e-03
   1.02942094e-03]
[ 0.02694282  0.01630807  0.02631711  0.01551293 -0.00511661  0.00421011
  0.01018658 -0.02264058  0.03883224  0.00515796  0.01754329 -0.00900374
 -0.00482059  0.04627473  0.02858315  0.01296088  0.00677966  0.03571922
 -0.00875704  0.00324544 -0.0152853 ]
[ 0.0265164  -0.01553451 -0.01405112  0.02407892  0.00681264  0.0119957
  0.00881722 -0.00063607 -0.02988245  0.03804295 -0.02267936  0.01032112
 -0.01349488 -0.00231749  0.02463305 -0.0009004   0.02546007 -0.02207325
 -0.01262224  0.0021725   0.00843237]
[ 0.00908789  0.00243393  0.00215812  0.0007446   0.0057486  -0.00048362
 -0.00486811 -0.00772854  0.00142806 -0.00246507  0.00654942  0.00121768
  0.01270507  0.00779144  0.01785646  0.00604023 -0.00214787  0.00345254
  0.01363394 -0.01237344 -0.00110747]
[ 0.01326199 -0.00943249  0.00165131 -0.00828593  0.00153062  0.00205993
 -0.00562563 -0.00767192  0.00184594  0.00075323 -0.02635073 -0.02362148
  0.0094924   0.01442914 -0.01804869  0.01814324 -0.0213233  -0.01370554
 -0.00543715 -0.00654079  0.00356339]
[ 0.03664161  0.00113724 -0.01179672  0.00999141 -0.00395882 -0.01276038
  0.02645925  0.01352906  0.04773336  0.01005418  0.02116222 -0.0185243
  0.00356994  0.02200367 -0.01666192  0.03747117  0.00524367 -0.02271484
  0.00813703 -0.0181641   0.00523949]
[ 0.00689418  0.00174232 -0.00083277 -0.00508674  0.00189515 -0.01114142
 -0.00388034 -0.0032737  -0.00311645  0.00223269 -0.00947974  0.00089395
  0.00676594 -0.00570772  0.0029449  -0.00852721  0.0086424   0.01492054
 -0.00737428  0.00487601 -0.00103462]
[ 0.00198033 -0.00010195 -0.00037968  0.0010232   0.00186877 -0.00111167
 -0.00072676 -0.00122656 -0.00226628 -0.0005104   0.00095798 -0.00187573
  0.00414216  0.00107269  0.00818936  0.00091742  0.00148965 -0.00283105
  0.00173071 -0.0029361   0.00543858]
[ 0.01608847 -0.00490362 -0.00894507  0.00966884  0.00293257  0.00247601
  0.00273045 -0.00062849 -0.00290535  0.01235467 -0.00849536 -0.01480687
  0.01197579  0.00147969  0.02622223 -0.00646585  0.00390019 -0.02585043
 -0.01574981 -0.00069355  0.01514689]
[  2.30924331e-03  -1.36185741e-03  -1.65784245e-03   2.43887512e-03
   7.48910065e-04   1.09985689e-03   9.13412985e-04  -1.13081304e-04
  -2.61388309e-03   4.40450613e-03  -2.83672471e-03  -9.50416042e-04
   3.22418709e-04  -1.81963819e-05   5.95497245e-03  -1.01074268e-03
   3.31191724e-03  -6.38665687e-03  -3.90018053e-03   1.31319191e-04
   3.50133102e-03]
[  8.96930515e-03  -6.40211803e-03  -4.08769072e-03   6.38008664e-03
   1.29183526e-03   4.13356053e-03   1.09509179e-02   2.97296466e-03
  -1.17020290e-02   1.33104934e-02  -1.33375329e-02   8.60460625e-03
  -5.96127358e-03   2.43449892e-03   1.06276705e-02  -9.94057092e-05
   5.83279245e-04   1.88145890e-03  -6.39646082e-03   8.76475007e-03
   3.57047546e-03]
[ 0.01609796 -0.00023357  0.00010738 -0.00027416  0.01004484 -0.01167099
  0.02357507 -0.00749776  0.00039822 -0.04867684  0.00110722  0.0259108
 -0.00241375 -0.02080797  0.00438733  0.00675669 -0.03045502 -0.01309239
 -0.0022571   0.01662842 -0.00965528]
[  6.11837398e-03   1.31496054e-02   2.90977490e-02   5.03569566e-03
  -6.49061537e-03  -3.48040725e-03   6.52211685e-05   1.26520780e-02
  -1.18950259e-02   2.71536605e-03  -2.09469281e-03  -1.86724917e-03
   6.79650263e-03  -9.64443139e-03  -1.90874214e-03  -8.47596415e-04
  -6.16396533e-04  -4.17861887e-03   2.44026414e-04  -2.54609939e-03
   1.16601459e-03]
[ 0.01168107  0.02510392  0.0565566   0.01255476 -0.01629695 -0.00015612
  0.00614237  0.01825946 -0.01553849  0.00907194 -0.00024988 -0.00360374
  0.00298788 -0.00649654 -0.00821615 -0.00310113 -0.00163752 -0.01016586
 -0.00321228 -0.00169611 -0.00763992]
[ 0.00457812  0.00281793 -0.00188655 -0.0198303  -0.00504011  0.00360479
 -0.00144914 -0.00207378 -0.00768489  0.00400175  0.00724279 -0.00832054
 -0.00755756 -0.00347331  0.00065523  0.01006948  0.00021274  0.00085088
 -0.00846384  0.00435198 -0.00451979]
[ 0.00288229 -0.00128952 -0.00429439  0.00556792 -0.00894669  0.0004026
 -0.00442214  0.00128693 -0.00454848  0.00110098  0.00154194  0.00204521
 -0.00106559 -0.00235322  0.00462193  0.00104961  0.00115461 -0.00187017
 -0.0032273  -0.00355281  0.00411091]
[ 0.01346776  0.00108276 -0.00135139 -0.00062144  0.00531949  0.00849564
 -0.00737474 -0.00396867  0.00820936 -0.00326356 -0.0009074   0.01553358
 -0.00569363 -0.01274033 -0.00545895 -0.00180888 -0.00211246 -0.00418704
 -0.00044497 -0.00111604  0.0048932 ]
[ 0.01060389 -0.00204413 -0.00186013  0.00987469  0.01112122  0.00422812
 -0.00317214 -0.0046404  -0.00384349  0.00287156  0.01835139 -0.01621477
  0.00374872 -0.00109807  0.00332536 -0.00858645  0.00242848 -0.00111712
  0.00856323  0.01414553 -0.00990018]
[ 0.01078911  0.00427965  0.00549599  0.00084964 -0.00035123  0.00511574
  0.0017958  -0.01765957  0.01316923 -0.01674997 -0.00407607  0.01809494
 -0.02397709  0.0055707   0.00956955 -0.02065945  0.00705813 -0.00302783
 -0.00348179  0.00629061 -0.00577433]
[ 0.01500675  0.00251934  0.00244294  0.00452241  0.00140984  0.00235094
 -0.0033462  -0.01239377  0.01884318  0.00435415 -0.00264764  0.00805472
 -0.01628877 -0.01224724 -0.01200188  0.03151527 -0.00293753 -0.01838483
 -0.00726249 -0.0042564   0.02890141]
[  2.65354373e-03  -4.63036949e-04  -1.27163574e-03   1.93260491e-03
   1.71124498e-03   2.71607805e-03  -2.15432179e-03   6.72736465e-04
  -1.46708404e-03   7.51543125e-04   3.01564749e-03  -9.04049567e-03
  -4.19840760e-03  -6.11859562e-03   4.02244966e-03  -8.31422897e-03
  -1.07679073e-02  -9.08735720e-04   8.42048536e-03   3.68399412e-03
   1.97738294e-05]
[  1.48010571e-02  -1.35100915e-03  -1.44710904e-02   1.67622513e-02
  -3.18917785e-02   2.11568341e-04  -1.42794904e-02   1.66771572e-05
   1.61659090e-03  -3.35959777e-03   7.87064716e-03  -1.40171604e-03
  -1.06373759e-02  -1.48671058e-02  -1.63254765e-02  -1.37085539e-03
  -5.88552270e-03   2.08914282e-02   8.45146517e-03  -4.31790682e-02
  -1.20839515e-02]
[ 0.01173902  0.00227096 -0.00763625 -0.01003744 -0.00042286 -0.04034621
  0.01674557  0.01516597  0.00547564 -0.00732133 -0.00184319 -0.0158385
 -0.00730295  0.00335915 -0.01108367  0.00328981  0.04327595 -0.00271685
  0.03449954  0.00428633  0.00893845]
[ 0.0144129   0.0056264   0.00534959 -0.00836642 -0.00299924  0.01017284
 -0.00142252 -0.02101879 -0.00064727 -0.00976875 -0.00204269  0.00457168
  0.00142711  0.02963613  0.0025972  -0.02374235  0.01200387 -0.00948091
  0.01970172 -0.0105704   0.00833715]
[ 0.00323365 -0.00085831 -0.00743788  0.00769118 -0.02319782 -0.00114154
 -0.00972096  0.0028384  -0.00598131 -0.00866878  0.00260846  0.00389366
  0.00667852  0.00740659 -0.00067561  0.00424073 -0.00045679 -0.00168981
  0.00039708  0.01763693  0.00146332]
[ 0.00338052  0.00130405  0.00238463  0.00332615  0.00141925  0.00128283
  0.0006094  -0.0036576   0.00415823  0.00127334  0.00630492 -0.00501852
  0.00016694  0.00693037  0.00536705 -0.00011937  0.00188118  0.0060668
  0.00089721  0.0047665  -0.005971  ]
[  1.48853947e-03  -1.78286000e-02   8.05458674e-03  -3.18972684e-03
  -3.07395865e-03  -1.10499228e-03  -8.91440622e-04   6.24395573e-04
   1.53923332e-03   1.13995827e-03   3.12790514e-05   8.94829242e-04
  -8.70540815e-04   4.24279068e-04   1.65069982e-03   2.03340726e-03
  -1.07793768e-04   1.66956625e-03   5.33791220e-03   8.62345343e-04
  -1.80978148e-03]
[ 0.01044581  0.00413743  0.00643425  0.00323558  0.00192452 -0.00231509
  0.0066625  -0.00716982  0.01197683 -0.01179293  0.00385446  0.00871495
 -0.00628042 -0.00100035  0.00275866  0.01989053 -0.01045768 -0.00713071
  0.00475581  0.00276403  0.01961796]
[ 0.00255431 -0.00052716 -0.00047999  0.00074451  0.00212164 -0.0013459
  0.00373472 -0.00082298  0.00093368 -0.00584969  0.00098918  0.00363147
  0.00130066 -0.00496327 -0.00168555 -0.00089036 -0.00567813 -0.00266052
  0.00089837  0.00840499 -0.00685833]
[ 0.00838784  0.00504518  0.00616145  0.00169789 -0.00444432  0.00166613
  0.00054261 -0.01560972  0.01519309 -0.00839236 -0.00086236  0.00072975
 -0.02259072  0.00932912  0.01235221 -0.00550712  0.00733833  0.00908819
 -0.01052284  0.00169138 -0.01218534]
[ 0.01116008 -0.00209084 -0.00937735  0.00152578 -0.00448152 -0.0050714
  0.01823015  0.01330334 -0.00165128  0.00254473 -0.00278633 -0.00272175
 -0.00856927 -0.00441307 -0.00356606 -0.00800417  0.00010845  0.00822255
 -0.00286331 -0.01680123  0.00884359]
[ 0.00888184 -0.00858879 -0.00344133  0.00931522  0.00984083  0.00579858
  0.00968094  0.00189706 -0.02743622  0.00091867 -0.00297776  0.00293368
 -0.01150385  0.0081753   0.00073979  0.0100162  -0.00038085  0.01763096
  0.00240369 -0.00535561 -0.00925129]
[ 0.01311634  0.00203945 -0.00044477 -0.00313158  0.00352283 -0.00046411
 -0.00517226 -0.00312902  0.00305417  0.00513538 -0.01264286  0.00381524
  0.02191576 -0.01519066  0.00413064  0.00062608  0.00342534  0.02160201
 -0.01308528  0.00576447  0.00832594]
[  5.32017639e-03   2.44396217e-03   3.96270781e-03   2.02902527e-04
   4.53064134e-03  -5.75601408e-03   9.30558662e-04  -1.98286036e-03
  -1.48730236e-03  -1.30677526e-02   1.92811494e-03   6.18234806e-03
   4.46887287e-03  -6.04365158e-03   9.75189659e-03   1.02437283e-02
  -7.26744522e-03  -9.86356186e-04   7.84779402e-03  -2.82473675e-05
   1.40929909e-02]
[ 0.00795587 -0.0028592  -0.00419026  0.00197339  0.00375223 -0.00043034
  0.01067728  0.00961034 -0.00797378 -0.00161833 -0.00590285  0.00207382
 -0.00435856  0.00279221 -0.00663873 -0.00299003  0.00243395  0.01209819
 -0.00110119 -0.00406806 -0.00350851]
[  9.17614430e-03   2.47074860e-03  -2.07037969e-03  -1.88372019e-02
  -5.44983424e-03  -1.29561174e-02  -5.92898590e-03  -6.61468512e-03
  -7.31176359e-03  -1.90848507e-03  -4.64455215e-03  -2.81336459e-02
  -2.19164298e-02  -1.00372289e-02   1.80800558e-03   1.27928977e-02
   3.67439165e-05  -1.76948563e-03  -1.30303794e-02   4.96281562e-03
  -6.30493670e-03]
[ 0.00782456 -0.00174932 -0.00268016  0.00789068  0.00865317  0.00332442
 -0.00059355 -0.0033719   0.00306235  0.00474078  0.01570498 -0.01240178
  0.01000849 -0.00634923 -0.01337405 -0.00407088  0.00310524  0.00536736
  0.0081431   0.01927033 -0.00510566]
[ 0.006093    0.0008563  -0.0004299  -0.00209995  0.00389198 -0.00110582
 -0.00183241 -0.00431347  0.00202721 -0.0082508  -0.00459255  0.01151472
  0.0043012  -0.01611465 -0.00373049 -0.00029138  0.00243864 -0.00020709
 -0.00508249  0.00334669 -0.00805703]
[ 0.00656973 -0.00101052 -0.00146003  0.00478999  0.00261777  0.00142241
 -0.00281666 -0.00422686  0.00375207  0.00913619 -0.00145303  0.00736636
 -0.005705   -0.00623778 -0.00135226  0.01325497  0.00572926 -0.01519348
 -0.00440365 -0.00423658  0.00769711]
[  4.92491336e-03  -2.07279088e-02   7.56819095e-03  -1.46287070e-03
  -4.31030136e-04   1.86276380e-03   9.21081647e-05   1.04904462e-04
  -5.37193066e-03   7.18747187e-03  -1.12979672e-02   9.16911569e-04
  -5.84658809e-03   6.89762346e-03  -2.42776068e-03   1.45966264e-02
  -3.07619720e-03  -5.35078883e-04   1.37873104e-02   7.26893601e-03
  -8.94014756e-03]
[ 0.00677859 -0.00038969  0.00102174  0.00106392  0.00197435  0.00226596
 -0.0025477  -0.00701948  0.0094298   0.0049088  -0.00689666 -0.00634783
  0.00430212 -0.00219359 -0.00879143  0.01592033 -0.01023411  0.01176548
 -0.00811873  0.00476393  0.01979651]
[ 0.01115057  0.00286732 -0.00782927 -0.0222373  -0.00602186  0.00708644
  0.01839751  0.01733873  0.00218236  0.00909894  0.01170079  0.00672119
  0.00727609  0.00508685  0.00262998 -0.00165314 -0.01066607 -0.00054533
 -0.01070945 -0.00199308 -0.0088779 ]
[  5.69993866e-03  -2.82589431e-03  -2.93728833e-03   6.33532245e-03
   3.27246090e-03   5.51346306e-03   6.41854755e-04  -1.96458016e-03
  -8.49125517e-03   7.30594464e-03   5.99881765e-05  -1.04214526e-03
  -5.01059205e-03  -7.34449714e-04  -4.16984808e-04  -9.86773933e-03
   4.24608328e-03  -4.75175963e-03   4.23300035e-03  -1.94526784e-03
   8.23803202e-03]
[ 0.00698513 -0.00136014 -0.00643697  0.0059461  -0.00701455  0.00092325
  0.00387883  0.00482553 -0.00060635  0.00202318  0.00199943 -0.00202524
 -0.00565007 -0.00733961 -0.00513049 -0.00981618 -0.0075369   0.01484501
  0.00208826 -0.01825284  0.00760745]
[  5.80969048e-03  -1.01002417e-03  -6.56600306e-03   8.64830451e-03
  -1.35027550e-02  -3.35995549e-05  -9.17263287e-03  -3.74081823e-05
  -3.10900859e-04   1.70580822e-03   5.38768819e-03   3.19979969e-03
  -4.38852738e-03  -9.55540428e-03  -4.91969951e-03   1.97722870e-03
  -2.44501817e-04   5.89377355e-03   2.19068099e-03  -2.76748850e-02
  -6.85496131e-03]
[ 0.02729942  0.00065498 -0.003696   -0.00486446  0.00165252  0.00096957
  0.01132593 -0.00652379 -0.00148061  0.00875765 -0.03021314  0.00605682
  0.0272349  -0.00099773  0.00300942 -0.02285616  0.00290718  0.0248285
 -0.01888501  0.01470209 -0.01860947]
[ 0.02243151  0.00012854 -0.01204583 -0.00060416 -0.01965876 -0.00446232
 -0.00098822 -0.0046595   0.0021721  -0.00813081 -0.01571564 -0.00540965
  0.01011832  0.01384474 -0.00430608 -0.00542807  0.01181263 -0.01958747
  0.00808846 -0.00551027 -0.01689461]
[  3.49736779e-03  -1.51642106e-03   1.10159120e-04  -3.18997051e-03
  -2.21955249e-04   7.00460659e-04  -1.37096113e-03  -5.32796306e-03
   3.79990457e-05  -1.92206948e-03  -1.42519426e-02  -9.03135232e-03
   9.42741431e-03   9.53612658e-03  -7.83303461e-03   3.27805092e-04
  -1.08893689e-02  -7.37171199e-03  -9.46566330e-04  -7.38734358e-03
  -2.13156292e-03]
[ 0.0018785  -0.00026712 -0.00176876  0.00160224 -0.00261321 -0.00025032
 -0.00209522  0.00046235 -0.00279551 -0.00087954  0.00184203 -0.00379614
 -0.0019301  -0.00183186  0.00555843 -0.00167109 -0.00148972 -0.00300857
 -0.00023859  0.00086153  0.00350509]
[ 0.00503118 -0.00167226 -0.00218876  0.00498521  0.00536173  0.00157566
  0.00156684 -0.00056293 -0.00049097  0.0001193   0.01056131 -0.01118071
  0.00579927  0.00313303 -0.00771632 -0.00055753  0.0072845  -0.0074817
 -0.00614196  0.00461624  0.00245916]
[  8.51622466e-03   1.92610238e-05  -1.48995971e-03   4.47409072e-03
   8.84723676e-03  -1.28245830e-03  -8.85028471e-03  -4.85662031e-03
   3.72847986e-03   5.49875400e-03   7.71800143e-03   5.68948071e-03
   1.43792827e-02  -1.26733525e-02  -2.22352865e-03   5.81300817e-03
   1.17415798e-02   1.77669987e-04   3.75965023e-03   2.13590208e-03
  -9.84351569e-03]
[  5.43931061e-04  -8.78981695e-03   4.18072851e-03  -1.86766521e-03
  -1.71266085e-03  -1.15857433e-03  -4.56941779e-04   2.34792043e-04
   2.10659280e-03  -1.72400902e-03   3.14279739e-03  -1.18616911e-04
   1.40095644e-03  -1.64539251e-03   5.82126161e-04  -3.39737609e-03
   6.63491359e-04  -9.77341635e-05  -3.60864336e-03  -1.60558352e-03
   2.08345613e-03]
[ 0.0094634  -0.00036272 -0.00162545  0.00386526  0.00895257  0.0004394
 -0.01084026 -0.00248829  0.00563019  0.00266925  0.00053576  0.01433371
  0.00777457 -0.01757457 -0.00807363  0.00415785  0.01372201 -0.00464333
 -0.00480046  0.00026659 -0.0157875 ]
[ 0.00758172  0.00222161  0.00118123  0.00473833 -0.00299538 -0.00063208
  0.00727707 -0.0003799   0.0137725   0.00400812  0.00528023 -0.00295286
  0.00088529  0.0140572   0.0092762   0.00615694  0.00165063  0.00794732
 -0.00798145 -0.00116204  0.00304171]
[ 0.00692106 -0.00144659 -0.00160299  0.00507528  0.00494881  0.00599322
 -0.00253492 -0.00522954 -0.00749985  0.00024292  0.00815659 -0.00385842
 -0.00232241  0.00500167 -0.00671293 -0.0136797   0.00671331 -0.00809439
  0.00453731 -0.00592461  0.00809373]
[ 0.00294344 -0.00098592 -0.00572728  0.00619533 -0.01524983 -0.00047535
 -0.0055503   0.0031537  -0.00514104 -0.00344806  0.00216453  0.00291397
  0.00363295  0.00303622  0.0058091   0.00171733 -0.00059816 -0.00240383
 -0.00502488  0.0117706   0.0081204 ]
[ 0.0035998   0.00183601  0.00209901 -0.00124732 -0.00063248  0.0032275
  0.00018752 -0.0087981   0.00348775 -0.00680866 -0.0016337   0.00670221
 -0.00716139  0.00935049  0.00394481 -0.01367348  0.00613183 -0.00391694
  0.00447364 -0.0006513   0.00019644]
[  3.60119904e-03  -6.61521127e-05  -6.97915997e-04   3.30679179e-03
   2.11768738e-03   1.07604948e-03   1.17608989e-03  -1.83961269e-03
   6.44267471e-03   3.55824530e-03   5.81130267e-03  -6.90085598e-03
   3.62321748e-03   3.26559584e-04  -6.60976907e-03   3.70991456e-03
  -1.80148558e-03   9.60177416e-03   2.54843610e-03   8.89291380e-03
   3.87232903e-03]
[ 0.00243029 -0.00108006 -0.00022771  0.00185997  0.00519136 -0.00110989
  0.00452479 -0.00196643 -0.00887412 -0.012769    0.00490951  0.00365903
 -0.00054712  0.00098706  0.00153345  0.00781322 -0.00524091  0.00222009
 -0.0051786  -0.00328323 -0.00608304]
[ 0.00517862 -0.0003247  -0.00253981  0.00142849  0.00284216  0.0027699
 -0.00678175  0.00312778 -0.00121801  0.00067314  0.00436255 -0.01961888
 -0.00707137 -0.01004842  0.01689989 -0.00974939 -0.01368551 -0.01014219
  0.006847    0.00735129 -0.00442098]
[ 0.00310856 -0.00012061  0.00048143 -0.00079371  0.00869752  0.0068989
 -0.01462877  0.01929651  0.00422101 -0.00983801 -0.00669408  0.00056619
 -0.00762225  0.00903272 -0.00389093 -0.00079011  0.0038368   0.00578863
 -0.00485724  0.0028649   0.00411656]
[ 0.00089981 -0.01580601  0.00747018 -0.00326555 -0.0032486  -0.0017298
 -0.0009562   0.00060264  0.00312132 -0.00109422  0.00344349  0.00049158
  0.00102209 -0.00174758  0.00202299 -0.00288201  0.00085427  0.00131713
 -0.00056611 -0.00161973  0.0015373 ]
[  1.70225592e-02  -4.92863359e-03  -4.69184806e-03   7.09169260e-03
   8.84413075e-03  -1.06070125e-04   8.25477691e-03   5.38860835e-04
   6.79146881e-03   2.67303618e-03   6.11455763e-03  -4.45279613e-05
   1.10838006e-02  -1.13250474e-02  -1.45674177e-02  -1.17195974e-02
  -2.39575115e-03  -2.06802802e-03   6.93243584e-03   2.85796551e-02
  -2.56494373e-02]
[ 0.02071392  0.00368772 -0.00412344 -0.02266329  0.00374265  0.01967926
 -0.01819205  0.00337573  0.00262818  0.00503682  0.00654347  0.00730354
  0.01252303 -0.00407317  0.00660016  0.00590852 -0.00910884 -0.00371246
  0.01508743 -0.01102335 -0.00489722]
[ 0.01661104  0.00345978 -0.00296401 -0.00943649  0.01553912  0.01167089
 -0.03038378  0.03981361  0.01595628 -0.00472129  0.00051688 -0.00239139
  0.0042032  -0.00264303  0.02939689  0.00148801 -0.01064585 -0.01054487
  0.01011064 -0.00855132 -0.01707912]
[  1.37045852e-02   8.39136938e-03  -5.04684405e-03  -5.29412491e-02
  -1.18037522e-02   2.47742105e-02   1.21931554e-03   4.35368674e-05
  -1.59752030e-02   1.36835710e-02   2.53308785e-02   5.82704634e-03
   1.73968077e-03   1.42434360e-03  -2.11451277e-04   1.08111705e-02
   4.27067517e-04   3.59824892e-03  -4.76810533e-03   4.11488608e-03
  -2.76236871e-03]
[ 0.01170044  0.00268478  0.00319254  0.00168638  0.01307974 -0.01054069
 -0.00763386 -0.00878423 -0.01422019 -0.01270721  0.01280233 -0.0010239
  0.01746526  0.0052346   0.02810353  0.00989781  0.00486315  0.00455071
  0.02029743 -0.0140756   0.01479324]
[ 0.0141626   0.00908461 -0.00016246 -0.04515445 -0.00967671  0.02535525
 -0.00353575 -0.00983848 -0.01513394  0.00658786  0.01571392  0.01379563
  0.00523067  0.00465325 -0.00494592 -0.00295485  0.01015631  0.00406278
  0.01101903  0.00222709  0.01163271]
[  7.10497129e-03  -1.03415502e-03  -1.16628925e-02   1.10083733e-02
  -3.40570515e-02  -1.87967334e-03  -1.40752843e-02   2.28139000e-03
  -5.94892881e-03  -1.25495839e-02   2.39445046e-03   3.46395962e-03
   7.39797006e-03   8.39416795e-03  -7.43328873e-03   4.47067492e-03
   1.96232317e-05   3.10614598e-04   6.05411896e-03   1.05955691e-02
  -7.04429679e-03]

Right eigenvectors

[ 1.         -0.13720641 -0.70838081  0.48202117 -0.60511858 -0.02441774
  0.89141505  0.76176099  0.30283579  0.55151035 -0.23250999  0.36730405
  0.40533611  0.035523    1.170989   -0.58860256 -0.21696142  0.39930923
 -1.46855011  0.18369449  1.35296049]
[ 1.         -0.07803553 -0.3491678   0.4612852   0.20435916  0.09656954
 -0.39583653 -0.1560296   0.4247582   0.69548961 -0.43286273  0.44688281
  0.43187415 -0.73604022  0.62896461 -0.46889362  0.62608372  0.43480848
 -0.87652547  0.14111014 -0.41503488]
[ 1.         -0.92343728  0.40423726  0.39610259  0.49277114  0.50570719
 -0.24047462  0.07729896 -0.3504241   0.74329654 -0.8402707   0.74972502
 -0.81694077  0.0169979  -1.2217572   0.71119317  0.37223892 -0.94715168
  1.20626382  1.31087428 -0.70801259]
[ 1.          0.72102629  1.20245013 -0.31734657  0.54935469 -1.06355993
 -0.98379341  0.82473275 -0.89020475 -0.72166659 -0.52911205  0.11364051
  1.23535054 -1.20968879  0.90109297  0.3178874   0.1397019   0.80457048
  0.57380705 -0.22788646  1.47108738]
[ 1.          0.11262079  0.17055892  0.7467655   0.30345484  0.50879438
 -0.02080976 -0.8666811   1.44302156  0.84355287  0.36893372 -1.05074496
  0.34050183  0.22663153 -0.63798644  0.79708674 -1.04006505  3.13028359
 -0.22968988  1.26850212  1.56231022]
[ 1.          0.28638266 -0.2178361  -0.4118377   1.46428544 -5.64461905
 -3.33872185 -0.63837151 -0.6867369   3.73189774  2.14279016  3.49984223
 -1.46344401  3.13055858 -1.65096362 -1.7579411  -4.23222267 -1.11461031
 -1.68550385  0.06240479 -0.90660982]
[ 1.          0.47700042  1.05088217  0.03314914 -0.21938047  0.60681084
  0.18745109 -0.39157234  0.00454927 -0.25911006 -0.28479875  0.71741188
 -1.21548502 -0.12098541 -0.96764564 -0.43022744 -0.17283226 -0.6253167
  0.61432703  0.47285801  1.1765489 ]
[ 1.         -0.02808265 -0.86316573 -0.56069752 -0.47836801 -0.20141635
  2.42755219  1.85706584  0.3423617   0.31799134  0.30585784  0.65186617
 -0.05124123  0.0697463   0.09548303 -1.00799403 -1.14670538  0.0704068
 -0.82886706 -0.35933912  0.58017999]
[ 1.          0.46778565  0.05362631 -1.17556384  0.65251564 -4.15401055
 -1.23078646 -0.01404279 -1.13626368  0.43394974  0.05177563 -0.42491081
 -0.46694285  0.39275333  0.31853446 -0.33306805  0.5807853   1.12683269
  0.43624239  0.46584729  1.1300738 ]
[ 1.         -0.07623344 -0.2249523   0.21830984  0.01510942  0.17297289
  1.58412497  0.55494143  0.04530987 -0.10912254 -0.01732054  0.80255545
 -0.76893922 -0.28330779 -0.34626734 -0.58381908 -1.58032886 -0.20436039
  0.18780667  0.49649809  1.06815425]
[ 1.          1.97610321  4.34214489  1.20497346 -1.32491322  0.08394531
  0.71807068  0.93340549 -0.34499952  0.91597199  0.43797135 -0.59560386
  0.14990858  0.73382295  0.02101172  0.07778632  0.04191076  0.04163359
 -0.7021712  -0.09047625 -1.54300426]
[ 1.          0.72968093  0.65613594 -2.27931553 -0.67428062  1.86236515
 -0.0633235  -0.86872969 -0.91779021  0.20288378  0.77635493  1.59059308
 -0.72521975  0.23028961 -1.323621   -0.67045155  0.67007813 -0.3439645
  1.66468511  0.73781597  2.47001718]
[ 1.         -0.04884443 -0.05261395 -0.68807979 -0.16398024  0.11396923
 -0.12568672 -1.25741972 -0.09397578 -0.61272224 -2.59358458 -1.08036364
  1.98535634  1.54977749 -0.88486908 -0.96025888 -1.17054106 -0.8148283
  0.11082786 -1.17560874 -0.63368271]
[ 1.         -4.03506199  1.6697587  -0.59897916  0.24699116 -0.54047916
  0.31067476 -0.38246885  0.49541953 -2.9474244   2.44537038 -1.21367062
  1.76734343 -0.76428465 -2.33647551 -2.47490323 -0.15721913 -2.62720954
 -6.36323957 -0.29109904  1.25210691]
[ 1.          0.12049799 -0.64640836 -0.73234009 -0.06413147 -0.12433717
  1.20389587  1.99250495  1.33423631  0.22482867  0.81611457 -0.03450278
  0.5091259   0.68920454  0.27021897  0.5155719  -0.52895235 -1.05649771
  0.15952113 -0.60987402 -1.06881099]
[ 1.         -0.18142945 -0.2781581   0.69142433  0.37217102  0.76386687
 -0.01784145 -0.12795385 -0.40038021  0.19099834  0.52538405 -0.5462785
 -0.50461465 -0.62290197 -0.90505663 -1.20013969 -1.20456569  1.03024736
  1.34208225  0.03260371  0.56028875]
[ 1.         -0.17717757  0.25774278  0.21500751  1.10479676  0.69526393
 -1.04588943  1.02128261 -0.29584488 -0.81173383 -0.6219919   0.16671044
 -0.57248927  0.11425148 -1.84255282 -0.06723152  0.43004177  0.21232973
 -0.2078548   0.30759818  0.74923877]
[ 1.         -0.03219969 -0.21374998  0.45146114  0.47268142 -0.12764653
 -0.83918718 -0.28737952  0.61320205  0.86465363  0.52587371  0.84052996
  0.22266885 -0.42564032 -0.21956013  0.55143222  0.50358431 -0.89637377
  0.0887176  -0.54308727 -0.92130066]
[ 1.         -2.06219863  0.53473666  0.84039902  2.12995687  0.5676819
 -0.01155785 -0.48031247 -2.39537356 -3.51955798  4.72359897 -3.19072219
  1.5032514   1.57837345 -4.85614499 -2.39721959  3.0406495  -3.74407546
 -9.00081967 -0.85977588  1.75675782]
[ 1.          0.48603143 -0.11287642 -1.0834628   1.55856497 -7.47063294
 -3.55739503 -0.52652333 -1.49455883  3.59785842  1.95949481  2.9558093
 -1.83103593  3.6200043  -1.41517349 -2.26470504 -4.30913972 -0.04556137
 -1.54360211  0.62194176  0.22017769]
[ 1.         -0.05226054 -0.74800952 -0.30368662 -0.1595957  -0.9190594
  1.86699373  1.51820068  0.55287364 -0.44077436  0.05056878  0.20235046
  0.18019785  0.19531883 -0.24006392 -0.44420719  0.19163363 -0.47405578
  0.43887214  0.21542988 -0.51108405]
[ 1.          0.13976475 -0.50323582 -0.92539033 -0.37422832 -1.69744246
  0.8691194   0.14187136 -0.18064458 -1.14018989 -0.94982282 -1.08730939
 -0.69287217 -0.94419149 -0.44509136  0.07663038  1.49354623  0.05298818
  0.43116046 -0.00875815 -0.21341818]
[ 1.          0.35072236  0.0637803  -0.33098565 -0.90340565 -0.23541847
 -0.50474074 -1.16097011  0.54534792 -0.64379281 -0.6482186  -1.0558449
 -2.26600886 -0.89330167  0.11559418  0.25462635  0.28229491  0.10683688
 -0.98296352 -0.44679423 -0.64853343]
[ 1.         -0.65362643 -0.1439969   1.09522063  2.25769618  0.10109198
  0.96618183 -0.55639054 -4.33309386 -3.16655057  2.18483585  0.04582722
 -0.09182132  1.61468517  0.33987089  2.53669116 -0.04193686  1.53644367
 -1.61105221 -2.07447479 -1.38663247]
[ 1.         -1.99582265 -0.01010612  0.87219062  0.59020427  0.75573319
  1.08910581  0.22830128 -2.87678931  1.7944085  -2.06016832  0.87321859
 -1.74750307  1.27717465  0.87096669  2.10246446  0.19967003  0.97968007
  0.99507977  0.98730615 -1.35070257]
[ 1.         -0.62165979 -0.09844319  1.08793068  1.94000753  0.73617408
 -0.1337114  -0.27304631 -2.22532232 -1.72848356  2.80528842 -1.90457315
  0.4188186   1.39511633 -2.37461399 -0.58816512  1.91617525 -1.21331072
 -2.76153691 -0.38554162  0.48758114]
[ 1.          0.34614585  0.04232132 -1.14577967 -0.1010412  -0.41671839
 -0.30525931 -0.71655278 -0.33081321 -0.54997997 -1.50270407  0.03304701
  1.01036437 -1.14122455 -0.15049952 -0.65193849  0.84340431  1.20972761
 -0.62104087  0.06514717 -0.21074021]
[ 1.         -0.04895329 -0.15828597  0.07243047  0.38640099  0.1246438
  0.28604165 -0.8328497  -0.16194722 -0.68301751 -0.96279029 -0.28031799
  1.46263864  0.31141702  0.50775101 -0.95566726 -1.64416934 -0.16665885
  0.60423368 -0.52060946 -0.30135616]
[ 1.          0.23450169 -0.3298808  -0.88335306 -0.6915909  -0.62592554
 -1.23610714 -0.72820511 -0.40472301 -0.49745715 -0.16886926 -4.61882598
 -3.7121409  -2.48278506  2.38926484 -0.01940823 -1.45074309 -1.50125503
 -1.12403008  0.9973015  -1.28491972]
[ 1.          0.11249248 -0.0192711  -0.57188576  2.70223144  2.200812
 -4.99741507  6.74458498  1.90613946 -2.88494737 -1.82265555  0.03058925
 -2.01921661  2.72109581  0.58369468 -0.16942468  0.64397785  1.37470491
 -1.0914216   0.45892963  0.32033196]
[ 1.          0.60528459  0.97677647  0.5757725  -0.18990636  0.15626111
  0.3780814  -0.84031973  1.44128385  0.19144107  0.65113067 -0.33417965
 -0.17891925  1.71751634  1.06088215  0.48105132  0.25163142  1.32574185
 -0.32502324  0.1204566  -0.56732392]
[ 1.         -0.58584548 -0.52990284  0.90807637  0.25692179  0.45238784
  0.33251945 -0.02398789 -1.12694228  1.43469517 -0.85529568  0.38923519
 -0.50892558 -0.08739834  0.92897395 -0.03395632  0.96016297 -0.83243755
 -0.47601617  0.0819306   0.31800594]
[ 1.          0.26782144  0.23747241  0.08193367  0.63255532 -0.05321627
 -0.53567027 -0.85042155  0.15713885 -0.27124761  0.72067556  0.13398944
  1.39802108  0.85734248  1.96486281  0.66464629 -0.23634412  0.37990583
  1.5002312  -1.36152996 -0.12186242]
[ 1.         -0.7112427   0.12451459 -0.62478823  0.11541443  0.15532589
 -0.42419224 -0.57848919  0.13919008  0.05679616 -1.98693655 -1.78114122
  0.71575977  1.08800728 -1.36093353  1.36806335 -1.60785086 -1.03344494
 -0.40998018 -0.49319833  0.26869206]
[ 1.          0.03103679 -0.32194885  0.27267931 -0.10804164 -0.34824832
  0.72210928  0.36922677  1.30270919  0.27439243  0.57754627 -0.50555367
  0.09742846  0.60051055 -0.45472686  1.02263985  0.14310702 -0.61991926
  0.22207084 -0.49572331  0.14299303]
[ 1.          0.25272331 -0.12079312 -0.73783195  0.2748912  -1.61606263
 -0.56284248 -0.47484982 -0.45204012  0.32385104 -1.37503542  0.12966685
  0.98139857 -0.82790482  0.42715762 -1.23687114  1.25357881  2.16422324
 -1.06963844  0.70726549 -0.15007174]
[ 1.         -0.05148328 -0.19172558  0.5166802   0.94366542 -0.56135615
 -0.36698761 -0.61937286 -1.14439665 -0.25773385  0.48374717 -0.94717894
  2.09165149  0.54167197  4.1353491   0.46326651  0.75222428 -1.42958255
  0.87395126 -1.48262841  2.74629572]
[ 1.         -0.30479088 -0.55599275  0.60097936  0.18227801  0.15389944
  0.16971493 -0.03906488 -0.18058585  0.76792051 -0.52804035 -0.92034058
  0.74437065  0.09197204  1.62987687 -0.40189326  0.24242122 -1.60676751
 -0.97894988 -0.04310836  0.94147471]
[ 1.         -0.58974185 -0.71791588  1.05613606  0.32430973  0.47628454
  0.39554645 -0.04896899 -1.13192191  1.9073374  -1.22842175 -0.41157034
  0.13962093 -0.0078798   2.57875488 -0.43769432  1.43420021 -2.76569249
 -1.68894309  0.05686676  1.51622439]
[ 1.         -0.71378082 -0.45574218  0.71132451  0.14402847  0.46085627
  1.22093269  0.33145986 -1.30467509  1.48400497 -1.48701964  0.95933922
 -0.66463048  0.27142559  1.1848934  -0.01108288  0.06503059  0.20976641
 -0.71315009  0.97719388  0.39807715]
[ 1.         -0.01450941  0.00667023 -0.01703048  0.62398197 -0.72499782
  1.46447543 -0.46575813  0.02473714 -3.02378846  0.0687802   1.60957025
 -0.14994124 -1.29258421  0.27253948  0.41972303 -1.89185519 -0.81329476
 -0.14021013  1.03295181 -0.59978237]
[ 1.          2.14919935  4.75579771  0.82304476 -1.06083992 -0.56884513
  0.01065989  2.06788242 -1.94414823  0.44380518 -0.34236103 -0.30518716
  1.11083478 -1.57630629 -0.31196886 -0.13853295 -0.10074515 -0.68296232
  0.03988419 -0.41613988  0.19057589]
[ 1.          2.14911128  4.84173111  1.07479524 -1.39515925 -0.01336529
  0.52583966  1.56316659 -1.33022795  0.77663563 -0.0213917  -0.30851107
  0.25578805 -0.5561595  -0.70337272 -0.2654834  -0.14018618 -0.87028513
 -0.27499854 -0.14520139 -0.65404314]
[ 1.          0.61552017 -0.41207932 -4.33153607 -1.10091288  0.78739497
 -0.31653578 -0.45297517 -1.67861095  0.87410387  1.5820446  -1.81745597
 -1.65079936 -0.75867653  0.14312254  2.19947826  0.04646949  0.1858586
 -1.84875778  0.95060366 -0.98725731]
[ 1.         -0.44739317 -1.48992444  1.93177016 -3.10402287  0.13968223
 -1.5342452   0.44649565 -1.57807833  0.38198004  0.53497047  0.70957885
 -0.36970376 -0.81644047  1.60356339  0.36415675  0.40058619 -0.64884817
 -1.11969892 -1.23263519  1.4262659 ]
[ 1.          0.08039622 -0.1003429  -0.04614298  0.39497918  0.63081282
 -0.54758481 -0.29467929  0.60955653 -0.24232388 -0.06737596  1.15338957
 -0.42275966 -0.94598697 -0.40533446 -0.13431155 -0.15685306 -0.31089385
 -0.0330395  -0.08286725  0.36332677]
[ 1.         -0.19277154 -0.17541944  0.93123305  1.04878706  0.3987326
 -0.29914847 -0.43761316 -0.36246008  0.27080212  1.73062837 -1.52913432
  0.35352355 -0.10355355  0.31359798 -0.80974551  0.22901827 -0.10534996
  0.80755585  1.33399453 -0.93363652]
[ 1.          0.39666396  0.509401    0.0787499  -0.03255434  0.4741572
  0.16644571 -1.63679546  1.22060323 -1.55248771 -0.37779426  1.67714751
 -2.22234074  0.51632613  0.88696386 -1.91484186  0.65418959 -0.28063766
 -0.32271288  0.5830519  -0.53519946]
[ 1.          0.16788063  0.16278957  0.30135814  0.09394701  0.15665888
 -0.22297988 -0.82587943  1.25564703  0.29014632 -0.17643012  0.53673955
 -1.08542919 -0.81611522 -0.79976529  2.10007246 -0.19574697 -1.22510401
 -0.48394801 -0.28363236  1.92589393]
[ 1.         -0.17449758 -0.4792217   0.72831093  0.64489044  1.02356634
 -0.81186594  0.25352379 -0.55287728  0.28322244  1.13646045 -3.40695183
 -1.58218896 -2.30582053  1.51587841 -3.13325493 -4.05793473 -0.34246118
  3.17329813  1.38832991  0.00745186]
[  1.00000000e+00  -9.12778821e-02  -9.77706546e-01   1.13250365e+00
  -2.15469600e+00   1.42941372e-02  -9.64761526e-01   1.12675446e-03
   1.09221314e-01  -2.26983636e-01   5.31762501e-01  -9.47037791e-02
  -7.18690278e-01  -1.00446243e+00  -1.10299395e+00  -9.26187487e-02
  -3.97642050e-01   1.41148217e+00   5.71004159e-01  -2.91729624e+00
  -8.16424896e-01]
[ 1.          0.19345436 -0.65050195 -0.85504979 -0.03602182 -3.43693306
  1.42648799  1.29192867  0.46644762 -0.6236752  -0.15701374 -1.34921831
 -0.62210942  0.28615295 -0.94417343  0.28024567  3.68650549 -0.23143742
  2.9388782   0.36513537  0.76143092]
[ 1.          0.39037259  0.37116688 -0.58048154 -0.20809406  0.70581524
 -0.09869752 -1.45833189 -0.04490877 -0.67777824 -0.14172631  0.31719347
  0.09901609  2.05622321  0.1802     -1.64729911  0.83285641 -0.65780731
  1.3669509  -0.73339869  0.57845067]
[ 1.         -0.26543072 -2.30014832  2.3784778  -7.17387228 -0.35301801
 -3.00618429  0.87776808 -1.84970611 -2.68079911  0.80665882  1.20410609
  2.06531652  2.290472   -0.20892937  1.31143712 -0.1412611  -0.52256823
  0.1227971   5.45418037  0.45252797]
[ 1.          0.38575456  0.70540259  0.98391447  0.41983229  0.37947698
  0.18026859 -1.08196191  1.2300542   0.37666914  1.86507022 -1.48453972
  0.04938263  2.05008831  1.58763847 -0.03531139  0.55647479  1.79463233
  0.26540518  1.40998894 -1.76629536]
[  1.         -11.97724377   5.41106697  -2.14285675  -2.06508374
  -0.74233321  -0.59886932   0.41946861   1.0340561    0.76582334
   0.02101325   0.6011458   -0.58482884   0.28503045   1.10893924
   1.36604189  -0.07241579   1.12161369   3.5860065    0.57932313
  -1.21581021]
[ 1.          0.39608514  0.61596532  0.30974938  0.18423845 -0.22162863
  0.63781547 -0.68638234  1.14656811 -1.12896311  0.36899588  0.83430099
 -0.60123877 -0.09576603  0.26409235  1.90416439 -1.00113678 -0.68263828
  0.45528434  0.26460661  1.87807045]
[ 1.         -0.20638253 -0.18791446  0.29147312  0.83061085 -0.52691495
  1.46212444 -0.32219417  0.36553311 -2.29012692  0.38725926  1.42170291
  0.50920058 -1.94309854 -0.65988539 -0.34857066 -2.22296157 -1.04158118
  0.35170674  3.29051365 -2.68500319]
[ 1.          0.60148755  0.73456926  0.20242242 -0.52985346  0.19863639
  0.06469052 -1.86099508  1.81132479 -1.00053998 -0.1028102   0.08700072
 -2.69327218  1.11222046  1.47263362 -0.6565605   0.87487723  1.08349639
 -1.25453544  0.2016471  -1.45273966]
[ 1.         -0.18734951 -0.8402579   0.13671768 -0.40156705 -0.4544229
  1.63351382  1.19204713 -0.14796335  0.22802101 -0.24966929 -0.2438823
 -0.7678505  -0.39543371 -0.31953722 -0.71721443  0.00971767  0.73678252
 -0.25656755 -1.50547537  0.79243038]
[ 1.         -0.96700527 -0.38745694  1.048793    1.10797097  0.65285773
  1.0899699   0.21358843 -3.08902307  0.10343275 -0.3352632   0.33030076
 -1.29520952  0.92045019  0.08329209  1.12771643 -0.04288007  1.98505565
  0.27063008 -0.60298404 -1.04159544]
[ 1.          0.15548957 -0.0339096  -0.23875455  0.26858335 -0.03538436
 -0.39433763 -0.23855937  0.23285209  0.39152583 -0.96390149  0.29087731
  1.670875   -1.15814849  0.31492319  0.04773295  0.26115044  1.64695501
 -0.99763199  0.439488    0.63477643]
[ 1.          0.45937615  0.74484519  0.03813831  0.85159608 -1.08192166
  0.17491124 -0.37270576 -0.27955884 -2.45626304  0.3624156   1.16205697
  0.83998585 -1.13598707  1.83300249  1.92544901 -1.36601584 -0.18539915
  1.47510034 -0.00530948  2.64897061]
[ 1.         -0.35938225 -0.52668811  0.24804173  0.47163064 -0.05409044
  1.34206374  1.20795634 -1.0022516  -0.20341292 -0.74194979  0.26066597
 -0.54784255  0.35096189 -0.83444406 -0.37582693  0.30593121  1.52066309
 -0.13841176 -0.51132799 -0.440996  ]
[ 1.          0.26925782 -0.22562632 -2.05284499 -0.59391331 -1.41193479
 -0.64613041 -0.7208567  -0.79682308 -0.20798333 -0.50615509 -3.06595505
 -2.38841382 -1.09383948  0.19703326  1.3941474   0.00400429 -0.19283542
 -1.42002773  0.54083888 -0.68710087]
[ 1.         -0.22356734 -0.34253216  1.00845029  1.10589946  0.42486957
 -0.0758577  -0.43093849  0.39137711  0.60588469  2.00713997 -1.58498185
  1.2791123  -0.81144922 -1.70924019 -0.52026955  0.39685841  0.68596329
  1.04071052  2.46280116 -0.65251777]
[ 1.          0.14053762 -0.07055628 -0.34464944  0.63876245 -0.18149033
 -0.30073959 -0.70793819  0.33271161 -1.35414287 -0.75374197  1.88982654
  0.70592418 -2.64477888 -0.61225846 -0.0478213   0.40023653 -0.03398815
 -0.83415109  0.54926773 -1.32234043]
[ 1.         -0.15381483 -0.22223536  0.72910051  0.39846017  0.21650954
 -0.42873292 -0.64338516  0.57111433  1.39064949 -0.22117078  1.12125791
 -0.8683769  -0.9494733  -0.20583202  2.0175829   0.87206958 -2.31265037
 -0.67029459 -0.64486408  1.17160297]
[ 1.         -4.20878648  1.53671555 -0.29703481 -0.08752035  0.37823281
  0.01870249  0.02130077 -1.09076653  1.45941082 -2.29404384  0.18617821
 -1.18714537  1.40055732 -0.492955    2.96383415 -0.62461956 -0.10864737
  2.79950314  1.47595206 -1.81529032]
[ 1.         -0.057489    0.15073108  0.15695341  0.29126291  0.33428184
 -0.37584419 -1.03553613  1.39111438  0.72416214 -1.01741695 -0.93645236
  0.63466287 -0.32360555 -1.29694034  2.34861883 -1.50976862  1.73568096
 -1.19770074  0.70279086  2.9204444 ]
[ 1.          0.2571457  -0.70214092 -1.99427475 -0.54004998  0.63552295
  1.64991634  1.55496403  0.19571707  0.81600673  1.04934504  0.60276613
  0.65253035  0.45619658  0.23586092 -0.14825625 -0.9565495  -0.0489059
 -0.96044009 -0.17874211 -0.79618388]
[ 1.         -0.49577627 -0.51531929  1.11147204  0.57412213  0.96728463
  0.11260731 -0.3446669  -1.48970992  1.28175847  0.01052435 -0.18283447
 -0.8790607  -0.12885221 -0.07315602 -1.73120097  0.74493491 -0.83365101
  0.74263963 -0.34127873  1.44528433]
[ 1.         -0.19471884 -0.92152549  0.851251   -1.00421287  0.13217432
  0.55529829  0.6908286  -0.08680628  0.28964124  0.28624036 -0.2899367
 -0.80887185 -1.05074763 -0.73448716 -1.40529676 -1.07899255  2.12523116
  0.29895844 -2.61310064  1.08909328]
[ 1.         -0.17385163 -1.13018122  1.48859987 -2.32417804 -0.00578336
 -1.57885053 -0.00643893 -0.05351419  0.2936143   0.92736235  0.55076939
 -0.75538058 -1.64473552 -0.84680923  0.34033288 -0.04208517  1.0144729
  0.37707361 -4.76357304 -1.1799185 ]
[ 1.          0.02399261 -0.13538763 -0.17818899  0.06053315  0.03551604
  0.41487817 -0.23897163 -0.05423598  0.32079975 -1.10673209  0.22186647
  0.99763679 -0.03654784  0.11023743 -0.83724003  0.10649227  0.90948831
 -0.69177337  0.53854947 -0.68168029]
[ 1.          0.00573013 -0.53700456 -0.02693336 -0.87639046 -0.19893063
 -0.04405513 -0.20772103  0.09683244 -0.36247264 -0.70060535 -0.24116295
  0.45107591  0.61720047 -0.19196568 -0.24198414  0.52660857 -0.87321223
  0.36058482 -0.24564876 -0.75316402]
[ 1.         -0.43358925  0.03149772 -0.9121061  -0.06346351  0.20028224
 -0.39199799 -1.52342086  0.01086504 -0.54957602 -4.07504829 -2.58232844
  2.69557418  2.7266582  -2.23969427  0.09372909 -3.11358987 -2.10778861
 -0.27065107 -2.11225814 -0.60947634]
[ 1.         -0.14220005 -0.94157975  0.85293611 -1.39111454 -0.13325429
 -1.11536657  0.24612926 -1.48816121 -0.46821388  0.98058653 -2.0208361
 -1.027466   -0.97516908  2.9589687  -0.88958559 -0.79303636 -1.60157924
 -0.12701284  0.45862752  1.86589716]
[ 1.         -0.33237947 -0.43503997  0.99086379  1.06570058  0.31317911
  0.31142648 -0.11188884 -0.097586    0.02371297  2.09917263 -2.222285
  1.15266582  0.62272336 -1.53369926 -0.11081524  1.44787077 -1.48706707
 -1.22078048  0.91752741  0.48878431]
[ 1.          0.00226169 -0.17495543  0.52536081  1.03886841 -0.15059
 -1.03922631 -0.57027856  0.43780901  0.64567977  0.90627029  0.66807546
  1.68845741 -1.4881421  -0.26109324  0.68258042  1.37873063  0.02086253
  0.44146912  0.25080387 -1.15585439]
[  1.         -16.15979962   7.68613674  -3.43364324  -3.14867265
  -2.13000214  -0.84007297   0.43165772   3.87290403  -3.16953589
   5.7779333   -0.21807343   2.57561397  -3.02500193   1.07022048
  -6.24596816   1.21980781  -0.17968116  -6.63437633  -2.95181436
   3.83036799]
[ 1.         -0.0383288  -0.17176171  0.40844351  0.94602094  0.04643113
 -1.14549322 -0.26293802  0.59494383  0.28205987  0.056614    1.5146473
  0.8215412  -1.85710927 -0.85314289  0.43936095  1.45000872 -0.49066186
 -0.50726606  0.02817057 -1.66826925]
[ 1.          0.29302226  0.15580024  0.62496737 -0.39507893 -0.08336866
  0.95981789 -0.05010797  1.81654071  0.52865576  0.69644168 -0.3894707
  0.11676615  1.85409086  1.22349507  0.81207707  0.21771147  1.04822188
 -1.05272332 -0.15326924  0.40118965]
[ 1.         -0.2090128  -0.23161032  0.73331013  0.71503661  0.86593926
 -0.36626203 -0.75559739 -1.08362662  0.03509854  1.17851689 -0.55749009
 -0.33555666  0.72267414 -0.96992824 -1.97653178  0.9699833  -1.16953066
  0.65558047 -0.85602567  1.16943415]
[ 1.         -0.33495634 -1.94578082  2.10479367 -5.18095822 -0.16149522
 -1.88565243  1.07143386 -1.74661091 -1.1714405   0.73537494  0.98998754
  1.23425346  1.03152203  1.97357643  0.58344355 -0.20321934 -0.81667518
 -1.70714816  3.99893062  2.75881581]
[ 1.          0.51003187  0.58309144 -0.34649747 -0.17569802  0.89657876
  0.05209183 -2.44405404  0.96887309 -1.89140244 -0.45383166  1.86183168
 -1.98938888  2.59750458  1.0958431  -3.79840378  1.70338289 -1.08809989
  1.24274729 -0.18092595  0.0545704 ]
[ 1.         -0.01836947 -0.19380101  0.91824744  0.58805063  0.29880311
  0.32658286 -0.51083338  1.789036    0.98807238  1.61371327 -1.9162662
  1.0061142   0.09068079 -1.83543564  1.0301887  -0.50024605  2.66627144
  0.70766322  2.46943135  1.07528881]
[ 1.         -0.44441496 -0.09369577  0.76532826  2.13610773 -0.45669155
  1.86183165 -0.80913325 -3.65146751 -5.25411055  2.02013325  1.50559577
 -0.22512643  0.40614815  0.63097606  3.21493493 -2.15649907  0.91350844
 -2.13085973 -1.35096316 -2.50301148]
[ 1.         -0.06269996 -0.49044222  0.27584423  0.54882692  0.53487187
 -1.30956806  0.6039798  -0.23519965  0.12998542  0.84241575 -3.78843967
 -1.3654932  -1.94036719  3.26339757 -1.88262469 -2.64269648 -1.95847516
  1.3221684   1.41954712 -0.85369801]
[ 1.         -0.03879954  0.15487396 -0.25533144  2.79792942  2.21932723
 -4.70596975  6.20755001  1.35786889 -3.16481839 -2.15343654  0.18213813
 -2.45202412  2.90576051 -1.25168468 -0.25417246  1.23427046  1.86215929
 -1.56253779  0.92161821  1.32426675]
[  1.         -17.56589351   8.30193139  -3.62914474  -3.61031067
  -1.92240075  -1.06267085   0.66973406   3.46885956  -1.21605002
   3.8269012    0.54631694   1.13589517  -1.94216246   2.24823224
  -3.20290184   0.94938906   1.463785    -0.6291426   -1.80007498
   1.70846182]
[ 1.         -0.28953541 -0.2756253   0.41660555  0.51955353 -0.00623115
  0.4849316   0.03165569  0.39896873  0.15702904  0.35920319 -0.00261582
  0.65112422 -0.6652964  -0.85577131 -0.68847447 -0.14073977 -0.12148749
  0.40724992  1.67892822 -1.5067909 ]
[ 1.          0.17803098 -0.19906617 -1.09410872  0.18068284  0.95004998
 -0.87825231  0.16296916  0.12687978  0.24316109  0.31589697  0.3525906
  0.60457039 -0.19663912  0.31863418  0.28524398 -0.43974454 -0.17922513
  0.72837139 -0.53217102 -0.23642154]
[ 1.          0.20828184 -0.17843605 -0.56808558  0.93546941  0.70259809
 -1.82913142  2.39681595  0.96058292 -0.28422592  0.03111645 -0.1439638
  0.25303662 -0.15911261  1.76971965  0.08957986 -0.64089007 -0.63481102
  0.60866982 -0.51479734 -1.02817906]
[  1.00000000e+00   6.12303783e-01  -3.68259525e-01  -3.86303184e+00
  -8.61299483e-01   1.80773150e+00   8.89713564e-02   3.17681029e-03
  -1.16568307e+00   9.98466626e-01   1.84835061e+00   4.25189544e-01
   1.26941512e-01   1.03931901e-01  -1.54292358e-02   7.88872504e-01
   3.11623818e-02   2.62558031e-01  -3.47920440e-01   3.00256156e-01
  -2.01565291e-01]
[ 1.          0.2294596   0.2728568   0.14412928  1.1178841  -0.90088016
 -0.65244221 -0.7507606  -1.21535524 -1.0860459   1.0941753  -0.08750971
  1.49270093  0.44738483  2.40192057  0.84593518  0.41563842  0.38893468
  1.73475808 -1.20299718  1.26433201]
[ 1.          0.64145073 -0.01147119 -3.18828844 -0.68325794  1.79029632
 -0.24965378 -0.69468016 -1.0685852   0.46515928  1.10953631  0.97408901
  0.36933015  0.32855885 -0.34922424 -0.20863789  0.7171217   0.28686712
  0.77803753  0.1572514   0.82136834]
[  1.00000000e+00  -1.45553723e-01  -1.64151156e+00   1.54939026e+00
  -4.79341155e+00  -2.64557486e-01  -1.98104731e+00   3.21097709e-01
  -8.37291042e-01  -1.76631029e+00   3.37010575e-01   4.87540269e-01
   1.04123856e+00   1.18144995e+00  -1.04620954e+00   6.29231947e-01
   2.76190162e-03   4.37179244e-02   8.52096190e-01   1.49128951e+00
  -9.91460275e-01]
