Cluster centers 

[-1.01216126 -0.37216351  0.48421211 -2.79660649]
[-1.26220755 -0.17207306 -0.25488756  0.12583372]
[ 1.39275739 -0.79287536 -0.20460393 -0.30608153]
[ 0.6616893   0.66904091 -0.76321055  1.03583492]
[ 1.28322254  0.28940088  0.95349556 -2.34218706]
[-0.63844908 -0.65694328  0.76436516  0.63634614]
[ 0.00851223  2.48645617 -0.12880841  0.12172211]
[-0.65036174 -0.00974125  1.2999041   0.51287444]
[ 0.64090516 -0.21567928 -0.87771759 -1.01733897]
[-1.478549    0.30871519 -1.78746465 -0.32834308]
[ 0.36231489  1.96127641 -0.11817291  0.5163825 ]
[ 1.15293529 -0.5504771  -0.83672948  1.14752481]
[-0.98210338 -0.70258651  0.02050416  0.32782583]
[-0.42819176  0.81376173 -1.84972474  0.27229399]
[-1.32965922 -0.58541401 -1.30907383 -0.89847774]
[ 1.29507372 -0.45131082  0.05954543 -1.03683756]
[ 0.64499703 -0.40767183 -1.39499433  0.22220142]
[-0.17523544 -0.66378532  1.48211703  0.9358848 ]
[ 1.41957082  1.11584907  1.36028964  1.30035395]
[-0.0260234   3.47347703  0.72610844 -0.45121487]
[-0.98843604  0.47363123  1.07478789  0.18778535]
[-1.0883624  -1.05576201 -0.5298422  -1.02153221]
[ 0.35501586  0.40818434 -0.37012193 -2.28958266]
[-0.53131139  1.24960225  0.09898222 -3.87553593]
[ 2.05381749 -1.10386064  1.34311858 -0.68609828]
[-0.18812714 -1.5401627   0.80820733  0.8691697 ]
[ 1.0486559   0.78925335  0.06139386  1.25641289]
[-1.31550326  0.18105556 -0.06446587  0.07432758]
[-0.35202937  2.28476184 -0.69741503  0.04450472]
[-1.16904277 -0.177226   -0.29267941 -2.61418236]
[ 0.30971675  1.33939813 -0.7325625   0.70511093]
[ 0.56291278  0.02457532 -1.36957536  0.82197794]
[-1.32416529 -0.51917294 -0.87101419 -0.14413061]
[-1.59555327  1.26822526 -0.00632633 -0.3539219 ]
[-0.9613143  -1.19743917 -0.21807774 -1.0872624 ]
[ 1.22629742  0.16074838 -0.12003332  1.47129131]
[ 2.13329342 -0.55036622  2.25393914 -1.71016462]
[-0.43565076  0.28555877  1.91827402  0.51181366]
[ 1.70976179 -1.08193226  0.24745944 -0.09151023]
[ -9.13015051e-01  -5.41070420e-04  -2.01348579e+00  -1.00451031e+00]
[ 0.85426793 -0.10685665  2.880558    1.30471276]
[ 0.2365424  -0.21847554 -1.63555131 -0.34045409]
[-0.99718152 -1.21617722 -0.42612798 -0.29955386]
[-0.89172509 -0.88274652  0.39593288 -2.08510606]
[ 0.96564305  0.00963006  0.00639165 -1.72543391]
[-0.82114565 -0.17100049  0.83497094  0.45557105]
[ 0.58072175  2.7239894   0.94706783  0.21019482]
[-0.70488502  0.29875256 -2.18787748 -0.17733624]
[ 0.97857161 -0.38388521 -0.51549712 -0.87767616]
[ 1.18525819 -0.78310171 -0.86473978  0.71164341]
[-0.09735565  1.76492953 -0.87265009  0.36321659]
[-1.61122861  0.8428481  -1.28684999 -0.28802543]
[ 0.96098188  1.62285951  0.6464766   0.91569643]
[-0.57977043 -1.09486159  0.51870451  0.64445767]
[ 1.35454452 -0.25464146  0.4372721  -1.4718448 ]
[-1.12037132  0.02678486 -0.95214252 -2.36443808]
[-1.06216827  0.24018235  0.68554181  0.22198385]
[-0.58621165  4.14946636  0.75400516 -1.10994376]
[ 0.97240885  0.41297172  0.52806748 -2.42536428]
[ 1.5410532   0.41312334  1.64464044 -2.6350189 ]
[ 0.49077814  1.39364066 -0.42007201  0.78728503]
[-0.96355435 -0.23215693  0.47965642  0.37287267]
[ 0.23852179 -0.86113088  1.82130761  1.22233096]
[-0.18818462  0.328879    2.31444264  0.60531931]
[-0.82887308 -0.62373047  0.42595351  0.48913914]
[-0.99525186 -1.05588941 -0.31140909  0.09852349]
[ 0.94213406 -0.01924253 -0.83534933  1.20718014]
[ 0.97824431 -0.55163642 -1.1010953   0.80948539]
[-0.30572708 -1.89112794  0.52024785  0.16082663]
[ 0.64873505  1.68578092  0.0971208   0.75995274]
[-1.13866443 -0.06022591  0.21341808  0.2311534 ]
[ 0.66878599 -0.37790874 -1.11736083 -0.492938  ]
[ 1.21759994 -0.73955395 -0.56182364 -0.12609337]
[ 1.00834668 -0.65397138 -0.92889834  0.06816768]
[ 0.1120361   1.00213615 -1.24870111  0.64669658]
[-0.49545374  1.35974526 -1.53247553  0.23291032]
[ 1.85734035 -0.65327053  1.21022289 -1.21044419]
[-1.04267143  0.84525587  1.30747553  0.01749482]
[-1.1015856  -0.60031513 -0.19239268  0.22276794]
[ 1.23894242  0.10619053  0.6425465  -2.02955284]
[-1.24039062 -0.84874915 -0.95916823 -0.73513789]
[ 0.5566923   0.70229605  0.25450713 -2.80585656]
[ 1.39113583  0.34220983  1.23850967 -2.46735641]
[-1.24361704  0.96231863 -1.9067263  -0.18040455]
[-0.81447312 -1.16558193  0.02072199  0.31725389]
[-0.7846896  -1.23965664  0.32242439 -1.4858117 ]
[ 1.33053789 -0.40071742 -0.37165098  1.50517678]
[ 0.09842151 -1.28518192  1.34945     1.17067485]
[-1.51344431  0.53005954 -0.46383624 -0.11932348]
[ 1.45702401 -0.99046687 -0.51903656  1.1210402 ]
[ 1.69375945 -1.24497216 -0.03879144  0.52621382]
[-0.67322371  0.34742061  1.58068722  0.37813708]
[ 1.82283164 -0.94554805  0.75755971 -0.61476834]
[-0.7519464  -1.51247026 -0.00409512 -0.42244337]
[-0.20096627  0.09505544  2.09179223  0.69853595]
[ 0.38229773  0.55761304 -1.25115909  0.83497849]
[ 0.40760859  0.947859   -0.91588105  0.84102132]
[-0.35048733 -0.30302176  1.53626142  0.75726218]
[ 0.85609593  1.36648782  0.19133266  0.97797417]
[-0.12566546  2.73637165 -0.06856321 -0.06113072]

Populations

0.00300959487505
0.0280472632173
0.0259482254296
0.021067164126
0.00507329023735
0.0258900308423
0.00503915879286
0.0110098929555
0.00911875845944
0.00946677274318
0.0146811142344
0.0232938246461
0.00926848599235
0.0124262466204
0.0142906113893
0.0092639448057
0.0223734624342
0.00476280220354
0.00802855504699
0.0102524905109
0.00972993975094
0.00633296387746
0.00242680653445
0.0013168521198
0.0111628342548
0.00659430312818
0.00703378300965
0.000655863844007
0.00611430835058
0.00470745918509
0.0156121467354
0.0142660440221
0.00405699280104
0.006204296702
0.00621325754807
0.00532551537309
0.0286288403967
0.00462834692648
0.0057044340128
0.00416926646437
0.00558509542602
0.0157976179267
0.00851235697257
0.012360990974
0.0277991627825
0.003017402064
0.00521143900505
0.0210995254647
0.016616312317
0.00981105728856
0.00834764395683
0.000735508277748
0.0149300788401
0.0146741363054
0.0048149884171
0.00889404838986
0.00334893794603
0.00528798627329
0.00165609313707
0.0135521221281
0.0127815793354
0.00509470086487
0.0187450343925
0.0141621104878
0.0120859420358
0.00978435669676
0.00558045166558
0.0120493091399
0.00923809976968
0.0146216704481
0.0231717569713
0.00903743623912
0.00415653275711
0.0122659102287
0.00480282212558
0.0186539332253
0.0190597686362
0.00272490719814
0.0157358401355
0.00580608795402
0.0013066231916
0.00281279192323
0.0189136838257
0.00276752957488
0.0040411796656
0.00450231343408
0.00578876148334
0.00351552203296
0.00974110751514
0.0277045101141
0.00712731566373
0.00799394475821
0.00658745032802
0.00696178547553
0.00843400416607
0.0100322090751
0.00582899518307
0.0111335737899

State labels

0
1
2
3
4
5
6
7
9
10
11
12
13
14
15
16
17
18
19
20
21
22
23
24
25
26
27
28
29
30
31
32
33
34
35
36
37
38
39
40
41
42
43
44
45
46
47
48
49
50
51
52
53
54
55
56
57
58
59
60
61
62
64
65
66
67
68
69
70
71
72
73
74
75
76
77
78
79
80
81
82
83
84
85
86
87
88
89
90
91
92
93
94
95
96
97
98
99

Eigen values

1.0
0.804597620211
0.768137098005
0.728663147589
0.686415679631
0.678239728637
0.65863422949
0.633469495144
0.625811697505
0.61824068479
0.599524664566
0.593708316635
0.58011481469
0.558151625159
0.541168178051
0.523354772855
0.488843184584
0.486076312575
0.465497412624
0.443828799226
0.433295482332

Left eigenvectors

[ 0.00300959 -0.00502543 -0.00260854  0.00824877 -0.00078617 -0.00177007
 -0.0014587   0.00338757 -0.00811164  0.00477843 -0.00153646  0.00241356
  0.00081225  0.00193191 -0.00361278  0.00029384  0.00874557 -0.00538992
  0.00162443 -0.00328904 -0.00674978]
[ 0.02804726 -0.00143165 -0.00717517 -0.0168083   0.02246254  0.02382114
 -0.01497309 -0.02733425  0.01481936  0.02711558  0.00808471  0.00295738
  0.01842927  0.01564116 -0.02311601 -0.01947799 -0.01954035  0.01060528
 -0.03667711  0.00835897 -0.03740213]
[ 0.02594823  0.00177019  0.0043011  -0.00604768 -0.02649987  0.00500163
  0.00056452  0.00333593  0.01468497  0.01146794 -0.00815265  0.01446065
  0.03780793 -0.00771079 -0.02996817 -0.01368338  0.00695664 -0.02016485
  0.01063329  0.01344408 -0.02139519]
[ 0.02106716 -0.02830416 -0.01402602  0.04207401 -0.0037775  -0.00840374
 -0.00672523  0.01502144 -0.0355345   0.02067955 -0.00644803  0.01003066
  0.00329837  0.00754808 -0.01368583  0.00107649  0.0299265  -0.01833939
  0.00529317 -0.0102184  -0.02047253]
[  5.07329024e-03  -3.51205286e-03  -9.39802390e-05  -1.18722522e-03
   2.57225704e-03   2.24694464e-03   3.21507615e-04   2.89390298e-03
  -2.04395753e-03   4.20529117e-03  -9.37601798e-03  -3.97947371e-03
  -1.58373189e-03  -5.52597475e-04  -2.40546549e-03  -9.93991200e-04
   4.67978412e-03   6.93570436e-04   1.52992133e-03  -1.14299305e-03
   4.92976002e-03]
[ 0.02589003 -0.02035791 -0.00136685 -0.01462691  0.02563238  0.01193576
  0.00843083 -0.00292927 -0.00188944 -0.00310807 -0.03291705 -0.01772812
 -0.00343532 -0.03270563 -0.00835591 -0.01724679 -0.01324438  0.00902058
  0.01068294 -0.02804305  0.00812001]
[ 0.00503916 -0.00441208  0.00045839 -0.00337278  0.00707795  0.00376426
  0.00116167  0.00792795 -0.00040998  0.00314245 -0.01111378 -0.00810305
  0.00666314 -0.00160371  0.00430665 -0.0078691   0.00349998  0.00542784
 -0.00352938 -0.00880326  0.00895743]
[ 0.01100989 -0.00241069  0.00407416 -0.01123869 -0.00856491 -0.00909505
 -0.00132461 -0.0034131   0.00035503  0.00173562 -0.01037985  0.00156868
  0.00076267 -0.00384886 -0.01214547 -0.00651211  0.00057454 -0.01459982
  0.01233395 -0.00385449 -0.01868264]
[ 0.00911876  0.01059251 -0.00149797  0.00088924  0.00026137  0.00484434
 -0.00023116 -0.00595948 -0.00968419 -0.01012674  0.00513432 -0.00195737
  0.01018116 -0.01630371  0.00625495 -0.00145612  0.00450906  0.00030076
  0.00470374  0.01130649  0.00216061]
[ 0.00946677 -0.00417406 -0.000732   -0.00813819  0.01212885  0.00827296
  0.00171363 -0.0079507  -0.00070719  0.00538326 -0.00534539 -0.00010772
 -0.01408029 -0.01182519 -0.00427665  0.00664163  0.00564087  0.01078186
 -0.00747887  0.009948   -0.02185152]
[ 0.01468111 -0.00517739 -0.00094307 -0.00153974  0.00271231  0.01621655
 -0.00052011 -0.01233003 -0.00599466  0.01205083 -0.01570729  0.00059683
 -0.01279127 -0.00892503 -0.00756281  0.01198118 -0.00287655  0.00301389
  0.00078475 -0.00692715  0.01687118]
[ 0.02329382  0.0224963   0.00994926  0.01064955  0.01687733  0.02164167
 -0.00481954 -0.01546359 -0.02626768 -0.01609682  0.00656915 -0.01856704
  0.01316973 -0.00472134  0.00086783 -0.00071806  0.00383041 -0.00890633
 -0.02608103 -0.00203692  0.00078573]
[ 0.00926849  0.00087575  0.00184152 -0.01006126 -0.00115316 -0.01740593
 -0.00516837 -0.00380514 -0.0002575   0.00422828 -0.00193255 -0.00472279
 -0.00990823  0.00421634 -0.00828312 -0.00909661 -0.00489483 -0.0232704
 -0.00518707  0.00660428 -0.01065713]
[ 0.01242625 -0.00779584  0.00154433 -0.02009264  0.00892458  0.00854828
 -0.01209436  0.02045652  0.0106107   0.00064694  0.00530801  0.00707312
  0.02479598  0.01442888 -0.02598193 -0.00561431 -0.01313394  0.00302027
 -0.00411724 -0.0017492   0.0047179 ]
[ 0.01429061 -0.00228205  0.00125957 -0.01512335 -0.00340745  0.00041572
 -0.00114348  0.00287478 -0.00401609 -0.0179607   0.015276    0.00807505
 -0.01014986 -0.00339032  0.00191998  0.01361195 -0.00583247  0.00142372
  0.03938272  0.00948103 -0.00650238]
[ 0.00926394 -0.00589463  0.00056541 -0.00654262 -0.00278052 -0.00059067
  0.00288335 -0.00236295  0.00993081 -0.0020115   0.00519262  0.00160966
  0.00067691 -0.00050528 -0.00101967  0.00814129 -0.00181222 -0.00155461
  0.01519542  0.00655869 -0.00035745]
[ 0.02237346 -0.02903984 -0.00054202  0.00654894  0.00539961 -0.01692554
  0.01759446 -0.00987042  0.03451819  0.00092964  0.00622073 -0.0399213
  0.01900621 -0.00665269  0.01333476  0.00850063 -0.0252436   0.00428968
  0.01318642 -0.0051995   0.00858076]
[ 0.0047628   0.00561395 -0.00569001  0.00104279 -0.00494637  0.00203386
 -0.00048329  0.00016554  0.00450294  0.00258178  0.0003908   0.00505395
  0.01441803 -0.00708897 -0.00529419 -0.00270992  0.00717318 -0.00397152
  0.0053265   0.0054763  -0.00205339]
[ 0.00802856 -0.01673202 -0.00301531  0.01187129  0.0058662  -0.00688612
 -0.0035152  -0.00648848  0.0181177  -0.01558023 -0.00887062 -0.01176912
  0.00773045 -0.00769733  0.0094691  -0.00686738 -0.0142109   0.00131698
  0.00672587 -0.00167427  0.00257205]
[ 0.01025249 -0.00426084  0.00355217 -0.00562877 -0.00376953  0.00149174
  0.00147898  0.00220331  0.00565054 -0.00148632  0.01873825 -0.00394874
 -0.0117778   0.00755188  0.00202004 -0.00370619  0.01550278  0.00349508
  0.02098708  0.01049778  0.00532873]
[ 0.00972994  0.00098231  0.00496432  0.00012498 -0.02072455  0.00564587
  0.00630206  0.00617961  0.00565261  0.00145554 -0.00334336  0.00688884
  0.00456395 -0.00303958 -0.00191309 -0.00200431 -0.00816132 -0.00385146
 -0.00866775  0.00945468  0.00091258]
[ 0.00633296 -0.00511693 -0.00224176  0.00266006  0.00227907  0.00168165
 -0.0004755   0.00076754 -0.00912857  0.00574272 -0.01525608 -0.00301721
 -0.00934487 -0.0043552  -0.01163549  0.00226108 -0.00182022 -0.01711467
  0.00733571 -0.00610439  0.02122774]
[ 0.00242681 -0.00265668 -0.00035544  0.00331243 -0.0021428  -0.00061848
  0.00051593  0.00159027 -0.00341181  0.00216914 -0.00149996  0.00034603
 -0.00084482  0.00236771 -0.00332305 -0.00059126  0.00884451 -0.00325242
  0.00360335 -0.00167387 -0.00749989]
[ 0.00131685 -0.00148472 -0.00210401 -0.00112488  0.00577747 -0.00330673
  0.01565478 -0.00276365 -0.00264745 -0.00544167 -0.00131475  0.01053922
  0.00046064  0.0039498  -0.0030241  -0.006222    0.00125807  0.00182777
 -0.00171502  0.00124884  0.00463534]
[  1.11628343e-02   7.97962468e-03  -1.68958231e-02  -6.33561485e-03
   7.53393133e-03   1.27148018e-05   1.17227980e-02   1.88728061e-03
  -5.55495241e-03  -9.71319449e-03   2.77675223e-03   1.16409610e-02
  -8.39834901e-03  -1.11156862e-03   1.83102074e-02  -2.72240354e-03
  -1.93249759e-02  -3.14117338e-03   1.36689617e-02   1.33162482e-03
  -2.07391360e-02]
[ 0.0065943  -0.00552298  0.00084006 -0.00400992  0.00263234  0.00532135
 -0.00906974  0.00964098 -0.00452029 -0.01716405  0.02067788  0.00444885
 -0.00013597  0.01074031 -0.01271626  0.00843522  0.00033844  0.00216511
  0.00840978 -0.00768167  0.00871435]
[ 0.00703378  0.00191371  0.00133821 -0.00382681  0.0021081   0.00381279
  0.00073501 -0.00466429 -0.00661113 -0.0100969   0.01012123 -0.00522899
 -0.00321184 -0.01497691  0.0039564  -0.00195409  0.00447928  0.00229179
  0.01539199  0.00739214  0.00012917]
[ 0.00065586 -0.00091581 -0.00096737 -0.00077046  0.00331858 -0.00195369
  0.00994825 -0.00219737 -0.0007997  -0.0036063  -0.00088232  0.00642656
  0.00056701  0.00291819 -0.00268741 -0.00175627  0.00286657  0.0005624
 -0.00221167  0.00143239  0.00303788]
[ 0.00611431  0.01752262 -0.02430611  0.00415433 -0.00318163 -0.00747435
 -0.00136055  0.01043376  0.01019571 -0.00347712 -0.00118986 -0.00338512
  0.00224009 -0.00953486 -0.0108826   0.0041475   0.01200482  0.02027874
  0.00115313 -0.00432806  0.00525663]
[ 0.00470746 -0.00413396 -0.00081313 -0.01369381  0.01084072  0.00222654
 -0.00397492  0.02155911  0.00210996  0.00032935 -0.00729662  0.00578225
  0.00038806 -0.00227115  0.02423797  0.00266493  0.01489063 -0.0059761
 -0.00774987  0.00205718 -0.00302463]
[ 0.01561215  0.0078047  -0.00203177 -0.00693626 -0.00536581 -0.0117633
 -0.00232079  0.00784841 -0.00616271 -0.00198876 -0.01961758 -0.00907896
 -0.02185296  0.00931559 -0.0126541   0.00362432 -0.01306353 -0.02993101
  0.00265944  0.01744066  0.01803999]
[ 0.01426604 -0.00533321  0.00384337 -0.00669792  0.01092678 -0.00409924
  0.00013836 -0.01264998  0.00427583  0.00726121  0.02313747 -0.01178826
 -0.01948698 -0.02168611  0.00197592 -0.01174478  0.0183083   0.0069529
  0.0113062   0.02227135  0.00803441]
[ 0.00405699 -0.00414409 -0.00021202 -0.00654026  0.0081941   0.00323476
 -0.00032955  0.01098251  0.00010463  0.00181483 -0.0114349  -0.00301612
  0.0021099  -0.00452111  0.01087423 -0.00398514  0.00846797  0.00070634
 -0.00405215 -0.00669655  0.00523547]
[  6.20429670e-03   7.66304586e-03  -1.03374016e-02  -2.69489376e-03
   1.96068188e-03  -1.36724115e-02  -2.35531385e-03   3.03187412e-03
   1.73645030e-03  -5.52674959e-04   1.11284341e-03  -6.98979917e-03
  -1.37149058e-02   7.30698542e-03  -1.21557131e-03  -3.20853928e-03
  -7.92517883e-03  -5.25067260e-03  -1.05539333e-02   2.31451402e-05
  -7.39346441e-03]
[ 0.00621326 -0.00256916  0.00108256  0.00557694  0.00014853  0.00140886
  0.0030076   0.00780317 -0.00701903  0.00371114 -0.00334741 -0.00799338
  0.00662775  0.00537396  0.00467252 -0.0049922   0.00468181  0.00184419
 -0.00155475 -0.00439031  0.00640728]
[ 0.00532552  0.01358704  0.02110186  0.01640691  0.014731   -0.00428772
  0.00134611  0.0099766   0.01415162  0.00573052  0.00032596  0.01284068
 -0.00733252 -0.001578   -0.00124887  0.00478667 -0.00715445  0.00185138
  0.00931002 -0.01686399 -0.00514318]
[ 0.02862884 -0.00390589  0.00993149 -0.00314015 -0.05320504  0.0121701
  0.01256736  0.01282867 -0.00049462 -0.00505505  0.00205709  0.03050911
 -0.00919285 -0.03041605  0.01007335  0.01874684 -0.03696896  0.004587
 -0.0403581   0.01009285  0.01227405]
[ 0.00462835 -0.00289544  0.00075323  0.00084918  0.00205927  0.00319435
  0.00029839 -0.0029352  -0.00163921  0.00722943 -0.00440937 -0.00351473
 -0.00344781 -0.00058112 -0.00278792  0.00463437  0.00179147  0.01031777
  0.00320704  0.00821396  0.00767512]
[  5.70443401e-03  -9.55113561e-03  -2.42399005e-03   1.13530100e-02
  -5.28424748e-03  -6.62074639e-03   6.18297868e-03   1.25174237e-02
  -1.66835011e-02   1.50453349e-02   1.15533818e-02   4.16184158e-06
   4.81508421e-03  -5.21680208e-03   3.15608353e-03   6.28885082e-03
  -9.27933265e-03   5.70474130e-03  -6.01552624e-03  -1.19536614e-03
  -3.37397596e-03]
[ 0.00416927  0.00255157  0.00455884  0.00076185  0.00563376 -0.00368387
 -0.00149942 -0.00404023  0.00283008  0.00370196  0.00942847  0.00016593
 -0.00447949 -0.01325692 -0.00080125 -0.00597904  0.0089783  -0.00426514
 -0.00296356  0.00652587  0.00891311]
[ 0.0055851  -0.00802255 -0.00091941  0.00459404  0.0009265  -0.00599309
  0.00556756  0.01005543 -0.00627281  0.00694785  0.01191041 -0.00700847
  0.00658988  0.00311677  0.00480713  0.0005135  -0.00436001  0.00421841
  0.00305924 -0.00396321  0.00479985]
[  1.57976179e-02   5.01724205e-03   5.62589626e-03  -2.04253132e-03
   3.96233274e-03   1.84875678e-02   5.52034604e-03  -5.73611040e-03
  -2.07072686e-02  -2.63718341e-02   3.25671515e-03  -1.94698793e-02
  -5.15019186e-05  -1.98036493e-02   4.57989367e-03  -8.42929632e-03
  -1.40740817e-03   1.75091183e-04   3.09176343e-04  -2.27666635e-02
  -4.42607885e-03]
[ 0.00851236 -0.0046786  -0.00083647 -0.01078188  0.01024246  0.00865406
 -0.00569877  0.00162008  0.00638313  0.00506683 -0.00136169  0.00056747
  0.01287768  0.00386793 -0.01731324 -0.00987679 -0.01329709  0.00570431
 -0.00940352 -0.00433565 -0.00626772]
[ 0.01236099 -0.00936925 -0.00494687 -0.0006686   0.0069666   0.01608212
 -0.0103767  -0.01423906 -0.00052062  0.01427644 -0.00842211  0.01321324
 -0.01528182  0.0022513  -0.00880428  0.01911128 -0.00052238  0.01918322
 -0.00450107  0.0024433   0.00476451]
[  2.77991628e-02   1.17824901e-03   4.55463140e-03  -2.29269090e-02
   1.13625632e-02  -4.87776977e-02  -1.67165370e-02  -1.61712899e-02
   3.56380404e-03   1.49223322e-02   2.32517521e-02  -1.15809990e-02
  -1.77377592e-02   1.18112130e-02   6.17539545e-05  -2.25837133e-02
  -4.50731108e-03  -2.34744564e-02  -3.35611814e-02   8.67042835e-03
  -1.67756331e-02]
[ 0.0030174  -0.00268494  0.00049335 -0.00493509  0.0025661   0.00328368
 -0.00523532  0.00747168  0.00098898 -0.00520699  0.00789524  0.00311874
  0.00595959  0.00734262 -0.01127631  0.00160119 -0.00364096  0.00173191
  0.00224147 -0.00389144  0.00540818]
[ 0.00521144 -0.00521617  0.00083364 -0.00502159  0.00302836 -0.00079247
 -0.00304365  0.01281413 -0.00069214 -0.00294942  0.0178271  -0.00083754
  0.00111315  0.01014406  0.00057885  0.00100779  0.00659905  0.00107968
  0.00804223 -0.00058004  0.00890211]
[ 0.02109953 -0.01333961 -0.00144429 -0.0044994  -0.00153743  0.004831
 -0.00501113 -0.02340955  0.02395903  0.01084056  0.02919144 -0.00266969
 -0.02410952  0.01570589  0.0080562  -0.00885313  0.01517635  0.00933633
 -0.0013698   0.00186539  0.01018808]
[ 0.01661631  0.02831827 -0.03918043  0.00104736  0.00122426 -0.02160901
  0.00020445  0.01620325  0.00349299 -0.00825929 -0.0072576  -0.01424469
 -0.02930322  0.01380745 -0.00310501  0.00222495 -0.01611221 -0.00146162
 -0.00800261 -0.00382213 -0.00749878]
[ 0.00981106  0.00426807  0.01042411  0.00263832 -0.0015445   0.00258356
  0.00249495  0.00128961 -0.00106815  0.00208789 -0.01118375 -0.00957007
  0.00521417  0.01356036 -0.00276537 -0.00125898  0.00657141  0.01317761
  0.00250267  0.02147615  0.00341462]
[ 0.00834764 -0.02169316 -0.00757351  0.02851032  0.00117219 -0.00543634
 -0.02079348 -0.00363962  0.00747799 -0.02407924 -0.00831676  0.01251587
 -0.00059949  0.00261019  0.00413988 -0.00712534  0.00538377 -0.0030524
 -0.00453632  0.00675541 -0.00425848]
[ 0.00073551 -0.00152106 -0.0001147  -0.00012087  0.00131441 -0.00172268
  0.00542489 -0.00247714  0.00442481 -0.00150623  0.00027943 -0.00313485
  0.00328046  0.00078997 -0.00052334  0.01243876  0.00386687 -0.00433033
 -0.00373917 -0.00122548 -0.00135713]
[ 0.01493008  0.00375289  0.00870825 -0.00598211 -0.00225506  0.00078358
 -0.00017929  0.00117742 -0.01000759 -0.01289681  0.00287356 -0.00494641
 -0.01544866  0.00274636 -0.00780564  0.01054039 -0.00479585 -0.00499452
 -0.00229181  0.0148576  -0.01618711]
[ 0.01467414 -0.00168166  0.00854148 -0.01916601 -0.01966705 -0.01702569
 -0.00685623 -0.00722816 -0.0062568  -0.00527046 -0.00960724  0.01607869
  0.00457279 -0.00633514  0.00206401  0.0124646  -0.00688683  0.00533055
  0.02000312 -0.01376312 -0.00710153]
[ 0.00481499 -0.00468404 -0.00162899 -0.00165319  0.00636591  0.00649394
 -0.0017638  -0.00541278 -0.0020322   0.0059645  -0.0076668   0.00258126
 -0.00875305 -0.0059365  -0.00625693  0.00713467  0.00216455  0.01193525
 -0.00276465 -0.0005387  -0.00738256]
[ 0.00889405 -0.00534212  0.00187783 -0.00565464  0.00756808  0.00487275
 -0.00101316  0.00465405  0.00719579  0.00608077 -0.00706562 -0.01007554
  0.01473414  0.00759845 -0.00704645 -0.00755807 -0.00500499  0.01052442
 -0.00535852  0.00186384  0.00531868]
[  3.34893795e-03  -2.61465917e-03  -6.17818374e-06  -9.00385989e-03
   3.99009192e-03   1.49254419e-03  -2.88594166e-03   1.24546161e-02
   1.54096293e-03  -6.23674253e-04  -5.55438508e-03   6.13758758e-03
  -7.14373689e-04  -2.56545978e-03   1.34693897e-02   6.01047400e-03
   5.68103762e-03  -4.15732766e-03  -1.45274059e-03   3.25341211e-03
  -1.10598856e-04]
[ 0.00528799 -0.00350872 -0.00583767 -0.00183688  0.01053027 -0.00564631
  0.02207731 -0.00170764 -0.00675543 -0.0057566  -0.00119858  0.01183446
 -0.00066937  0.0015436   0.00094677 -0.01253627 -0.00781146  0.00308613
  0.00407874 -0.00241768 -0.00011676]
[ 0.00165609 -0.00315904 -0.00013957  0.00034581  0.00172919 -0.00303791
  0.00707275 -0.00350647  0.00772323 -0.00160998  0.00085458 -0.00710279
  0.00559507  0.00036913  0.00059334  0.01729053  0.0028307  -0.00571663
 -0.00411033 -0.00251247 -0.00115381]
[ 0.01355212 -0.00448346  0.00576183 -0.00583074 -0.01987002  0.00196196
  0.006732   -0.00498495  0.00905874  0.00251023 -0.01041735 -0.00220387
  0.01001554 -0.00558415 -0.01075096 -0.00389858  0.00732631 -0.00556956
  0.02270592 -0.02081814 -0.01900184]
[ 0.01278158 -0.00132993  0.00886154 -0.00036152 -0.0323607   0.01258301
  0.01457843  0.00153235  0.01292822 -0.00173074  0.00294152 -0.00291623
 -0.01848613  0.0082392   0.00922237 -0.0170783   0.01646073  0.00628406
 -0.01491142 -0.0234558  -0.00156229]
[ 0.0050947   0.01207486  0.01773773  0.01322633  0.01436021 -0.00627183
 -0.00069426  0.00620412  0.01317286  0.00688134  0.00495317  0.013724
 -0.00612821 -0.01027466 -0.00256186  0.00119575 -0.00279694 -0.00500228
  0.0028656  -0.0188384   0.00130735]
[ 0.01874503  0.02501347  0.03182565  0.01956771  0.01228288  0.00518903
  0.00203434  0.00483379 -0.01060517 -0.00966199 -0.01537495 -0.0125359
  0.00488618  0.02657852  0.00353471  0.00981783 -0.00117109  0.01918327
  0.00270851  0.03629989 -0.01136076]
[  1.41621105e-02   1.46833213e-02   7.50408814e-03   1.01058574e-02
   5.93488302e-03   8.48583053e-03  -9.66216535e-05  -3.53492599e-03
  -1.96724085e-02  -9.20529136e-03  -6.01251860e-03  -1.59714524e-02
   1.22720159e-02   9.78290785e-03   9.67362225e-03  -1.52136821e-03
   5.75132854e-03   5.47548325e-04  -6.79331772e-03   6.89179277e-03
   4.95061350e-03]
[ 0.01208594 -0.01929068 -0.00567638  0.01803558 -0.00312102  0.00401904
 -0.01967976 -0.00314781  0.00210828 -0.01443952  0.00722799  0.02106559
 -0.01230958  0.00861951 -0.0054401   0.00772957  0.0084278   0.00661858
 -0.01258787  0.00466301  0.00732129]
[ 0.00978436 -0.00300362  0.00561261 -0.0024338  -0.01110872  0.00105169
  0.00694263  0.00044662  0.00118256  0.00020128 -0.00440806 -0.00392186
 -0.00632618  0.0075884  -0.00835952 -0.00341478  0.02181288 -0.00371564
  0.01210075 -0.00082434 -0.01755877]
[ 0.00558045 -0.00713898 -0.00027119  0.00351873  0.003004   -0.0045352
  0.00446576 -0.00153858 -0.00132198  0.00997053  0.00754964 -0.00998098
 -0.00131075 -0.00722532  0.0016832   0.00140751 -0.00049744  0.00970626
  0.00775956  0.00981779  0.00489325]
[ 0.01204931  0.01280577 -0.02108203  0.00043089  0.00637313  0.01472393
 -0.0012513  -0.01550882  0.00349076  0.01199088  0.00699886  0.01386588
  0.01313936  0.00965566  0.01812178 -0.00164834 -0.0118087  -0.01072303
  0.01097097 -0.0034683  -0.00906916]
[  9.23809977e-03  -1.78614486e-03   5.05731212e-03   2.84087807e-03
  -1.57987504e-02   3.04083290e-03   9.77285148e-03   4.82875403e-03
   9.50625901e-03  -8.30484391e-05  -1.99067562e-03  -5.13894130e-03
   1.89407244e-04   2.02148152e-03   7.08004751e-03  -4.61685053e-04
  -1.19307989e-02   1.28344202e-03  -5.70132938e-03   5.51707855e-03
   8.84424892e-03]
[ 0.01462167  0.0180347   0.01941665  0.00948469  0.01558319 -0.01266407
 -0.00654743 -0.00556289  0.00777569  0.00852633  0.01649568  0.01097642
  0.00017602 -0.02913443 -0.00455389 -0.01006419  0.01250729 -0.01958621
 -0.01888938 -0.00067976  0.01808596]
[ 0.02317176  0.02634062 -0.02568338  0.01802711  0.0001002   0.0134366
 -0.00151202 -0.00689664 -0.01096815  0.00621865 -0.00122337 -0.00554593
  0.00961737  0.02356105  0.02021235  0.00108446  0.00181181 -0.02085952
  0.00078835 -0.00629485  0.00767349]
[ 0.00903744 -0.01150579 -0.00425717  0.00713569  0.0056969  -0.01472831
  0.01279594  0.00427702 -0.01017265  0.01022512  0.01042732 -0.00400833
  0.00423701  0.00139322  0.0029866  -0.00681094 -0.00794636  0.00133459
  0.00353218 -0.00330468 -0.00468228]
[ 0.00415653 -0.00305539  0.00040533 -0.00169026  0.00199573 -0.00786053
  0.0003465  -0.00338085  0.00529454  0.00203442  0.00396827 -0.00744462
  0.00046845  0.00062068  0.00217374 -0.00197403 -0.00526335 -0.00303093
 -0.00319366  0.00051048 -0.00131162]
[ 0.01226591  0.01186206 -0.02015099  0.00580894  0.00518979  0.01960569
 -0.00387417 -0.02177616  0.00021207  0.01802972  0.00523197  0.01085521
  0.00533885  0.02333574  0.02643026  0.00596908 -0.00917768 -0.01661702
  0.01319736 -0.01241871  0.00946538]
[ 0.00480282 -0.00478911 -0.00016001  0.00409372 -0.0078959   0.00271126
 -0.00367566  0.00094683  0.00053859 -0.00497985  0.00249855  0.01112022
 -0.0052923  -0.00217227 -0.00012405  0.00594537 -0.00377433  0.00332928
 -0.01281192  0.00397925  0.00564739]
[ 0.01865393  0.01820534  0.01841538  0.000566   -0.00130175 -0.01553086
 -0.00853278 -0.01078979 -0.01604638 -0.00445095 -0.01309904 -0.00319992
  0.0174898   0.00514757  0.00293499  0.00033901  0.01135904  0.00554662
 -0.00328561  0.02378685  0.01458794]
[ 0.01905977 -0.00862426  0.00226788 -0.02461471 -0.00430574  0.00347458
 -0.00710979  0.01511102  0.00334161 -0.004674   -0.01150831  0.01886022
 -0.00512054 -0.00741422  0.00166915  0.02290157 -0.01545939 -0.00257811
  0.01549966  0.0081398   0.00814259]
[ 0.00272491 -0.00052966 -0.0022462  -0.00524195  0.00548962  0.00171758
  0.00072146  0.00535856 -0.00027818 -0.00051065 -0.00263164  0.00352047
 -0.00338767 -0.00285896  0.01051127  0.00162783  0.00310608 -0.00080509
 -0.00189598  0.00316498 -0.01016205]
[ 0.01573584  0.02749979 -0.02992094  0.00812014 -0.00681126  0.00594172
 -0.00231745 -0.00117587  0.00967807  0.00374723  0.00596624  0.01095254
  0.03190761 -0.02069685 -0.00155899 -0.00140576  0.01827435 -0.00106564
  0.00977513  0.00791891  0.00617252]
[ 0.00580609 -0.00256517  0.00249954 -0.00092695 -0.0115145   0.00534881
  0.00427167 -0.004265    0.009932    0.00163058  0.00754595 -0.00175813
 -0.0130287   0.00719949  0.0060062  -0.00998289  0.01208136  0.00559314
 -0.00800988 -0.01202826  0.00222183]
[ 0.00130662 -0.00145752 -0.000261   -0.00112307  0.00213984 -0.00135237
  0.00807483 -0.0028352   0.00227542 -0.00251902 -0.00055047  0.0018669
  0.00105333  0.00189123 -0.00269006  0.00688783  0.00589056 -0.00200324
 -0.00275246  0.00132152 -0.00134706]
[ 0.00281279 -0.00358438 -0.00172533  0.00213699  0.00225315  0.00305568
 -0.00219022 -0.00225416 -0.00324716  0.00510622 -0.00394561  0.00331047
 -0.00458308 -0.00103039 -0.00455445  0.00546244  0.00351813  0.00589656
 -0.00133376 -0.00084083 -0.00443133]
[ 0.01891368  0.009227    0.02039772 -0.02921601 -0.01752929 -0.06618766
 -0.03028929 -0.03898672 -0.02911216 -0.00197821 -0.01711052  0.01815437
  0.02432539  0.01360721  0.02311934  0.01151602  0.01033823  0.03778462
 -0.00261746 -0.03433903  0.01490522]
[  2.76752957e-03  -2.15701080e-03  -2.30951987e-04  -2.66172851e-03
   4.53285501e-03   2.65776259e-03   1.08818497e-03  -1.95781173e-03
  -3.26250483e-04   8.83724205e-04  -4.36518684e-03  -1.74499903e-03
  -3.61202534e-03  -6.23140048e-03  -1.95463900e-03  -1.88686741e-04
  -6.11815989e-06   4.05846402e-03  -8.42727720e-04  -6.20224691e-04
  -5.71621163e-03]
[  4.04117967e-03  -3.88125185e-03   1.44938790e-04   4.21036222e-03
  -8.67076360e-03  -1.37645870e-03   4.33067154e-03   7.46792439e-03
  -7.87967455e-03   6.45665493e-03   5.93261854e-03   4.25447036e-03
   1.12161850e-03  -7.24917825e-03   3.24982370e-03   6.48647329e-03
  -1.18222278e-02   4.22105750e-03  -1.09624418e-02   1.09235679e-03
   6.16788543e-05]
[ 0.00450231  0.00371501  0.00291923  0.0008429   0.00421763  0.00754722
 -0.00222731 -0.00237751 -0.01145078 -0.01304972  0.0077215  -0.00765279
  0.00139399 -0.00121471 -0.00468321  0.00347942  0.00012051 -0.00451207
 -0.00967254 -0.01063844 -0.00243338]
[ 0.00578876 -0.0171805  -0.00519644  0.02083242  0.00322257 -0.00627992
 -0.01450374 -0.00537697  0.01344094 -0.0233896  -0.01004919  0.00277963
  0.00351129 -0.00215677  0.00829878 -0.00944941 -0.00407329 -0.00177152
  0.0002755   0.00511901 -0.00227192]
[  3.51552203e-03  -5.23772620e-04  -1.08108203e-03  -1.67414405e-04
  -5.26774489e-05  -1.40250000e-03  -6.07364695e-04   1.78653005e-03
  -5.00382194e-03   2.06240981e-03  -1.05706298e-02  -3.14850518e-03
  -8.70031865e-03  -7.53433646e-05  -8.42613563e-03   1.95693788e-03
  -4.14543841e-03  -1.65572956e-02   4.82234593e-03   1.03731256e-03
   1.78200663e-02]
[ 0.00974111 -0.00038359 -0.00882005  0.00112072  0.00392552  0.01568097
 -0.00509328 -0.02007242  0.00336869  0.01635741  0.00290636  0.00818645
 -0.00915276  0.01388193  0.01143567  0.00965337 -0.00250772 -0.00060107
  0.0064362  -0.0085538   0.01557118]
[ 0.02770451  0.00953653  0.01828354  0.01047731 -0.03953995  0.01521608
  0.0221475   0.01693793  0.01685739  0.00188577 -0.01170292 -0.01256203
 -0.00493066  0.0267433   0.01021145 -0.01619516 -0.00121752 -0.00108801
 -0.0015954   0.01215879  0.01166656]
[ 0.00712732  0.01984785 -0.02880808  0.00340058 -0.00208309 -0.01328741
 -0.0010402   0.01477087  0.0100578  -0.00611158 -0.00386313 -0.00860823
 -0.00958369 -0.00348357 -0.01214861  0.00524707  0.00560856  0.02176119
 -0.00263572 -0.00723706  0.00253432]
[  7.99394476e-03   4.58973712e-03  -2.18230365e-03  -1.97670791e-03
  -3.68021754e-03   6.25859826e-03   5.62885769e-03  -7.40581194e-04
  -8.68814365e-03  -1.18497965e-02   3.38626426e-03   2.86177846e-03
  -4.90172221e-04  -1.48166475e-02   1.06238878e-02  -5.04992183e-04
  -1.16577118e-02  -1.77234786e-04  -6.24430302e-05   7.60737684e-04
  -6.27391490e-03]
[ 0.00658745 -0.00463723  0.00070175 -0.01365448  0.00890316 -0.00248838
 -0.00751887  0.01857163  0.00357226  0.00064961  0.00874479  0.00285446
  0.00492437  0.00916932  0.00627839 -0.00254984  0.00804563 -0.00539216
 -0.00633088  0.00175776  0.00262619]
[ 0.00696179  0.00190379  0.00410597 -0.00193869  0.00374239  0.00978678
 -0.00333924  0.00063676 -0.01525845 -0.02238832  0.01387707 -0.00893514
 -0.00222321 -0.00057923 -0.00932316  0.00673524 -0.0012718  -0.00433482
 -0.00588516 -0.01595681 -0.00404282]
[ 0.008434    0.00074099  0.00604546 -0.00029079 -0.01673268  0.00934358
  0.00940124  0.00048098  0.00373994 -0.0053262  -0.00199195 -0.0073451
 -0.00491974  0.00094753  0.00356238 -0.01193435  0.00794794  0.00104313
 -0.00061555 -0.02065804 -0.00523249]
[ 0.01003221  0.00910218 -0.00036493  0.00287114 -0.00847314  0.00060657
 -0.00039523  0.00057557  0.0066469   0.00421578  0.00537663  0.01311076
  0.01336674 -0.02119278 -0.00510994 -0.00268345  0.00462765 -0.01000119
 -0.00949132  0.00748327  0.00760419]
[ 0.005829   -0.01008255 -0.00307939  0.01083411  0.00014616 -0.00860512
  0.00657108  0.00714623 -0.01393145  0.01533109  0.01018147 -0.00421181
  0.00311707 -0.00430905  0.00139546  0.00173497 -0.00341861  0.00586501
  0.00303547  0.00213145 -0.00417492]
[ 0.01113357  0.01947514  0.02922251  0.02125259  0.01134095  0.00121603
  0.00507813  0.01288174  0.00868815  0.00010618 -0.00955576  0.00249373
 -0.00458855  0.01787745  0.00259121  0.00774765 -0.00845921  0.01413901
  0.01173698  0.00876665 -0.01184915]

Right eigenvectors

[ 1.         -1.66980398 -0.86674188  2.740823   -0.26122261 -0.5881437
 -0.48468194  1.12558911 -2.69525871  1.58773263 -0.51052166  0.80195575
  0.26988558  0.64191636 -1.20041915  0.09763506  2.90589761 -1.79091195
  0.53975007 -1.09285237 -2.24275228]
[ 1.         -0.05104429 -0.25582437 -0.59928487  0.80088156  0.84932141
 -0.53385193 -0.97457827  0.52837082  0.96678173  0.28825299  0.10544259
  0.65707899  0.55767158 -0.82418064 -0.69447042 -0.69669357  0.37812187
 -1.30768945  0.29803153 -1.33353952]
[ 1.          0.06822015  0.16575712 -0.23306728 -1.02125957  0.19275404
  0.0217558   0.12856085  0.56593356  0.4419545  -0.31418907  0.55728861
  1.45705275 -0.29716041 -1.15492161 -0.52733384  0.26809682 -0.77711876
  0.40978891  0.51811179 -0.82453393]
[ 1.         -1.3435203  -0.6657766   1.99713672 -0.1793073  -0.39890243
 -0.31922811  0.71302636 -1.68672443  0.98160091 -0.30607033  0.4761278
  0.15656462  0.35828666 -0.64962864  0.05109778  1.42052824 -0.87051988
  0.25125226 -0.48503935 -0.97177443]
[ 1.         -0.69226334 -0.01852451 -0.23401484  0.50701949  0.44289692
  0.0633726   0.57041936 -0.40288598  0.82890806 -1.84811386 -0.78439701
 -0.31217057 -0.1089229  -0.47414309 -0.19592634  0.92243572  0.13671018
  0.30156393 -0.22529621  0.97170865]
[ 1.         -0.78632223 -0.05279457 -0.56496289  0.99004814  0.4610176
  0.32564015 -0.11314288 -0.07297961 -0.12004883 -1.27141808 -0.68474709
 -0.13268889 -1.26325197 -0.32274615 -0.66615573 -0.51156288  0.34841917
  0.41262749 -1.08316018  0.31363478]
[ 1.         -0.87555854  0.09096579 -0.66931417  1.40458992  0.74700224
  0.23052943  1.57326777 -0.08135896  0.6236063  -2.20548388 -1.6080158
  1.32227195 -0.31825038  0.85463599 -1.56159053  0.69455707  1.07713149
 -0.70039011 -1.74697021  1.77756477]
[ 1.         -0.21895668  0.37004525 -1.02078059 -0.77792878 -0.82608023
 -0.12031094 -0.3100029   0.03224658  0.15764158 -0.94277483  0.1424794
  0.06927118 -0.34958193 -1.10314159 -0.59147771  0.05218357 -1.3260641
  1.12026033 -0.35009327 -1.69689526]
[ 1.          1.16161722 -0.16427333  0.09751772  0.0286632   0.53124944
 -0.02534986 -0.65354081 -1.06200721 -1.11053944  0.56304988 -0.21465274
  1.11650726 -1.7879307   0.68594286 -0.15968405  0.49448187  0.03298237
  0.51583152  1.23991562  0.23694078]
[ 1.         -0.44091724 -0.07732342 -0.85965794  1.28120269  0.87389448
  0.18101506 -0.83985318 -0.07470265  0.56864816 -0.56464752 -0.01137899
 -1.48733758 -1.24912606 -0.45175356  0.70157298  0.59585964  1.13891647
 -0.79001232  1.05083332 -2.30823379]
[ 1.         -0.35265648 -0.06423698 -0.10487883  0.18474839  1.10458557
 -0.03542698 -0.83985667 -0.40832475  0.82083859 -1.06989766  0.04065267
 -0.87127349 -0.60792586 -0.51513853  0.81609468 -0.19593572  0.20529037
  0.05345293 -0.47184064  1.14917577]
[ 1.          0.9657625   0.42711991  0.4571834   0.72454091  0.92907327
 -0.206902   -0.66384952 -1.12766731 -0.69103381  0.28201252 -0.79708002
  0.56537445 -0.20268641  0.03725578 -0.03082619  0.16443878 -0.38234744
 -1.1196542  -0.08744468  0.03373123]
[ 1.          0.09448661  0.19868619 -1.08553402 -0.12441736 -1.87796887
 -0.55762829 -0.41054653 -0.02778229  0.45619934 -0.2085081  -0.50955404
 -1.06902406  0.45491109 -0.89368694 -0.98145627 -0.52811552 -2.51070094
 -0.55964637  0.71255174 -1.14982401]
[ 1.         -0.62736908  0.12427992 -1.61695147  0.71820367  0.68792168
 -0.97329186  1.64623495  0.85389382  0.05206231  0.42716095  0.56920841
  1.99545232  1.16116148 -2.09089121 -0.45181022 -1.05695188  0.24305603
 -0.33133416 -0.1407669   0.37967192]
[ 1.         -0.15968843  0.08813974 -1.05827201 -0.23844005  0.02909061
 -0.08001641  0.20116562 -0.28102965 -1.25681789  1.06895389  0.56506007
 -0.71024649 -0.23724113  0.13435229  0.95250966 -0.40813268  0.09962591
  2.75584579  0.66344501 -0.45501034]
[ 1.         -0.63629856  0.06103288 -0.70624595 -0.30014377 -0.06376009
  0.31124443 -0.25506908  1.07198482 -0.21713217  0.56051899  0.17375487
  0.07306914 -0.05454257 -0.11006846  0.87881436 -0.19562082 -0.16781265
  1.64027568  0.70797984 -0.03858507]
[ 1.         -1.29795895 -0.02422588  0.29270995  0.24133978 -0.75650073
  0.78639884 -0.44116626  1.54281861  0.0415508   0.2780407  -1.78431467
  0.84949799 -0.29734749  0.59600768  0.37994266 -1.12828293  0.19173059
  0.58937767 -0.23239602  0.38352408]
[ 1.          1.17870743 -1.19467755  0.21894477 -1.03854216  0.42702932
 -0.10147143  0.03475715  0.94543969  0.54207181  0.08205287  1.06112858
  3.02721635 -1.48840401 -1.11157048 -0.56897666  1.50608426 -0.83386101
  1.11835485  1.14980722 -0.43113163]
[ 1.         -2.08406371 -0.37557264  1.47863344  0.73066654 -0.85770312
 -0.43783748 -0.80817541  2.25665714 -1.94060161 -1.10488342 -1.46590728
  0.96286918 -0.95874369  1.17942794 -0.85536939 -1.77004446  0.16403668
  0.83774364 -0.20853884  0.32036245]
[ 1.         -0.41559043  0.34646875 -0.54901499 -0.36767001  0.14550031
  0.14425536  0.21490442  0.55113861 -0.14497179  1.82767827 -0.38514959
 -1.1487746   0.73659021  0.19702887 -0.36149149  1.51209885  0.34090084
  2.04702308  1.02392508  0.51975013]
[ 1.          0.10095769  0.51021028  0.01284491 -2.12997697  0.58025712
  0.64769772  0.63511307  0.58095016  0.14959385 -0.34361609  0.7080044
  0.46906228 -0.31239432 -0.19661885 -0.20599391 -0.83878455 -0.39583614
 -0.89083275  0.97171009  0.09379114]
[ 1.         -0.80798284 -0.35398226  0.42003447  0.35987493  0.26553909
 -0.07508406  0.12119703 -1.44143673  0.90679873 -2.40899521 -0.47642949
 -1.47559224 -0.68770386 -1.8372894   0.35703387 -0.28742038 -2.7024735
  1.15833785 -0.96390776  3.35194422]
[ 1.         -1.09472154 -0.14646577  1.36493348 -0.88297296 -0.25485153
  0.21259816  0.65529337 -1.40588383  0.89382337 -0.61807849  0.14258602
 -0.34812101  0.97564736 -1.36931167 -0.24363524  3.64450523 -1.34020484
  1.48481047 -0.68974284 -3.09043764]
[  1.          -1.12747371  -1.59775512  -0.85422115   4.38733283
  -2.51108836  11.88802963  -2.09867665  -2.01044087  -4.13233026
  -0.99840343   8.00334679   0.34980493   2.99942381  -2.29646045
  -4.72490637   0.95535968   1.38798564  -1.30236144   0.94834964
   3.52001727]
[  1.00000000e+00   7.14838588e-01  -1.51357825e+00  -5.67563282e-01
   6.74912049e-01   1.13902989e-03   1.05016323e+00   1.69068228e-01
  -4.97629211e-01  -8.70136945e-01   2.48749750e-01   1.04283202e+00
  -7.52349164e-01  -9.95776337e-02   1.64028302e+00  -2.43881032e-01
  -1.73118901e+00  -2.81395684e-01   1.22450637e+00   1.19290925e-01
  -1.85787369e+00]
[ 1.         -0.83753779  0.12739176 -0.60808793  0.39918404  0.80696131
 -1.37539088  1.46201614 -0.68548398 -2.60285962  3.13571812  0.67465034
 -0.02061898  1.628726   -1.92837046  1.27916756  0.05132261  0.32833073
  1.27530936 -1.16489487  1.32149629]
[ 1.          0.27207478  0.19025431 -0.54406154  0.29971035  0.54206772
  0.10449668 -0.66312612 -0.93991133 -1.43548635  1.43894564 -0.74341122
 -0.45663068 -2.1292828   0.56248478 -0.27781467  0.63682395  0.32582551
  2.18829509  1.05094844  0.01836377]
[  1.          -1.39633696  -1.47495014  -1.1747313    5.05985817
  -2.978801    15.1681593   -3.35034967  -1.21931142  -5.49854295
  -1.34528526   9.79862243   0.86452326   4.44938688  -4.09750789
  -2.67779076   4.37067179   0.85749067  -3.37214598   2.18397926
   4.63187393]
[ 1.          2.86583789 -3.97528425  0.67944389 -0.52035818 -1.22243657
 -0.22251861  1.70644911  1.66751586 -0.56868635 -0.19460286 -0.55363881
  0.36636781 -1.55943442 -1.77985833  0.67832658  1.9633979   3.31660411
  0.18859607 -0.70785779  0.85972683]
[ 1.         -0.87817152 -0.17273171 -2.90895959  2.30288228  0.47298097
 -0.84438859  4.57977618  0.44821704  0.06996423 -1.55001322  1.22831629
  0.08243596 -0.48245819  5.14884367  0.56610802  3.16319822 -1.26949495
 -1.64629551  0.43700478 -0.64251854]
[ 1.          0.49991214 -0.13014041 -0.44428602 -0.34369425 -0.75347096
 -0.14865297  0.50271164 -0.39473792 -0.12738533 -1.25655875 -0.58153197
 -1.39974077  0.59668835 -0.81052885  0.23214726 -0.83675434 -1.9171619
  0.17034408  1.11712142  1.15550965]
[ 1.         -0.37383923  0.26940695 -0.46950096  0.76592913 -0.28734234
  0.00969823 -0.88671974  0.29972084  0.50898533  1.6218561  -0.82631623
 -1.36596908 -1.52012091  0.13850481 -0.82326791  1.28334776  0.48737397
  0.79252555  1.56114378  0.56318397]
[ 1.         -1.02146775 -0.05225926 -1.61209581  2.01974822  0.79732999
 -0.0812298   2.70705691  0.02578951  0.44733428 -2.81856454 -0.74343666
  0.52006481 -1.11439993  2.68036632 -0.98228816  2.08725338  0.1741045
 -0.99880571 -1.65061975  1.29047934]
[ 1.          1.23511918 -1.66616816 -0.43435927  0.31602001 -2.20370046
 -0.37962624  0.4886733   0.27987867 -0.08907939  0.17936657 -1.12660621
 -2.21054964  1.17772985 -0.19592411 -0.51714794 -1.27736941 -0.84629618
 -1.70106843  0.0037305  -1.19166841]
[ 1.         -0.41349583  0.17423451  0.89758653  0.02390482  0.22674994
  0.48406115  1.2558898  -1.12968607  0.59729452 -0.53875331 -1.28650398
  1.06671083  0.86491867  0.75202439 -0.80347605  0.75351903  0.29681506
 -0.2502306  -0.70660382  1.0312276 ]
[ 1.          2.55131017  3.96240665  3.08081106  2.76611649 -0.80512786
  0.2527658   1.87335862  2.6573248   1.07604956  0.06120772  2.41116238
 -1.37686644 -0.29630869 -0.23450758  0.89881746 -1.34342864  0.34764416
  1.74819061 -3.16663974 -0.96576161]
[ 1.         -0.13643197  0.34690497 -0.10968487 -1.85844201  0.4250992
  0.43897554  0.44810291 -0.01727702 -0.17657188  0.0718536   1.06567748
 -0.32110454 -1.0624269   0.35186012  0.65482352 -1.29131883  0.16022318
 -1.4097008   0.35254119  0.42873012]
[ 1.         -0.6255891   0.16274171  0.18347475  0.44492537  0.69017091
  0.06447099 -0.63417804 -0.35416834  1.56198864 -0.95268825 -0.75939299
 -0.74493418 -0.12555701 -0.60235796  1.00130101  0.38706393  2.22925534
  0.69291369  1.77470715  1.6582863 ]
[  1.00000000e+00  -1.67433537e+00  -4.24930860e-01   1.99020796e+00
  -9.26340364e-01  -1.16063160e+00   1.08388995e+00   2.19433229e+00
  -2.92465494e+00   2.63748075e+00   2.02533359e+00   7.29580107e-04
   8.44094996e-01  -9.14517035e-01   5.53268479e-01   1.10244957e+00
  -1.62668770e+00   1.00005387e+00  -1.05453516e+00  -2.09550349e-01
  -5.91465508e-01]
[ 1.          0.61199418  1.09343894  0.18273057  1.35125931 -0.88357808
 -0.35963628 -0.96905043  0.67879494  0.88791647  2.2614213   0.03979805
 -1.07440758 -3.17967654 -0.19217898 -1.43407365  2.15344775 -1.02299585
 -0.71081192  1.56523238  2.13781239]
[ 1.         -1.43642052 -0.1646183   0.82255418  0.16588724 -1.07304986
  0.9968595   1.80040368 -1.12313474  1.24399896  2.13253539 -1.25485147
  1.17990376  0.55805133  0.86070628  0.09194183 -0.78065024  0.75529798
  0.54775126 -0.70960471  0.85940371]
[ 1.          0.31759485  0.35612307 -0.12929363  0.25081837  1.17027567
  0.34944167 -0.3630997  -1.31078424 -1.6693551   0.20615229 -1.23245665
 -0.00326011 -1.25358452  0.2899104  -0.53358021 -0.0890899   0.01108339
  0.01957107 -1.44114534 -0.28017381]
[ 1.         -0.54962485 -0.09826557 -1.26661508  1.20324577  1.01664658
 -0.66947045  0.19032078  0.74986576  0.59523239 -0.15996648  0.0666643
  1.51282195  0.45439023 -2.03389474 -1.16028896 -1.56209276  0.67012097
 -1.10469064 -0.50933592 -0.7363079 ]
[ 1.         -0.75796951 -0.40019992 -0.0540896   0.5635958   1.30103794
 -0.83947115 -1.1519352  -0.04211815  1.15495907 -0.681346    1.06894659
 -1.23629377  0.18212966 -0.7122636   1.54609606 -0.04226017  1.55191633
 -0.36413466  0.19766202  0.38544713]
[ 1.          0.04238433  0.1638406  -0.8247338   0.4087376  -1.75464628
 -0.60133239 -0.5817186   0.12819825  0.53679071  0.83641915 -0.41659524
 -0.63806811  0.42487657  0.00222143 -0.81238825 -0.16213837 -0.84443034
 -1.2072731   0.3118953  -0.60345821]
[ 1.         -0.88981842  0.16350131 -1.63554403  0.85043393  1.08824583
 -1.73504282  2.47619653  0.32775834 -1.72565223  2.61656712  1.03358407
  1.97507201  2.43342298 -3.73709333  0.53065229 -1.20665241  0.57397469
  0.7428487  -1.28966616  1.79233054]
[ 1.         -1.00090719  0.15996343 -0.96357     0.58109896 -0.15206302
 -0.5840322   2.45884602 -0.13281132 -0.56595136  3.42076352 -0.16071236
  0.21359789  1.94649971  0.11107244  0.1933811   1.26626316  0.20717579
  1.54318802 -0.11130185  1.70818568]
[ 1.         -0.63222342 -0.06845133 -0.21324629 -0.07286573  0.22896248
 -0.23749953 -1.10948238  1.13552475  0.51378223  1.38351149 -0.12652866
 -1.14265703  0.74437181  0.38181919 -0.4195891   0.71927445  0.44248994
 -0.06492082  0.08840915  0.48285836]
[ 1.          1.70424489 -2.35794969  0.06303189  0.07367792 -1.30046976
  0.01230427  0.97514107  0.21021459 -0.49705925 -0.43677568 -0.85727123
 -1.76352101  0.8309578  -0.18686544  0.13390163 -0.96966217 -0.08796319
 -0.48161144 -0.23002248 -0.45129051]
[ 1.          0.43502697  1.06248558  0.26891311 -0.15742439  0.26333178
  0.25430027  0.13144453 -0.10887186  0.21280974 -1.13991236 -0.97543751
  0.5314582   1.38215122 -0.28186265 -0.12832249  0.66979671  1.34313892
  0.25508644  2.18897394  0.34803798]
[ 1.         -2.59871707 -0.90726315  3.41537305  0.14042212 -0.65124245
 -2.49093941 -0.43600607  0.89582073 -2.88455568 -0.99630059  1.49932918
 -0.07181596  0.31268585  0.49593399 -0.8535749   0.64494541 -0.36566042
 -0.54342565  0.80925971 -0.51014128]
[  1.          -2.06804425  -0.1559462   -0.1643317    1.78707702
  -2.34215998   7.37570205  -3.36792377   6.01598729  -2.0478716
   0.37990801  -4.26215846   4.46012649   1.07404911  -0.71153763
  16.91179071   5.25741789  -5.88753642  -5.08379517  -1.66616573
  -1.84515564]
[ 1.          0.2513643   0.58326855 -0.40067488 -0.1510414   0.0524834
 -0.01200851  0.0788624  -0.67029705 -0.86381388  0.19246792 -0.33130499
 -1.03473421  0.18394832 -0.52281321  0.70598354 -0.32122078 -0.33452733
 -0.15350276  0.99514531 -1.08419456]
[ 1.         -0.11460003  0.58207748 -1.30610833 -1.34025262 -1.16025137
 -0.46723225 -0.4925781  -0.42638301 -0.35916637 -0.65470559  1.09571627
  0.3116224  -0.43172134  0.14065602  0.84942657 -0.4693175   0.36326128
  1.36315471 -0.93791671 -0.4839486 ]
[ 1.         -0.97280328 -0.33831562 -0.34334331  1.32210291  1.34869349
 -0.36631491 -1.12415226 -0.42205681  1.23873707 -1.59227861  0.53608783
 -1.81787648 -1.23292004 -1.29946899  1.48176252  0.449544    2.47877086
 -0.57417503 -0.11187893 -1.53324566]
[ 1.         -0.60063959  0.21113351 -0.63577754  0.8509148   0.54786663
 -0.11391391  0.52327687  0.80905626  0.6836896  -0.79442078 -1.13284114
  1.65662946  0.85433016 -0.79226537 -0.84979017 -0.56273421  1.18331045
 -0.6024838   0.20956002  0.59800428]
[  1.00000000e+00  -7.80742795e-01  -1.84481882e-03  -2.68857173e+00
   1.19144994e+00   4.45676871e-01  -8.61748322e-01   3.71897489e+00
   4.60134811e-01  -1.86230459e-01  -1.65855121e+00   1.83269672e+00
  -2.13313504e-01  -7.66051751e-01   4.02198845e+00   1.79474033e+00
   1.69636993e+00  -1.24138689e+00  -4.33791432e-01   9.71475783e-01
  -3.30250539e-02]
[ 1.         -0.66352731 -1.10394926 -0.34736816  1.99135743 -1.06776144
  4.17499341 -0.32292871 -1.27750483 -1.08861828 -0.22666149  2.23798905
 -0.12658382  0.29190632  0.17904247 -2.37070692 -1.47720892  0.5836108
  0.77132252 -0.45720187 -0.02208092]
[  1.          -1.9075242   -0.08427517   0.20881018   1.044138
  -1.83438263   4.27074655  -2.11731642   4.66352403  -0.97215529
   0.51602341  -4.28888342   3.378475     0.22289473   0.35827649
  10.44055422   1.70926517  -3.45187554  -2.48194392  -1.51710449
  -0.69670605]
[ 1.         -0.330831    0.42516082 -0.43024561 -1.46619255  0.14477155
  0.4967484  -0.36783548  0.66843733  0.18522765 -0.76868782 -0.16262205
  0.73903859 -0.41204996 -0.7933046  -0.28767282  0.54060212 -0.41097331
  1.67545091 -1.53615367 -1.40213023]
[ 1.         -0.10405024  0.69330556 -0.02828465 -2.53182314  0.98446455
  1.14058146  0.11988746  1.01147252 -0.13540885  0.23013741 -0.22815877
 -1.44631     0.64461492  0.72153581 -1.3361654   1.28784823  0.49165001
 -1.16663324 -1.83512542 -0.12223019]
[ 1.          2.37008227  3.48160409  2.59609515  2.81865673 -1.23104942
 -0.13627119  1.21775945  2.58560122  1.35068573  0.97222081  2.69377938
 -1.20285966 -2.01673457 -0.50284836  0.2347038  -0.54898993 -0.98185929
  0.56246758 -3.69764536  0.25660964]
[ 1.          1.33440529  1.69781766  1.04388777  0.65526069  0.27682156
  0.10852702  0.25787064 -0.56575863 -0.51544269 -0.82021455 -0.66875857
  0.26066555  1.41789664  0.18856777  0.52375621 -0.06247457  1.02337889
  0.14449214  1.93650692 -0.60606793]
[ 1.          1.03680319  0.52987075  0.71358414  0.4190677   0.59919251
 -0.00682255 -0.24960446 -1.38908735 -0.64999432 -0.42454962 -1.12775934
  0.86653864  0.69078036  0.68306361 -0.10742525  0.40610674  0.0386629
 -0.47968258  0.486636    0.3495675 ]
[ 1.         -1.59612582 -0.46966781  1.49227771 -0.25823519  0.33253853
 -1.62831861 -0.26045187  0.17444084 -1.19473719  0.59804928  1.74298318
 -1.01850401  0.71318512 -0.45011796  0.63955038  0.69732286  0.54762661
 -1.04153003  0.3858212   0.60576943]
[ 1.         -0.30698235  0.57363089 -0.24874422 -1.13535506  0.10748709
  0.70956472  0.04564648  0.1208627   0.02057161 -0.45052161 -0.4008296
 -0.64656089  0.77556429 -0.85437634 -0.34900452  2.22936282 -0.37975302
  1.23674448 -0.08425117 -1.79457618]
[ 1.         -1.27928359 -0.048596    0.63054546  0.53830714 -0.81269397
  0.80025116 -0.27570848 -0.2368943   1.78668947  1.35287184 -1.78856073
 -0.23488318 -1.29475527  0.30162408  0.25222189 -0.08913969  1.73933304
  1.39048921  1.75931747  0.87685503]
[ 1.          1.06278051 -1.7496463   0.03576056  0.52892105  1.22197315
 -0.10384794 -1.28711312  0.28970658  0.99515099  0.58085166  1.1507616
  1.0904659   0.80134566  1.50396856 -0.13679976 -0.980031   -0.88992872
  0.91050592 -0.28784182 -0.7526705 ]
[ 1.         -0.19334548  0.54744073  0.30751758 -1.71017318  0.32916216
  1.05788547  0.52269992  1.02902753 -0.00898978 -0.2154854  -0.55627688
  0.02050284  0.21882006  0.76639652 -0.04997619 -1.2914776   0.13892922
 -0.61715391  0.59720924  0.95736668]
[ 1.          1.23342289  1.32793667  0.64867325  1.06575985 -0.86611632
 -0.44778929 -0.38045511  0.53179226  0.58312968  1.12816682  0.75069566
  0.01203816 -1.99255154 -0.31144775 -0.68830657  0.85539401 -1.33953331
 -1.29187563 -0.04648994  1.2369282 ]
[ 1.          1.13675547 -1.1083916   0.7779776   0.0043243   0.57986988
 -0.06525271 -0.2976315  -0.47334133  0.26837202 -0.05279588 -0.23934019
  0.4150471   1.01680014  0.87228379  0.04680079  0.0781906  -0.90021307
  0.03402222 -0.27166066  0.33115717]
[ 1.         -1.27312561 -0.47105896  0.7895697   0.63036672 -1.62970052
  1.4158819   0.47325558 -1.12561207  1.13141785  1.15379142 -0.44352547
  0.46882897  0.15416111  0.33047018 -0.75363603 -0.8792717   0.14767334
  0.39083821 -0.36566578 -0.51809859]
[ 1.         -0.7350809   0.09751738 -0.40665024  0.48014292 -1.89112763
  0.08336243 -0.81338322  1.27378806  0.48945181  0.95470662 -1.79106418
  0.11270197  0.14932753  0.52296911 -0.47492154 -1.2662833  -0.72919627
 -0.76834649  0.12281295 -0.31555548]
[ 1.          0.96707531 -1.64284534  0.47358449  0.42310662  1.5983883
 -0.31584839 -1.77533977  0.01728954  1.46990454  0.42654594  0.88499019
  0.43525881  1.90248748  2.1547734   0.48663973 -0.7482264  -1.35473217
  1.07593814 -1.01245727  0.77168188]
[ 1.         -0.99714419 -0.03331522  0.85235773 -1.64401315  0.56451403
 -0.7653126   0.19713942  0.11214049 -1.03685813  0.52022553  2.31535195
 -1.10191451 -0.45229069 -0.02582903  1.23789141 -0.78585747  0.69319327
 -2.66758199  0.82852333  1.175849  ]
[ 1.          0.97595204  0.98721157  0.03034195 -0.06978421 -0.83257835
 -0.4574253  -0.57841922 -0.86021426 -0.23860667 -0.70221309 -0.17154125
  0.93759302  0.27595108  0.15733892  0.01817385  0.60893557  0.29734301
 -0.17613519  1.27516531  0.78203044]
[ 1.         -0.45248526  0.11898776 -1.29144868 -0.22590745  0.18229925
 -0.37302578  0.79282309  0.17532292 -0.24522847 -0.60380094  0.98953031
 -0.26865714 -0.38899817  0.08757454  1.20156604 -0.8111006  -0.1352643
  0.81321355  0.42706733  0.42721364]
[ 1.         -0.19437641 -0.82432247 -1.92371507  2.01460799  0.63032424
  0.26476467  1.96651132 -0.10208809 -0.18740123 -0.96577227  1.29195807
 -1.24322506 -1.04919456  3.85747703  0.59738914  1.13988429 -0.29545696
 -0.69579791  1.16149979 -3.72931912]
[ 1.          1.74758981 -1.90145171  0.51602824 -0.4328502   0.37759166
 -0.14727227 -0.07472546  0.61503381  0.23813317  0.37914947  0.69602481
  2.02770298 -1.31526805 -0.09907276 -0.08933488  1.16132    -0.06772065
  0.62120171  0.50324026  0.392259  ]
[ 1.         -0.44180702  0.43050376 -0.15965136 -1.98317727  0.9212412
  0.73572342 -0.73457413  1.7106187   0.28083888  1.29966105 -0.30280816
 -2.2439728   1.23998969  1.03446636 -1.71938236  2.08080975  0.96332262
 -1.37956583 -2.07166356  0.38267309]
[ 1.         -1.11548962 -0.19975001 -0.8595217   1.63768967 -1.0350125
  6.17991978 -2.16986457  1.74144981 -1.92788196 -0.42128907  1.4287989
  0.80614379  1.44741836 -2.05878433  5.27147619  4.50822913 -1.53314166
 -2.10654178  1.01140319 -1.03094623]
[ 1.         -1.27431227 -0.61338797  0.75973862  0.80103769  1.08634996
 -0.77866309 -0.80139634 -1.15442516  1.81535698 -1.4027395   1.17693348
 -1.62937086 -0.36632254 -1.61919149  1.94199793  1.25075941  2.09633771
 -0.47417692 -0.29893029 -1.57542013]
[ 1.          0.48784785  1.07846361 -1.54470251 -0.92680482 -3.49945874
 -1.60144873 -2.0612968  -1.53921166 -0.10459151 -0.90466356  0.95985351
  1.28612648  0.71943741  1.22236057  0.6088726   0.54660072  1.99773999
 -0.13838951 -1.81556523  0.78806542]
[  1.00000000e+00  -7.79399366e-01  -8.34505940e-02  -9.61770574e-01
   1.63787049e+00   9.60337556e-01   3.93197231e-01  -7.07422152e-01
  -1.17885094e-01   3.19318794e-01  -1.57728643e+00  -6.30525883e-01
  -1.30514426e+00  -2.25161116e+00  -7.06275741e-01  -6.81787622e-02
  -2.21069359e-03   1.46645733e+00  -3.04505407e-01  -2.24107701e-01
  -2.06545639e+00]
[ 1.         -0.96042546  0.03586547  1.04186465 -2.14560211 -0.34060814
  1.07163549  1.84795654 -1.94984515  1.59771539  1.46804127  1.05277931
  0.2775473  -1.79382726  0.80417699  1.60509401 -2.9254398   1.04451122
 -2.71268361  0.27030641  0.01526259]
[ 1.          0.82513415  0.64838342  0.18721414  0.93676906  1.67629892
 -0.49470373 -0.52806299 -2.54331012 -2.89844727  1.71500664 -1.6997454
  0.30961688 -0.26979748 -1.04017927  0.77280822  0.02676608 -1.00216702
 -2.14834955 -2.36288255 -0.54047288]
[ 1.         -2.96790592 -0.89767767  3.59877046  0.55669355 -1.08484751
 -2.5055002  -0.92886379  2.32190282 -4.04051852 -1.73598282  0.48017704
  0.60657051 -0.37257952  1.43360258 -1.63237211 -0.70365397 -0.30602823
  0.04759154  0.88430078 -0.39247045]
[ 1.         -0.14898858 -0.30751678 -0.04762149 -0.01498425 -0.39894502
 -0.17276657  0.50818343 -1.42335104  0.58665819 -3.006845   -0.89560104
 -2.47482979 -0.02143163 -2.39683767  0.55665641 -1.17918146 -4.70976869
  1.37172968  0.29506644  5.06896731]
[ 1.         -0.03937832 -0.90544639  0.1150506   0.40298478  1.60977315
 -0.52286434 -2.06058941  0.34582253  1.67921468  0.29836004  0.84040263
 -0.93960158  1.42508719  1.1739601   0.99099308 -0.25743719 -0.0617043
  0.66072612 -0.87811412  1.59850153]
[ 1.          0.34422317  0.65994806  0.37818068 -1.42720266  0.54922765
  0.79941844  0.61137823  0.60847084  0.06806723 -0.42241926 -0.45342889
 -0.17797302  0.96530496  0.36858454 -0.58456779 -0.04394661 -0.0392719
 -0.05758624  0.43887418  0.42110671]
[ 1.          2.78475773 -4.04192497  0.47711977 -0.29226857 -1.86429362
 -0.14594594  2.07243116  1.41116279 -0.85748644 -0.54201705 -1.20778033
 -1.34464193 -0.48876275 -1.7045136   0.73619158  0.78691035  3.05320945
 -0.36980594 -1.0153972   0.35557861]
[ 1.          0.57415172 -0.27299459 -0.24727565 -0.46037565  0.78291738
  0.70414018 -0.09264277 -1.08684059 -1.48234656  0.42360366  0.35799327
 -0.06131794 -1.85348384  1.32899189 -0.06317184 -1.45831778 -0.02217113
 -0.00781129  0.09516424 -0.78483341]
[ 1.         -0.70394894  0.10652785 -2.0728019   1.35153382 -0.37774556
 -1.14139378  2.81924425  0.54228239  0.09861381  1.32749249  0.43331794
  0.74753755  1.39193813  0.95308311 -0.38707524  1.22135761 -0.81855026
 -0.96105223  0.2668354   0.39866535]
[ 1.          0.27346229  0.58978749 -0.27847614  0.53756177  1.40578525
 -0.47965308  0.09146561 -2.19174363 -3.21588763  1.99332033 -1.28345587
 -0.31934413 -0.0832018  -1.33919068  0.96745866 -0.18268283 -0.62265878
 -0.84535223 -2.29205779 -0.58071636]
[ 1.          0.08785708  0.71679606 -0.03447819 -1.98395413  1.10784588
  1.1146824   0.05702869  0.44343604 -0.63151545 -0.23618029 -0.87089088
 -0.58332143  0.11234606  0.42238257 -1.41502765  0.94236849  0.12368134
 -0.07298479 -2.44937497 -0.62040381]
[ 1.          0.90729575 -0.03637557  0.28619248 -0.84459378  0.06046268
 -0.0393958   0.05737178  0.66255563  0.4202248   0.53593672  1.30686679
  1.33238221 -2.11247413 -0.50935366 -0.26748369  0.46127926 -0.99690778
 -0.94608461  0.74592472  0.75797757]
[ 1.         -1.72972413 -0.52828761  1.85865779  0.02507471 -1.47626069
  1.1273094   1.22597951 -2.39002532  2.63014237  1.74669313 -0.72256174
  0.5347517  -0.73924484  0.23940021  0.29764415 -0.58648314  1.00617804
  0.52075339  0.36566409 -0.71623266]
[ 1.          1.74922627  2.62471954  1.9088742   1.01862657  0.10922214
  0.45610999  1.1570171   0.78035601  0.00953683 -0.85828289  0.22398252
 -0.41213661  1.60572442  0.23273855  0.69588163 -0.75979252  1.26994358
  1.05419672  0.78740674 -1.06427155]
