Cluster centers 

[ 1.17815873 -0.76368726 -0.3029541   0.1422716 ]
[-0.98624571 -0.72335212  0.35793319 -1.23412431]
[-1.05503194  1.07987581  1.16036561  0.92647916]
[-0.85956468 -0.62631325 -0.89927308  1.04727195]
[ 1.10630132  0.54988599 -1.70655778  0.07194823]
[ 0.91497491  2.05395632  0.61162054 -0.49224837]
[ 0.96080157 -0.35905277  1.10337888  0.42946903]
[-1.06098506 -0.37931821 -0.09521774 -1.3400577 ]
[-0.97651841  0.59566367 -0.35188995  1.24764448]
[-1.27562766  1.2195033  -0.14522085 -3.15797393]
[ 1.06297801  0.94837931  0.17734667  0.00607548]
[-0.97836054 -0.38335371 -1.08628366 -0.45939815]
[ 1.00988886 -1.1719719   0.32484747 -1.37416865]
[ 0.36135293 -1.93629185  1.38038021  0.66466371]
[-0.90797452  1.24422446  3.17460492  0.3512538 ]
[-0.74278878 -1.41085128  0.31932266 -0.1096856 ]
[-0.84641532 -0.22790021  0.41587086  1.37425651]
[-1.10367546  0.60032382 -1.03303226 -1.95125892]
[ 0.93667112 -1.68482612  0.57476197 -0.07516799]
[ 0.98448849  1.42740567 -1.13425161 -0.00641543]
[ 1.07280113 -1.34514106  0.09790674 -0.58166106]
[-1.18064714  0.21823296  0.0452545  -2.16686798]
[ 0.83417572  2.55597237  1.05806231 -0.82168498]
[-1.26389694  2.40247697  1.62343417  0.22151956]
[ 1.20602711 -0.35116687 -1.28477371 -0.2289668 ]
[-0.86802637  0.20212408 -1.74052122  1.06613366]
[-0.67986612  0.19144217  2.34794637  0.95558659]
[ 0.99572941  0.29581092  1.08344247  0.19355728]
[ 1.10375921  0.80033833 -0.76540672  0.09732388]
[-1.12484997  1.65370467  2.34479564  0.41819834]
[-1.04958798  1.13305882  0.09069398  1.05710531]
[ 0.68651079 -1.62976941  1.30073123 -1.41855601]
[-0.83801025 -0.44717677 -0.03686047  1.38077198]
[-0.90662733 -0.82879006 -0.73325481  0.07008216]
[-1.37030146  0.88775077  1.56080667 -3.67230326]
[ 0.25735594  0.88180784 -3.23891036 -0.1903067 ]
[ 1.02822206 -0.27218629 -0.49320607 -2.14050229]
[ 0.92972591  1.55407794  1.30013099 -0.37311872]
[ 1.14395409 -1.12406711 -0.13787703 -0.02890864]
[-0.76907713 -1.10019087 -0.25830473  1.02977011]
[ 1.00442759  1.50337573 -0.22422513 -0.13963544]
[-0.90356881 -0.05108466 -0.64233353  1.3263129 ]
[ 0.64640963  3.63224781  1.30022818 -1.44649911]
[-0.55250387 -1.49683167  0.5181666   1.07467238]
[ 0.3116933  -0.4043018   2.60505522  0.66303667]
[ 1.10757314 -0.78041284  0.23423677  0.35000421]
[ 1.18718843  0.04361165 -0.95045071  0.13899816]
[ 1.09292652  0.48326017  0.24332144  0.15172239]
[-1.27443908  0.51829643  0.75747968 -2.90153893]
[ 0.84971272 -1.05687865  1.18568938  0.60740531]
[-0.96441813 -0.72254732 -0.37785941 -0.59293787]
[-0.82103171 -1.19856079  0.68103842 -0.86605871]
[ 1.04513098 -1.1723018   0.42565763  0.34960298]
[-0.43246647 -0.63190835  1.94859142  1.20918044]
[-0.87749031 -0.38966998 -1.43842029  0.87321901]
[ 1.12118123  0.0878894  -2.07240121 -0.37639336]
[ 0.66193012  0.05886442  2.35821523  0.31266484]
[ 0.96647988  1.15175242 -1.96016177  0.07265144]
[-0.96764511  0.47489371  0.51597283  1.2251889 ]
[ 0.76934225  2.7664886   0.0273371  -0.6799921 ]
[-1.12504617 -0.06093278 -0.08097548 -1.75446025]
[ 1.2088244  -0.68865561 -0.83846823 -0.21088115]
[-0.98935914 -0.00728533 -1.44559466 -0.77467206]
[-0.93641208  1.06278349 -1.13985851  1.12516385]
[-0.68757343 -0.64821704  0.94691091  1.38269762]
[-0.92503455  0.37393802  1.0381529   1.18636707]
[-0.8613592  -0.95488029 -0.69136624  0.45636743]
[ 0.99835     1.46937834  0.37538194 -0.20769991]
[-1.23251855  0.39568713  0.37942326 -2.56127671]
[-1.1108599   1.69420111  0.2975854   0.80212506]
[ 1.17538626  0.1177541  -1.4837063   0.01623094]
[-0.82792924  0.54389333 -2.38663691 -0.85588333]
[-0.98135083  0.75580884  1.44230436  0.99661694]
[ 0.54406511 -2.02225907  1.23516357 -0.43764602]
[ 1.15265304 -0.41195292 -0.05441333  0.2956058 ]
[-1.13726695 -0.12323218  0.48879487 -2.05683084]
[ 0.4216723  -1.18150959  1.88158616 -2.39480374]
[-1.10840017  0.09002205 -0.5793557  -1.60479112]
[ 1.14894939  0.40905182 -0.73543247  0.16054748]
[-1.18274831  1.90309685  1.1538935   0.57028952]
[-1.04015689  1.16056136  1.8896169   0.74605272]
[-0.95348869 -0.64523518  1.61061254 -2.21517471]
[ 1.02479196  0.82069595  0.77919078  0.00813819]
[-1.03276554  0.90057705  0.673437    1.070219  ]
[-0.89870649 -0.00279236 -1.09052819  1.25697205]
[ 1.19937676 -0.27165447 -0.69412836  0.15294626]
[-0.92066132 -0.34241786 -1.52613415  0.05228666]
[ 1.09865876 -0.11076228  0.36152187  0.3093686 ]
[ 0.88539781  2.16879708 -0.28500001 -0.37208391]
[ 1.11293306  0.58922287 -0.16770907  0.13049065]
[-1.22115286  2.08901219  2.21425982  0.24312581]
[-0.86380567 -1.1144406   0.02329377 -0.32668535]
[-1.06564461 -0.15374177 -0.63846984 -1.23187452]
[ 0.22187338 -1.13300372  2.02330614  1.00383814]
[-0.82149244 -0.10476982  0.99998006  1.31027065]
[ 0.91823229  1.81541258 -0.87779996 -0.14405973]
[-0.92906653  0.15453852 -0.19827965  1.33742474]
[ 1.07635747  0.99584231 -0.41644002  0.03736963]
[-0.81705452  0.27052837  1.80055499  1.077091  ]
[ 1.13024237  0.24291201 -0.05313649  0.21073724]

Populations

0.0143502628103
0.0142355273831
0.0123925787203
0.0140868964722
0.00981699767009
0.0136023582089
0.0112391401353
0.00860527958678
0.0134088967301
0.00132577571182
0.0100913108285
0.0195463783548
0.00838286655374
0.0055791037859
0.00280654547386
0.00981945126993
0.0101702425173
0.0114468129999
0.00666994485789
0.00874680917591
0.015072593909
0.00717023196331
0.00854519182541
0.00268769446207
0.0121005065561
0.0113243729174
0.00671753517443
0.010271103948
0.0151516442873
0.00575394942308
0.0130729052105
0.0134290373405
0.0115892229262
0.0108869839279
0.00550609188467
0.00237890441311
0.00716194548423
0.00736445434872
0.0138296562109
0.0159157208697
0.013080778274
0.00893735993159
0.00143293743271
0.00707770980155
0.00562118868829
0.0169844618272
0.0115396978792
0.0145629986363
0.00274580541372
0.0198311236738
0.0250504650451
0.012484429695
0.0249963886717
0.00132482973808
0.0109818884614
0.00613349781585
0.00277555291604
0.00434367234729
0.00695545691491
0.00578950309676
0.0103433986395
0.0149733137537
0.011210720436
0.00829161404578
0.00691115053704
0.0142404804041
0.0136642382141
0.0129890986262
0.00665181186793
0.00723156977898
0.00874658010833
0.00146991203643
0.00148118817234
0.00788580208156
0.0137707114475
0.0133108106106
0.00448650238763
0.0106696239364
0.0139219892173
0.00365899059349
0.00431367972321
0.003515139456
0.00879150551959
0.0151463617953
0.00989130690631
0.0189611305708
0.0173810233647
0.0188297707863
0.00595629585038
0.0171787833611
0.00127189801271
0.0110179688001
0.0114216422313
0.00809472778048
0.00474136664333
0.00813478671713
0.0190827474917
0.0116680674869
0.00287043132517
0.0109191866931

State labels

0
1
2
3
4
5
6
7
8
9
10
11
12
13
14
15
16
17
18
19
20
21
22
23
24
25
26
27
28
29
30
31
32
33
34
35
36
37
38
39
40
41
42
43
44
45
46
47
48
49
50
51
52
53
54
55
56
57
58
59
60
61
62
63
64
65
66
67
68
69
70
71
72
73
74
75
76
77
78
79
80
81
82
83
84
85
86
87
88
89
90
91
92
93
94
95
96
97
98
99

Eigen values

1.0
0.58358125406
0.496426226418
0.470383837081
0.452046425678
0.447049721678
0.443367203971
0.421446303185
0.406812258495
0.386355386838
0.373412299061
0.359404822399
0.354826822891
0.342343269806
0.336188943468
0.324302875363
0.310833987901
0.302793374249
0.300727480321
0.283939833899
0.265546171695

Left eigenvectors

[ 0.01435026  0.00637799 -0.00843916 -0.00116156 -0.00024654 -0.01108799
 -0.02165722 -0.01286783 -0.01111013  0.00283103 -0.00673396 -0.00471329
 -0.01898754  0.01861334  0.01891337 -0.00233949 -0.00148976 -0.01102876
 -0.00650301  0.02707323 -0.02708354]
[ 0.01423553 -0.006196    0.01121438 -0.01420208  0.01486562 -0.0195397
  0.00073024  0.00347283 -0.01341803 -0.0110991   0.00995663 -0.01559254
 -0.00680032  0.00047658 -0.00268234  0.01153167  0.01233547  0.00665099
 -0.00360563  0.01509718  0.02067169]
[ 0.01239258 -0.00071724 -0.00077041 -0.00061268  0.0112811  -0.01158297
 -0.00801613  0.02526729  0.02087572  0.02396675 -0.01193759 -0.01084553
  0.01292327  0.00131046 -0.00881414  0.01297765 -0.00381952  0.00297258
  0.00250846 -0.014163   -0.01039094]
[ 0.0140869  -0.0026726   0.00120625  0.01423484  0.00986894  0.02267187
  0.0015745   0.00123934 -0.00973013 -0.01642989  0.01490867  0.01502001
 -0.0023523  -0.00552775 -0.0030919  -0.00556459 -0.00328357  0.02361576
 -0.01576487 -0.0080928  -0.01407281]
[ 0.009817    0.0024532   0.00132939 -0.03063706 -0.00396187  0.01431641
  0.00315087  0.00950055  0.01729628 -0.00543418 -0.00105223  0.00580776
  0.01678219  0.01171258  0.01495025  0.02145639  0.00435086 -0.01457963
 -0.00363551  0.01238912 -0.0054312 ]
[ 0.01360236 -0.00886446  0.00857264  0.01546771 -0.01358165 -0.02621892
  0.02665174 -0.00579164 -0.00605576  0.01611238  0.01625862  0.02637292
  0.00599045 -0.01501019 -0.01046477  0.01116951  0.00231452 -0.02016814
 -0.01733743  0.01004263 -0.00703415]
[ 0.01123914  0.00645018 -0.01452033  0.01166411 -0.00109862  0.00355107
 -0.0009375   0.03043142 -0.00877032  0.00777408 -0.0154274   0.00232348
 -0.00951608 -0.00530835  0.01992032  0.01558845  0.00158076  0.00264749
 -0.01182369  0.01561737  0.00204358]
[ 0.00860528 -0.00951274  0.03031153  0.00186826 -0.02235734  0.00434348
  0.01002701 -0.00144304 -0.01099436 -0.0009189  -0.0197919   0.00393563
 -0.0178312   0.01231673 -0.01177138  0.00972743 -0.02109658  0.00605189
  0.005984   -0.01144227  0.00416058]
[ 0.0134089  -0.00168798  0.00237181 -0.00550915  0.01763713 -0.01227058
 -0.01902626  0.00083653  0.00664094  0.00850099  0.00573285 -0.00772937
  0.00700389  0.00543252 -0.01393952  0.0045833  -0.00842297  0.02067458
  0.00053866  0.01173221 -0.01386938]
[ 0.00132578 -0.02180455 -0.00853902  0.00082961 -0.00318238  0.00324841
 -0.00254849 -0.00144187  0.002465   -0.0007758  -0.00239953 -0.00168199
 -0.00096101  0.00069616  0.00242876 -0.00090063  0.0014476   0.00068638
  0.0022079   0.00029409 -0.00083435]
[ 0.01009131 -0.00516144  0.00314782  0.00647259  0.0140815   0.00880193
 -0.00497369 -0.00256495  0.00125068 -0.01307303  0.01076757  0.0040315
 -0.00799336  0.00717735 -0.01339653  0.01018435 -0.00985873  0.01306761
 -0.00423402  0.00348331 -0.01234131]
[ 0.01954638 -0.00203075  0.00349757 -0.01537101  0.02423322 -0.00488395
  0.00010951  0.00901251  0.00071854  0.02545947  0.0011679  -0.02370091
 -0.00113599 -0.00957875  0.00592088 -0.00418647 -0.01447109  0.01605754
 -0.00322414 -0.01169997  0.01309637]
[ 0.00838287  0.00038385  0.00147341  0.0038367  -0.00401116 -0.0142539
  0.00224298 -0.00902121  0.00288704 -0.0186548  -0.00412296 -0.00416531
  0.02361824 -0.01964578  0.00503156 -0.0009189  -0.01727666 -0.00029886
  0.0005196   0.01664829  0.0109079 ]
[ 0.0055791   0.00099573 -0.00403638  0.01349853  0.0035052  -0.00450708
  0.00291614  0.01169563 -0.00191852  0.0055273   0.00077309  0.0081162
  0.01567079  0.01293683  0.00492519 -0.00013085 -0.00114629  0.01615119
 -0.00770996 -0.00152499 -0.00924834]
[ 0.00280655 -0.00337693  0.01076274  0.00703785 -0.00689898 -0.00276081
  0.00711688  0.00068505  0.00157358  0.00072444 -0.00084311  0.00136675
 -0.00374609  0.00349567 -0.00272632  0.00464483 -0.002265   -0.00715241
  0.00016991 -0.00330609 -0.00150379]
[ 0.00981945  0.00266225 -0.00165406 -0.0093214  -0.00596769  0.01557975
 -0.00920717 -0.00327258 -0.01041965  0.00681699  0.00433541  0.00050009
  0.01856528  0.00340519 -0.00010538 -0.00994622  0.00388596 -0.00893651
  0.00198807 -0.00784363  0.01146531]
[ 0.01017024 -0.00214623  0.01304912 -0.00103937 -0.00376807 -0.0133652
  0.00789169  0.00090686 -0.00957949 -0.0062207  -0.0130131   0.0017753
 -0.00666711  0.00208539 -0.01376207 -0.01677428  0.02129301  0.01105261
  0.018501    0.01353327 -0.00376045]
[ 0.01144681  0.00015978  0.00639449 -0.00709005  0.01480145 -0.00926826
 -0.01171135 -0.00519322 -0.01469246  0.01755244 -0.01035127 -0.02484688
  0.00447993 -0.00402773 -0.00633947  0.00145416  0.01091212 -0.00797044
  0.00376058 -0.00801439 -0.01343555]
[ 0.00666994  0.00230623 -0.01009071  0.00010506  0.01785182  0.00547025
  0.02708145 -0.01130944  0.00430372  0.01607033 -0.01493598 -0.00064794
 -0.0069549   0.00333804  0.00694432 -0.00687449 -0.00668685  0.00305128
  0.00335112  0.00429152  0.01716243]
[ 0.00874681  0.00462014 -0.00790472  0.0103922  -0.00734796 -0.00861084
 -0.00351857  0.0180898   0.01320882  0.00187376  0.0042788  -0.00331992
 -0.01135758  0.00394567  0.00931202 -0.00339421 -0.00750422 -0.00751853
  0.00604959 -0.01270145  0.00986405]
[ 0.01507259  0.00609855 -0.00781263 -0.00536762 -0.0036734  -0.00818973
 -0.00387564 -0.00571957 -0.00116243 -0.02408467  0.00173961 -0.00652072
 -0.00744861 -0.00271715  0.00195656  0.00969167  0.00384704 -0.00330217
  0.01213488 -0.01840172  0.00293131]
[ 0.00717023  0.00324418 -0.00830931  0.00183168  0.00459648 -0.00262314
 -0.01397263  0.01034518 -0.00581335 -0.00142165 -0.00620591  0.00549558
 -0.01953563 -0.00307984  0.00461173 -0.00951345 -0.00848361 -0.01475783
 -0.01241984 -0.00374791  0.00593938]
[ 0.00854519  0.00284488 -0.00460067 -0.01671567 -0.01657885 -0.0049874
  0.00802115  0.00639299  0.01009994  0.00279749  0.01438855  0.0070641
 -0.00100632 -0.00652838 -0.0135872  -0.01302452  0.00270426 -0.00049924
 -0.00457369  0.00868661 -0.01047416]
[  2.68769446e-03   6.41740446e-05   4.35531752e-04   3.21134647e-03
   4.98857610e-03  -1.60587760e-03  -3.18987205e-03   5.55345276e-03
   4.57196227e-03   6.30201088e-03  -5.74440974e-04  -1.00685532e-03
   6.59602771e-03   3.15838553e-03  -3.44580606e-03   2.75453564e-03
  -2.81169019e-03   1.09672871e-02  -2.68817849e-03  -8.22245602e-04
  -9.74889152e-03]
[  1.21005066e-02   6.28420108e-03  -9.87091252e-03  -8.28624819e-03
  -1.07847141e-02  -9.68617144e-05   3.09889860e-03  -7.88037124e-03
  -2.16278947e-03  -1.14899959e-02  -8.08380413e-03   5.43619202e-03
  -5.57617919e-03  -5.14529662e-03   9.13055974e-03   5.11701450e-03
   1.53301450e-02   5.31133844e-04   3.48303832e-04  -1.92580813e-04
  -2.02126849e-02]
[ 0.01132437  0.00161486 -0.00185193 -0.01835136 -0.01757337  0.00564622
 -0.00578796 -0.01262579 -0.00138462  0.02563712  0.01224024  0.00635209
  0.00881679 -0.00225267 -0.01443129 -0.00177424  0.00597523 -0.00879416
 -0.00662566 -0.01369481  0.01279425]
[ 0.00671754 -0.00893986  0.0198896  -0.03130558 -0.0031072  -0.00991213
  0.01185436  0.01822972 -0.00970376 -0.00365264 -0.00922394  0.00043649
 -0.00806196  0.00932356  0.00859723 -0.01922068 -0.01259079  0.01335205
 -0.01309252 -0.00599947  0.00058786]
[ 0.0102711   0.00057498 -0.00357991  0.00328013  0.00631336 -0.00386421
  0.01679234 -0.00668447 -0.00642102  0.01039644  0.00951448 -0.00307512
  0.01008775 -0.00279304  0.01869629 -0.00280722 -0.01765729  0.00722189
  0.00762089 -0.00631536 -0.00678221]
[ 0.01515164  0.00690672 -0.01497573 -0.00428996 -0.00613691  0.00645164
  0.0013579   0.00907766 -0.00666937 -0.01311981 -0.0170488   0.00474796
 -0.00209714 -0.00656228 -0.00542468  0.03304518  0.00259215  0.01119212
 -0.01251322  0.00178983  0.00369341]
[ 0.00575395 -0.0014688   0.00308843 -0.0041937   0.00726389 -0.00257212
  0.00159137  0.00324877 -0.0102904  -0.00356981  0.01047355 -0.00808806
  0.00017873  0.00552207  0.010729    0.00649505  0.00584802 -0.01156936
  0.01423043 -0.01550226 -0.00413963]
[ 0.01307291 -0.00170226  0.00353687 -0.01686069  0.00287781  0.00985288
 -0.01491481  0.00164992 -0.01301187 -0.00175819 -0.0089349   0.01406189
  0.00021253  0.00513931  0.01299742 -0.0174297   0.00250661 -0.02663223
  0.00158145 -0.00383782 -0.0110908 ]
[ 0.01342904  0.0015891  -0.01513695  0.0081251  -0.00323058 -0.00488094
  0.01704732 -0.0058758  -0.01285973 -0.00025667 -0.03279231  0.0155501
  0.00189203 -0.00998866 -0.0047623   0.02251299 -0.00675422 -0.00401472
 -0.00561048 -0.00842293 -0.00428869]
[ 0.01158922  0.00424632 -0.00787824  0.00114205  0.00247348 -0.00310981
 -0.00654944  0.01750734 -0.00422991  0.00742021 -0.01928374  0.0120577
 -0.01329919 -0.01536494 -0.00119151 -0.00012137  0.00326446 -0.0059826
  0.02219914  0.01191755 -0.00084088]
[ 0.01088698  0.00368061  0.00379567 -0.01201359 -0.0159127   0.02136175
 -0.01281497 -0.0033427   0.00263223  0.00934821  0.00239897  0.00475367
  0.01355563  0.01445623 -0.00190137  0.01578374 -0.00212924  0.0073588
  0.00308904  0.00897438  0.0238231 ]
[ 0.00550609  0.00085072  0.00637832 -0.00176999 -0.00300589  0.0006242
 -0.00736874 -0.01312485  0.00545909  0.01217927  0.00224944  0.00616531
 -0.00459597 -0.00795662  0.00602226  0.00431992  0.01171024  0.00978306
 -0.00330479 -0.00797719  0.01030716]
[ 0.0023789  -0.00156032  0.00556227 -0.009536   -0.00398944 -0.00421977
  0.00416607  0.00503939 -0.00200773 -0.0010857  -0.00160052  0.00446535
 -0.00293847  0.00101438 -0.00245494 -0.0143094   0.00060284  0.00848352
  0.00058194  0.00340614 -0.00639821]
[ 0.00716195  0.00024163  0.00613206  0.00520806  0.00617773 -0.01148783
 -0.0096409  -0.00415524  0.0119808   0.00154403 -0.00894888  0.00115609
  0.00480699  0.00128099  0.00037429 -0.00543844  0.01035518 -0.00134474
  0.00043286  0.00735988  0.00101987]
[ 0.00736445  0.00369527 -0.01026963  0.01064058 -0.00013514 -0.00406671
 -0.00042084  0.00872813  0.00050538  0.00244779 -0.00683635  0.01280447
  0.01718698  0.01870133 -0.003498   -0.00337961 -0.00025998  0.0044897
 -0.00168932 -0.01429109  0.00082562]
[ 0.01382966  0.00830551 -0.01964234  0.00620241 -0.0045388   0.00450057
  0.01166202 -0.00861922 -0.00146999  0.0007921  -0.00790813 -0.00750825
 -0.00498063  0.00993646 -0.00577191 -0.00588039 -0.00046929  0.00610486
 -0.00298295 -0.00550777 -0.00047576]
[ 0.01591572 -0.00083095  0.01536615  0.00330973  0.01366559  0.00624175
 -0.01204082 -0.01508819  0.02004706  0.01948967 -0.00600959 -0.01288728
  0.00659134 -0.00477561 -0.01341425  0.0037845  -0.01162154  0.00597497
 -0.00320845 -0.00072689 -0.02265233]
[ 0.01308078  0.00272049 -0.00329724  0.02270812 -0.00836716 -0.00816109
  0.01014294  0.01386183 -0.00777021  0.00526045  0.01363912 -0.00621638
  0.00687139  0.02860903  0.0133237  -0.00167016  0.00516215 -0.01028185
  0.00593296  0.00183441 -0.00516114]
[ 0.00893736 -0.00227287  0.00356462  0.00191302  0.01320287 -0.00150167
  0.00296617 -0.00115224 -0.00818766 -0.01507333  0.01046657  0.01231169
 -0.00205946  0.0005921  -0.01221095 -0.00100021  0.00300226 -0.00313834
 -0.00181684  0.00148286  0.0061369 ]
[  1.43293743e-03   5.63179433e-04  -4.37214152e-05  -1.06612241e-03
   2.02069186e-03  -2.53592347e-03  -4.09269052e-03  -2.29622507e-03
  -3.62341443e-03   3.20760367e-03  -2.63483026e-03  -4.97921529e-03
  -1.88397730e-03   1.98068101e-03   1.63144713e-03  -7.99812197e-05
   1.95625463e-03  -3.46623045e-03  -2.98297480e-04   2.99856139e-03
  -8.26042568e-03]
[ 0.00707771 -0.00052729  0.0134645   0.00861406  0.00358786 -0.00358597
 -0.00550826 -0.00734534  0.02703028 -0.01011198 -0.00877561 -0.00646552
  0.00562998 -0.00570565  0.00724166 -0.00783311  0.00177627 -0.01051778
 -0.0068355   0.00083704  0.00366342]
[  5.62118869e-03  -4.17844570e-03   5.15867645e-03   9.20338880e-03
  -7.84675294e-05  -1.38242325e-02   5.07703199e-03   4.19620039e-03
  -6.32510906e-04   4.70507897e-04   1.89468864e-03   4.75536404e-03
   1.22700759e-02  -1.38836356e-03  -5.27191437e-03  -3.03867365e-03
   6.97016392e-03   4.87948469e-03  -4.04998087e-03   1.57961363e-02
   6.98923624e-04]
[ 0.01698446  0.00508779 -0.00291853  0.00475015 -0.012077   -0.02307466
 -0.01278276 -0.00897707 -0.00268834  0.01043134  0.00223365  0.01903688
 -0.0129051   0.01830939  0.01273673 -0.00191715 -0.00562949  0.00315846
  0.04165986  0.01418381  0.01177184]
[  1.15396979e-02   3.95310424e-03  -9.21005626e-03  -2.93831076e-03
   4.61944733e-03   5.36533242e-03   1.48175550e-02   1.79881729e-02
   8.33461298e-03   9.59942990e-03   4.48732761e-04  -8.89189093e-03
  -8.08928009e-03  -4.87230749e-03   2.17546050e-03   8.40319572e-03
   1.15042100e-02  -1.40312032e-05   1.54656724e-02   1.17481774e-02
   7.44321643e-03]
[ 0.014563    0.00696083 -0.00791399 -0.00282067 -0.01000355 -0.00276215
 -0.02168667 -0.02025006  0.00513154  0.0004867   0.00485334 -0.00692796
 -0.02264517  0.02082317 -0.00125533  0.01082007 -0.01687195  0.00698434
 -0.00647993  0.0190433  -0.01087369]
[ 0.00274581  0.0006511   0.00065937 -0.00038088  0.00058233  0.00378524
  0.00206383  0.00581339  0.00209762  0.00203535 -0.00040857  0.00524026
 -0.00338775 -0.00800597  0.00929361  0.00636294  0.00801047  0.00370735
 -0.00235949  0.00304748 -0.00077666]
[ 0.01983112  0.00483977 -0.00686572 -0.00421562 -0.01013714 -0.01601556
  0.00390835 -0.01939094 -0.01740457 -0.03174035 -0.01926508 -0.01397427
  0.00809275 -0.00674149 -0.00067584  0.02040822 -0.0088483   0.01494652
 -0.00521893 -0.01038243  0.00898822]
[ 0.02505047  0.00303908  0.00230495  0.0151964   0.01230168  0.02383869
 -0.00895765  0.0251507   0.00990998 -0.00594224  0.00912144  0.00220777
 -0.01160822 -0.01394572 -0.01193325  0.00143067  0.00553881  0.02707727
 -0.00375525  0.00412069  0.00286765]
[ 0.01248443 -0.00239339  0.00124526 -0.00349473  0.01519913 -0.0009376
 -0.01107113  0.00255152 -0.0177134   0.01152291 -0.01801968 -0.00411616
 -0.0040927  -0.0175475  -0.02277612 -0.00302192 -0.00800118 -0.03664316
 -0.00922387 -0.00450072 -0.00626599]
[ 0.02499639  0.01194412 -0.02369145 -0.00586409 -0.01915425  0.00107673
  0.00943012  0.01673886  0.01237959 -0.00759637  0.01453032 -0.0143418
  0.01072506 -0.01366002 -0.00377461 -0.00590863 -0.01423412 -0.01699709
  0.02270626 -0.00167908 -0.00653018]
[ 0.00132483 -0.0003546   0.00286249  0.00284761 -0.00032569  0.00269796
 -0.00020211  0.00016641 -0.0014409   0.00184461  0.00108159 -0.0037746
  0.001635    0.00078309 -0.00085236 -0.0006934   0.00088767 -0.00158563
 -0.00076988  0.00338294 -0.0012908 ]
[  1.09818885e-02  -2.80111222e-02  -2.48574409e-03  -9.32062933e-03
   4.29219618e-03  -2.17846783e-02   1.85914168e-03   8.46616182e-03
  -7.89422753e-03   1.30199832e-02   1.15900199e-02  -2.87335501e-05
   1.04188820e-02  -8.84304311e-03  -1.51014763e-02  -1.38998450e-03
   2.72048897e-03  -3.88235502e-03  -2.09661781e-02   1.87918060e-03
   1.58286045e-02]
[ 0.0061335   0.0025076  -0.00337817  0.00039019 -0.00361495  0.00702632
  0.0017307  -0.00519609 -0.01003591 -0.0078569  -0.00266335 -0.01199622
  0.00951059 -0.00457176 -0.00124716 -0.00856448  0.00310477  0.0092723
 -0.00346578 -0.00739283  0.0022411 ]
[  2.77555292e-03   9.99363621e-04  -1.17827109e-03   5.18411218e-04
   1.52026268e-03  -3.76456473e-03  -6.52090805e-03   9.60423497e-04
  -1.47947157e-03   1.90996698e-03  -2.43011266e-03   6.18237707e-03
   1.64562270e-03  -4.44003630e-04   5.70220869e-04  -3.39104693e-03
  -4.20290174e-03   1.19823130e-03   1.34396752e-02   9.89676171e-03
  -3.59387739e-05]
[ 0.00434367  0.0022633  -0.00487805 -0.01034499 -0.00610007  0.00237254
  0.00304468 -0.00040318  0.00527215  0.00335289  0.00742644  0.00551545
  0.00554454  0.0045745  -0.0053855  -0.00282377  0.0041598  -0.01070168
 -0.00540639 -0.00020945 -0.00343352]
[ 0.00695546 -0.00095274  0.01363957  0.01259807 -0.01030054  0.02098303
 -0.00045207  0.00618321 -0.01218992  0.00100262  0.00119548 -0.00892392
  0.00375476  0.00760952 -0.00185994 -0.00404013 -0.00075729  0.00085327
 -0.00643414  0.00907334  0.00922756]
[ 0.0057895  -0.0012775   0.00583052 -0.01166881  0.00102337 -0.00291289
  0.0077068   0.00662854  0.00078456 -0.00367585  0.00026902 -0.00879599
  0.00479379  0.00382517  0.01596425  0.00121115 -0.00823599 -0.00287714
  0.00327517 -0.01519848 -0.00392322]
[ 0.0103434  -0.00072048  0.00274327 -0.00660378  0.02141775  0.00677942
 -0.00437475 -0.00174521  0.01028775 -0.02172656  0.00884226  0.012105
  0.00813282  0.0051346  -0.00455277  0.00114209 -0.00468516 -0.01494944
  0.00218387  0.00411061  0.00322145]
[  1.49733138e-02   7.03455629e-03  -8.43154192e-03   4.81016550e-03
  -6.40711027e-03   1.03468704e-03   9.24781018e-03  -1.21367430e-02
  -4.10694554e-03  -1.37710278e-02  -9.37656946e-03  -1.92450381e-02
  -8.70580077e-05   8.07715934e-03  -1.59423880e-03  -1.23776532e-02
   2.62461931e-02   8.63599968e-03   1.00229171e-03  -7.38057239e-03
  -3.96570791e-03]
[ 0.01121072  0.00300381 -0.00150331  0.00268658  0.00218212  0.00673743
  0.00179425  0.00176903 -0.00027599  0.01008209  0.01169957 -0.01486475
  0.00013581 -0.01037309 -0.00456921 -0.01123712 -0.01556157 -0.00351985
  0.00285215 -0.00235483 -0.00559919]
[ 0.00829161 -0.02449277  0.00250381  0.00640876  0.00056173  0.01282691
  0.00226841 -0.00409443  0.00061564 -0.00947591 -0.00231019  0.00695151
 -0.00629885  0.0058546   0.0038143   0.0064451  -0.01185135  0.00015266
  0.0103803  -0.00449561 -0.01423395]
[ 0.00691115  0.00102705  0.00875248 -0.00428662 -0.01355144  0.00411276
 -0.01113008 -0.01357453  0.00338686  0.0141842  -0.00152606  0.00862375
 -0.00453561  0.00938331 -0.00423283  0.00951789 -0.0050654   0.00905306
  0.01208205  0.00227505  0.0184101 ]
[ 0.01424048 -0.00853835  0.00783286  0.00128698  0.01438492 -0.00146875
  0.00909846  0.00031762 -0.01990529 -0.00212449  0.02797137 -0.00335878
 -0.00522024  0.00139211  0.01175928  0.01578831  0.01255299 -0.00829848
  0.02681652 -0.00674704  0.00759958]
[ 0.01366424  0.00271878  0.01117603  0.01427327 -0.00842723  0.03793775
 -0.00932627  0.00505971 -0.03020648  0.00694117 -0.00338621 -0.01890342
  0.01543833 -0.00625614  0.00320949 -0.01766031  0.00457777 -0.00537856
 -0.01422986  0.01436079  0.00915435]
[ 0.0129891   0.00552439 -0.00182811  0.00305443 -0.00910151 -0.01121251
 -0.01570924 -0.0178103   0.01244406 -0.00500327  0.0114488  -0.01120515
 -0.02457686  0.00415667  0.01336248 -0.00156041 -0.00554124  0.00458578
 -0.02907411  0.00866384  0.00764448]
[  6.65181187e-03  -2.31030596e-03   5.73092565e-03  -3.42017874e-03
   8.06308643e-05   5.66324811e-03  -6.91903869e-03  -2.24815718e-03
  -2.17567052e-04   2.30511648e-03   1.18863823e-03   1.50336472e-02
   4.13235384e-03  -2.92916172e-03   5.70171374e-03  -1.15262750e-02
  -4.95500281e-03   9.83945951e-03   7.96469693e-03  -9.68490265e-04
  -1.16367994e-02]
[ 0.00723157 -0.00046267  0.00222935 -0.00096652 -0.00616725 -0.00351916
  0.00010534 -0.00338212 -0.0029214   0.00869407 -0.01189703  0.00328586
 -0.00377579 -0.00296485 -0.01579197  0.01854872 -0.01072601 -0.00733122
 -0.00672038 -0.00966556 -0.00584963]
[ 0.00874658  0.00281132 -0.00437766  0.00216546 -0.0139442  -0.01162068
  0.00265674 -0.00628756  0.00656658  0.00740074  0.01946007 -0.00202224
 -0.01356817  0.00033202  0.00552014 -0.00671979 -0.00447361 -0.00183387
 -0.0149167   0.0026104   0.00392133]
[ 0.00146991 -0.00039139 -0.00038435  0.00227957 -0.00183573 -0.00430469
  0.0038628  -0.00224251 -0.00131767 -0.0013364  -0.00244967  0.00355505
  0.00461932 -0.00594554 -0.00077125  0.00368772 -0.00375915 -0.00289784
 -0.00263318  0.00348011  0.00081601]
[ 0.00148119  0.00099999 -0.00083405  0.00327817 -0.00113628  0.00495865
 -0.00123909  0.00557426 -0.00534005  0.00231382 -0.0033038  -0.00229265
  0.00042472 -0.00201348  0.00455838  0.00046248  0.00111466 -0.00032458
 -0.00515643  0.00640117  0.00232069]
[ 0.0078858  -0.00151921  0.00037706 -0.00530725 -0.00280604  0.00458452
 -0.00117791 -0.0065148   0.00467305 -0.00012472  0.00446641 -0.00124442
  0.01202166 -0.00508322  0.01252518  0.00695927 -0.02180284  0.00537084
  0.00786555  0.00632648 -0.00602717]
[ 0.01377071  0.00640496 -0.01565711 -0.00115143  0.00253595  0.00661707
  0.02558929 -0.02076849  0.00368877  0.01339344  0.0072455  -0.00619009
 -0.00172417  0.01831361 -0.00422324 -0.01097913  0.01084334 -0.00745881
 -0.00968853  0.0014898  -0.01516042]
[ 0.01331081  0.00302436  0.00547981 -0.00115728  0.00899634 -0.00375273
  0.00030755 -0.00894869  0.01438147  0.00374549 -0.02289475  0.00682006
 -0.00030058 -0.009078    0.01533156 -0.01543951  0.02925625  0.00671482
  0.0019659  -0.00456569  0.01101726]
[ 0.0044865   0.00195444 -0.00307037  0.00161937 -0.00387822  0.00094599
  0.00229546 -0.00850609  0.00010422 -0.00012196  0.00973094  0.00220834
 -0.0093766  -0.00205754  0.00706499 -0.00267563  0.00291361  0.00381319
 -0.01258952 -0.0006749  -0.01000372]
[  1.06696239e-02  -3.01071752e-03  -4.17649503e-05  -4.51544442e-03
   1.83653307e-02   3.98412238e-03  -3.64858741e-04   3.79783782e-03
  -2.80911287e-03  -1.19675105e-02   1.93794065e-02   1.32167801e-04
  -4.57335032e-03  -2.76063257e-03  -9.80162670e-03   1.16733387e-02
   4.24089333e-03   4.52234432e-03  -9.05847459e-04  -4.74518066e-03
   2.75280024e-03]
[ 0.01392199 -0.00847589  0.0198855   0.02431922 -0.00747977 -0.00623807
  0.01675189  0.00969062 -0.00438443 -0.00125065  0.02099053 -0.0121389
 -0.00316169  0.01865134 -0.00090133  0.00773959  0.01365744 -0.01445015
  0.00991712  0.01585912 -0.00092658]
[  3.65899059e-03   6.72157477e-05   1.84542683e-03  -2.66417933e-03
  -4.52012161e-04   3.77323734e-03  -1.47983482e-03  -3.18027837e-03
  -3.54739147e-03   1.00727619e-02   6.99381491e-03   3.02136896e-03
   9.27743296e-04  -1.06082048e-02   3.66209385e-03  -2.73303105e-03
  -2.84822610e-03   2.28084229e-03   3.38919557e-03  -8.19772446e-03
  -3.23189263e-03]
[ 0.00431368  0.00242018 -0.00575437  0.00295437  0.00090094  0.00433236
 -0.00240826  0.00549339  0.00032329 -0.00615363  0.00253966  0.00138595
 -0.01211526 -0.00444599 -0.00569399 -0.00459634 -0.00232623  0.003627
 -0.00143447 -0.00588982  0.00037511]
[  3.51513946e-03   6.35556835e-04  -5.68499443e-03  -6.72074097e-04
   1.56559291e-02   7.52776153e-03   1.93885720e-02  -1.10267599e-02
   4.48438945e-03   8.35460974e-03  -5.41016534e-03   1.62342278e-03
  -6.46164958e-03   7.25549900e-03   2.04496742e-05  -6.66744594e-03
  -5.61349603e-03  -2.48905440e-03  -3.40908940e-04   7.00472009e-03
   9.40412739e-03]
[ 0.00879151  0.00520456 -0.00960779 -0.00041699 -0.00557611  0.00550588
 -0.0007753   0.01623023  0.01252881 -0.00088351  0.00972003 -0.00171841
 -0.0174039  -0.01156891 -0.01960239 -0.00637656 -0.00115317  0.00307716
  0.01467681  0.002147    0.00132247]
[ 0.01514636 -0.00036239  0.01540962  0.00681606  0.00204994  0.00319379
 -0.00571505 -0.00916313  0.01099988 -0.00897693 -0.0102315   0.00679762
  0.00152007 -0.0177282  -0.01151223 -0.01432183  0.00752573 -0.00454675
  0.01303919  0.00506489 -0.00109056]
[ 0.00989131 -0.00133378  0.02131491  0.01142191 -0.0086117   0.0127006
 -0.00036326  0.00255268  0.01848383 -0.00570708 -0.00591691 -0.0131744
 -0.00253016 -0.0027612  -0.003185   -0.0072215  -0.00011627 -0.00899096
 -0.00539601  0.00288864  0.00303846]
[ 0.01896113  0.00628652 -0.0167037   0.00051303 -0.01330714 -0.0173636
  0.00611773 -0.00840849  0.0001216  -0.02018852  0.01000772 -0.02114062
  0.01922983 -0.02125062  0.01457548 -0.01215725 -0.03128177  0.00835651
 -0.00012511 -0.00078017  0.0122232 ]
[ 0.01738102  0.00037294  0.00719856 -0.00785298  0.01626246 -0.01716376
 -0.01544378 -0.00884923 -0.00680826 -0.00485876  0.00588282 -0.02110889
 -0.00239231  0.0044529  -0.00592786  0.01947205  0.02413768  0.01644255
 -0.00101378 -0.00596523  0.0253057 ]
[ 0.01882977  0.00278508 -0.01240925  0.0040275   0.01185099 -0.00793132
 -0.02196025  0.00090919 -0.01123531 -0.01735977  0.00133671  0.03429459
  0.00148005  0.02122837 -0.01309069 -0.01302238  0.00525386 -0.01782872
 -0.01815797 -0.02221504  0.01464941]
[ 0.0059563   0.00390097 -0.00616155 -0.00763449 -0.0051145   0.00722879
  0.00147213 -0.00526869  0.00380816 -0.00094343 -0.00250514 -0.00501386
  0.00594654  0.00605879 -0.00369234  0.00674302  0.00287358 -0.00326801
 -0.00131988  0.00299416 -0.01117517]
[ 0.01717878  0.00613907 -0.00986793  0.01295296  0.00405903 -0.00684742
 -0.00953419  0.00135256  0.0068783  -0.00258628 -0.00793238  0.02176893
  0.01703906  0.03455921  0.00399662 -0.00855741  0.00941031  0.00643257
 -0.00843998 -0.02715221  0.01725384]
[ 0.0012719  -0.0210161  -0.00870606 -0.0002601  -0.00290852  0.00079445
 -0.00257662 -0.00053597  0.00186639  0.00092785 -0.00138623 -0.00229596
  0.00033902 -0.00046915  0.00098998 -0.00160281  0.00277659  0.00038281
 -0.00035877  0.00088243  0.00184181]
[ 0.01101797 -0.00603844  0.00456337 -0.00251787  0.03279292  0.01759419
  0.01100222 -0.00739997  0.00668854 -0.0110499   0.00474895  0.0121103
 -0.00749134  0.00389727 -0.01098695  0.0009257  -0.01235316 -0.00810025
 -0.00037239  0.01010725  0.00168768]
[  1.14216422e-02  -5.01980664e-03   2.27720566e-02   1.85649051e-02
  -3.40108302e-03   8.43633996e-04   2.17344048e-03   3.47467706e-03
   3.34721145e-02  -6.45172002e-03  -9.08261107e-03  -9.08654327e-03
  -8.00240832e-05   1.20282634e-04   1.01730236e-02  -4.05313409e-03
   3.73999792e-03  -1.47681856e-02  -9.61572928e-04  -2.10077556e-02
  -5.46415853e-03]
[ 0.00809473  0.00236014 -0.00122261  0.00305551  0.00162347  0.00098561
 -0.01178047 -0.00400117 -0.00674489 -0.00684647 -0.00132277  0.01292456
  0.01861877 -0.00288696  0.00530175 -0.01474745 -0.01000371 -0.0053614
  0.01109777  0.01064201  0.00309553]
[ 0.00474137 -0.00106073  0.00709432  0.00449368 -0.00048117  0.00254397
  0.00115311 -0.00383766  0.00526716  0.00538115  0.00175916  0.01366572
 -0.0024519  -0.0145112   0.01214646  0.0012505   0.01329926  0.00701832
 -0.00454933 -0.00812351 -0.00338804]
[  8.13478672e-03  -6.64000565e-05   6.91900569e-03  -2.47917446e-02
  -1.49740371e-04   6.74620749e-03   7.86809422e-03   1.15502351e-02
   1.28135046e-02  -1.08276760e-02  -4.31970236e-03   6.06242731e-03
   1.73726149e-03   2.06997768e-03   1.19701985e-02   1.23791079e-02
   9.14928872e-03  -3.95996556e-03  -1.11025342e-02   1.33383024e-02
   6.04735864e-04]
[  1.90827475e-02  -1.61504186e-04   9.18257869e-03   5.45163905e-03
  -1.71249887e-03   1.15768885e-02  -4.32139122e-05  -1.24699624e-02
  -1.94584895e-02   1.24069259e-02   1.64593954e-02   2.02122099e-02
  -5.75326116e-03  -3.48630906e-02   2.54020066e-02   9.65333283e-03
   5.83665793e-03   3.72537068e-03   1.24477491e-02  -1.37126632e-02
  -1.46030428e-02]
[  1.16680675e-02   8.07288465e-03  -1.45802093e-02  -4.35134953e-03
  -1.78977651e-02   1.07929116e-02   5.73385868e-03   1.43381635e-02
   1.43251643e-02   3.70456646e-04   5.22456015e-03  -3.94064707e-03
   4.40374689e-05  -5.72979430e-03  -2.60621761e-02  -3.21309308e-03
   4.30073176e-03   3.08278960e-03   1.41501743e-02  -1.92441980e-03
   4.07112529e-03]
[ 0.00287043  0.00177701 -0.00411023  0.00329832 -0.00089594 -0.00224754
 -0.00362479  0.00702329  0.00232553 -0.00232486  0.00123288 -0.00151287
 -0.00674727 -0.00329649  0.00439705 -0.00491695 -0.00799507 -0.00309539
 -0.00231074 -0.00492792  0.007443  ]
[ 0.01091919  0.00691547 -0.01257601 -0.00250993 -0.01206217  0.00236709
  0.01267458 -0.01131523 -0.00377653 -0.01517896 -0.0147547  -0.01140864
  0.00350259 -0.00194926 -0.01436806 -0.00418205  0.01763594  0.00617656
  0.00931704 -0.00722212 -0.01431783]

Right eigenvectors

[ 1.          0.44445105 -0.58808428 -0.08094364 -0.0171799  -0.77266831
 -1.50918649 -0.8966965  -0.7742109   0.19728038 -0.4692567  -0.32844621
 -1.32314915  1.29707304  1.31798096 -0.16302787 -0.10381405 -0.76854038
 -0.45316315  1.88660137 -1.88732019]
[ 1.         -0.43524893  0.78777438 -0.99765046  1.04426226 -1.37260116
  0.05129708  0.24395527 -0.9425737  -0.77967572  0.69942117 -1.09532611
 -0.47770075  0.03347819 -0.18842553  0.81006262  0.86652735  0.46721063
 -0.25328419  1.06052831  1.45211944]
[ 1.         -0.05787682 -0.06216664 -0.04943947  0.91031077 -0.93467026
 -0.6468496   2.03890528  1.68453431  1.93395978 -0.96328547 -0.87516312
  1.04282369  0.10574594 -0.71124366  1.04721137 -0.30820999  0.23986793
  0.20241593 -1.14286155 -0.83848092]
[ 1.         -0.18972215  0.08562954  1.01050187  0.70057578  1.60943003
  0.11177037  0.08797843 -0.69072219 -1.16632444  1.05833607  1.06623948
 -0.16698499 -0.3924035  -0.21948743 -0.39501883 -0.2330941   1.67643469
 -1.119116   -0.57449142 -0.99900028]
[ 1.          0.24989358  0.13541708 -3.12081798 -0.40357285  1.45832879
  0.32096095  0.96776524  1.76187016 -0.55354828 -0.10718447  0.5916023
  1.70950379  1.19309215  1.52289451  2.18563693  0.44319681 -1.48514188
 -0.37032843  1.26200738 -0.55324488]
[ 1.         -0.65168575  0.63023196  1.1371343  -0.99847783 -1.92752764
  1.959347   -0.42578222 -0.44519942  1.18452844  1.19527957  1.93884946
  0.44039825 -1.10349938 -0.76933534  0.82114528  0.17015602 -1.48269423
 -1.27458978  0.73830075 -0.51712728]
[ 1.          0.57390361 -1.2919428   1.03781151 -0.09774973  0.31595547
 -0.08341354  2.70762909 -0.78033728  0.69169662 -1.3726492   0.20673087
 -0.84669085 -0.47230938  1.77240561  1.38697853  0.14064812  0.23555943
 -1.05201003  1.38955224  0.18182677]
[ 1.         -1.10545403  3.52243354  0.2171066  -2.5980952   0.50474547
  1.16521565 -0.16769209 -1.2776293  -0.10678358 -2.29997148  0.45735061
 -2.07212286  1.43129883 -1.36792505  1.13040285 -2.45158582  0.70327679
  0.69538693 -1.32968058  0.48349142]
[ 1.         -0.12588531  0.17688317 -0.4108581   1.31533018 -0.91510704
 -1.41892838  0.06238586  0.49526376  0.63398164  0.42754063 -0.5764362
  0.52233142  0.40514319 -1.03957282  0.34181074 -0.62816259  1.5418551
  0.04017216  0.87495749 -1.03434168]
[  1.         -16.4466377   -6.44076951   0.62575781  -2.40039315
   2.45019896  -1.92226417  -1.08756396   1.85928814  -0.5851693
  -1.80990382  -1.26868195  -0.72486702   0.52509588   1.83195168
  -0.67932141   1.09188684   0.51771812   1.66536402   0.22182137
  -0.62932793]
[ 1.         -0.51147354  0.31193363  0.64140217  1.3954088   0.87222827
 -0.49286859 -0.25417388  0.12393585 -1.2954735   1.06701402  0.39950252
 -0.79210351  0.71124105 -1.32753167  1.00921961 -0.97695272  1.2949364
 -0.41957055  0.34517913 -1.22296438]
[ 1.         -0.10389406  0.17893686 -0.78638666  1.23978065 -0.24986456
  0.00560266  0.46108342  0.03676067  1.30251603  0.05975012 -1.21254749
 -0.0581176  -0.4900524   0.30291425 -0.21418127 -0.74034618  0.82150968
 -0.16494831 -0.59857505  0.67001535]
[ 1.          0.04578992  0.17576394  0.45768333 -0.47849496 -1.70036095
  0.26756694 -1.07614841  0.34439801 -2.22534847 -0.49183163 -0.49688355
  2.81744172 -2.34356379  0.6002193  -0.10961594 -2.0609493  -0.03565126
  0.06198377  1.98599014  1.30121321]
[ 1.          0.17847519 -0.72348159  2.4194795   0.62827282 -0.80785085
  0.52268903  2.09632833 -0.34387667  0.99071539  0.13856809  1.45474932
  2.80883575  2.31880122  0.88279183 -0.02345412 -0.2054617   2.89494409
 -1.38193454 -0.27333877 -1.65767571]
[ 1.         -1.20323405  3.8348721   2.50765596 -2.45817334 -0.98370407
  2.53581614  0.24408847  0.5606833   0.2581261  -0.30041003  0.48698809
 -1.3347677   1.24554113 -0.97141366  1.65499846 -0.80704335 -2.54847349
  0.06054234 -1.17799143 -0.5358151 ]
[ 1.          0.27112007 -0.16844681 -0.94927881 -0.60774147  1.58662175
 -0.93764569 -0.33327506 -1.0611232   0.69423318  0.44151252  0.0509285
  1.89066341  0.34678038 -0.01073185 -1.0129096   0.39574094 -0.91008262
  0.20246254 -0.79878457  1.1676121 ]
[ 1.         -0.21103063  1.28306867 -0.1021969  -0.37049952 -1.31414757
  0.77595879  0.08916832 -0.94191335 -0.61165687 -1.27952729  0.17455844
 -0.65555111  0.20504831 -1.3531704  -1.64934874  2.09365851  1.08675947
  1.81913093  1.33067316 -0.36975052]
[ 1.          0.0139588   0.55862582 -0.61939082  1.29306291 -0.80968019
 -1.02310984 -0.45368261 -1.28354146  1.53339139 -0.90429251 -2.17063751
  0.39136947 -0.35186451 -0.55381958  0.12703638  0.95328876 -0.69630225
  0.32852639 -0.70014178 -1.17373746]
[ 1.          0.34576377 -1.51286205  0.01575054  2.67645735  0.82013413
  4.06022105 -1.69558247  0.64524051  2.40936498 -2.23929652 -0.09714255
 -1.04272279  0.50046007  1.0411362  -1.03066599 -1.00253512  0.45746635
  0.50242129  0.64341234  2.57309938]
[ 1.          0.52820857 -0.90372639  1.1881138  -0.84007323 -0.98445497
 -0.40226944  2.06815959  1.51013062  0.21422202  0.48918414 -0.37955808
 -1.29848211  0.45109765  1.06461901 -0.38805163 -0.85793803 -0.8595742
  0.69163447 -1.45212346  1.12773125]
[ 1.          0.40461157 -0.51833315 -0.35611804 -0.24371404 -0.54335214
 -0.2571314  -0.37946797 -0.07712191 -1.59791121  0.11541554 -0.43262087
 -0.49418249 -0.18027061  0.12980934  0.64299923  0.2552341  -0.21908468
  0.80509551 -1.22087261  0.19447924]
[ 1.          0.45245106 -1.15886238  0.25545611  0.64105007 -0.3658371
 -1.94869981  1.44279614 -0.81076229 -0.19827152 -0.86551007  0.7664439
 -2.72454611 -0.4295313   0.64317707 -1.32679867 -1.18317118 -2.05820775
 -1.73213856 -0.52270425  0.82833814]
[ 1.          0.33292205 -0.53839324 -1.95614878 -1.94013816 -0.5836493
  0.93867462  0.7481387   1.18194462  0.32737535  1.68381796  0.82667494
 -0.11776499 -0.76398267 -1.5900404  -1.52419301  0.31646515 -0.05842343
 -0.53523579  1.01654949 -1.22573683]
[ 1.          0.02387699  0.1620466   1.19483316  1.85608006 -0.59749262
 -1.18684326  2.06625152  1.70107218  2.34476462 -0.21373001 -0.37461673
  2.45415832  1.17512819 -1.28206763  1.02486933 -1.04613461  4.08055575
 -1.00018009 -0.30592972 -3.62723206]
[ 1.          0.51933372 -0.81574374 -0.68478523 -0.89126138 -0.00800477
  0.2560966  -0.65124309 -0.17873545 -0.94954668 -0.66805502  0.44925326
 -0.46082196 -0.42521332  0.75456013  0.42287606  1.2669011   0.04389352
  0.02878424 -0.0159151  -1.6703999 ]
[ 1.          0.14260021 -0.16353512 -1.62051889 -1.55181821  0.4985898
 -0.51110687 -1.11492211 -0.12226916  2.26388887  1.08087576  0.56092208
  0.77856768 -0.19892263 -1.27435706 -0.1566745   0.52764322 -0.77656902
 -0.58507941 -1.20932206  1.12979726]
[ 1.         -1.33082381  2.96084789 -4.66027713 -0.46254989 -1.47556091
  1.76468968  2.71375193 -1.44454108 -0.54374733 -1.37311369  0.06497797
 -1.20013674  1.38794312  1.27981887 -2.86126968 -1.87431642  1.98764095
 -1.94900658 -0.89310613  0.08751107]
[ 1.          0.05598    -0.34854203  0.31935552  0.61467227 -0.37622167
  1.63491131 -0.65080347 -0.62515348  1.01220303  0.92633483 -0.29939556
  0.98214863 -0.27193218  1.82028    -0.27331219 -1.71912277  0.70312668
  0.74197427 -0.61486653 -0.66031986]
[ 1.          0.45583983 -0.98839008 -0.28313492 -0.40503292  0.42580445
  0.08962034  0.59912069 -0.44017473 -0.86590008 -1.12521136  0.31336239
 -0.13841006 -0.43310651 -0.35802588  2.1809634   0.17108053  0.7386736
 -0.82586518  0.1181279   0.24376274]
[ 1.         -0.25526848  0.53674951 -0.72883867  1.26241781 -0.44701798
  0.2765697   0.56461571 -1.78840645 -0.62040958  1.82023632 -1.40565281
  0.03106269  0.95970161  1.86463181  1.12879926  1.01634963 -2.01068209
  2.47315852 -2.69419516 -0.71944126]
[ 1.         -0.13021292  0.2705499  -1.28974283  0.22013573  0.75368747
 -1.14089467  0.12620934 -0.99533109 -0.13449116 -0.68346677  1.07565162
  0.01625697  0.39312677  0.99422576 -1.33326913  0.19174061 -2.03720793
  0.12097135 -0.29357055 -0.84838099]
[ 1.          0.11833287 -1.12718066  0.60503987 -0.24056678 -0.36346129
  1.26943749 -0.43754466 -0.95760591 -0.01911329 -2.44189553  1.15794576
  0.14089076 -0.74381079 -0.3546272   1.67644098 -0.50295622 -0.29895796
 -0.41778684 -0.62721747 -0.31935942]
[ 1.          0.36640259 -0.67978981  0.09854439  0.21342891 -0.26833634
 -0.5651316   1.51065658 -0.36498661  0.64026814 -1.66393716  1.04042342
 -1.14754772 -1.32579535 -0.10281176 -0.01047299  0.28168027 -0.51622138
  1.91549871  1.02833062 -0.07255748]
[ 1.          0.33807395  0.34864336 -1.10348238 -1.46162597  1.96213707
 -1.1770909  -0.30703642  0.24177728  0.85865912  0.22035184  0.43663819
  1.24512253  1.32784555 -0.17464621  1.44978073 -0.19557698  0.67592604
  0.28373653  0.82432242  2.18821864]
[ 1.          0.15450597  1.15841109 -0.32146066 -0.54592008  0.11336511
 -1.33828791 -2.38369632  0.99146319  2.21196316  0.4085367   1.11972606
 -0.83470626 -1.44505837  1.09374488  0.78457158  2.12677874  1.77677081
 -0.6002068  -1.44879366  1.87195606]
[ 1.         -0.65590019  2.33816461 -4.00856853 -1.67700908 -1.77382786
  1.75125775  2.11836469 -0.84397325 -0.4563859  -0.67279576  1.87706087
 -1.23522124  0.42640604 -1.03196436 -6.01512035  0.25340951  3.56614626
  0.24462636  1.43181022 -2.68956237]
[ 1.          0.03373789  0.85620036  0.7271845   0.86257739 -1.6040097
 -1.34612895 -0.58018284  1.67284104  0.21558753 -1.24950386  0.16142104
  0.67118482  0.17886082  0.05226138 -0.7593525   1.44586119 -0.18776242
  0.06043882  1.02763645  0.14240146]
[ 1.          0.50177091 -1.3944866   1.44485608 -0.01835032 -0.55220788
 -0.05714479  1.18516928  0.06862424  0.33237882 -0.92828993  1.73868504
  2.33377507  2.5394047  -0.47498415 -0.45890821 -0.03530162  0.60964439
 -0.22938878 -1.94055008  0.1121089 ]
[ 1.          0.60055811 -1.42030556  0.44848633 -0.32819294  0.32542882
  0.84326168 -0.62324165 -0.10629261  0.05727573 -0.57182377 -0.54290961
 -0.36014148  0.71848947 -0.41735721 -0.42520143 -0.03393374  0.44143235
 -0.21569252 -0.39825779 -0.03440109]
[ 1.         -0.05220943  0.96547002  0.20795326  0.85862184  0.39217514
 -0.75653608 -0.94800534  1.25957591  1.22455467 -0.37758842 -0.80972017
  0.41414045 -0.3000562  -0.84282994  0.23778379 -0.73019261  0.37541313
 -0.20158974 -0.04567093 -1.42326736]
[ 1.          0.20797622 -0.25206742  1.73599163 -0.6396529  -0.62389942
  0.77540768  1.05970971 -0.59401712  0.40215118  1.04268416 -0.47523035
  0.52530413  2.18710459  1.01857106 -0.12768059  0.39463617 -0.78602759
  0.45356292  0.14023711 -0.39455943]
[ 1.         -0.25431057  0.39884487  0.21404781  1.47726735 -0.16802169
  0.33188474 -0.12892441 -0.91611607 -1.68655342  1.17110285  1.37755351
 -0.23043317  0.06625001 -1.36628135 -0.11191316  0.33592289 -0.35114792
 -0.20328616  0.16591729  0.68665691]
[ 1.          0.39302444 -0.03051174 -0.74401184  1.41017452 -1.76973775
 -2.85615438 -1.60246011 -2.528662    2.23848132 -1.83876155 -3.47483091
 -1.31476592  1.38225226  1.1385334  -0.05581627  1.36520589 -2.41896846
 -0.20817202  2.09259757 -5.76467994]
[ 1.         -0.07450053  1.90238072  1.21706952  0.50692425 -0.50665613
 -0.7782546  -1.03781267  3.81907091 -1.42870757 -1.23989413 -0.91350402
  0.79545275 -0.80614401  1.02316422 -1.10672897  0.25096666 -1.48604249
 -0.9657786   0.11826453  0.51759958]
[ 1.         -0.74333845  0.91771985  1.63726737 -0.01395924 -2.45930768
  0.90319544  0.74649698 -0.11252262  0.08370256  0.33706192  0.84597125
  2.18282583 -0.24698754 -0.93786469 -0.54057492  1.23998042  0.86805211
 -0.72048478  2.81010604  0.12433734]
[ 1.          0.29955562 -0.171835    0.27967629 -0.71106158 -1.35857482
 -0.75261511 -0.52854629 -0.15828235  0.61416977  0.13151126  1.12084086
 -0.75981778  1.07800801  0.7499049  -0.11287648 -0.3314494   0.18596154
  2.45282193  0.83510516  0.69309438]
[  1.00000000e+00   3.42565662e-01  -7.98119358e-01  -2.54626316e-01
   4.00309209e-01   4.64945658e-01   1.28405052e+00   1.55880796e+00
   7.22255736e-01   8.31861458e-01   3.88860060e-02  -7.70547984e-01
  -7.00995829e-01  -4.22221409e-01   1.88519710e-01   7.28198936e-01
   9.96924714e-01  -1.21590733e-03   1.34021467e+00   1.01806629e+00
   6.45009644e-01]
[ 1.          0.47798046 -0.54343114 -0.19368764 -0.68691553 -0.18966892
 -1.48916218 -1.39051466  0.35236807  0.03342002  0.33326489 -0.47572327
 -1.55497995  1.42986802 -0.08620021  0.74298374 -1.15854895  0.47959496
 -0.44495846  1.30764976 -0.74666584]
[ 1.          0.23712412  0.24013684 -0.13871408  0.21208085  1.37855501
  0.7516286   2.11718952  0.76393716  0.74125783 -0.1487983   1.90845879
 -1.23379205 -2.91571015  3.38465545  2.31732943  2.917347    1.35018609
 -0.85930701  1.10986686 -0.28285391]
[ 1.          0.24404922 -0.34620942 -0.21257608 -0.51117346 -0.8075974
  0.19708167 -0.97780328 -0.87763919 -1.60053222 -0.97145682 -0.70466345
  0.4080831  -0.33994516 -0.0340796   1.02910059 -0.44618268  0.7536901
 -0.26316863 -0.52354235  0.45323793]
[ 1.          0.12131847  0.09201245  0.60663151  0.49107594  0.95162668
 -0.35758435  1.00400137  0.39560066 -0.23721057  0.36412276  0.08813278
 -0.46339328 -0.55670521 -0.47636839  0.05711157  0.22110623  1.08090877
 -0.14990752  0.16449552  0.11447499]
[ 1.         -0.19171004  0.09974528 -0.27992701  1.21744698 -0.07510187
 -0.88679479  0.20437628 -1.41883896  0.92298211 -1.44337265 -0.32970362
 -0.32782456 -1.40555074 -1.82436179 -0.24205529 -0.64089298 -2.93510917
 -0.73883023 -0.3605067  -0.50190403]
[ 1.          0.47783397 -0.9477951  -0.23459769 -0.76628063  0.04307527
  0.37725931  0.66965131  0.49525512 -0.30389857  0.58129667 -0.57375481
  0.42906441 -0.54647973 -0.15100614 -0.23637947 -0.56944723 -0.67998188
  0.90838159 -0.06717309 -0.26124512]
[ 1.         -0.26765945  2.16064406  2.1494153  -0.2458346   2.03645733
 -0.15255216  0.12561213 -1.08761139  1.39233517  0.81639874 -2.84912361
  1.23412171  0.59108847 -0.64337353 -0.52338699  0.67002257 -1.19685824
 -0.58111812  2.55349107 -0.97431026]
[ 1.         -2.55066533 -0.22634942 -0.84872737  0.39084318 -1.98369146
  0.16929162  0.7709204  -0.71884062  1.18558691  1.05537585 -0.00261645
  0.94873319 -0.80523884 -1.37512563 -0.12657063  0.24772506 -0.35352344
 -1.90915963  0.17111634  1.44133721]
[ 1.          0.40883637 -0.55077342  0.0636169  -0.58937868  1.14556438
  0.28217181 -0.84716566 -1.63624657 -1.28098223 -0.43423059 -1.95585282
  1.55059763 -0.74537525 -0.20333631 -1.39634561  0.50619852  1.51174798
 -0.56505758 -1.20531966  0.36538693]
[ 1.          0.36005929 -0.42451761  0.18677764  0.54773327 -1.35632966
 -2.34940866  0.34602961 -0.5330367   0.68813928 -0.87554182  2.22743981
  0.59289905 -0.15996943  0.20544406 -1.22175546 -1.51425747  0.43170905
  4.8421614   3.56569016 -0.01294833]
[ 1.          0.52105756 -1.1230251  -2.38162373 -1.4043582   0.54620542
  0.70094509 -0.09282099  1.21375313  0.7719016   1.70971509  1.26976565
  1.27646448  1.05314058 -1.23985047 -0.65008712  0.95766828 -2.46373911
 -1.24465779 -0.04821853 -0.79046526]
[ 1.         -0.13697722  1.96098852  1.81125002 -1.48092929  3.01677178
 -0.06499543  0.88897275 -1.75256982  0.1441493   0.17187689 -1.28300969
  0.53982882  1.09403537 -0.26740782 -0.58085743 -0.10887759  0.12267644
 -0.9250499   1.30449279  1.32666425]
[ 1.         -0.22065726  1.0070855  -2.01551173  0.17676387 -0.50313328
  1.33116804  1.14492447  0.13551479 -0.63491696  0.04646636 -1.51929946
  0.82801491  0.66070794  2.75744797  0.20919825 -1.42257234 -0.49695719
  0.56570785 -2.62517791 -0.6776445 ]
[ 1.         -0.06965618  0.26521951 -0.63845371  2.07066873  0.65543408
 -0.4229507  -0.16872686  0.99461969 -2.10052396  0.85486976  1.17031214
  0.78628119  0.49641327 -0.44016175  0.11041747 -0.45296107 -1.44531232
  0.21113672  0.39741381  0.31144981]
[ 1.          0.46980624 -0.5631046   0.32124923 -0.42790196  0.06910207
  0.61761947 -0.81055825 -0.27428434 -0.91970475 -0.62621873 -1.28528917
 -0.00581421  0.53943699 -0.10647201 -0.82664756  1.7528647   0.57675941
  0.06693854 -0.4929151  -0.26485172]
[ 1.          0.26794062 -0.13409553  0.23964341  0.19464589  0.60098145
  0.1600479   0.15779825 -0.02461818  0.89932554  1.04360515 -1.32594024
  0.01211469 -0.92528352 -0.40757498 -1.00235519 -1.38809722 -0.31397192
  0.25441293 -0.2100514  -0.49944957]
[ 1.         -2.95392084  0.3019692   0.77292095  0.06774634  1.54697415
  0.27357848 -0.49380375  0.07424872 -1.14283091 -0.27861792  0.83837813
 -0.7596649   0.70608707  0.46001927  0.77730401 -1.42931709  0.01841139
  1.25190367 -0.54218731 -1.71666819]
[ 1.          0.14860767  1.26642821 -0.62024676 -1.9608083   0.59509085
 -1.61045237 -1.9641484   0.49005712  2.0523643  -0.22081059  1.24780241
 -0.65627354  1.35770659 -0.61246378  1.37717879 -0.73293192  1.30992089
  1.748197    0.3291851   2.66382571]
[ 1.         -0.59958321  0.55004152  0.09037489  1.01014316 -0.10313901
  0.6389151   0.02230379 -1.39779637 -0.14918677  1.96421555 -0.23586146
 -0.36657772  0.09775756  0.82576413  1.10869189  0.88150017 -0.58273869
  1.88311927 -0.47379317  0.53366072]
[ 1.          0.1989703   0.81790334  1.04457131 -0.616736    2.77642652
 -0.6825314   0.3702884  -2.21062326  0.50798083 -0.24781556 -1.38342298
  1.12983494 -0.45784785  0.23488264 -1.29244728  0.33501854 -0.39362335
 -1.04139436  1.0509763   0.66994964]
[ 1.          0.42531004 -0.14074162  0.23515353 -0.70070389 -0.8632246
 -1.20941707 -1.37117254  0.9580391  -0.38518982  0.88141604 -0.86265808
 -1.89211425  0.32001227  1.02874556 -0.12013205 -0.42660668  0.3530483
 -2.23834722  0.66700852  0.58853035]
[ 1.         -0.3473198   0.86155859 -0.5141725   0.01212164  0.85138429
 -1.04017354 -0.33797666 -0.03270794  0.34653964  0.1786939   2.26008304
  0.62123733 -0.44035547  0.85716702 -1.73280231 -0.74491024  1.47921494
  1.19737255 -0.14559796 -1.749418  ]
[ 1.         -0.06397919  0.30828009 -0.13365281 -0.85282334 -0.48663894
  0.01456662 -0.46768851 -0.40397906  1.20223883 -1.64515242  0.45437742
 -0.52212528 -0.4099869  -2.18375346  2.56496442 -1.48321972 -1.01378047
 -0.92931188 -1.33657871 -0.80890244]
[ 1.          0.32141968 -0.50049946  0.24757812 -1.59424567 -1.32859649
  0.30374638 -0.71885886  0.75075937  0.84613013  2.2248776  -0.23120404
 -1.55125375  0.0379603   0.63111987 -0.76827576 -0.51146944 -0.2096675
 -1.70543176  0.29844793  0.44832754]
[ 1.         -0.26627032 -0.26147996  1.55082244 -1.2488705  -2.92853271
  2.62791268 -1.52560798 -0.89643079 -0.9091696  -1.66654205  2.41854678
  3.14258176 -4.04482933 -0.52468828  2.50880178 -2.55739973 -1.97143726
 -1.7913834   2.36756671  0.55514269]
[ 1.          0.67512832 -0.56309515  2.21320359 -0.76714417  3.34774862
 -0.83655187  3.76337019 -3.60524682  1.56213889 -2.23050736 -1.54784483
  0.28674019 -1.35936666  3.0775156   0.31223493  0.75254505 -0.21913726
 -3.48127849  4.3216441   1.56677856]
[ 1.         -0.19265186  0.04781475 -0.67301353 -0.35583467  0.58136443
 -0.14937159 -0.82614294  0.59258994 -0.01581567  0.56638689 -0.15780547
  1.5244687  -0.64460434  1.58832023  0.88250683 -2.76482206  0.68107737
  0.99743184  0.80226189 -0.7643062 ]
[ 1.          0.46511452 -1.1369861  -0.08361433  0.18415539  0.48051734
  1.85823987 -1.50816395  0.26787104  0.97260312  0.52615265 -0.44951126
 -0.12520549  1.32989567 -0.3066831  -0.79728106  0.78742038 -0.54164325
 -0.70356052  0.10818594 -1.10091793]
[ 1.          0.22721053  0.4116808  -0.08694286  0.67586713 -0.28193108
  0.02310557 -0.67228708  1.08043514  0.28138694 -1.72001142  0.51236968
 -0.02258184 -0.68200205  1.15181248 -1.15992285  2.19793123  0.5044635
  0.14769179 -0.34300645  0.82769275]
[ 1.          0.43562628 -0.68435715  0.36094165 -0.86441905  0.21085351
  0.51163655 -1.89592986  0.02322971 -0.02718286  2.1689359   0.49221928
 -2.08995665 -0.45860639  1.57472131 -0.59637243  0.64941578  0.84992522
 -2.80608719 -0.15042913 -2.22973675]
[ 1.         -0.28217654 -0.00391438 -0.42320558  1.72127254  0.37340795
 -0.03419603  0.35594861 -0.26328134 -1.12164314  1.8163158   0.0123873
 -0.42863276 -0.25873757 -0.91864781  1.09407218  0.39747355  0.42385227
 -0.08489966 -0.44473739  0.25800349]
[ 1.         -0.60881345  1.42835167  1.74682102 -0.53726333 -0.44807334
  1.20326877  0.69606588 -0.3149282  -0.08983265  1.50772473 -0.8719225
 -0.22710042  1.33970378 -0.06474167  0.55592592  0.98099796 -1.03793751
  0.7123347   1.13914216 -0.06655509]
[ 1.          0.01837002  0.50435408 -0.72811866 -0.12353466  1.03122357
 -0.404438   -0.86916823 -0.96950002  2.75287997  1.91140555  0.82573838
  0.2535517  -2.8992162   1.00084812 -0.7469358  -0.77841854  0.62335287
  0.92626518 -2.24043332 -0.88327438]
[ 1.          0.56104766 -1.33398175  0.68488488  0.20885655  1.00433017
 -0.55828349  1.27348022  0.07494453 -1.42653831  0.58874503  0.32129089
 -2.80856828 -1.03067334 -1.31998373 -1.0655269  -0.5392685   0.84081402
 -0.33254026 -1.36538274  0.08695725]
[ 1.          0.18080558 -1.61728845 -0.19119415  4.45385718  2.14152571
  5.51573338 -3.13693382  1.27573586  2.37675058 -1.53910404  0.46183738
 -1.8382342   2.06407145  0.0058176  -1.89677992 -1.59694831 -0.70809549
 -0.09698305  1.99272893  2.67532128]
[ 1.          0.59199832 -1.09284868 -0.04743055 -0.63426091  0.62627224
 -0.08818772  1.84612594  1.4251038  -0.10049615  1.10561563 -0.19546205
 -1.97962678 -1.31591876 -2.22969712 -0.72530882 -0.13116845  0.35001532
  1.66943057  0.24421307  0.15042558]
[ 1.         -0.02392605  1.01738088  0.45001282  0.13534189  0.2108616
 -0.3773215  -0.60497244  0.72623923 -0.59267886 -0.67550901  0.44879549
  0.10035849 -1.17045936 -0.76006596 -0.94556226  0.496867   -0.30018775
  0.86087917  0.33439648 -0.07200124]
[ 1.         -0.13484405  2.15491311  1.15474264 -0.8706327   1.28401606
 -0.03672509  0.25807265  1.86869448 -0.57697906 -0.59819322 -1.33191663
 -0.25579617 -0.27915417 -0.32200027 -0.73008508 -0.01175514 -0.908976
 -0.54553005  0.29203792  0.30718454]
[ 1.          0.33154799 -0.88094456  0.02705688 -0.70181138 -0.91574682
  0.3226458  -0.44345944  0.00641324 -1.06473197  0.52780163 -1.11494495
  1.01417099 -1.12074668  0.76870303 -0.641167   -1.64978403  0.44071813
 -0.00659818 -0.04114567  0.64464489]
[ 1.          0.02145663  0.41416228 -0.45181347  0.93564439 -0.98750023
 -0.88854263 -0.50913149 -0.39170659 -0.27954423  0.33846233 -1.21447915
 -0.137639    0.25619333 -0.34105359  1.1203051   1.38873729  0.94600594
 -0.05832664 -0.34320351  1.45593869]
[ 1.          0.14790857 -0.65902284  0.21389003  0.62937527 -0.42121154
 -1.16625133  0.04828468 -0.59667805 -0.92193212  0.07098923  1.82129633
  0.07860167  1.12738326 -0.69521245 -0.69158436  0.27901877 -0.94683682
 -0.96432245 -1.17978293  0.77799186]
[ 1.          0.65493278 -1.03446046 -1.28175144 -0.85867149  1.21363794
  0.24715574 -0.88455855  0.63935106 -0.15839163 -0.42058674 -0.84177448
  0.99836241  1.01720718 -0.61990479  1.13208301  0.48244492 -0.54866535
 -0.22159443  0.5026879  -1.87619484]
[ 1.          0.35736348 -0.57442545  0.75400894  0.23628174 -0.39859771
 -0.55499787  0.07873448  0.40039502 -0.15055108 -0.4617543   1.26719837
  0.99186671  2.01173804  0.23264852 -0.49813846  0.5477866   0.37444853
 -0.49130236 -1.58056637  1.0043692 ]
[  1.         -16.52341965  -6.84493516  -0.20450069  -2.28675883
   0.624617    -2.02580724  -0.42139404   1.46740889   0.72949779
  -1.08988914  -1.80514765   0.26654473  -0.36885612   0.77834688
  -1.26017461   2.18303097   0.30097237  -0.28207815   0.69379025
   1.44807611]
[ 1.         -0.54805412  0.41417505 -0.22852373  2.97631303  1.59686307
  0.99857031 -0.67162779  0.60705728 -1.00289796  0.43101899  1.09914085
 -0.67991987  0.3537199  -0.9971847   0.08401757 -1.12118292 -0.73518555
 -0.03379826  0.91734228  0.15317508]
[ 1.         -0.43949955  1.99376378  1.6254147  -0.29777531  0.07386276
  0.19029142  0.30421869  2.93058685 -0.56486798 -0.79521061 -0.79555489
 -0.00700636  0.01053112  0.89067959 -0.35486439  0.32744835 -1.29300019
 -0.08418868 -1.83929379 -0.47840393]
[ 1.          0.29156459 -0.15103738  0.37746938  0.20055929  0.12175989
 -1.45532591 -0.49429282 -0.83324497 -0.8457941  -0.16341126  1.59666433
  2.30011039 -0.35664696  0.65496347 -1.82185858 -1.23582988 -0.6623329
  1.37098721  1.31468375  0.38241337]
[ 1.         -0.2237183   1.49626013  0.94776129 -0.10148317  0.53654768
  0.24320109 -0.8093999   1.11089491  1.13493644  0.37102363  2.88223274
 -0.51712968 -3.0605528   2.56180562  0.26374327  2.8049419   1.48023222
 -0.95949707 -1.71332632 -0.71457072]
[ 1.         -0.00816248  0.85054543 -3.04762073 -0.01840741  0.82930355
  0.9672158   1.41985715  1.57514942 -1.33103379 -0.53101606  0.74524723
  0.21355956  0.25445998  1.47148277  1.52174954  1.12471157 -0.48679402
 -1.36482179  1.63966222  0.07433949]
[ 1.         -0.00846336  0.48119794  0.28568418 -0.08974069  0.6066678
 -0.00226455 -0.65346787 -1.01969014  0.65016455  0.86252755  1.05918762
 -0.30149019 -1.82694293  1.33115038  0.50586703  0.30586046  0.19522192
  0.65230382 -0.71858956 -0.76524844]
[ 1.          0.69187847 -1.24958219 -0.37292804 -1.53390998  0.92499564
  0.4914146   1.2288379   1.22772382  0.03174961  0.44776568 -0.3377292
  0.00377419 -0.49106626 -2.23363261 -0.27537491  0.36858989  0.26420739
  1.21272647 -0.16493047  0.3489117 ]
[ 1.          0.61907512 -1.43191988  1.14906852 -0.31212742 -0.78299689
 -1.26280266  2.44677308  0.81016799 -0.80993309  0.42950968 -0.52705303
 -2.35061274 -1.14843087  1.53184174 -1.7129669  -2.78531854 -1.07837172
 -0.80501523 -1.71678864  2.59298856]
[ 1.          0.6333323  -1.15173503 -0.22986406 -1.10467686  0.2167823
  1.16076199 -1.03627051 -0.34586222 -1.39011843 -1.35126366 -1.04482548
  0.3207736  -0.17851693 -1.3158541  -0.38299982  1.61513329  0.56566101
  0.85327267 -0.66141584 -1.31125428]
