Cluster centers 

[-1.01979247 -1.98985815  0.11795028 -0.9575288 ]
[ 1.05793388 -0.61857933  0.34431915  0.26466804]
[-1.00810256  1.31054139 -0.14076313  0.01036149]
[-1.01233323  0.67208218  3.36281498 -2.80329519]
[-0.9665116  -0.45768631 -0.78038585  0.88948349]
[ 1.13497376  0.00477694 -0.4016757   0.05112741]
[-0.72467622  0.08279144  0.98218739  1.17993736]
[ 0.55896418 -1.08233405  1.3370177   1.37300552]
[ 0.9049224  -0.34989259 -0.96185539 -2.42879412]
[ 1.14133226  1.1924599   0.66508872  0.52424265]
[-1.09042654  1.38357002  1.45840241 -1.85203692]
[ 0.77835742  0.74338383  2.90111253 -0.41676152]
[ 1.15505831  0.78811716 -0.83044591  0.35469633]
[-0.68031372 -2.51050617  1.14496521 -0.50118155]
[ 1.05690708 -0.93002341  0.26438328 -0.81050358]
[-1.02590941 -1.12816991 -0.70524595 -0.0440424 ]
[ 1.10947779 -0.16979759 -0.52190424 -0.51049921]
[-1.01963753  1.23573853  0.42161177 -0.28767522]
[-0.97721794  0.42802371 -1.56994841  0.74349582]
[ 1.07381602  0.17082901 -1.00956253 -0.65945247]
[-0.91938946  0.49000249  0.10142692  0.97870365]
[-0.57236076  0.22394485  2.6100954  -0.03064806]
[ 0.13401239 -1.64852996  1.42195805  1.27867389]
[ 0.89922441 -0.28360191  1.01536968  1.32639713]
[-1.07980855  1.89789993  1.0151845  -2.62496664]
[ 1.14496796  0.47219261  0.09249139  0.86082964]
[ 0.88595774  1.16787017 -2.10588867 -0.48648275]
[ 1.04721603  0.07885503 -1.04851574 -0.96499892]
[-0.88101323 -0.70274495 -0.2617075   1.13971592]
[ 0.79539206 -1.29901742  1.10097514  0.60108087]
[ 0.70131099 -0.10793     1.64041021  1.41574816]
[ 1.07156176 -0.69460424 -0.12052348 -1.14791495]
[-1.02777417 -0.60710188 -1.21244501  0.15431929]
[-1.0965744  -1.20792417 -1.02737927 -1.23205733]
[-1.10971357  1.27478647  1.98698601 -2.38851866]
[-0.90207506 -1.8938386   0.27312334 -0.17408435]
[-0.97542991  0.89910731  0.17238222  0.44746947]
[-1.13770016 -1.91061089 -0.22477598 -1.95836558]
[-0.96649388  1.11041233 -1.27725237  0.64858605]
[-1.0126031   1.75639024 -0.06855209 -0.84858961]
[-0.8744496  -0.0775128  -0.14902604  1.334257  ]
[-0.97729242  0.86662982  1.88968784 -0.99351133]
[ 0.97653448  1.01751151  2.12879722 -0.09669445]
[ 1.1092737  -0.23860916 -0.41858592 -0.46621358]
[-0.84155473  0.54487846  2.8668671  -1.35584729]
[ 1.08773308  0.53898822 -1.19083003 -0.25689738]
[ 1.14797984  1.33802551 -0.92067599  0.40361841]
[ 1.11461027  1.43158824  1.24078582 -0.07598693]
[ 1.00742998  0.47629019  1.14076069  1.06270306]
[ 1.08738229 -0.60153478  0.08684332 -0.24980982]
[-1.04061427  1.28163188  0.85688066 -0.8066012 ]
[ 1.04938042 -0.48925071 -0.48675711 -1.46858765]
[ 0.44614398  3.3231619  -0.63531717 -2.52391724]
[ 1.13941768  0.09683946 -0.1153026   0.52647235]
[ 0.4732278  -1.83665632  1.48699764  0.60750893]
[ 0.97630669 -0.88440003  0.68041103  0.42685701]
[-0.00528604 -0.311202    2.02965531  1.40453288]
[ 0.91359864  0.39106958 -1.63587579 -1.28021379]
[-0.92008125 -1.47702659 -0.07387806  0.28766106]
[-0.55057403 -0.762222    0.79129385  1.62523152]
[-0.98155972  0.9654034  -0.48075996  0.64960919]
[-1.0317755  -2.70402032  0.94131675 -2.34566516]
[-0.85619999  0.59612583  1.88680903 -0.2776364 ]
[ 1.0008729  -1.37998127  0.54246433 -2.27667858]
[-0.9748236   1.59744841 -0.77601216 -0.02263871]
[ 1.06618888 -0.21169282  0.38922954  0.82393896]
[ 0.89614469 -1.16023044  0.0750368  -3.6418687 ]
[-0.96539672  0.88332082  1.09587339 -0.17554842]
[-0.91875646  0.680718   -2.10051514  0.34239119]
[ 0.91530118  0.61922037  1.78837829  0.70442502]
[ 1.16319851  0.47986444 -0.42091756  0.51252633]
[-1.06913142  1.48627987  0.9007246  -1.34911397]
[ 1.14603926  0.38596495 -0.68995547  0.16695332]
[-0.95752676  0.37507121 -0.64588515  1.09390234]
[ 1.11105616 -0.26204901  0.02226063  0.29960683]
[ 1.01661207  1.86417678 -1.60264892  0.14107447]
[-1.2112651   1.28291938  2.85175043 -4.3308715 ]
[-0.96811085 -0.9350818  -0.57631265  0.56250922]
[-0.97721639  0.64570958 -1.1013019   0.91388272]
[-1.02748278 -0.56201144 -1.55835704 -0.47813701]
[-1.04760948 -1.50887093 -0.43400989 -0.5699941 ]
[-1.07629289 -1.28809951 -0.78283516 -0.73170523]
[-1.0470639   1.88927471  0.48206859 -1.79413948]
[-0.55934241 -1.69376067  0.78352081  0.98977372]
[ 0.88782618 -0.79630972  0.8981586   0.97733186]
[-0.98676847 -0.02108551 -1.18251308  0.84977106]
[ 0.96738781 -0.14801018 -1.06022233 -1.77031831]
[-0.79418963 -1.20545506  0.1436318   1.02226023]
[-1.04261772  1.15361957  1.36846259 -1.10350227]
[-0.79127351  0.45804421  1.67697926  0.23218887]
[ 0.90661555 -1.60642864  1.04906953 -0.73614385]
[ 1.10289441  0.56287271  0.58946378  1.00479299]
[-0.91440592  0.66684782  0.86310706  0.40832272]
[ 1.05390614 -0.20245634 -0.76496724 -1.17106562]
[ 1.07038324  1.5462617   1.85157547 -0.81414138]
[ 1.17590964  1.32585165 -0.06873023  0.53672673]
[-0.77826896 -1.85243847  0.49485797  0.34248424]
[-0.88378381  1.63906514 -1.65223357  0.25816193]
[ 1.10864323  0.96406193 -1.25958533  0.11894175]
[ 1.01378723 -0.73545005 -0.30960148 -2.08065025]

Populations

0.0142163350572
0.011839358295
0.0139134205339
0.00274879286192
0.0197127603996
0.0228524863243
0.0138775901272
0.010246542802
0.00858325426278
0.0113622961025
0.00745578036409
0.00281841758456
0.0142533422767
0.00497615641851
0.00740475160416
0.0144176266169
0.0126593388901
0.0129914593411
0.010860787322
0.0102153523436
0.0092530921581
0.00216233481163
0.00507448553656
0.0142247104755
0.00497724732143
0.0153875552414
0.00506152950197
0.0114841339894
0.0140303029305
0.00737675130596
0.00681122079977
0.0135984964813
0.0194985902328
0.00385339863549
0.00525775264916
0.0136987371024
0.0180880444428
0.00491845468696
0.00898485756752
0.0103905666786
0.0136504400185
0.00981490850585
0.00513060142541
0.0164553939662
0.0043453384243
0.0166037137722
0.00461151937819
0.00571370844355
0.00977278883524
0.0162992282324
0.0106599486356
0.00679753614829
0.00114825879921
0.0120820277615
0.00671964975311
0.0124685553679
0.0050924069032
0.00575477527683
0.00913030723688
0.00497988447824
0.0108420400908
0.00637828029398
0.00569143550949
0.0028236119493
0.0120347145941
0.0226713562872
0.00455217603994
0.00925108476166
0.00611490176252
0.0107481706312
0.0181878701142
0.00759632221261
0.0165962546806
0.0170606690505
0.0187614294692
0.00507247681878
0.000542301376168
0.017374888278
0.0125149348591
0.00879139050082
0.0128554970315
0.0126106691055
0.00545557089346
0.00493409454027
0.0113749586692
0.018973478477
0.0148315275514
0.0110200776985
0.0104577734427
0.00491649591547
0.0056922376903
0.0114067843633
0.0122983050137
0.0175638037164
0.00224536166407
0.00968504592861
0.0033205348609
0.0048848578359
0.0051009404565
0.0079965724252

State labels

0
1
2
3
4
5
6
7
8
9
10
11
12
13
14
15
16
17
18
19
20
21
22
23
24
25
26
27
28
29
30
31
32
33
34
35
36
37
38
39
40
41
42
43
44
45
46
47
48
49
50
51
52
53
54
55
56
57
58
59
60
61
62
63
64
65
66
67
68
69
70
71
72
73
74
75
76
77
78
79
80
81
82
83
84
85
86
87
88
89
90
91
92
93
94
95
96
97
98
99

Eigen values

1.0
0.658440688238
0.314725663656
0.306853408886
0.284530886908
0.280853381399
0.273823825412
0.260241474675
0.252942536024
0.245176453355
0.239284541124
0.230354944378
0.222563267946
0.217608128879
0.211540846217
0.205982227547
0.201090074783
0.192609712375
0.187148398867
0.178546280576
0.170169640624

Left eigenvectors

[ 0.01421634 -0.01446613  0.003301    0.00139867  0.01222702  0.00904608
 -0.00929859 -0.00312811  0.00725611 -0.00898223  0.01357593 -0.00118532
 -0.00377043  0.00831984  0.00685078  0.00103017  0.0075965   0.0196611
  0.00143981  0.0082214  -0.02008499]
[  1.18393583e-02   6.49723642e-03   5.58579351e-03  -1.45761245e-02
   5.22688730e-03   6.76518467e-03  -1.26202333e-02   2.20290577e-02
  -1.73523946e-02  -5.90118509e-03   2.52938928e-03   1.38174577e-02
   1.78906817e-03   1.21854509e-02  -1.84437526e-02  -7.28415476e-03
   3.91536426e-05  -1.08012267e-02   3.20659178e-03   2.76660080e-03
   5.16744580e-03]
[ 0.01391342 -0.0122908   0.00136142  0.00191548 -0.00136791 -0.01497115
 -0.02482891  0.01122761 -0.00773958 -0.00698969  0.02423552  0.00517284
 -0.01046969 -0.01448501 -0.00510867 -0.01870064  0.00888022  0.00388565
  0.00160175 -0.01050652 -0.00589621]
[ 0.00274879 -0.00265427  0.00235464  0.00441743 -0.00307327  0.00342381
 -0.0040467  -0.00714244 -0.00081243  0.01233406  0.00615662 -0.0086557
 -0.00266062  0.00277413 -0.00016635  0.00673872  0.01011616 -0.0038874
 -0.00345413  0.00156289  0.00073593]
[ 0.01971276 -0.02078624 -0.01377679  0.01140162 -0.00573305  0.02079257
  0.00333457 -0.00909753 -0.01457721  0.005451   -0.0118481   0.01081959
 -0.01885947 -0.01238445  0.00528062  0.0027831  -0.00407338  0.03699081
  0.01961048 -0.01195687  0.03375886]
[ 0.02285249  0.02686132 -0.01877809  0.0139644  -0.00678412 -0.00140254
 -0.02007594  0.02341381 -0.00432227 -0.01582048  0.00480804  0.00505044
 -0.00887432 -0.00790881 -0.01097136  0.01198479  0.01199551  0.01986521
  0.0178674   0.00159874  0.00073443]
[ 0.01387759 -0.01281737  0.01128875  0.01191087 -0.00222262 -0.00642443
  0.01153073 -0.00290287 -0.00428639 -0.02899053  0.00879674  0.01237462
 -0.00238555  0.00311028  0.01059499  0.00835008  0.01689418 -0.02261886
 -0.00217312  0.01539775 -0.00171616]
[ 0.01024654  0.0074595   0.00679045  0.00023474  0.01978689  0.00873989
 -0.00990103  0.00239772 -0.0012468   0.00512241 -0.01051923  0.00941335
 -0.01164729  0.00670094 -0.0126245  -0.00502375 -0.00346353 -0.00171236
 -0.01753294 -0.00309398 -0.00566672]
[ 0.00858325  0.0085744   0.01003143 -0.01813534 -0.0049524   0.0035429
 -0.00644705  0.00878185 -0.0129688  -0.00208869 -0.00778068 -0.00287239
 -0.00860437 -0.00440338  0.00047775  0.00885965 -0.00385553 -0.01176458
  0.003045    0.01751076 -0.0035152 ]
[ 0.0113623   0.00936381 -0.02435817  0.00095796  0.00956012  0.02127653
 -0.00620699  0.00141878 -0.00296241  0.00898178  0.00862057  0.01223939
 -0.00375177  0.0195902   0.00614869 -0.00019028  0.00249341 -0.00420406
 -0.00531347 -0.00499484  0.03069539]
[ 0.00745578 -0.01079258  0.00480987  0.01016553 -0.00557037 -0.00350858
  0.00067265  0.01549508 -0.00689177 -0.00035756  0.0149481   0.00337172
  0.00545578  0.00178375 -0.00840166 -0.00107485 -0.00407375 -0.01637773
 -0.00597093  0.00372786 -0.01289064]
[ 0.00281842  0.00274059 -0.0045874   0.00242333 -0.00807989  0.00470271
 -0.00549405  0.00430633  0.00565001 -0.00364578  0.00688461  0.0037255
  0.00323034 -0.00324809  0.00193897 -0.00304888  0.00058316  0.00293425
 -0.00241905 -0.0023857   0.00083172]
[ 0.01425334  0.0136008   0.02795936 -0.03760224 -0.03007739  0.00588233
  0.00770061 -0.00254856  0.0004836   0.00711422 -0.00144532 -0.00246564
 -0.00251358 -0.01049924 -0.00693803  0.00646455 -0.01708452 -0.00184315
  0.00255347  0.0193982   0.01535583]
[ 0.00497616 -0.00190251 -0.01022321 -0.00707093  0.00372638 -0.0070376
 -0.00939803 -0.00861265 -0.01459559 -0.00464346  0.00738219 -0.00624422
 -0.00826919  0.00181854 -0.00163918 -0.00797501 -0.0027135   0.00855624
 -0.00866322  0.00027725 -0.00618393]
[ 0.00740475  0.01045316  0.01175087  0.00765267  0.00849273 -0.00059339
  0.01017003  0.00049424 -0.00176409  0.01028997 -0.0033581  -0.00879543
 -0.01403923 -0.02071985  0.00047833 -0.01267601  0.00417659 -0.00518121
 -0.00463441  0.00239141 -0.00526332]
[ 0.01441763 -0.01073836 -0.0199337  -0.02419899  0.01268508 -0.01730245
  0.0093522  -0.00943765 -0.003276    0.02559709 -0.0024336  -0.00291807
 -0.00020928 -0.00314043 -0.00111565  0.01011081  0.01142868 -0.00557987
 -0.01186348 -0.00960433 -0.00352678]
[  1.26593389e-02   1.39061855e-02  -5.07789204e-03  -3.95973122e-03
  -4.55591592e-03  -7.33328176e-03  -1.76577301e-02   2.71203917e-02
  -1.95565461e-02  -1.45139646e-05  -1.93100218e-02  -1.77312199e-02
  -5.02063089e-03  -1.73990299e-03  -6.88992360e-03   2.16068558e-02
   1.09453320e-02  -6.33798959e-04   8.09268780e-03   1.92198461e-03
   6.30670662e-03]
[ 0.01299146 -0.01301682 -0.01750926  0.00488521 -0.00439877 -0.00736924
  0.00263612 -0.02810464 -0.0109989   0.01197026 -0.00054871 -0.01271179
 -0.01564299  0.00259879 -0.01007979  0.00224633 -0.01285046  0.00335915
 -0.03112132 -0.00512712  0.01633067]
[ 0.01086079 -0.01367563  0.019714    0.00619307  0.00242262  0.01322591
 -0.00946127 -0.00193575  0.01982454  0.01455504 -0.00488746 -0.00738998
  0.0138317   0.00359982  0.00340245  0.00960389  0.01601393  0.00354002
  0.00809934  0.00806853 -0.00629571]
[  1.02153523e-02   7.89890336e-03  -4.49170401e-03  -3.80309735e-03
   9.35648179e-03   1.29012436e-02  -1.04893769e-02   6.49193070e-03
   1.37387697e-02  -4.53495243e-03  -5.64093375e-03  -1.44109851e-02
  -5.56501303e-03  -1.65573076e-02  -1.72424071e-03   1.23910525e-03
  -1.76306287e-02  -8.31135560e-03  -5.09775503e-03   4.43255073e-06
   4.33309468e-03]
[ 0.00925309 -0.0071417  -0.00264516  0.00526125  0.01168883  0.01354868
  0.00127336  0.00600659 -0.0112647   0.00017379  0.00700509  0.00335569
 -0.00534505 -0.00047053  0.01504114 -0.00102773 -0.00996266 -0.02583206
  0.01507942  0.00660045 -0.0097223 ]
[ 0.00216233 -0.0019661   0.00140786 -0.00055874  0.00361434 -0.00720666
  0.00219724  0.00023917  0.00644249 -0.01111502 -0.00187443 -0.00441419
 -0.0065505   0.00943118 -0.00249721 -0.00112067 -0.00026358 -0.00457878
  0.00598886  0.00157484  0.00805956]
[  5.07448554e-03   4.29033861e-03  -2.26702903e-03   9.05078528e-03
   4.18686710e-03  -4.08443658e-05   4.04128598e-03  -2.46651689e-03
   7.62105219e-04   1.28018750e-02   5.44650059e-03  -7.36598032e-03
  -1.24025143e-02  -2.31360290e-03   1.43586592e-02   3.26062221e-03
   2.86551612e-03  -1.34127023e-02   2.93966588e-03   1.56758417e-03
  -6.09943600e-03]
[ 0.01422471  0.01742643 -0.00709154  0.01405063  0.01466488 -0.00072067
  0.01418438 -0.0071995  -0.00168272 -0.00300963 -0.00692654 -0.00744783
  0.02481989 -0.03043993 -0.03070449 -0.02803749  0.02597482 -0.00032761
  0.00051022  0.00151101  0.00410448]
[ 0.00497725 -0.00479061  0.00855103  0.0030043   0.00676279 -0.00919571
 -0.01824814 -0.01241914 -0.00173444 -0.00748926  0.00012099  0.00977446
  0.00723286 -0.00506897 -0.00029297  0.01044425 -0.00127392 -0.00115789
  0.00171609  0.00139509  0.00176551]
[ 0.01538756  0.01833022 -0.0249047   0.00430001 -0.02341324  0.00036967
 -0.00525128  0.00583811  0.01058279 -0.01271796 -0.02462138 -0.01381952
  0.01640969 -0.00096686  0.01994569  0.01736749 -0.00061451  0.00445708
  0.00263691 -0.00114495 -0.00905584]
[ 0.00506153  0.00311997  0.0130086   0.00423059  0.00057418 -0.00408702
  0.00268008  0.00357659 -0.00089394  0.00839696  0.00197313  0.00077583
 -0.00827796 -0.01052724  0.01287918 -0.0124018  -0.00601874  0.00994208
 -0.00749717 -0.00272494  0.00825451]
[ 0.01148413  0.0132235   0.00857279  0.00376043  0.01708472 -0.00786109
  0.00221052  0.00342801  0.00074616  0.00744424 -0.00068992 -0.00634424
 -0.0125866   0.01013465 -0.02414374  0.00135405 -0.00254539 -0.00796158
  0.00813769 -0.03198735  0.00142351]
[ 0.0140303  -0.01427531 -0.00362867 -0.00841689  0.01136542 -0.00636277
  0.00038175  0.01169283  0.0094932   0.00060056  0.00113042  0.00070192
  0.01073789 -0.00291349  0.00640579 -0.01970654 -0.01941657  0.00146043
 -0.01775108 -0.00209638 -0.01261081]
[  7.37675131e-03   6.21288696e-03  -5.36338390e-03  -6.85481958e-04
   1.29187926e-02  -3.57911863e-03   4.52914742e-03  -2.86394511e-05
  -9.04354731e-03   4.05992705e-03  -2.95229042e-03  -1.53809337e-02
   2.76462416e-02   3.76921972e-03  -1.25495819e-03   4.09874583e-03
   6.91468373e-03  -1.00787936e-03  -7.82706154e-03  -2.84648878e-03
   4.32925548e-03]
[ 0.00681122  0.0057607   0.00122985  0.0009881  -0.00287354  0.00139463
  0.0082138  -0.00502678  0.00164019  0.00083868  0.00348508  0.00409524
  0.00627671 -0.00070454 -0.00714741  0.00515466 -0.00370911  0.0107507
  0.00493622  0.01128784 -0.00041551]
[ 0.0135985   0.01273598 -0.02048258  0.00800931 -0.0110193   0.00407872
 -0.00193033 -0.00305601  0.00611588  0.00675164 -0.01095474 -0.01112216
 -0.00618477  0.00181716  0.02313828  0.01126624 -0.00571812 -0.00312109
  0.00080279  0.01643995 -0.00496587]
[ 0.01949859 -0.0206163   0.01369986  0.01514839  0.00222314  0.00710117
 -0.0012383  -0.01123339  0.01007183 -0.01950303 -0.03409171 -0.00405201
 -0.0019682   0.01630362  0.0007686  -0.02761229 -0.01829717 -0.02113596
 -0.00297391 -0.00852521  0.01719069]
[  3.85339864e-03  -4.68843237e-03   9.60257494e-03  -1.88835359e-04
   1.27676388e-02   8.99704242e-03  -2.04416922e-02  -7.35647343e-03
   2.09887993e-02  -2.59028575e-03  -1.46625101e-02  -1.64705386e-03
   3.09285727e-03   3.11651779e-03  -3.18709320e-03  -2.10372619e-03
  -7.71187039e-04  -6.01310233e-05  -1.05165191e-02   1.36725538e-02
  -1.62567377e-03]
[  5.25775265e-03  -7.57944391e-03  -1.38782033e-03   5.57871829e-03
  -1.15993416e-02  -3.80160627e-03   1.99753350e-03   8.60880782e-03
  -1.40337131e-05  -1.61234920e-03   5.05659255e-03  -1.10383787e-02
  -1.41773261e-03   6.61927177e-03  -8.45132914e-03  -9.20249547e-03
  -3.43942567e-03  -9.52538714e-04  -1.12248195e-02   3.59830907e-03
   9.46016774e-03]
[ 0.01369874 -0.0120416  -0.01243564 -0.0200405   0.0193677   0.00070788
  0.02402614 -0.00430525  0.00768725 -0.00768246  0.00223043 -0.00072229
 -0.00496667  0.00946105  0.0153401  -0.00291948  0.00986193  0.00525761
  0.01194883  0.00189667 -0.00132049]
[ 0.01808804 -0.01457047 -0.00743718 -0.00138723  0.00060745 -0.00471361
 -0.00589945  0.00341326  0.00867299  0.00464606  0.01217377 -0.00464339
 -0.01712593 -0.01921645 -0.01117535  0.00043441 -0.00257835  0.01372007
  0.01956262 -0.01108212 -0.00577767]
[  4.91845469e-03  -6.85783915e-03   2.14490930e-03   1.02704848e-02
  -2.37941887e-03   1.35032063e-03  -5.48264313e-03  -1.20881544e-02
  -1.13563097e-02   4.50011958e-03  -6.35659538e-03   4.63838993e-03
   4.44324071e-03  -6.02496486e-03  -1.37443426e-03   1.45090108e-03
  -1.67422697e-02  -8.64874794e-04   1.92116475e-02  -6.72180379e-03
   3.03568335e-06]
[ 0.00898486 -0.00799717 -0.00153051  0.00644408 -0.00647422 -0.00533802
  0.00451796  0.00491413 -0.00787835  0.0113128  -0.00112051 -0.01002035
 -0.00019371  0.00603417 -0.00088653 -0.01680732 -0.00645571  0.00317145
  0.0074826   0.01892871 -0.00980157]
[ 0.01039057 -0.00904339  0.00072725 -0.02049463  0.00075581 -0.03588378
 -0.00361134  0.01126137  0.00957693  0.00726797  0.00586774  0.02529591
  0.0005844  -0.01790596  0.01759616  0.00639963  0.01781288 -0.01564282
 -0.00957651  0.00504429  0.01417238]
[  1.36504400e-02  -1.07816789e-02  -4.74948071e-03  -1.89168965e-02
  -4.40021778e-03  -2.47869350e-03   9.75856921e-03   8.18068469e-03
   1.19046376e-03  -9.16495655e-03  -2.18010839e-02  -4.91014402e-03
   1.18722160e-02   1.30556294e-03   6.80596954e-03  -1.06210829e-02
  -6.14363324e-03  -4.72246325e-05   8.13854729e-03   2.79165605e-03
  -6.71230002e-04]
[ 0.00981491 -0.00862367  0.00571437  0.00239588  0.00079915 -0.0012749
 -0.02045243 -0.02490257 -0.01183145  0.00520808 -0.00480099 -0.0033391
  0.00669966 -0.00241285 -0.00039436  0.01656692  0.00820656 -0.00012477
  0.00105206 -0.0093279  -0.00465361]
[ 0.0051306   0.00564367 -0.0010308   0.00426708 -0.00281873 -0.00419929
 -0.00382385  0.00835456 -0.00404533  0.00428955 -0.01145962  0.00183655
 -0.01060213  0.00139927  0.00037358  0.00275115 -0.00037419  0.00663259
 -0.0009955   0.01394185 -0.00619772]
[  1.64553940e-02   1.50965015e-02   1.20186354e-03   1.08292422e-02
  -5.91672822e-03  -4.64462948e-03   5.33557205e-03  -3.71730113e-03
   9.45158577e-03  -6.00117197e-03   1.34931138e-02   1.19166278e-02
  -8.19185404e-03   2.78589454e-03   3.93089567e-02  -1.57273164e-03
   3.51580734e-03  -1.65004579e-02  -2.63493639e-03  -4.97443839e-03
  -8.17622209e-05]
[ 0.00434534 -0.00502237  0.00131856  0.00190684 -0.00042863  0.00880576
  0.00854003 -0.0002849  -0.00652371 -0.00913105 -0.00367238  0.00364409
 -0.0022474  -0.00607019 -0.00094833  0.00461652  0.00559822  0.0067591
 -0.00498001 -0.00053182  0.00797963]
[ 0.01660371  0.0176138   0.00977721  0.02095949  0.00967757 -0.00933327
  0.01111377  0.00668905  0.00638585 -0.01092663 -0.0238558  -0.01583907
 -0.01701599 -0.03793532 -0.00615582 -0.0008775   0.00924692  0.00518271
 -0.00326999 -0.01471844 -0.02111794]
[ 0.00461152  0.00496985 -0.00089182 -0.00687619 -0.00680325  0.0039232
  0.00141334 -0.00653584  0.00276548  0.00268515  0.00050004  0.00191
  0.00267874  0.00447385 -0.01044374 -0.00526632  0.0100456  -0.00610162
  0.00388513 -0.01791389 -0.00164101]
[ 0.00571371  0.00629253  0.00096687  0.00335408 -0.0024012  -0.01047143
 -0.00099421  0.00230057  0.00060574 -0.00064548 -0.00344068  0.00857155
  0.00986366  0.01355964  0.0041443  -0.00219147 -0.00588956  0.01804924
 -0.00302745  0.00021785 -0.004425  ]
[ 0.00977279  0.0119689   0.01365893 -0.00908057 -0.02115301  0.00525397
 -0.00383743 -0.0129478   0.00142261 -0.00388011 -0.00477727 -0.00036812
 -0.00612518  0.00061608  0.0047726   0.00641946 -0.00106777 -0.00981554
 -0.00505064 -0.02591535 -0.01277543]
[ 0.01629923  0.01613199 -0.02967031  0.00604874 -0.01782842 -0.00442696
 -0.00996918  0.00570863  0.00215907 -0.0155455  -0.00085118 -0.01800513
  0.01194358  0.0022556   0.01247197  0.00915824  0.00528336 -0.0216352
 -0.01091454 -0.0013902  -0.00094585]
[ 0.01065995 -0.00926972  0.00737127  0.01019706 -0.02180269 -0.0072528
 -0.01567505  0.00148476  0.00429056  0.00982415  0.02196959 -0.00947364
  0.00319396  0.00167136 -0.00119879 -0.0128199   0.01963736  0.00387003
  0.01611129 -0.00202612  0.00032176]
[ 0.00679754  0.00851806  0.00925741 -0.00579107 -0.0027395   0.00684049
  0.01082425 -0.01157405 -0.0039754  -0.00740878  0.00957824 -0.00192036
  0.00640153 -0.00932234 -0.00271609  0.00111291 -0.00031879  0.00143342
  0.00405677  0.01934681  0.00427509]
[ 0.00114826  0.00162626  0.00024787  0.00083123  0.00341555 -0.00115014
 -0.00066667  0.00385887 -0.00474836  0.00236294 -0.00254894 -0.0030455
  0.00626395  0.00384874  0.00026334  0.00372769  0.00256579  0.00204166
 -0.00273019  0.00041807  0.00237367]
[ 0.01208203  0.01180463  0.0116771  -0.00732619 -0.00078577  0.00103494
 -0.00577792  0.01474993 -0.01388718  0.01043152 -0.01286276  0.02065665
 -0.01380647  0.01597834 -0.01295336 -0.00641345  0.01065754  0.00321581
  0.00796684  0.00897437 -0.01180816]
[  6.71964975e-03   4.52167041e-03   4.47101134e-03   1.09358080e-03
   1.41723446e-02  -1.14275574e-02  -2.50614853e-04   6.64277082e-03
   4.16286466e-03  -1.08096232e-02   8.00870952e-03  -1.56133965e-02
  -1.55447628e-02   5.64651621e-03   7.41681831e-06   1.12758439e-02
  -3.74461122e-03   2.63343991e-03   1.13469059e-02  -8.93661020e-03
   7.89922854e-03]
[  1.24685554e-02   9.99501932e-03  -4.17540704e-03   1.46815044e-02
  -1.23989248e-02   3.97369667e-03  -1.21893150e-02   6.32875577e-04
   1.26843179e-02   1.60452890e-03   9.23534458e-04   2.84294110e-02
   3.32734239e-03   3.62617980e-03   1.64347887e-02  -1.99815493e-02
  -3.89361971e-03   8.56691619e-03  -1.32392202e-02  -7.70091534e-03
  -9.59931536e-05]
[ 0.00509241  0.00214391  0.00193359 -0.00060246  0.00591747 -0.02075482
 -0.00133298 -0.00173824  0.00250291 -0.00193986  0.00075564  0.00716298
 -0.00013503  0.01010229 -0.00920875  0.00128517 -0.00128316  0.00024376
  0.01305521  0.00245714  0.00569667]
[ 0.00575478  0.00785284  0.00950329 -0.01279743 -0.00900637  0.00301039
  0.00686295 -0.01251289 -0.00270646 -0.00220425  0.0038116   0.00626547
 -0.00321967  0.00816595 -0.00430586 -0.00976907  0.00323371 -0.00624164
 -0.00241475 -0.00298781 -0.00869342]
[  9.13030724e-03  -9.10688709e-03   2.68601960e-05   4.98792970e-03
  -6.28888225e-03   9.12832294e-03   1.39249436e-02   1.45580530e-02
   1.19158454e-02  -1.07140283e-02   1.69461447e-02   3.94474420e-04
  -5.29539649e-03  -4.26293353e-03  -1.14593880e-02   1.74240801e-02
  -1.02796681e-02   1.78745304e-02  -1.47372599e-02   2.31993478e-03
  -1.59692204e-02]
[ 0.00497988 -0.00169006 -0.00356717 -0.00648181 -0.00446615 -0.00118886
 -0.00106615 -0.01502641 -0.01588933 -0.00970884  0.00029768 -0.00486727
 -0.00270289  0.00616418  0.00065235 -0.00946317  0.00497225 -0.00201493
 -0.00394998  0.01074568 -0.01455095]
[  1.08420401e-02  -8.09923318e-03  -4.02262257e-03  -6.38846891e-03
  -1.77777413e-02  -2.51563494e-02  -5.21544619e-04   3.92308135e-03
  -6.60044163e-03   9.62945357e-03  -7.28181790e-03  -7.28815651e-03
   2.18365810e-05  -4.05843954e-03  -1.65385283e-03  -8.45326603e-03
  -1.76565277e-02   1.62569667e-02  -4.26692755e-03   1.21025508e-02
   1.71297501e-02]
[ 0.00637828 -0.00777033  0.00170339 -0.00023891  0.00064097  0.00206571
  0.00551291  0.01040199 -0.00055499 -0.00177416  0.0059028   0.00722772
 -0.00228056  0.00171113 -0.00922924  0.00797307 -0.00240957 -0.00388378
 -0.01126275  0.0100254  -0.00647987]
[ 0.00569144 -0.0078671   0.00219569  0.00336643 -0.00372833 -0.00064398
  0.00321506  0.00985129  0.00274191  0.00235039  0.01017482  0.00138399
  0.00968403 -0.000955   -0.01045342  0.00839267 -0.01405897 -0.00196441
 -0.00121958 -0.00356049 -0.01887615]
[  2.82361195e-03   1.70791132e-03  -6.94290744e-03   2.54197623e-05
   9.48500168e-04   3.25303035e-03  -2.96065307e-03  -3.34936543e-03
   7.65836102e-04   3.76779667e-03   3.66939075e-03  -2.31363086e-03
   1.92065690e-04  -2.39023766e-03  -1.06499813e-03   3.43148346e-03
  -1.10789546e-02  -1.18247264e-02  -3.42801309e-03   9.53336472e-04
   7.04710290e-03]
[ 0.01203471 -0.00929219 -0.01197685 -0.00925799  0.01602242  0.0094703
  0.00926835  0.00853076 -0.00356012  0.01213464  0.00408193 -0.01335844
 -0.00077399  0.00769929  0.0220281  -0.00683778 -0.0094163  -0.01020086
  0.0165917   0.00782435 -0.01364346]
[  2.26713563e-02   2.30678172e-02  -4.30020127e-02   2.27135582e-02
   3.02568369e-03   3.49230802e-05   2.07155071e-02  -2.82649250e-02
   3.70112370e-02   7.49869928e-03   6.44272507e-03   3.79858972e-02
  -2.83937997e-03   1.40728432e-02  -2.34753028e-02   1.68537544e-02
  -1.10425486e-02   3.62001008e-03   2.80637289e-02   3.27060626e-02
  -5.36220114e-03]
[ 0.00455218  0.00374783  0.00165043 -0.00499813  0.00838166 -0.00471205
  0.00204996 -0.00600208 -0.00441885 -0.00456187  0.00393798 -0.00490128
  0.01006489  0.00617828  0.00404999 -0.00738436 -0.00651344  0.00839804
 -0.01028191 -0.00397079 -0.00719583]
[ 0.00925108 -0.00898342  0.00032389  0.00048119 -0.00640946  0.00384632
  0.01201168  0.00512146  0.00801938  0.00179529 -0.00268271 -0.0027126
  0.00470001 -0.0004978  -0.00406528  0.0061635   0.00540301  0.0069283
  0.00175003 -0.00545824 -0.00787421]
[  6.11490176e-03  -2.80603926e-03  -9.96893102e-03  -1.57406834e-02
   8.06244157e-03   1.58273658e-02  -3.61483134e-03   1.16587895e-03
  -6.92726208e-03  -3.14993588e-03  -3.75407203e-03   6.90764518e-04
  -5.07736392e-03   7.85166993e-05   5.30981294e-03  -5.17510981e-03
   6.76166616e-03   8.76023227e-03   3.74645742e-03  -5.76776666e-03
  -3.35605661e-03]
[ 0.01074817  0.00808472 -0.0025581  -0.00285102 -0.02339976 -0.00953989
 -0.00439497 -0.00244375 -0.00040634 -0.00841612 -0.00644565 -0.00122936
  0.00015468  0.01910592 -0.00016096 -0.00174762  0.01002337 -0.00012085
  0.01093573 -0.01680783 -0.01117253]
[ 0.01818787  0.01961414 -0.00494211  0.0186361   0.00900465 -0.00922407
  0.00070661  0.01564178 -0.00835003  0.02574498 -0.01865085  0.01680754
  0.00719119  0.02069616  0.00436633 -0.00540092  0.01503434  0.00919641
 -0.02366146  0.00496413 -0.00194647]
[  7.59632221e-03  -7.66683854e-03  -4.15970885e-03  -2.37023491e-03
  -1.03524147e-05  -1.74142975e-02  -1.09666436e-02  -6.38424077e-03
   1.66575652e-03   1.16577169e-02   2.16794007e-03   3.13163941e-03
   1.22876776e-02  -9.94709689e-03  -1.00651566e-02   1.11769808e-02
  -1.92157204e-02  -6.17900168e-03   6.48214340e-03  -5.93538856e-03
  -3.49785078e-03]
[  1.65962547e-02   1.61963845e-02   1.07981932e-02  -2.58885128e-02
  -5.38492517e-03   1.54736624e-02  -1.76931818e-03  -7.09941295e-03
   4.61603890e-03   1.93673941e-02   9.77120300e-03  -3.00816960e-03
  -1.72722474e-02  -8.16634978e-03  -1.43064216e-02   7.81217084e-03
  -1.34617276e-02  -5.66445210e-03  -3.78119086e-06   5.63914675e-03
   1.15204331e-02]
[ 0.01706067 -0.01392695 -0.01119202 -0.01513776  0.00702769 -0.01089794
  0.0157277  -0.01155452  0.00752542 -0.00770776  0.00696185  0.01408861
 -0.00987919 -0.01044892  0.00564149  0.01581269  0.00936044  0.0009819
 -0.00612865 -0.00388797 -0.00618893]
[ 0.01876143  0.01732827  0.02439066  0.0095057  -0.01239929 -0.0003105
  0.00944352 -0.00650731  0.00211981  0.01159335 -0.00456279 -0.01552057
 -0.0072249  -0.00271805  0.01959988  0.00074959 -0.02431841  0.01182304
 -0.01261378 -0.00977505 -0.00476161]
[  5.07247682e-03   3.74344198e-03  -1.44229570e-03   5.83756106e-04
   3.22875529e-03  -5.44531096e-03  -4.45908691e-03  -9.76297642e-03
   9.18023079e-04  -7.27034717e-03   2.20921330e-03   9.51859901e-04
   1.01087281e-02  -6.44805291e-03   3.16438319e-03  -1.25906399e-03
  -7.19008989e-03  -4.61989277e-05  -8.77676634e-03  -1.26776458e-03
  -1.03037571e-02]
[  5.42301376e-04  -8.45097386e-04  -6.02506501e-04   9.93970522e-04
  -9.31718529e-04   1.98383735e-03   1.67125275e-03   1.17009631e-03
   5.95712876e-04  -9.84196896e-04   1.40864926e-03   6.99803097e-04
  -1.87438841e-03  -1.36557858e-03  -1.25595244e-03   2.68673929e-03
  -1.79077701e-03   5.39713526e-03  -8.78967883e-04  -5.41597281e-04
  -3.14556283e-05]
[ 0.01737489 -0.02355196  0.00814136  0.02072959  0.00012366  0.01724421
  0.01683975  0.01869662 -0.02297532 -0.01012727 -0.00332461  0.0145391
 -0.00017386 -0.0056227  -0.00250582  0.00597312  0.00331604 -0.01206582
 -0.00795547 -0.00421867  0.02440563]
[ 0.01251493 -0.01518485  0.00584054  0.00275734  0.00363313  0.01651542
  0.01220844  0.01393022 -0.00963486  0.00826659 -0.02055049  0.01276634
  0.0174715  -0.00066822  0.00280329 -0.00023768 -0.00962525 -0.01138663
  0.01746431 -0.02110364 -0.01432546]
[ 0.00879139 -0.01070962  0.00830306  0.00898751  0.00280912  0.00725006
 -0.01175709 -0.00513283 -0.00054396  0.01014243  0.00469284 -0.00623329
 -0.0019567   0.00212704  0.00108221  0.00890137  0.01201     0.00454416
  0.00672154  0.00769811  0.00243134]
[ 0.0128555  -0.01280366 -0.00346126  0.01334024 -0.00916564  0.00830765
  0.01116794 -0.00514089 -0.01792258  0.007476    0.01004563 -0.00838979
  0.00011536  0.01564861 -0.00759421  0.00922521  0.01463278 -0.00958224
 -0.02547913  0.00269688 -0.00051739]
[ 0.01261067 -0.01321613 -0.00642199 -0.02036048  0.00258167  0.01212412
  0.00626322  0.00231283  0.01965891  0.00882334 -0.00669214 -0.00280974
  0.00701422  0.00439713  0.00151403 -0.00301167  0.0081019   0.01081677
  0.00332912 -0.01348595  0.00170523]
[ 0.00545557 -0.00665599 -0.00282313 -0.00762419  0.00398494 -0.00897252
  0.00333125  0.00762961  0.00196342  0.00850341 -0.00902668  0.00951622
  0.01050698 -0.01044515  0.00605564  0.00257741 -0.00763862 -0.00591977
 -0.00055916 -0.00543273  0.00437243]
[ 0.00493409 -0.00615057  0.00512484  0.00908445 -0.00319594  0.00086277
  0.00091589 -0.01056241 -0.01198804 -0.01069269 -0.00797552  0.00988761
  0.00041758 -0.00294345  0.00196793  0.00868873  0.00041667  0.00026845
 -0.00560103 -0.00163249  0.01442504]
[ 0.01137496  0.01045904  0.01279107 -0.00061574  0.01156229 -0.00821321
 -0.00902369 -0.00311736 -0.0054614  -0.02148687  0.01505753 -0.00644862
  0.00542529  0.00049555  0.01323216  0.0153549  -0.00499605  0.00773737
  0.00578955 -0.00946907 -0.00244244]
[ 0.01897348 -0.01957566  0.00725662 -0.00871605 -0.01010119  0.01219845
 -0.01703662  0.00666297  0.02846223  0.02397605  0.01081084 -0.01378144
  0.01018479  0.00165094 -0.00829274 -0.00147999  0.0179246   0.00641609
  0.00606591 -0.00159729  0.01005856]
[ 0.01483153  0.01668043  0.01025465 -0.02234643 -0.01094414  0.02063365
  0.00917973 -0.00652345  0.00434319 -0.00289931  0.01300886  0.01007292
  0.01368492  0.00575034  0.00406987 -0.00540117  0.00264586  0.00302662
  0.0011884  -0.00868418  0.00987871]
[ 0.01102008 -0.01093264 -0.00587964 -0.01483029 -0.00218489 -0.00604633
  0.01473382 -0.00481858 -0.00717109 -0.00314408 -0.01039971  0.0039291
  0.00145301 -0.00804164 -0.00181961 -0.00019261  0.01522662  0.01116617
  0.00134189 -0.00124908 -0.00402675]
[ 0.01045777 -0.00762681  0.00066948 -0.00932576  0.0018484  -0.00349362
 -0.00710402 -0.00819022  0.00505491 -0.01437307 -0.01259921  0.00776141
 -0.01315222 -0.00215951 -0.00415934  0.00406847  0.00541549 -0.00134899
 -0.00371351  0.01894992 -0.00189662]
[ 0.0049165  -0.00424564  0.00694548  0.00666268 -0.00758562  0.00240066
  0.00714317 -0.00084973  0.00350051 -0.01163712 -0.00843927 -0.00028871
  0.00056649 -0.00146704  0.00318705  0.00574037  0.00461609 -0.00412219
 -0.00250558 -0.0087297  -0.00262073]
[  5.69223769e-03   6.29982717e-03  -1.23086058e-02   3.55880630e-03
   2.87121866e-03   9.67224733e-03  -1.19089941e-02   7.29501629e-03
   8.79299584e-04  -9.41646420e-03   1.05170036e-02   3.37863635e-03
   5.57953634e-03  -1.36578038e-02  -4.86566027e-03  -1.16090160e-02
   9.66055835e-04  -7.44856321e-03   1.52766813e-03   1.00480756e-05
   8.17926511e-03]
[ 0.01140678  0.01229032 -0.00565088  0.00969525  0.00726281 -0.00270784
  0.00821149 -0.01252155  0.00961966  0.00800259  0.0024598   0.019985
 -0.01143482  0.0062683  -0.02269034 -0.00422862 -0.00724143 -0.01325848
 -0.01029994 -0.00706523 -0.00692303]
[ 0.01229831 -0.01508224 -0.00075672  0.00036243 -0.00760419 -0.00732246
  0.00445837  0.00917416  0.02327106 -0.01908493 -0.00583248 -0.02651665
 -0.00649384  0.02017053 -0.01051976 -0.01452624 -0.0055803  -0.00825574
 -0.00308981 -0.00435407  0.01421686]
[ 0.0175638   0.01252599  0.02898663  0.00477589  0.02630079  0.0076815
  0.00193869  0.00872722 -0.01672972  0.00110933  0.01427249  0.00194382
  0.01973052  0.02461189  0.01163984  0.01233488 -0.01430727  0.01831122
 -0.00122945  0.00382816  0.00750341]
[  2.24536166e-03  -2.55792763e-04   5.84472714e-03   2.14597882e-03
  -2.86598901e-03  -3.19459453e-03  -3.41201671e-03   2.47218317e-03
   4.22323415e-03   4.88127909e-03   6.60719866e-04   6.88712412e-03
  -1.99575887e-03  -7.93773895e-04   9.34427064e-03  -7.91328618e-03
   5.11214053e-03   7.98712239e-05  -1.29548348e-03  -1.24455450e-04
   3.71568127e-03]
[ 0.00968505  0.01081597  0.00209252 -0.00542611 -0.00093983  0.00716858
 -0.00067563 -0.00092532 -0.00276117 -0.00895811  0.01901704 -0.00937938
  0.02874895 -0.01103761 -0.00295933 -0.00587221 -0.00297259 -0.00493151
  0.00178777  0.00636012  0.01613727]
[  3.32053486e-03  -2.40386726e-03  -7.21655749e-03  -5.57575543e-03
   7.40205800e-03   7.82164936e-03  -1.12296165e-02  -1.26994128e-03
  -6.28735104e-03  -6.44115460e-03   3.19167680e-03  -2.69046274e-04
  -6.48055536e-03  -6.94622455e-03   3.11735192e-03  -7.70830994e-03
  -2.04701025e-05   4.52230548e-03   8.58180152e-04  -1.87100264e-03
  -5.15078286e-03]
[ 0.00488486 -0.00447442 -0.00177142  0.00953189 -0.00826426 -0.00160892
 -0.00021408 -0.00913463 -0.00885788  0.00281381 -0.00392981 -0.00151415
  0.00401979  0.00236281 -0.00014693 -0.01810878 -0.00696633 -0.00067137
  0.0175387   0.00890104 -0.00179537]
[ 0.00510094  0.00550476  0.00334624  0.00604473  0.0086469  -0.00529687
  0.01297217 -0.00551643  0.00379809 -0.00011235 -0.00241421 -0.00504317
  0.00727775 -0.01166967 -0.00422195 -0.00590425  0.01360427 -0.00075487
  0.00564598  0.01128292  0.00145758]
[ 0.00799657  0.00862807  0.01141766  0.0035303   0.01528787 -0.0081165
  0.0120037  -0.0056216   0.00195327  0.00185629  0.01748086 -0.00725828
 -0.00129751  0.01029766  0.01245428 -0.00216285 -0.00407879  0.00877725
  0.00889483 -0.00430808  0.01070759]

Right eigenvectors

[ 1.         -1.0175708   0.232198    0.09838438  0.86006859  0.63631583
 -0.65407805 -0.22003611  0.51040653 -0.63182436  0.95495309 -0.08337709
 -0.26521786  0.58523105  0.48189494  0.07246374  0.53435012  1.38299369
  0.10127823  0.57830658 -1.41281049]
[ 1.          0.54878282  0.47179867 -1.23115832  0.441484    0.57141481
 -1.06595586  1.86066315 -1.4656533  -0.49843792  0.21364243  1.16707826
  0.15111192  1.02923238 -1.5578338  -0.61524912  0.00330707 -0.91231521
  0.27084169  0.23367827  0.43646333]
[ 1.         -0.88337737  0.09784913  0.13767129 -0.0983162  -1.07602206
 -1.78452957  0.80696293 -0.55626737 -0.50237019  1.74188045  0.37178786
 -0.75248847 -1.04108211 -0.36717578 -1.34407217  0.63824831  0.27927336
  0.11512266 -0.75513587 -0.42377837]
[ 1.         -0.96561314  0.85661042  1.60704223 -1.11804369  1.24557015
 -1.47217281 -2.59839138 -0.29555727  4.48708415  2.23975268 -3.14890925
 -0.96792323  1.00921665 -0.0605162   2.45151932  3.68021973 -1.41422035
 -1.25659796  0.56857233  0.26772936]
[ 1.         -1.05445614 -0.69887653  0.57838777 -0.29082938  1.05477694
  0.16915789 -0.46150441 -0.73948084  0.27652121 -0.60103727  0.54886236
 -0.95671366 -0.62824547  0.26787825  0.14118275 -0.2066367   1.87649079
  0.99481129 -0.60655482  1.71253833]
[ 1.          1.17542224 -0.82170905  0.61106681 -0.29686586 -0.0613736
 -0.87850142  1.02456271 -0.18913793 -0.69228683  0.21039449  0.22100191
 -0.38833041 -0.34608084 -0.48009489  0.52444131  0.5249107   0.86928017
  0.78185787  0.06995897  0.03213776]
[ 1.         -0.92360213  0.81345189  0.8582806  -0.1601592  -0.46293576
  0.83088877 -0.2091771  -0.3088716  -2.08901783  0.63388076  0.89169799
 -0.17189947  0.22412241  0.76346032  0.60169555  1.21737142 -1.62988404
 -0.15659223  1.10954076 -0.12366425]
[ 1.          0.72800119  0.66270601  0.02290901  1.93107989  0.85295974
 -0.96627958  0.23400266 -0.12167987  0.49991557 -1.02661281  0.91868519
 -1.1367039   0.65397055 -1.23207393 -0.49028724 -0.33801947 -0.16711571
 -1.71110772 -0.30195361 -0.55303769]
[ 1.          0.99896848  1.16872124 -2.11287517 -0.57698369  0.41276893
 -0.75111916  1.02313739 -1.51094193 -0.2433452  -0.90649477 -0.33465085
 -1.00246003 -0.51302045  0.05566107  1.03220222 -0.44919211 -1.37064378
  0.35476095  2.04010683 -0.40954123]
[ 1.          0.82411255 -2.14377139  0.08431072  0.84139005  1.87255552
 -0.54627974  0.12486734 -0.26072254  0.79048952  0.75869992  1.0771937
 -0.33019436  1.72414068  0.54114818 -0.01674656  0.2194458  -0.37000076
 -0.46764057 -0.43959756  2.70151253]
[ 1.         -1.44754577  0.64511992  1.36344337 -0.74712104 -0.47058469
  0.09021876  2.07826437 -0.92435194 -0.0479574   2.00490068  0.4522284
  0.73175186  0.23924378 -1.12686516 -0.14416391 -0.54638867 -2.19664836
 -0.80084599  0.49999583 -1.72894602]
[ 1.          0.97238604 -1.6276497   0.85981916 -2.86681705  1.66856401
 -1.94934028  1.52792509  2.00467349 -1.29355671  2.44272289  1.32184204
  1.14615364 -1.15245002  0.68796332 -1.08176964  0.20691142  1.04109818
 -0.85830192 -0.84646941  0.29510016]
[ 1.          0.9542181   1.9616     -2.6381347  -2.11019913  0.41269842
  0.5402668  -0.1788042   0.0339289   0.49912631 -0.10140223 -0.17298662
 -0.17635002 -0.73661628 -0.48676515  0.45354606 -1.19863245 -0.1293134
  0.17914907  1.36095823  1.07734916]
[ 1.         -0.3823259  -2.05443947 -1.42096254  0.74884619 -1.41426415
 -1.88861216 -1.73078426 -2.93310534 -0.93314246  1.48351272 -1.25482819
 -1.66176183  0.36545067 -0.32940715 -1.60264483 -0.54529975  1.71944828
 -1.74094691  0.05571608 -1.24271293]
[ 1.          1.41168307  1.58693677  1.03348033  1.14692978 -0.08013597
  1.37344654  0.0667465  -0.23823753  1.38964467 -0.45350568 -1.18780896
 -1.89597516 -2.79818359  0.06459815 -1.71187472  0.56404233 -0.69971474
 -0.62586996  0.32295591 -0.71080356]
[ 1.         -0.74480752 -1.38259217 -1.67843112  0.87983114 -1.20008997
  0.64866415 -0.65459108 -0.22722169  1.77540215 -0.16879366 -0.20239627
 -0.0145154  -0.21781859 -0.07738113  0.70128135  0.79268774 -0.38701756
 -0.82284526 -0.6661519  -0.24461553]
[  1.00000000e+00   1.09849224e+00  -4.01118264e-01  -3.12791312e-01
  -3.59885770e-01  -5.79278414e-01  -1.39483825e+00   2.14232291e+00
  -1.54483155e+00  -1.14650257e-03  -1.52535784e+00  -1.40064344e+00
  -3.96595030e-01  -1.37440273e-01  -5.44256194e-01   1.70679180e+00
   8.64605336e-01  -5.00657234e-02   6.39266226e-01   1.51823458e-01
   4.98186096e-01]
[ 1.         -1.00195186 -1.34775133  0.37603241 -0.33858928 -0.56723713
  0.20291177 -2.16331635 -0.84662561  0.92139451 -0.04223626 -0.97847317
 -1.20409817  0.2000386  -0.77587782  0.17290789 -0.98914673  0.25856601
 -2.39552166 -0.39465325  1.25703103]
[ 1.         -1.25917489  1.81515348  0.57022302  0.22306155  1.21776694
 -0.87114063 -0.17823275  1.8253317   1.34014636 -0.45001007 -0.68042751
  1.27354522  0.3314514   0.3132784   0.88427226  1.47447261  0.32594483
  0.74574176  0.74290468 -0.57967382]
[  1.00000000e+00   7.73238464e-01  -4.39701330e-01  -3.72292332e-01
   9.15923551e-01   1.26292693e+00  -1.02682477e+00   6.35507272e-01
   1.34491393e+00  -4.43934999e-01  -5.52201585e-01  -1.41071836e+00
  -5.44769563e-01  -1.62082589e+00  -1.68789157e-01   1.21298337e-01
  -1.72589531e+00  -8.13614188e-01  -4.99028800e-01   4.33910705e-04
   4.24174765e-01]
[ 1.         -0.77181717 -0.28586818  0.56859423  1.26323521  1.46423251
  0.13761401  0.64914394 -1.21739832  0.0187815   0.75705385  0.36265623
 -0.57765056 -0.0508513   1.62552591 -0.11106842 -1.07668444 -2.79172224
  1.62966255  0.71332399 -1.05070778]
[ 1.         -0.9092487   0.65108453 -0.25839774  1.67149651 -3.332813
  1.01614163  0.11060615  2.97941215 -5.14028666 -0.86685426 -2.04139983
 -3.0293656   4.36157391 -1.15486867 -0.51826788 -0.12189774 -2.11751517
  2.76962642  0.72830714  3.72724757]
[ 1.          0.84547263 -0.44675052  1.78358677  0.82508208 -0.00804897
  0.79639324 -0.48606245  0.15018374  2.52279269  1.07331089 -1.45157184
 -2.44409294 -0.45592856  2.82957929  0.64255227  0.56469096 -2.64316495
  0.57930323  0.3089149  -1.20198116]
[ 1.          1.22508128 -0.4985368   0.98776236  1.03094426 -0.05066355
  0.99716486 -0.50612655 -0.11829564 -0.21157759 -0.48693702 -0.52358391
  1.74484307 -2.1399329  -2.15853163 -1.9710411   1.82603522 -0.02303073
  0.03586831  0.10622452  0.28854551]
[ 1.         -0.96250109  1.71802418  0.6036071   1.35874116 -1.84754839
 -3.66631168 -2.49518328 -0.34847351 -1.50469845  0.02430808  1.9638294
  1.45318528 -1.01842787 -0.05886234  2.09839845 -0.25594848 -0.2326362
  0.34478653  0.28029313  0.35471641]
[ 1.          1.19123696 -1.61849601  0.27944701 -1.52156978  0.02402425
 -0.34126792  0.37940447  0.6877497  -0.82650967 -1.60008419 -0.89809689
  1.06642597 -0.06283415  1.29622219  1.12867121 -0.03993538  0.28965481
  0.17136626 -0.07440766 -0.5885171 ]
[ 1.          0.61640784  2.57009236  0.83583324  0.11344014 -0.80746799
  0.52949927  0.70662328 -0.17661473  1.6589765   0.38982811  0.15327963
 -1.63546696 -2.0798527   2.54452389 -2.45020719 -1.18911549  1.96424465
 -1.48120687 -0.53836227  1.63083358]
[ 1.          1.15145792  0.74648975  0.32744549  1.48768052 -0.68451777
  0.19248445  0.29849981  0.06497302  0.64821914 -0.06007594 -0.55243499
 -1.0959992   0.88249101 -2.10235629  0.11790631 -0.22164402 -0.69326812
  0.70860269 -2.78535174  0.12395424]
[ 1.         -1.01746285 -0.2586308  -0.59990777  0.81006237 -0.45350179
  0.02720902  0.83339828  0.67662146  0.04280427  0.08057003  0.05002873
  0.76533547 -0.20765673  0.45656818 -1.40457004 -1.38390251  0.10409113
 -1.26519559 -0.14941823 -0.89882664]
[ 1.          0.84222535 -0.72706584 -0.09292464  1.75128482 -0.48518901
  0.61397589 -0.00388239 -1.22595258  0.55036789 -0.40021553 -2.08505521
  3.74775296  0.51095931 -0.17012342  0.5556302   0.93736164 -0.13662916
 -1.06104452 -0.38587295  0.58687833]
[ 1.          0.84576664  0.1805629   0.14506893 -0.42188383  0.20475519
  1.20592198 -0.73801392  0.24080638  0.12313169  0.51166692  0.60124886
  0.92152535 -0.10343881 -1.0493575   0.7567897  -0.54455936  1.57838125
  0.72471943  1.6572412  -0.06100444]
[ 1.          0.93657268 -1.50623841  0.58898497 -0.81033187  0.29993907
 -0.14195172 -0.22473179  0.44974711  0.49649936 -0.80558434 -0.81789604
 -0.45481298  0.13362951  1.70153223  0.82849153 -0.42049644 -0.22951714
  0.05903509  1.20895329 -0.36517823]
[ 1.         -1.05732257  0.70260754  0.7768966   0.11401528  0.36418875
 -0.06350693 -0.57611317  0.51654157 -1.00022773 -1.74841906 -0.20781056
 -0.10094056  0.83614366  0.03941845 -1.41611746 -0.93838444 -1.08397375
 -0.15251947 -0.43722206  0.88163742]
[ 1.         -1.21670058  2.49197549 -0.04900489  3.31334491  2.33483303
 -5.30484752 -1.90908705  5.44682791 -0.67220809 -3.80508518 -0.42742888
  0.80263102  0.80877119 -0.82708629 -0.54594045 -0.20013165 -0.01560467
 -2.7291542   3.54818048 -0.42188051]
[ 1.         -1.44157483 -0.26395695  1.06104617 -2.20614061 -0.72304776
  0.37992154  1.63735504 -0.00266915 -0.30666129  0.96174029 -2.09944808
 -0.26964612  1.25895458 -1.60740333 -1.75027166 -0.6541627  -0.18116842
 -2.13490825  0.68438158  1.79927972]
[ 1.         -0.8790301  -0.90779497 -1.46294537  1.41383136  0.05167486
  1.75389473 -0.31428102  0.56116511 -0.56081518  0.16282002 -0.05272695
 -0.36256379  0.69065126  1.11981858 -0.2131204   0.71991526  0.38380263
  0.87225811  0.13845613 -0.09639525]
[ 1.         -0.80553046 -0.41116578 -0.07669344  0.03358275 -0.26059258
 -0.32615208  0.18870238  0.47948762  0.25685828  0.67302838 -0.25671043
 -0.94680933 -1.06238419 -0.61783066  0.02401658 -0.14254453  0.75851569
  1.08152234 -0.61267644 -0.31941906]
[  1.00000000e+00  -1.39430768e+00   4.36094147e-01   2.08815277e+00
  -4.83773669e-01   2.74541642e-01  -1.11470848e+00  -2.45771390e+00
  -2.30891824e+00   9.14945826e-01  -1.29239686e+00   9.43058385e-01
   9.03381448e-01  -1.22497110e+00  -2.79444328e-01   2.94991246e-01
  -3.40396948e+00  -1.75842790e-01   3.90603324e+00  -1.36664953e+00
   6.17202667e-04]
[ 1.         -0.8900722  -0.17034317  0.71721543 -0.72057047 -0.59411337
  0.50284184  0.54693416 -0.87684735  1.25909583 -0.12471115 -1.11524821
 -0.02155968  0.67159308 -0.09866933 -1.87062772 -0.71850995  0.35297695
  0.83280139  2.10673419 -1.09089886]
[ 1.         -0.87034591  0.06999178 -1.97242625  0.07274043 -3.4534958
 -0.34755962  1.08380682  0.92169431  0.69947814  0.56471792  2.43450693
  0.0562437  -1.72328965  1.69347441  0.61590761  1.71433236 -1.5054825
 -0.92165466  0.48546829  1.36396628]
[ 1.         -0.78984112 -0.34793609 -1.38580855 -0.32234989 -0.18158341
  0.71489045  0.59929824  0.08721065 -0.67140375 -1.59709752 -0.35970592
  0.86973138  0.09564255  0.49858975 -0.77807623 -0.45006851 -0.00345957
  0.59621135  0.20451033 -0.04917277]
[ 1.         -0.87862929  0.5822137   0.24410597  0.08142216 -0.12989407
 -2.08381306 -2.53721882 -1.20545649  0.53062983 -0.48915269 -0.3402068
  0.68260085 -0.24583478 -0.04017987  1.68793462  0.83613185 -0.0127125
  0.10719027 -0.9503808  -0.47413661]
[ 1.          1.10000141 -0.20091145  0.83169105 -0.54939525 -0.81847973
 -0.74530257  1.62837744 -0.78847064  0.83607112 -2.2335831   0.35795998
 -2.06644881  0.27273109  0.07281397  0.53622441 -0.07293268  1.29275029
 -0.19403142  2.7173911  -1.20799043]
[ 1.          0.91741963  0.07303766  0.6580968  -0.35956163 -0.28225574
  0.32424456 -0.22590168  0.57437615 -0.3646933   0.81998121  0.72417761
 -0.49782181  0.16929978  2.38881893 -0.09557545  0.21365683 -1.00273855
 -0.160126   -0.30229835 -0.00496872]
[ 1.         -1.1558067   0.30344214  0.43882434 -0.09864086  2.02648324
  1.96533049 -0.06556395 -1.50131323 -2.1013439  -0.84513151  0.8386203
 -0.51719846 -1.3969437  -0.21823977  1.06240814  1.28832689  1.5554837
 -1.14605748 -0.12238814  1.83636453]
[ 1.          1.06083479  0.58885683  1.26233721  0.58285575 -0.56211942
  0.66935458  0.40286469  0.38460344 -0.65808358 -1.43677471 -0.95394767
 -1.02483025 -2.28474937 -0.37074986 -0.05284957  0.55691864  0.3121415
 -0.19694306 -0.88645457 -1.27188041]
[ 1.          1.07770426 -0.1933894  -1.49108992 -1.47527277  0.8507386
  0.30648105 -1.41728629  0.59968957  0.58226929  0.10843257  0.41418017
  0.58087986  0.97014769 -2.26470638 -1.14199218  2.17837175 -1.32312582
  0.84248455 -3.88459701 -0.35584964]
[ 1.          1.10130481  0.16921937  0.58702389 -0.42025231 -1.83268479
 -0.17400515  0.4026402   0.10601608 -0.11297056 -0.60218055  1.50017354
  1.72631458  2.373176    0.72532631 -0.38354672 -1.03077793  3.15893576
 -0.52985725  0.03812751 -0.7744525 ]
[ 1.          1.22471691  1.39764874 -0.92916883 -2.16448042  0.5376123
 -0.39266473 -1.32488235  0.14556893 -0.39703182 -0.48883378 -0.03766763
 -0.62675822  0.06304064  0.48835574  0.65687086 -0.1092595  -1.00437442
 -0.51680684 -2.65178624 -1.30724468]
[ 1.          0.98973965 -1.82035065  0.37110594 -1.09381976 -0.27160558
 -0.61163486  0.35023933  0.13246459 -0.95375712 -0.05222195 -1.10466137
  0.73276955  0.13838686  0.76518787  0.56188162  0.32414802 -1.32737588
 -0.66963524 -0.0852921  -0.05803052]
[ 1.         -0.86958395  0.69149229  0.95657658 -2.04529014 -0.68037823
 -1.47046203  0.13928409  0.40249387  0.92159446  2.06094687 -0.88871322
  0.29962251  0.1567889  -0.11245745 -1.20262291  1.84216283  0.36304395
  1.51138549 -0.19006836  0.03018429]
[ 1.          1.25310941  1.36187773 -0.8519368  -0.40301369  1.00631949
  1.59237855 -1.70268284 -0.58482986 -1.08992159  1.4090747  -0.28250878
  0.94174318 -1.37142993 -0.39956993  0.1637222  -0.04689853  0.21087403
  0.59680073  2.84614975  0.62891823]
[ 1.          1.41627958  0.21586644  0.72390386  2.97454978 -1.00163955
 -0.58059005  3.36062491 -4.13527374  2.05784604 -2.21983225 -2.65227686
  5.45517674  3.35180827  0.22933528  3.24638076  2.23450824  1.7780466
 -2.37767947  0.36409313  2.06718728]
[ 1.          0.97704085  0.96648523 -0.60637059 -0.06503632  0.08565945
 -0.47822416  1.22081588 -1.14940787  0.86339148 -1.06461952  1.7097008
 -1.14272816  1.32248845 -1.07211834 -0.53082544  0.88209828  0.2661644
  0.65939629  0.74278702 -0.97733252]
[  1.00000000e+00   6.72902692e-01   6.65363748e-01   1.62743720e-01
   2.10908977e+00  -1.70061801e+00  -3.72958208e-02   9.88559087e-01
   6.19506197e-01  -1.60865872e+00   1.19183437e+00  -2.32354320e+00
  -2.31332933e+00   8.40299185e-01   1.10375073e-03   1.67804042e+00
  -5.57262856e-01   3.91901365e-01   1.68861567e+00  -1.32992202e+00
   1.17554171e+00]
[ 1.          0.80161807 -0.33487497  1.17748239 -0.99441551  0.31869744
 -0.97760443  0.05075773  1.01730454  0.12868603  0.07406908  2.2800886
  0.26685869  0.29082598  1.31809886 -1.60255529 -0.31227513  0.6870817
 -1.06180867 -0.61762691 -0.00769882]
[ 1.          0.42100167  0.37970088 -0.1183059   1.16201836 -4.07564115
 -0.26175897 -0.34133918  0.49149779 -0.38093246  0.14838545  1.4065995
 -0.02651563  1.98379403 -1.80832971  0.25237081 -0.25197567  0.04786664
  2.5636628   0.48251141  1.11865903]
[ 1.          1.36457819  1.6513738  -2.22379338 -1.56502505  0.52311209
  1.19256666 -2.17434821 -0.47029854 -0.38302934  0.66233719  1.08874202
 -0.55947758  1.41898747 -0.74822319 -1.69755939  0.56191738 -1.08460165
 -0.41960725 -0.51918775 -1.51064532]
[ 1.         -0.9974349   0.00294187  0.54630469 -0.68879196  0.99978267
  1.52513417  1.59447569  1.30508701 -1.17345759  1.85603226  0.04320494
 -0.5799801  -0.46689924 -1.25509336  1.90837829 -1.12588414  1.95771401
 -1.6141034   0.25409164 -1.74903429]
[ 1.         -0.33937709 -0.71631504 -1.30159827 -0.89683812 -0.23873282
 -0.21409154 -3.01742215 -3.19070181 -1.94961197  0.05977655 -0.97738646
 -0.54276071  1.23781588  0.13099787 -1.90027828  0.99846775 -0.40461323
 -0.79318802  2.15781714 -2.92194586]
[  1.00000000e+00  -7.47021143e-01  -3.71020817e-01  -5.89231257e-01
  -1.63970444e+00  -2.32025977e+00  -4.81039191e-02   3.61839775e-01
  -6.08782256e-01   8.88158823e-01  -6.71628018e-01  -6.72212651e-01
   2.01406569e-03  -3.74324344e-01  -1.52540741e-01  -7.79674854e-01
  -1.62852448e+00   1.49943798e+00  -3.93553935e-01   1.11626140e+00
   1.57993790e+00]
[ 1.         -1.21824834  0.26706072 -0.03745733  0.10049315  0.32386647
  0.86432485  1.63084619 -0.08701288 -0.27815631  0.92545298  1.13317758
 -0.35755161  0.2682752  -1.4469787   1.25003426 -0.37777807 -0.60890782
 -1.76579729  1.57180364 -1.015928  ]
[ 1.         -1.3822698   0.38578921  0.59149059 -0.65507789 -0.11314847
  0.56489372  1.7308972   0.48176057  0.4129693   1.78774285  0.24317005
  1.70150949 -0.16779607 -1.83669229  1.47461308 -2.47019727 -0.34515232
 -0.21428268 -0.62558738 -3.3165886 ]
[ 1.          0.60486758 -2.45887451  0.00900257  0.33591732  1.15208124
 -1.04853398 -1.18619891  0.27122569  1.33438898  1.2995379  -0.81938698
  0.06802128 -0.84651776 -0.37717581  1.21528153 -3.92368171 -4.18780151
 -1.21405248  0.33763013  2.49577599]
[ 1.         -0.77211594 -0.99519192 -0.76927353  1.33134991  0.78691497
  0.77013456  0.70884594 -0.29582131  1.00830336  0.33917941 -1.10999189
 -0.06431349  0.63975676  1.83038002 -0.56817127 -0.78242786 -0.84761957
  1.3786533   0.65014828 -1.13367573]
[  1.00000000e+00   1.01748731e+00  -1.89675519e+00   1.00186146e+00
   1.33458433e-01   1.54040542e-03   9.13730384e-01  -1.24672404e+00
   1.63251093e+00   3.30756536e-01   2.84179075e-01   1.67550175e+00
  -1.25240852e-01   6.20732301e-01  -1.03546089e+00   7.43394182e-01
  -4.87070490e-01   1.59673291e-01   1.23784958e+00   1.44261606e+00
  -2.36518763e-01]
[ 1.          0.82330432  0.36255865 -1.0979654   1.84124267 -1.03511944
  0.45032529 -1.31850818 -0.97071249 -1.00213024  0.86507625 -1.07668979
  2.21100542  1.35721552  0.88968234 -1.62216097 -1.43084153  1.84484106
 -2.2586799  -0.8722842  -1.58074547]
[ 1.         -0.97106687  0.03501101  0.05201439 -0.69283345  0.41577013
  1.29840786  0.55360675  0.86685809  0.19406236 -0.28998893 -0.29321952
  0.50804928 -0.0538099  -0.43943795  0.66624631  0.58404055  0.74891778
  0.18916985 -0.59001044 -0.85116591]
[ 1.         -0.45888542 -1.63026838 -2.57415147  1.31849078  2.58832708
 -0.59115117  0.19066193 -1.13284928 -0.51512453 -0.61392189  0.11296412
 -0.83032633  0.01284022  0.86833986 -0.84631119  1.10576857  1.43260393
  0.61267663 -0.94323129 -0.54883247]
[ 1.          0.75219533 -0.23800312 -0.26525656 -2.17709232 -0.88758268
 -0.40890438 -0.22736472 -0.03780584 -0.78302845 -0.59969723 -0.11437872
  0.01439094  1.77759699 -0.01497578 -0.16259674  0.93256525 -0.01124383
  1.01745073 -1.56378486 -1.03948159]
[ 1.          1.078419   -0.27172557  1.0246445   0.49509079 -0.50715519
  0.03885035  0.86001175 -0.4590989   1.41550259 -1.02545557  0.92410684
  0.39538365  1.13790991  0.240068   -0.29695184  0.82661363  0.50563415
 -1.30094707  0.27293652 -0.10702027]
[  1.00000000e+00  -1.00928296e+00  -5.47595104e-01  -3.12024009e-01
  -1.36281932e-03  -2.29246430e+00  -1.44367805e+00  -8.40438384e-01
   2.19284606e-01   1.53465277e+00   2.85393380e-01   4.12257316e-01
   1.61758247e+00  -1.30946221e+00  -1.32500390e+00   1.47136739e+00
  -2.52960839e+00  -8.13420167e-01   8.53326546e-01  -7.81350289e-01
  -4.60466352e-01]
[  1.00000000e+00   9.75905999e-01   6.50640365e-01  -1.55990091e+00
  -3.24466289e-01   9.32358699e-01  -1.06609486e-01  -4.27771994e-01
   2.78137386e-01   1.16697378e+00   5.88759523e-01  -1.81255931e-01
  -1.04073164e+00  -4.92059801e-01  -8.62027119e-01   4.70718905e-01
  -8.11130453e-01  -3.41309061e-01  -2.27833986e-04   3.39784298e-01
   6.94158610e-01]
[ 1.         -0.81631921 -0.65601269 -0.8872902   0.41192355 -0.63877541
  0.92186905 -0.6772604   0.4410975  -0.45178507  0.40806455  0.82579467
 -0.57906205 -0.61245637  0.33067235  0.92685066  0.54865638  0.0575537
 -0.35922683 -0.22789112 -0.36275985]
[ 1.          0.92361164  1.30004288  0.50666182 -0.66089241 -0.01654968
  0.50334749 -0.34684502  0.11298778  0.61793508 -0.2432007  -0.82725927
 -0.38509328 -0.1448743   1.04469029  0.03995389 -1.29619152  0.6301781
 -0.67232513 -0.52101859 -0.25379806]
[ 1.          0.73799095 -0.28433756  0.11508305  0.6365244  -1.0735014
 -0.87907487 -1.92469611  0.18098123 -1.43329332  0.4355295   0.1876519
  1.9928584  -1.2711843   0.62383394 -0.24821483 -1.41747122 -0.00910777
 -1.73027234 -0.24993009 -2.03130689]
[ 1.         -1.55835376 -1.11101783  1.83287479 -1.71808254  3.65818241
  3.08177854  2.15764953  1.09849044 -1.81485229  2.59753952  1.29043209
 -3.45635931 -2.5181175  -2.31596765  4.95432874 -3.30218047  9.95228023
 -1.62081072 -0.99870165 -0.05800396]
[ 1.         -1.35551737  0.4685705   1.19307775  0.00711738  0.99247913
  0.96920029  1.07607144 -1.32232886 -0.58286843 -0.19134551  0.83678834
 -0.01000644 -0.32361095 -0.14422082  0.34377889  0.19085274 -0.6944403
 -0.4578718  -0.24280277  1.40464976]
[ 1.         -1.21333838  0.46668576  0.22032414  0.29030352  1.31965676
  0.97550963  1.11308732 -0.76986918  0.6605381  -1.64207746  1.02008846
  1.3960518  -0.05339388  0.22399524 -0.01899188 -0.76910085 -0.90984314
  1.39547767 -1.68627664 -1.14466915]
[ 1.         -1.2181937   0.94445403  1.02230782  0.31953131  0.82467688
 -1.33734189 -0.58384696 -0.0618737   1.15367793  0.53379952 -0.70902221
 -0.22257054  0.24194561  0.12309866  1.01250947  1.36610958  0.51688724
  0.76455972  0.87564174  0.2765588 ]
[ 1.         -0.99596761 -0.26924357  1.03770672 -0.71297472  0.64623351
  0.86872843 -0.39989789 -1.39415659  0.58154073  0.78142716 -0.6526229
  0.0089735   1.21726963 -0.59073603  0.71760857  1.13825058 -0.74538065
 -1.98196392  0.2097841  -0.04024671]
[ 1.         -1.04801159 -0.5092505  -1.61454364  0.20472142  0.96141733
  0.4966604   0.18340281  1.55891083  0.69967302 -0.53067278 -0.2228062
  0.556213    0.34868307  0.12005916 -0.23881881  0.64246409  0.85774769
  0.26399269 -1.06940827  0.13522106]
[ 1.         -1.22003463 -0.51747625 -1.39750624  0.73043471 -1.64465346
  0.61061382  1.39849872  0.3598918   1.55866505 -1.65457967  1.74431324
  1.92591816 -1.91458462  1.10999224  0.47243702 -1.40015079 -1.08508628
 -0.10249265 -0.99581261  0.80146233]
[ 1.         -1.24654553  1.03865809  1.84115812 -0.64772499  0.1748584
  0.18562424 -2.14069929 -2.42963405 -2.16710376 -1.61641052  2.00393624
  0.08463126 -0.59655365  0.39884367  1.76095752  0.08444676  0.0544068
 -1.13516914 -0.33085874  2.92354341]
[ 1.          0.91947909  1.1244938  -0.05413088  1.01646833 -0.72204301
 -0.79329393 -0.27405469 -0.48012449 -1.88896265  1.32374396 -0.56691402
  0.47695004  0.04356463  1.16327126  1.34988633 -0.43921446  0.68021051
  0.50897332 -0.83244909 -0.21472089]
[ 1.         -1.03173785  0.38246134 -0.45938072 -0.53238455  0.64292103
 -0.8979175   0.35117284  1.50010597  1.26366149  0.56978679 -0.72635297
  0.53679077  0.08701309 -0.43707022 -0.07800319  0.94471847  0.33816088
  0.31970459 -0.0841856   0.53013791]
[ 1.          1.12466059  0.69140899 -1.5066844  -0.73789718  1.39120225
  0.61893347 -0.43983669  0.29283495 -0.19548296  0.87710876  0.6791562
  0.92269118  0.3877108   0.27440663 -0.36416803  0.17839461  0.20406632
  0.08012645 -0.58552178  0.66606134]
[ 1.         -0.99206518 -0.53353873 -1.34575178 -0.19826449 -0.54866528
  1.33699788 -0.43725502 -0.65072978 -0.28530452 -0.9437059   0.35654007
  0.13185134 -0.72972613 -0.16511733 -0.01747793  1.38171664  1.01325692
  0.12176785 -0.11334562 -0.36540082]
[ 1.         -0.72929542  0.0640174  -0.89175342  0.17674924 -0.33406951
 -0.67930546 -0.78317053  0.48336417 -1.37439117 -1.20476954  0.74216612
 -1.25765008 -0.20649832 -0.39772734  0.38903763  0.51784378 -0.12899362
 -0.35509524  1.8120412  -0.18135967]
[ 1.         -0.86355021  1.4126886   1.35516768 -1.54289129  0.48828761
  1.4528994  -0.17283191  0.71199313 -2.36695466 -1.71652165 -0.05872198
  0.11522162 -0.29839193  0.64823612  1.1675737   0.93889812 -0.83844088
 -0.50962701 -1.77559421 -0.53304836]
[  1.00000000e+00   1.10674001e+00  -2.16234923e+00   6.25203389e-01
   5.04409480e-01   1.69919948e+00  -2.09214631e+00   1.28157268e+00
   1.54473448e-01  -1.65426406e+00   1.84760443e+00   5.93551523e-01
   9.80200870e-01  -2.39937343e+00  -8.54788667e-01  -2.03944681e+00
   1.69714599e-01  -1.30854747e+00   2.68377431e-01   1.76522418e-03
   1.43691560e+00]
[ 1.          1.0774572  -0.49539652  0.84995509  0.63670993 -0.23738897
  0.71987742 -1.09772822  0.84332762  0.7015638   0.21564385  1.75202779
 -1.0024574   0.5495236  -1.98919728 -0.37071087 -0.63483513 -1.16233321
 -0.90296651 -0.61938878 -0.60692202]
[ 1.         -1.22636745 -0.06153056  0.02947032 -0.61831186 -0.59540392
  0.36251941  0.74596951  1.89221699 -1.55183383 -0.47425096 -2.1561222
 -0.52802717  1.6401067  -0.85538253 -1.18115818 -0.45374515 -0.67129061
 -0.25123857 -0.35403824  1.1560014 ]
[ 1.          0.7131706   1.6503617   0.27191644  1.49744265  0.43734807
  0.11037963  0.49688678 -0.952511    0.06316008  0.81260813  0.11067209
  1.12336239  1.40128477  0.66271773  0.70228963 -0.81458825  1.04255436
 -0.06999883  0.21795742  0.42720862]
[ 1.         -0.11392052  2.60302259  0.9557386  -1.27640418 -1.42275277
 -1.51958447  1.1010178   1.88087034  2.17393891  0.29425989  3.06726717
 -0.88883626 -0.35351717  4.16158821 -3.52428132  2.27675595  0.03557165
 -0.57695983 -0.0554278   1.65482529]
[ 1.          1.11676996  0.21605689 -0.56025619 -0.09703966  0.74017034
 -0.06975987 -0.09554129 -0.28509631 -0.92494241  1.96354661 -0.96843953
  2.96838558 -1.13965473 -0.30555705 -0.60631751 -0.30692527 -0.50918853
  0.18459105  0.6566946   1.66620522]
[ 1.         -0.72393977 -2.17331177 -1.67917389  2.22917642  2.355539
 -3.38186979 -0.38245082 -1.89347539 -1.9397943   0.96119358 -0.08102498
 -1.95166009 -2.0918993   0.93881018 -2.32140612 -0.0061647   1.3619208
  0.25844636 -0.56346424 -1.55119072]
[ 1.         -0.91597821 -0.36263468  1.95131446 -1.69181089 -0.32936949
 -0.04382475 -1.86998944 -1.81333456  0.57602752 -0.80448875 -0.30996779
  0.82290729  0.48370091 -0.03007906 -3.70712437 -1.42610706 -0.1374398
  3.59042148  1.82216941 -0.36753797]
[ 1.          1.0791663   0.65600543  1.1850232   1.69515749 -1.03840955
  2.54309385 -1.08145446  0.74458545 -0.02202578 -0.47328759 -0.98867519
  1.42674703 -2.28774918 -0.82767993 -1.1574832   2.66701254 -0.14798709
  1.10685012  2.21192974  0.28574785]
[ 1.          1.07897125  1.42781891  0.44147629  1.91180233 -1.01499774
  1.50110577 -0.70300107  0.2442637   0.23213544  2.18604442 -0.90767375
 -0.16225833  1.28775961  1.55745201 -0.27047163 -0.51006717  1.09762688
  1.11233042 -0.53874079  1.33902256]
