Cluster centers 

[ 1.13321813  0.27866333  0.4979684  -0.14233421]
[-1.05019029  0.71936478 -1.44518131  0.94715257]
[-0.95990831 -1.51248936  0.19074709 -0.64496414]
[-0.99796445  0.73389253  0.98135082  0.27847738]
[ 0.97271722 -0.58212092 -1.01713392 -0.56402127]
[-1.14475134 -0.2502864  -1.33617532  2.52150368]
[ 0.77227486  1.52514488 -1.21488699  0.25086842]
[ 1.15011667 -1.26058355  0.36631168  0.43312303]
[ 0.90994824  0.58477615 -0.58144376 -0.85574561]
[-0.89528012 -0.70289812 -0.58482624 -1.35727979]
[-0.95036869 -0.27188626  0.53425065 -1.10883334]
[-1.12047917  0.06841189 -0.94943329  2.03392665]
[-0.95607739  0.81126152  0.52789101 -0.95286069]
[ 0.891062    0.15111914  0.63799913  3.12814388]
[ 1.15851515 -0.72726968  0.61311224  0.24426716]
[-0.93428755  0.09262265  1.43048714 -0.65971293]
[-1.01307941  0.50979867  0.66469241  1.10636114]
[ 0.53454658  1.48525524 -1.17482713 -1.04060408]
[-0.3579934   1.62775818 -1.9387235  -0.58616625]
[ 1.08857424 -2.65390522 -0.32628964  1.15101954]
[ 1.14258839 -0.42318233  0.26011057 -0.04837772]
[-0.99981634  1.04911265 -0.0551741  -0.1605401 ]
[-1.07888071  0.65617209 -0.6468634   0.97716859]
[-0.997261   -2.61037464 -1.1414858  -0.30036709]
[ 0.921709    1.32331933 -0.37531835 -0.37159223]
[ 0.38752064  0.67935109 -1.42647728 -1.56140785]
[-0.76484446  0.34319827  2.12299721  1.0683524 ]
[ 1.02562163  0.40727347  2.09775736  1.00598641]
[-1.23588291 -1.18251598 -3.06994562  3.63471351]
[-0.82098131  0.26695916 -0.42067356 -1.62313854]
[-0.92440872 -0.75403633  1.12248788 -0.66487608]
[ 0.97196132  0.56244074  1.48385026  2.0834513 ]
[ 1.15523395 -0.18692554  1.26907406  0.33040029]
[-0.34746942 -0.41147802 -1.96967213 -1.72004777]
[ 1.07412778 -1.92976467 -1.28800471  0.30443693]
[ 1.12165505  0.95051946  0.80007784  0.47541729]
[-0.90978    -0.56270459  0.00799455  3.20405912]
[ 1.07924531 -1.27757753  1.35220716  0.78340863]
[-1.11949496  0.30159202 -1.45361067  1.64699043]
[ 1.13469904 -1.92625117 -0.37111795  0.61435439]
[ 1.09728889 -0.48749985 -0.2502344  -0.24891074]
[-0.89692424 -1.8139316  -1.60119445 -0.99899061]
[-0.95471388  0.61024355  1.44462435 -0.13310667]
[ 0.7953074   0.88741808 -2.23445988  1.87280522]
[-0.8897086  -1.25129004 -1.10195508 -1.22016163]
[-0.941863    0.38565593  0.52399238 -1.19143245]
[ 1.02728944  0.13996458 -0.32879107 -0.58010895]
[-0.92975777  1.14463215 -1.3003113   0.13069917]
[-0.95777676 -1.10292732  0.30979588 -0.84084715]
[-0.96816616  0.58217602  0.96684231 -0.77429592]
[ 0.92059262 -0.20769422 -0.6389521   3.77319585]
[ 1.14425989 -0.93506983  0.96735223  0.47664526]
[ 0.79874179 -1.49391842 -2.28406658 -0.49585704]
[-0.89345842 -1.43473215  1.01593651 -0.35564195]
[ 0.95611751  0.03737194 -0.70486451 -0.74826628]
[-0.97407851 -2.39948013 -0.37976006 -0.22890192]
[-0.89671591 -0.51346935  1.50998859 -0.55772862]
[ 1.00592874  1.27459681 -0.35357571  0.7919335 ]
[ 0.63645123  1.4406129  -1.9299105   0.63851436]
[-0.93525913  0.34558484  1.06814373  1.45277287]
[-1.13435351  0.10455519 -1.9929558   1.95143886]
[-0.97185901  1.01842925  0.29753617 -0.65138814]
[ 1.14802974 -1.05235213  0.11341049  0.21791076]
[-1.05270068  0.73056272  0.11061052  0.68387592]
[-0.92101602  1.23440526 -0.57020761 -0.46302306]
[-0.9528152  -0.03951198  0.79382646 -1.04069965]
[ 0.80751142 -0.47545337 -1.47045325 -0.88409946]
[-1.05152748 -0.4043896  -0.54723738  2.8493207 ]
[ 1.0618188  -1.38762995 -1.05494934 -0.02653219]
[-0.84731914  0.1755009   2.11351257 -0.12416031]
[-0.92704513 -2.31192603  0.22653187 -0.07787506]
[ 0.91401166  1.28416534 -1.02496751  0.99457297]
[-0.9480575  -0.89670594  0.69164484 -0.79174346]
[-0.93746323 -0.79504363 -0.22454102 -1.19397668]
[-0.96166269 -1.27485915 -0.21643716 -0.93671755]
[ 0.06736559 -0.66696852  3.29220078  0.86707187]
[ 0.7392538   1.4520197  -0.85398573 -0.7199437 ]
[-1.16995054 -0.26870594 -1.89005751  2.50540668]
[ 0.75399501  0.26649933 -1.17765256 -1.14569182]
[ 1.13676374 -1.3978239  -0.26540728  0.28880023]
[-0.94069863 -0.35079528  1.07841397 -0.82761061]
[ 1.09781488  0.8452101   0.41351255 -0.13422975]
[-0.92787854  0.53718731  1.47201367  0.76283052]
[ 1.13548395 -1.75217484  0.19503342  0.67790312]
[ 1.0737648   0.44800365  0.0855538  -0.41271693]
[ 1.07548476  1.130462    0.30724561  0.16107367]
[ 1.16069005  0.1826143   1.0012325   0.15207033]
[ 0.47258102  1.6834786  -1.72250127 -0.21435002]
[-1.01801398  0.85311962  0.55702399  0.07414253]
[ 1.01816312  1.07382005 -0.00220467 -0.33396457]
[-0.89616405  0.42724359  0.08389829 -1.40367272]
[ 1.04184537 -0.09211436 -0.38575326 -0.51333521]
[ 0.89166863  1.46208982 -0.6554725   0.09920462]
[-0.83708605 -0.31485754  2.00322432 -0.30024373]
[-0.97286432 -1.68189862 -0.27620763 -0.70516527]
[-1.02929336  0.94753643 -0.54553233  0.34582746]
[ 1.11886625 -1.03690592 -0.34386084  0.02603451]
[-0.95363687 -0.62778671  0.41036786 -1.03271529]
[-1.0822685   0.29277859 -0.2567433   1.64162313]
[-1.03637104  0.07674285  0.04779701  2.05178907]

Populations

0.0228973461918
0.00894826012391
0.00534758712096
0.0100710841458
0.0093501267167
0.0032800441258
0.00552484071949
0.00737979545673
0.0146849893418
0.00997893389117
0.00565389353749
0.0141576231272
0.0123073219665
0.0033763740331
0.0164043565583
0.011713624299
0.0112154866709
0.0130369282612
0.00532991411253
0.0127260085465
0.0274964495011
0.013803423596
0.0143746427904
0.00807140255897
0.0147765556624
0.0164777499141
0.00532275023042
0.00531065338243
0.00159648886005
0.00835994743858
0.00506527698545
0.00322583056351
0.0192728155514
0.0072616512638
0.00752343947075
0.0207174998218
0.00164204291661
0.0157266584819
0.00705993209743
0.00740046573579
0.0256136339846
0.00584121089399
0.0208369650078
0.0020450024615
0.0203947533212
0.0123131159319
0.0145944113687
0.00356373669147
0.00746132192133
0.0179185334069
0.0103724818344
0.00184205264315
0.00827819860031
0.00370010064408
0.00175410330569
0.0052921339096
0.00781742910582
0.0120085267101
0.00928982282304
0.00889659860845
0.00931777849349
0.00703047172788
0.0154572964598
0.00750772618043
0.0067285530431
0.00169525102117
0.00683757749441
0.00561948059496
0.00856907534358
0.00499939427781
0.00344803131798
0.00722131688146
0.0194687801295
0.0104758779184
0.0019701619851
0.0111038894666
0.00330928282723
0.00916555220297
0.0113575826776
0.0128185672796
0.0149359477298
0.00454969293681
0.00890807636299
0.0177120992788
0.0271641933158
0.0173398474962
0.00743694353594
0.0164934465278
0.00949405668142
0.0114886419168
0.00889140054512
0.00910529640357
0.00563318210383
0.00862637313487
0.00706960113453
0.0161222466931
0.00880381580391
0.0127798348064
0.00963930732563

State labels

0
1
2
3
4
5
6
7
8
9
10
11
12
13
14
15
16
17
18
19
20
21
22
23
24
25
26
27
28
29
30
31
32
33
34
35
36
37
38
39
40
41
42
43
44
45
46
47
48
49
51
52
53
54
55
56
57
58
59
60
61
62
63
64
65
66
67
68
69
70
71
72
73
74
75
76
77
78
79
80
81
82
83
84
85
86
87
88
89
90
91
92
93
94
95
96
97
98
99

Eigen values

1.0
0.549835609324
0.544298202956
0.512820310569
0.496799296491
0.471436260582
0.457408251379
0.454541242715
0.443293634128
0.426898125863
0.410400971134
0.406763757467
0.387021430344
0.377488451459
0.368367512929
0.350325179556
0.342723963539
0.33237514592
0.323203308197
0.309951608164
0.304743208475

Left eigenvectors

[ 0.02289735  0.02884923  0.01975145 -0.01417439  0.00921717 -0.0293404
 -0.01736119 -0.00421116  0.01873398 -0.01617786 -0.02549772  0.00290423
  0.00604245  0.02548039  0.02286573  0.01935588 -0.00327224  0.00129625
 -0.01764692  0.01496726  0.01834301]
[ 0.00894826 -0.00548679 -0.01355819  0.00292158 -0.00123453 -0.00318833
 -0.00188501  0.01898181 -0.0035468  -0.00765895  0.00921867  0.0187057
  0.00601793 -0.00910631 -0.00810223 -0.00294516 -0.00988354 -0.00404789
 -0.01543708  0.0050275   0.01242203]
[ 0.00534759  0.00518257  0.00377107  0.01832798 -0.00851518 -0.01181363
  0.00237666 -0.0112691  -0.01206769  0.00989504  0.00811167  0.0104705
 -0.00386749 -0.00856695  0.0108798   0.00314269  0.01127135 -0.00498404
 -0.0092365  -0.01267673 -0.00602773]
[ 0.01007108  0.00533192 -0.01534121 -0.02164121  0.02231531 -0.01584887
 -0.00590392 -0.02259779  0.00243812 -0.01437924  0.01838185  0.00931091
  0.00490369 -0.00300582  0.00536363  0.00045344  0.00404008 -0.0213353
  0.01169718 -0.01243852  0.01526105]
[  9.35012672e-03   9.15214582e-03  -1.27537017e-02  -1.59994959e-02
   1.59161319e-02  -1.86893402e-02  -8.73754041e-03  -2.59132615e-02
   1.54198745e-02  -7.47165164e-03   4.55677191e-05   2.40525944e-03
  -2.52993895e-03   6.39107715e-03   1.00214911e-02   4.12106262e-03
   6.69416351e-03  -1.23406548e-02  -3.47932630e-03  -3.39270820e-04
   4.72005565e-03]
[  3.28004413e-03  -2.73964572e-03  -9.23001323e-04  -4.57714742e-03
  -6.64505741e-04   1.14729197e-03   1.64650505e-03  -1.34941470e-04
  -2.63896527e-03   2.83816756e-03  -2.14676185e-03  -2.93456519e-03
  -3.28107480e-03  -3.38310358e-03  -2.56858628e-03   7.68902614e-04
   8.77227490e-05   1.11265690e-03  -3.03281101e-03   4.61321780e-03
  -3.26553910e-03]
[ 0.00552484 -0.00016248  0.00784137 -0.00554149 -0.00254088 -0.00104568
 -0.00978371  0.00480091  0.00752791 -0.00563971  0.00191313  0.00864498
 -0.00026736 -0.00053852 -0.00204291  0.00567647 -0.00095864 -0.00116955
 -0.00865603  0.00337458 -0.0064907 ]
[  7.37979546e-03   6.26899627e-03   8.57631845e-03   1.08135378e-02
   8.53394596e-03   9.03327715e-03   7.65648236e-03  -4.19149735e-03
  -1.04956081e-02   8.21562333e-03   1.78850013e-06  -2.58323580e-03
   9.28588209e-03   1.34296483e-02   4.87821958e-03  -7.79650198e-03
  -5.79608714e-04  -7.36391648e-03  -5.27661870e-03  -7.39061222e-03
   1.73886036e-03]
[ 0.01468499  0.02108962  0.01340162 -0.00942854  0.00771552 -0.0028747
 -0.01090346  0.00761333 -0.00911091  0.01147794 -0.02109431  0.00381201
  0.0016131   0.00756917 -0.0020554   0.00568582 -0.00985663  0.0024222
 -0.00733448 -0.00980321  0.00369387]
[ 0.00997893  0.00387151 -0.02215616  0.00671513 -0.01277184  0.00803908
  0.00456205  0.0235774   0.00419035 -0.00339609 -0.00404548  0.01298576
 -0.01755117  0.00488715  0.01071988  0.00322473  0.03068963  0.01067157
  0.01126187  0.00092212  0.02699119]
[  5.65389354e-03  -2.04646315e-02   8.40435663e-03  -5.10974473e-03
   3.19371275e-03  -3.28251247e-03   1.82362931e-03  -1.94309679e-03
   5.06542795e-03   5.76026883e-04  -3.86750908e-03  -2.36841610e-03
  -6.86387025e-03  -3.04976511e-03   1.93453246e-05   1.82086406e-02
   6.45186842e-03   1.14243828e-02   5.61806714e-03  -1.03357187e-02
  -9.43944476e-03]
[ 0.01415762  0.0043305  -0.00953418  0.01379954  0.00806358  0.02256269
 -0.00144464  0.01819256  0.01620351  0.01100132  0.01286323  0.00695048
 -0.01232969  0.01053723  0.01254995  0.0137976  -0.00898642 -0.00805395
 -0.00187019 -0.00329224  0.00286662]
[ 0.01230732 -0.00209807 -0.01802021 -0.0005949  -0.00532885 -0.00832321
 -0.0078819   0.02801223 -0.00552014 -0.00026934 -0.00435706 -0.00545654
  0.03922292 -0.00937248 -0.00113696  0.00117184  0.00148127 -0.01112458
 -0.01248344 -0.00791007 -0.00252695]
[ 0.00337637  0.00083376 -0.00509519  0.0054366  -0.00531498 -0.00063619
 -0.00108828 -0.00070336  0.00398712 -0.0082148  -0.00376155 -0.00037193
 -0.00810984 -0.00088849 -0.00145266 -0.00568725  0.00839071  0.00620571
  0.0050939  -0.0015022   0.01367302]
[  1.64043566e-02  -2.82043473e-02   1.65486437e-02  -4.95409005e-04
  -1.29176547e-02   9.31407968e-04  -2.13224389e-02  -2.53689851e-05
   2.93447033e-03  -3.00248910e-02   3.09225920e-03  -1.84549451e-02
  -6.32672753e-03   1.51504410e-02   5.55760716e-03   2.23077248e-03
   4.23926133e-03   7.58355393e-03  -1.87337015e-02  -2.33240173e-02
  -6.04566079e-03]
[ 0.01171362  0.00011061 -0.01990903  0.00969227  0.00249484  0.01872252
  0.01023643  0.02139718  0.02259221 -0.00249848  0.00915793  0.01503626
  0.00305653  0.00606251  0.02478451  0.01203486  0.01237736  0.01446749
 -0.00894574  0.00531302  0.00734856]
[  1.12154867e-02  -1.72007973e-02   4.13568692e-03  -8.78282665e-05
   4.74441145e-03  -4.77790438e-03   4.87139780e-03  -3.45741829e-04
   5.02753245e-03   1.08345646e-02  -1.46881280e-02   6.09809035e-03
   2.27236349e-03   8.61055866e-04  -6.69990246e-03  -9.14945466e-03
   7.92466208e-03  -9.69500506e-03  -1.05727375e-04   8.47601449e-03
  -3.38301765e-03]
[  1.30369283e-02  -1.07337119e-02  -2.70205331e-03  -6.56459384e-03
   2.30845981e-02   1.33464870e-03   1.04187783e-02  -2.59286596e-03
   5.10741037e-03  -3.83279841e-05   6.42158746e-03  -9.12271374e-03
  -2.51346609e-02  -5.06894997e-03   7.89558631e-03   2.38824787e-02
   1.98522660e-03   5.91394174e-03  -3.98281520e-03  -4.25425412e-03
  -2.80639554e-02]
[  5.32991411e-03  -1.07274264e-03   3.78233096e-04  -1.75091385e-03
   4.99995226e-03   1.40908605e-03   3.03759373e-03   7.37675186e-06
  -7.38989229e-04   4.94542161e-03   1.65973337e-02  -1.12298818e-02
   5.37961499e-03   3.64785046e-04  -4.99338918e-03   2.87618331e-03
  -2.29126533e-04   2.01983804e-03   1.65046486e-03   3.45753552e-03
   1.25910265e-02]
[ 0.01272601 -0.00345206 -0.00540715  0.01568718 -0.00654479  0.00172588
 -0.01301669  0.00553154 -0.00213743  0.00113832  0.00079375 -0.01460156
 -0.01530631  0.01661501 -0.00181384  0.01496692 -0.01225552 -0.02608058
 -0.00585276 -0.00451765 -0.00758346]
[  2.74964495e-02  -1.64765340e-02  -1.44684055e-03   2.66164484e-03
   2.81206136e-02   9.06407998e-03   1.49756480e-02  -2.53472515e-03
   1.95918181e-02  -3.44573048e-02  -2.45390605e-05  -8.90720693e-03
   2.03291978e-02  -3.22952459e-03  -1.87671339e-02  -1.66270643e-03
   1.30841669e-02   7.98641539e-03   1.49423608e-03  -3.27755001e-02
  -1.94373796e-02]
[ 0.01380342 -0.01270964  0.0034888   0.0153881   0.025491   -0.02901564
  0.00983568  0.01468957  0.00842608  0.01684828  0.01028116 -0.01614422
 -0.01320117 -0.01770582  0.01016975 -0.0194126  -0.02453433  0.00860381
  0.0073264   0.00587322  0.01222475]
[ 0.01437464  0.00382725  0.00098469  0.01133979  0.00489024  0.01293744
  0.00495065  0.00296598 -0.00844573 -0.01569675  0.00896708  0.00164277
  0.01613557  0.00356508  0.02121036  0.00417031  0.01048274  0.00160432
  0.0075304   0.01480976 -0.01565077]
[ 0.0080714   0.00018234 -0.01128297 -0.00631447  0.00059182 -0.00163857
  0.0051651   0.01428263 -0.00942886  0.01046846 -0.01106836 -0.00579028
 -0.00411609 -0.00670631 -0.0053283  -0.00203445  0.01568477  0.01395053
 -0.0032     -0.01001318 -0.00053612]
[ 0.01477656  0.00684659  0.00405206  0.01412942  0.015672    0.02846955
 -0.01737468 -0.02022918  0.01138594  0.0130928  -0.00803236 -0.00552003
  0.01235721 -0.0045586   0.00084863 -0.02794248 -0.01460209  0.02466749
 -0.0026393  -0.00820805  0.00866049]
[ 0.01647775 -0.0339099   0.0206471  -0.01144723 -0.02487764  0.0026899
 -0.01338097 -0.00545744  0.00637912  0.00869938  0.00123116  0.01558452
  0.01517712 -0.02034     0.01337944 -0.00461209  0.00557775 -0.00958093
 -0.0039963   0.02049245 -0.0038598 ]
[ 0.00532275  0.00431025  0.0038318   0.00950744  0.00043061 -0.02406788
 -0.00249553  0.00756681  0.00950191  0.00285732  0.00694043 -0.0132745
 -0.00149864 -0.01163301  0.00455794 -0.01044709 -0.00154861  0.00720665
  0.0102088   0.00682704 -0.00240298]
[ 0.00531065  0.01498612  0.01510475 -0.00216415 -0.0053897  -0.00867646
  0.00387774  0.00840673  0.00942872  0.00560581  0.00960831  0.00124294
 -0.00028659  0.00886575 -0.01517225 -0.00180053  0.00832237  0.00016563
  0.00492263  0.00347966 -0.0054097 ]
[ 0.00159649  0.00279398 -0.000603   -0.00213852 -0.00753542  0.00102641
  0.00802237 -0.00325328  0.00527587  0.00036829 -0.00176882 -0.00040062
  0.00022145 -0.0015192   0.00523681  0.00286678 -0.00911593  0.00140162
  0.00086307 -0.0011927   0.00071985]
[ 0.00835995 -0.00363099  0.00709617 -0.00712065 -0.00862253  0.00439068
  0.00688907 -0.00318559 -0.00490623  0.00168216  0.02186338 -0.01532372
  0.00402876  0.0073529  -0.01566977  0.00148357  0.00417212  0.00561244
 -0.0112418   0.00497843  0.01412433]
[ 0.00506528  0.00556377  0.01064996  0.00075775 -0.010854   -0.00164745
  0.00765596 -0.00313532  0.00464518  0.00542716  0.01862079 -0.00478055
  0.00200979  0.00432682 -0.00645498 -0.00374601  0.00995918  0.00285352
 -0.00818328  0.0025957   0.00465088]
[ 0.00322583 -0.00080267 -0.00674395  0.00115786  0.00188161  0.00305751
  0.00433899 -0.0012871   0.01058061 -0.00266494  0.00013662  0.00408018
  0.00258705  0.00329833  0.00125193 -0.00392089  0.00185831  0.0028781
 -0.01144729 -0.00037419 -0.00846095]
[ 0.01927282 -0.01224981  0.00319658  0.00404005  0.01346958 -0.01155422
  0.01272735  0.00388176 -0.0100835  -0.00242759 -0.01389464  0.01434884
 -0.00670328  0.00857071 -0.00704639  0.01341672 -0.00132856  0.02066616
  0.00367082 -0.00739308  0.00454663]
[ 0.00726165  0.00412385  0.00559377  0.00438368  0.00516215  0.00595451
  0.00908465  0.00372786 -0.0137149   0.00049696 -0.01221832 -0.00462392
  0.005542    0.00400073  0.00698065 -0.00930754 -0.0030773  -0.01528641
  0.00769265 -0.00691192 -0.00338844]
[ 0.00752344  0.00847964  0.01193305  0.00311685 -0.00101076  0.01109225
 -0.0164138   0.00100866  0.00687172  0.00301644  0.00178512  0.01450293
  0.00140512 -0.01791394 -0.00819018  0.00184403 -0.00015334 -0.00157729
  0.01006466 -0.00967167 -0.00477804]
[ 0.0207175   0.00577222  0.01334948  0.01093724  0.00963469 -0.01663774
  0.02298374 -0.00383686 -0.0280594   0.02720156 -0.01868052  0.01850553
  0.0152991   0.00203536 -0.0019801   0.01032094  0.00213466 -0.01453574
 -0.0080605   0.00459988  0.00530273]
[ 0.00164204  0.00229349 -0.00021726 -0.00268375 -0.00318989  0.0017736
  0.00357224  0.00094104 -0.00069085 -0.00024981 -0.00301034 -0.00391944
 -0.00122268 -0.0029897  -0.00014516  0.00164251 -0.00384455 -0.00142497
  0.0003485  -0.00565294  0.00070143]
[ 0.01572666  0.00347322 -0.00050881  0.00686227 -0.00494402  0.01067705
 -0.00129244  0.01287949 -0.00594706 -0.01249656 -0.01511707 -0.01842538
  0.01305949 -0.00865898 -0.0137067   0.00636233 -0.00906044 -0.02600718
  0.01382925 -0.02757784 -0.00375456]
[ 0.00705993 -0.00413239 -0.0065939   0.00102984  0.0131506  -0.01352147
  0.00421876  0.0091376   0.00035075 -0.00183739  0.00731908  0.0034028
  0.00801939 -0.01205693 -0.00070752 -0.00855789 -0.01080859 -0.00913699
 -0.00725973 -0.00090289  0.00939317]
[ 0.00740047 -0.00370779  0.00013107  0.01232355 -0.00728931 -0.00449998
 -0.00753975 -0.00458404 -0.00596358 -0.01503406  0.0022791   0.00296919
 -0.01061343 -0.00825891 -0.00947295  0.00018939 -0.00455093  0.00431416
 -0.01034761 -0.00906324  0.01066279]
[ 0.02561363  0.01231301  0.02714076  0.00964336  0.01938129  0.02762051
  0.01544741  0.00416893  0.0064688   0.01380603  0.02625746 -0.02219989
  0.00390136  0.04700222 -0.03159891 -0.00818483  0.01179198 -0.01348151
 -0.0269344  -0.0134376   0.01858928]
[ 0.00584121  0.00130763  0.00148944  0.00174973 -0.00558461  0.00408845
  0.00659633 -0.00470414 -0.00245982 -0.00257158 -0.00346732 -0.00424972
 -0.00269488 -0.00886521 -0.01277321  0.00738818 -0.00676664 -0.00662175
 -0.00738757  0.01288645  0.00703619]
[ 0.02083697  0.0027701  -0.0042641  -0.00388016 -0.0057298   0.00863914
  0.01560199  0.00961202 -0.00473485  0.00224556  0.00266425  0.00723316
 -0.00251089 -0.01342832 -0.00718432  0.00451983  0.01507893 -0.00936482
  0.01152323  0.00562734 -0.00895765]
[ 0.002045   -0.003259    0.00195012 -0.00205906 -0.00348839  0.00152557
 -0.00424791  0.00028244 -0.00350133 -0.00549952  0.00097603 -0.00532496
 -0.00023677  0.00344726  0.00674451 -0.00140735  0.0011309   0.00247552
 -0.00036085 -0.00170167 -0.0006849 ]
[ 0.02039475 -0.00062969  0.00057038 -0.02047246 -0.0185103   0.01320364
 -0.01222707  0.00259572 -0.03465853 -0.00946158  0.00414556 -0.02025511
  0.00605682  0.00710398  0.04269382 -0.01262821  0.00245652  0.00697998
  0.02102443  0.01854176  0.0033679 ]
[ 0.01231312 -0.00725704 -0.0177952  -0.00416186 -0.00886073 -0.0075644
 -0.008634   -0.00176962 -0.02648089 -0.00294198  0.0131096   0.02211418
  0.00118695  0.01869066 -0.02143218 -0.00390735 -0.02195874  0.02993377
  0.01848491  0.00085975 -0.00438394]
[ 0.01459441  0.00464138 -0.00496114  0.00270094  0.00893804 -0.00447292
 -0.00866912 -0.01235712 -0.02555987 -0.00078065  0.00928908  0.01449546
 -0.00536199  0.00612441  0.00018411  0.00389859 -0.01725633  0.02207975
  0.01062571 -0.01132513 -0.00758267]
[ 0.00356374  0.00912634  0.00797058  0.0018999  -0.00227606 -0.01507103
  0.00166931  0.0070105   0.01021945 -0.00239113  0.00316688 -0.00674209
  0.00096123  0.00170995 -0.00431275 -0.00695204  0.00105579  0.00203844
  0.01278908  0.00864817 -0.00825362]
[ 0.00746132  0.00191353 -0.01691112  0.00047513 -0.00452967 -0.00172457
  0.00254561 -0.02146798  0.02089656  0.00758646 -0.00629681  0.00302492
  0.00649831  0.01136922 -0.00117925 -0.01189068  0.00016768  0.00221744
 -0.01422889 -0.0044561  -0.01507662]
[ 0.01791853 -0.00090265 -0.01259499 -0.00672875  0.00655964  0.00295211
 -0.01243735  0.01081143  0.00755238 -0.00020514  0.01842668  0.0129728
  0.00627477 -0.01115011 -0.00380749  0.01911376 -0.01036777  0.00265352
  0.0020139   0.00574737  0.00628438]
[ 0.01037248  0.02187464  0.00701269 -0.01736494 -0.01190817 -0.00599338
  0.00311552  0.01369304  0.00486981 -0.00052185 -0.00702364  0.00830294
 -0.01084804  0.00575691 -0.00253661  0.00566425  0.00023035  0.00154764
  0.00405156 -0.0068935   0.00440608]
[ 0.00184205  0.00137692  0.0039699   0.00021019  0.00400437 -0.00319197
  0.00201491 -0.00177754  0.00112714 -0.0018427  -0.00837015  0.00167995
  0.0036215   0.00272556  0.00029674  0.00688728  0.00381759  0.00201121
 -0.00233096  0.00707156  0.00728518]
[ 0.0082782  -0.00257089 -0.0093876   0.0061498  -0.00161614  0.00844246
 -0.00481153  0.01285825  0.00621508  0.0111092  -0.0018228  -0.00408024
 -0.00843438  0.00319592  0.00269325  0.00592244  0.00417003 -0.01992058
  0.01693024 -0.00932192  0.00877169]
[ 0.0037001   0.00059496 -0.00890647  0.00256555 -0.00041535  0.0024592
 -0.00555303 -0.00421462  0.00548485  0.00963777 -0.00250501 -0.00794657
  0.0070629  -0.00089804 -0.00322117 -0.00353478  0.00680679 -0.00227145
  0.00891719 -0.00378286  0.00082374]
[  1.75410331e-03   1.29389837e-05  -2.70291230e-03  -3.77462020e-03
   5.86261427e-03  -2.55883765e-03  -2.29411047e-04  -4.79398365e-03
   1.82444638e-03  -5.53266774e-03   4.16805304e-03   1.48076029e-03
   2.73938222e-03  -9.95354495e-04  -1.57325978e-04  -2.04393615e-05
   2.23111662e-03  -5.26243389e-03   3.50660970e-03  -6.87613143e-03
   2.76812493e-03]
[ 0.00529213 -0.00286151 -0.00228416  0.00509574  0.006438    0.00663374
 -0.0004792   0.00586014  0.01029203  0.0059092   0.00292591  0.00264865
 -0.0045678  -0.00061388  0.00879498 -0.00795161 -0.00842637  0.0028128
 -0.00428109  0.00512904  0.00563912]
[ 0.00781743  0.0100763   0.0058199   0.00456526  0.00824744  0.01958856
 -0.01907482 -0.00230613  0.00488512  0.01009859 -0.00224523  0.00538775
  0.00414398 -0.00681554  0.00041158 -0.00664078 -0.01188331  0.01191451
  0.00485233 -0.00216428 -0.00191315]
[  1.20085267e-02   1.92507545e-03  -9.41512919e-03   6.96619383e-03
  -6.75702836e-03  -9.54250584e-05   1.33491722e-02  -8.07141507e-04
  -1.12271485e-02  -9.79094513e-03  -7.48080828e-03   1.07248582e-02
  -8.55584052e-03   9.50645286e-03  -8.49442867e-04  -5.00275912e-03
   2.74064174e-03   4.11235532e-03   9.06441326e-03   9.15125804e-03
  -1.00879972e-02]
[ 0.00928982 -0.00362715  0.01071022 -0.00362837 -0.00933206  0.00064406
 -0.00084576 -0.00725684 -0.00710859  0.00036691  0.0130083  -0.00729431
  0.00077257  0.01140936  0.01285739 -0.00772423  0.00542931  0.00261459
 -0.00397123  0.01547132  0.0083275 ]
[ 0.0088966   0.00504665  0.01258595  0.02123138 -0.01601751 -0.01231125
 -0.00297377 -0.00895429 -0.00319186  0.00156258  0.01746055  0.00902957
 -0.00243622 -0.02687379  0.00770813 -0.00531643  0.01817969  0.0010496
 -0.00698044 -0.01459064 -0.00150923]
[ 0.00931778  0.00446018 -0.00531525 -0.00721441 -0.02236994  0.004492
  0.02317739 -0.01282076  0.01986959  0.00666059  0.0017284  -0.00104834
  0.00525186 -0.00615737  0.01014288  0.00347215 -0.01159759  0.00564575
 -0.00423716  0.00316101 -0.00387058]
[ 0.00703047 -0.00110997  0.00953719  0.00646822  0.00078291  0.01046869
  0.00014937 -0.00839123  0.00446816 -0.00840734 -0.01233877  0.00453632
  0.0078728  -0.01790188 -0.00895611 -0.00386118  0.00125413  0.00295338
  0.00079667  0.00126738  0.00835453]
[ 0.0154573   0.0101948  -0.00524359 -0.03720327 -0.00448628  0.01113671
  0.01506503  0.0068551  -0.01560651  0.0176253  -0.00313872 -0.02564314
 -0.02003344 -0.02262922 -0.00840777 -0.00378604  0.01309647  0.01319146
 -0.02332824 -0.00986038 -0.00064475]
[ 0.00750773 -0.01986931  0.00861373 -0.00349504 -0.00317487 -0.00109193
 -0.00278548  0.00069053  0.00473344  0.006069   -0.00378913  0.0034508
 -0.01130219  0.0154931  -0.00336121 -0.01175353  0.00230722 -0.0126636
  0.00617131 -0.00554651  0.004005  ]
[ 0.00672855  0.0049088   0.00293807  0.00247754 -0.00522825 -0.00352733
  0.00956924  0.00533807  0.00476432 -0.01387538 -0.00342232 -0.00660961
  0.00332111  0.00062711 -0.00570069 -0.00908556 -0.00497231 -0.00471243
  0.01800455  0.00276901 -0.01514359]
[  1.69525102e-03   3.50825846e-03  -8.72037932e-04  -8.64820089e-03
   1.04824111e-03   2.10167401e-03   1.51166191e-03   3.38720166e-04
  -4.01407676e-03  -2.54957508e-04  -1.40551851e-04  -1.95804439e-03
  -7.68690990e-03  -6.64791291e-03   5.69935720e-04  -5.60629020e-03
   5.13215770e-03  -2.35176324e-03  -4.90060458e-03  -4.02533697e-05
  -2.56670916e-03]
[ 0.00683758 -0.00199084 -0.00494762 -0.00915119 -0.01152952 -0.00074796
  0.0110468  -0.01218884  0.00697245  0.01002621 -0.00084023  0.0023408
  0.00881396  0.00369781 -0.00041659  0.00172177 -0.01110142 -0.00093671
  0.00534008 -0.00697878  0.00285441]
[ 0.00561948  0.01541183  0.01426649 -0.00647353 -0.00211051  0.00113095
 -0.01064082  0.00907685  0.00856169  0.00292969  0.00268777  0.0142021
 -0.00346438 -0.00024598 -0.01238399  0.00688512  0.00226228  0.00010228
  0.0045992  -0.00407552 -0.01008666]
[ 0.00856908 -0.00028173 -0.01035871 -0.01367639 -0.00037221  0.00211117
  0.00191213 -0.00541786 -0.00386349  0.00774867  0.01265012 -0.01371287
  0.01784698 -0.00701521 -0.00106005  0.00492656  0.00565312 -0.00385368
  0.01300008 -0.00670206  0.00992965]
[ 0.00499939 -0.00095595 -0.01472134  0.00377523 -0.00391237 -0.00408951
 -0.00496743 -0.00473854  0.00530582  0.01300446 -0.01023674 -0.00269321
  0.01110904  0.00423689 -0.00734137 -0.00711752  0.01011412 -0.00107521
 -0.0041302  -0.0023605  -0.01338125]
[  3.44803132e-03  -8.99965907e-03   5.18475878e-03   1.73870850e-03
   9.03600300e-03  -5.01112161e-03   6.39511548e-03  -1.78836711e-04
   3.72593867e-03   2.09790140e-05  -5.57485693e-03  -2.70928158e-03
  -5.22643664e-04  -4.50508094e-03  -1.93861551e-03   9.15065963e-03
   3.72160854e-03   9.58999635e-03   4.22757549e-03  -2.31211213e-03
   3.59144345e-04]
[ 0.00722132 -0.01033173 -0.00089352 -0.00353646 -0.00829408 -0.00414934
 -0.00089759  0.00863227 -0.00532374  0.00325523  0.001234    0.01626665
  0.01737742 -0.00859519 -0.00364026 -0.00222986 -0.00116209 -0.01049067
 -0.00614825  0.0077843   0.00533297]
[ 0.01946878 -0.00482126 -0.00877375 -0.00414722  0.01189286  0.00375547
  0.01423993  0.01381856  0.00550121 -0.02094837  0.00449437  0.01391168
 -0.01281537 -0.00909889 -0.01180754 -0.01772082 -0.01364437 -0.01146352
 -0.03626877  0.02377367 -0.0182331 ]
[ 0.01047588  0.00529786 -0.01783847  0.00879187 -0.00428041 -0.01051697
 -0.00914877 -0.01340734  0.01192051 -0.00151886 -0.00061146 -0.01494413
 -0.00288281 -0.00595268 -0.00511874  0.00402473  0.01167894  0.00405927
  0.0135963   0.01486751  0.0006073 ]
[ 0.00197016 -0.00169423  0.0016623  -0.00089648 -0.00263246 -0.00389568
 -0.0068629   0.00428485  0.00019662 -0.00516616 -0.001945   -0.00619399
  0.00264515  0.00416106  0.00414677  0.00257942 -0.00072174  0.00250914
 -0.00767449 -0.00657375 -0.00164067]
[  1.11038895e-02   1.80073157e-02   1.00118251e-02  -3.34300888e-03
   1.06367956e-02   1.65354108e-02  -1.55333426e-02   9.27061878e-04
   2.29578927e-03   1.99140611e-03   9.31814601e-03   1.46582734e-02
  -6.37762016e-03  -2.88394011e-03  -2.69955052e-03   7.50251219e-03
   1.43868235e-03   1.22268173e-03   1.04268864e-02  -4.23831311e-05
  -1.17458259e-02]
[ 0.00330928 -0.0029998  -0.00055395 -0.00250415 -0.00195823 -0.00029403
  0.00221994 -0.00064881  0.00169609  0.00393324  0.00422452  0.00255631
  0.00215948 -0.00569507  0.00051201  0.00741288 -0.0074528   0.00083023
 -0.00166893  0.00263474 -0.00319513]
[ 0.00916555  0.00271776 -0.01077555  0.01889907 -0.00952506  0.0031224
 -0.01653378 -0.01407698 -0.00515079 -0.00580432 -0.00630053 -0.02195697
 -0.01805759 -0.00913915 -0.02445695  0.02554836 -0.01024033 -0.02050038
 -0.00443236  0.02452352  0.0062771 ]
[ 0.01135758  0.00936455 -0.00128029 -0.00505165 -0.00607757 -0.02227796
 -0.02156651  0.02293188 -0.00108916 -0.00431043 -0.01161928 -0.01634268
  0.016603    0.00756217  0.01396635  0.00902361 -0.00596491  0.00434685
 -0.01568214 -0.00716401 -0.0015257 ]
[ 0.01281857 -0.01220819 -0.00451684 -0.01234884 -0.00693046 -0.00952111
  0.00453668 -0.00423051 -0.00839674 -0.00282594  0.00578195  0.02172732
 -0.00045008  0.0213474  -0.0193523  -0.00833438 -0.01111361  0.00401389
  0.01565924 -0.00643106  0.01320149]
[ 0.01493595  0.00486339  0.00236269 -0.00427149  0.00685415  0.00998022
 -0.02521805 -0.00917572 -0.00306282  0.01797955 -0.01274827 -0.01004313
 -0.00354624 -0.011226    0.00523733 -0.010292   -0.01531367  0.01552084
 -0.00284907  0.02009782  0.01114833]
[ 0.00454969 -0.00359785 -0.00192251  0.00240223  0.00632058 -0.0034784
  0.00150616  0.00187426 -0.00076873  0.00169102  0.00570052 -0.00189236
 -0.00999819 -0.00264381  0.001495    0.00537721 -0.01380935 -0.00013804
 -0.00404685  0.0014666  -0.01021296]
[ 0.00890808 -0.00971515  0.00856981  0.00295657  0.00724831  0.00382057
  0.00225075 -0.00300015  0.00320645 -0.00381428  0.00314717 -0.00776253
 -0.00123649  0.00154514  0.0039847  -0.00888055 -0.00123903  0.00849879
 -0.00548815 -0.00191191 -0.003393  ]
[ 0.0177121  -0.02444758  0.01158494 -0.01182786 -0.01183341  0.00494415
 -0.01785961 -0.00277233  0.00945165  0.01904085 -0.01046859  0.00746171
 -0.01181223  0.00965263  0.01101475 -0.01248071 -0.00152912 -0.0228683
  0.01194158  0.01071888  0.00939507]
[ 0.02716419  0.00675346 -0.00058668  0.00725954  0.02299767  0.0210309
 -0.0018496  -0.02148045 -0.01660005 -0.01156894  0.02277904 -0.01271036
  0.0069578   0.00346054  0.01580679  0.02696582  0.01678725  0.00826206
  0.02200508  0.0309086  -0.01087708]
[ 0.01733985  0.00367956  0.00472674  0.0080874   0.00444832  0.01473354
  0.0257497  -0.00225846 -0.00803861 -0.03266997 -0.01814587  0.00103768
  0.00466167 -0.0082507   0.00121927 -0.02180317  0.00353689 -0.01235071
  0.01151436  0.01007865 -0.02005335]
[ 0.00743694  0.01170571 -0.00168052 -0.02087499  0.00633572  0.00342422
 -0.0008098  -0.00171601 -0.00807736 -0.00864493  0.00089315  0.00456959
 -0.01616257 -0.01111981  0.00544923 -0.01481122  0.00900655 -0.01234279
 -0.00305005  0.00422104 -0.0062773 ]
[ 0.01649345 -0.00261496 -0.0045377   0.0057261  -0.00768427  0.00713245
 -0.00504092  0.00843703 -0.01392567 -0.01378219  0.0086405  -0.00527216
  0.02344696  0.00355987  0.00521297  0.00010305  0.00163198 -0.00054269
  0.00852799  0.02153661 -0.02308177]
[ 0.00949406  0.0061967  -0.00389374 -0.01573795  0.00646168 -0.00517535
 -0.00839529 -0.00683957 -0.00526479  0.00768788 -0.01036921  0.00231684
 -0.01159069 -0.00174884  0.00086676 -0.0096394   0.00172288 -0.0025559
 -0.00838805  0.00666004  0.00346574]
[ 0.01148864  0.01645919  0.00171553 -0.0069159  -0.02631502  0.00148181
  0.02429477 -0.00561584  0.00937056 -0.00575654 -0.01237837 -0.00105604
 -0.0050822  -0.00075633  0.01522045  0.01009291 -0.03044268 -0.00015783
  0.00904187 -0.00903924  0.00775644]
[ 0.0088914  -0.00416464  0.0132892   0.00676076  0.01584178 -0.0029857
  0.01604021 -0.00624591 -0.00262554 -0.00122286 -0.02350029  0.00554694
  0.01134282 -0.00013871 -0.00812337  0.01592447  0.01417356  0.00604765
 -0.00030502  0.01551856  0.01443847]
[ 0.0091053   0.00312215  0.00655471  0.01271812 -0.01042873  0.00334966
 -0.00336179 -0.00889448  0.00492637 -0.02173671 -0.01121042 -0.00157544
 -0.00355635 -0.01482178 -0.0004587  -0.00973047  0.00041233  0.00793854
 -0.00156913 -0.01890757  0.01997361]
[ 0.00563318 -0.02406868  0.01195878 -0.00752725 -0.00797703 -0.00028359
 -0.00661115 -0.00264175  0.00721662  0.0080642  -0.00453156  0.00646978
 -0.00463792 -0.00104024  0.00548901  0.0012433   0.00666951 -0.00723419
  0.00708745  0.0018221  -0.00390353]
[ 0.00862637 -0.01125588 -0.00152334 -0.01370452 -0.00649553  0.00257986
  0.0046343  -0.00342267 -0.00204658  0.00575466  0.00897153 -0.00577296
  0.00851163 -0.00800977 -0.01164002  0.01419893 -0.00442786  0.00921085
  0.00526984 -0.00971038 -0.00179337]
[ 0.0070696  -0.00640932 -0.00047993  0.00520004  0.01033652 -0.00280647
  0.00696081  0.01207853 -0.00033956  0.01484507 -0.00345816 -0.00579595
 -0.01267134  0.00045959  0.00652821 -0.00432739 -0.00369732 -0.01032703
  0.00962689 -0.00912807  0.00329522]
[ 0.01612225 -0.01068268 -0.00419914  0.00600857 -0.00551263 -0.00710826
  0.00411592 -0.0035542  -0.00014349 -0.0190701  -0.00188683  0.00406041
 -0.02227727  0.02225721 -0.01673    -0.03034224 -0.00923514  0.00259147
 -0.00350386  0.00118769  0.00194251]
[ 0.00880382  0.00285903 -0.02058288  0.01776585 -0.01216665 -0.00385307
 -0.00633736 -0.01002517  0.0009336   0.00861164 -0.00220331  0.00233362
 -0.00983298  0.00957756 -0.00685353  0.00657509  0.00921559 -0.0048264
 -0.00295239  0.00274815 -0.01234299]
[ 0.01277983  0.00926198  0.00736068  0.02053416 -0.00147129 -0.01426101
  0.00954363 -0.01529385 -0.02562336  0.01341435  0.00599553  0.01015455
 -0.00472856  0.00776401  0.02294138  0.00755765 -0.00562415 -0.00542508
 -0.00672802 -0.01048291 -0.00366558]
[ 0.00963931  0.00313674 -0.01490845 -0.00339797 -0.00110795 -0.01002938
 -0.00775815  0.00109873 -0.01423756  0.01418844 -0.01613238 -0.00228049
  0.00047568  0.00160698 -0.00835224 -0.00558894  0.00658306  0.02147979
 -0.00161632  0.00265166 -0.00968267]

Right eigenvectors

[ 1.          1.25993776  0.86260848 -0.6190406   0.40254334 -1.28138846
 -0.75821863 -0.18391477  0.81817238 -0.70653873 -1.11356652  0.12683715
  0.26389304  1.11280953  0.99861914  0.84533289 -0.14290935  0.05661122
 -0.77069738  0.653668    0.80109753]
[ 1.         -0.61316838 -1.51517652  0.3264967  -0.1379627  -0.3563072
 -0.21065683  2.12128487 -0.3963677  -0.85591542  1.0302188   2.0904282
  0.67252507 -1.01766295 -0.90545332 -0.32913222 -1.10452038 -0.45236632
 -1.72514913  0.56184108  1.38820663]
[ 1.          0.96914239  0.70519185  3.42733708 -1.59234121 -2.20915227
  0.44443679 -2.10732467 -2.25666147  1.85037407  1.51688496  1.95798548
 -0.72322059 -1.60202071  2.03452487  0.58768433  2.10774415 -0.93201584
 -1.7272283  -2.37055173 -1.12718747]
[ 1.          0.52942885 -1.52329275 -2.14884651  2.21577984 -1.57370085
 -0.58622451 -2.24382846  0.24209156 -1.42777522  1.82521062  0.92451866
  0.48690774 -0.29846     0.532577    0.04502381  0.40115608 -2.11847116
  1.16146148 -1.23507293  1.51533362]
[ 1.          0.97882586 -1.36401378 -1.71115285  1.70223702 -1.99883282
 -0.93448364 -2.77143426  1.64916209 -0.7990963   0.00487349  0.25724351
 -0.27057804  0.6835284   1.0718027   0.44074939  0.71594361 -1.31983824
 -0.37211542 -0.03628516  0.50481194]
[ 1.         -0.83524661 -0.28139906 -1.395453   -0.20259049  0.34977943
  0.50197649 -0.04114014 -0.80455176  0.86528335 -0.65449176 -0.89467247
 -1.00031422 -1.03142014 -0.78309504  0.23441837  0.02674438  0.3392201
 -0.92462506  1.40644992 -0.99557779]
[ 1.         -0.02940832  1.41929421 -1.0030128  -0.45990174 -0.18926968
 -1.77085785  0.86896877  1.36255755 -1.02079052  0.34627818  1.56474668
 -0.04839145 -0.0974718  -0.36976839  1.02744512 -0.17351396 -0.21168959
 -1.56674665  0.61080093 -1.17482035]
[  1.00000000e+00   8.49481033e-01   1.16213498e+00   1.46528963e+00
   1.15639329e+00   1.22405522e+00   1.03749249e+00  -5.67969312e-01
  -1.42220854e+00   1.11325895e+00   2.42350908e-04  -3.50041652e-01
   1.25828448e+00   1.81978598e+00   6.61023684e-01  -1.05646586e+00
  -7.85399429e-02  -9.97848318e-01  -7.15008801e-01  -1.00146573e+00
   2.35624465e-01]
[ 1.          1.43613423  0.91260683 -0.64205279  0.5254018  -0.19575778
 -0.74248987  0.51844294 -0.62042343  0.78161041 -1.4364537   0.25958527
  0.10984672  0.51543604 -0.13996598  0.38718616 -0.67120435  0.16494374
 -0.49945439 -0.66756646  0.25154083]
[ 1.          0.38796792 -2.22029282  0.67293041 -1.27988041  0.80560498
  0.45716803  2.36271752  0.41991973 -0.34032544 -0.40540231  1.30131753
 -1.75882219  0.48974676  1.07425139  0.32315401  3.07544196  1.06941014
  1.12856431  0.09240621  2.70481711]
[  1.00000000e+00  -3.61956435e+00   1.48647239e+00  -9.03756800e-01
   5.64869629e-01  -5.80575571e-01   3.22543977e-01  -3.43674104e-01
   8.95918523e-01   1.01881452e-01  -6.84043492e-01  -4.18900018e-01
  -1.21400769e+00  -5.39409716e-01   3.42159337e-03   3.22054889e+00
   1.14113723e+00   2.02062220e+00   9.93663411e-01  -1.82807097e+00
  -1.66954767e+00]
[ 1.          0.30587754 -0.67343115  0.97470767  0.56955743  1.59367769
 -0.10203995  1.2850011   1.14450775  0.7770598   0.90857241  0.49093575
 -0.87088706  0.74427937  0.88644491  0.97457068 -0.63474068 -0.56887754
 -0.13209776 -0.23254213  0.20247919]
[ 1.         -0.17047323 -1.46418628 -0.04833698 -0.432982   -0.67628084
 -0.64042345  2.2760623  -0.44852456 -0.02188448 -0.3540214  -0.44335697
  3.18695783 -0.76153717 -0.09238113  0.09521507  0.12035693 -0.90389922
 -1.01430988 -0.64271248 -0.20532114]
[ 1.          0.24693808 -1.50907098  1.61019027 -1.57416868 -0.18842517
 -0.3223234  -0.20831711  1.1808867  -2.43302437 -1.11407979 -0.11015671
 -2.40193794 -0.26314798 -0.43024237 -1.68442431  2.48512363  1.83798097
  1.50868934 -0.44491613  4.0496163 ]
[  1.00000000e+00  -1.71932055e+00   1.00879566e+00  -3.01998438e-02
  -7.87452688e-01   5.67780860e-02  -1.29980343e+00  -1.54647852e-03
   1.78883598e-01  -1.83029983e+00   1.88502316e-01  -1.12500268e+00
  -3.85673617e-01   9.23562037e-01   3.38788488e-01   1.35986588e-01
   2.58422896e-01   4.62289021e-01  -1.14199551e+00  -1.42181848e+00
  -3.68539953e-01]
[ 1.          0.00944249 -1.69964762  0.82743534  0.21298627  1.59835458
  0.87389104  1.82669203  1.92871234 -0.21329668  0.78181886  1.28365524
  0.26093771  0.51756097  2.1158699   1.02742418  1.05666346  1.23509948
 -0.76370378  0.45357649  0.62735146]
[ 1.         -1.53366481  0.36874788 -0.00783098  0.42302323 -0.42600955
  0.43434565 -0.03082718  0.44826699  0.96603607 -1.30962912  0.54372053
  0.20260944  0.07677383 -0.59737956 -0.81578757  0.7065821  -0.86443017
 -0.00942691  0.75574201 -0.30163806]
[ 1.         -0.82333136 -0.2072615  -0.50353839  1.77070838  0.10237448
  0.79917432 -0.19888626  0.39176486 -0.00293996  0.49256906 -0.69975945
 -1.92795883 -0.38881475  0.60563241  1.83190995  0.15227717  0.45363
 -0.30550258 -0.32632335 -2.15265091]
[  1.00000000e+00  -2.01268278e-01   7.09642009e-02  -3.28506953e-01
   9.38092464e-01   2.64373125e-01   5.69914198e-01   1.38402828e-03
  -1.38649369e-01   9.27861408e-01   3.11399647e+00  -2.10695362e+00
   1.00932489e+00   6.84410739e-02  -9.36861097e-01   5.39630330e-01
  -4.29887853e-02   3.78962587e-01   3.09660686e-01   6.48703797e-01
   2.36233196e+00]
[ 1.         -0.27126054 -0.4248898   1.23268686 -0.51428466  0.135618
 -1.0228413   0.43466403 -0.16795798  0.08944795  0.06237231 -1.14737941
 -1.20275829  1.30559509 -0.14253043  1.17608939 -0.96302966 -2.04939214
 -0.45990554 -0.35499383 -0.59590264]
[  1.00000000e+00  -5.99224056e-01  -5.26191771e-02   9.67995827e-02
   1.02269981e+00   3.29645468e-01   5.44639338e-01  -9.21837255e-02
   7.12521742e-01  -1.25315469e+00  -8.92444695e-04  -3.23940257e-01
   7.39339012e-01  -1.17452422e-01  -6.82529354e-01  -6.04698590e-02
   4.75849323e-01   2.90452605e-01   5.43428735e-02  -1.19199026e+00
  -7.06905073e-01]
[ 1.         -0.92076004  0.25274904  1.11480331  1.84671612 -2.10206118
  0.71255377  1.06419785  0.61043404  1.22058723  0.74482703 -1.16958071
 -0.95636897 -1.28271207  0.73675597 -1.40636132 -1.77740903  0.6233097
  0.5307666   0.42549006  0.88563156]
[ 1.          0.26625021  0.06850201  0.78887465  0.34019901  0.90001837
  0.34440187  0.20633398 -0.58754331 -1.09197475  0.62381217  0.11428249
  1.12250228  0.24801149  1.47554031  0.29011591  0.72925217  0.11160795
  0.5238672   1.03026966 -1.0887766 ]
[ 1.          0.02259149 -1.39789481 -0.78232667  0.0733236  -0.2030094
  0.63992572  1.76953483 -1.16818089  1.29698123 -1.37130567 -0.71738251
 -0.50995966 -0.83087327 -0.66014519 -0.25205669  1.94325207  1.72838983
 -0.39646197 -1.24057557 -0.06642278]
[ 1.          0.46334171  0.27422227  0.95620523  1.06059866  1.92667034
 -1.17582776 -1.36900482  0.77054096  0.8860524  -0.54358839 -0.37356703
  0.83627124 -0.30850221  0.05743071 -1.89100108 -0.98819341  1.66936675
 -0.17861389 -0.55547761  0.58609634]
[ 1.         -2.05792042  1.25302881 -0.69470804 -1.50977142  0.16324417
 -0.81206289 -0.33120071  0.38713558  0.52794718  0.07471679  0.94579182
  0.92106757 -1.23439163  0.81197005 -0.27989796  0.33850192 -0.58144628
 -0.24252714  1.24364375 -0.23424318]
[ 1.          0.80977941  0.71989134  1.78618858  0.08089957 -4.5217009
 -0.46884134  1.42159694  1.78515138  0.53681196  1.30391892 -2.49391667
 -0.28155297 -2.18552681  0.8563138  -1.96272386 -0.29094086  1.35393322
  1.9179567   1.28261524 -0.45145513]
[ 1.          2.82189761  2.84423598 -0.40751165 -1.01488517 -1.63378298
  0.73018169  1.58299443  1.77543577  1.05557739  1.80925272  0.23404636
 -0.05396491  1.66942812 -2.85694599 -0.33904144  1.56710821  0.03118853
  0.92693435  0.65522321 -1.01865141]
[ 1.          1.7500756  -0.37770675 -1.33951317 -4.71999615  0.64291725
  5.02501068 -2.03777139  3.30466819  0.23068528 -1.10794488 -0.25093918
  0.13871006 -0.95159094  3.28020655  1.7956754  -5.70998866  0.87793905
  0.54060238 -0.74707618  0.45089504]
[ 1.         -0.43433218  0.84882937 -0.85175808 -1.03141001  0.52520444
  0.82405692 -0.38105359 -0.58687337  0.20121637  2.6152535  -1.83299286
  0.48191269  0.87953905 -1.87438599  0.17746154  0.49906104  0.67134815
 -1.34472192  0.59551026  1.68952427]
[ 1.          1.098414    2.10254291  0.14959625 -2.1428255  -0.32524457
  1.51145919 -0.61898337  0.91706349  1.07144425  3.67616458 -0.94378908
  0.39677854  0.8542122  -1.27435905 -0.73954607  1.96616773  0.5633484
 -1.61556327  0.51244995  0.91818866]
[ 1.         -0.24882467 -2.09060886  0.35893309  0.58329394  0.94782256
  1.345078   -0.39899736  3.27996445 -0.82612542  0.04235053  1.26484502
  0.80197851  1.02247556  0.38809622 -1.21546675  0.57607051  0.89220415
 -3.54863411 -0.11599893 -2.62287512]
[ 1.         -0.63560056  0.16585929  0.20962448  0.69889029 -0.59950882
  0.66037842  0.20141101 -0.52319811 -0.12595927 -0.72094498  0.74451174
 -0.34780998  0.44470462 -0.3656131   0.69614721 -0.06893446  1.07229607
  0.19046603 -0.3836012   0.2359088 ]
[ 1.          0.56789482  0.77031639  0.60367507  0.71087841  0.81999453
  1.25104515  0.51336273 -1.88867471  0.06843629 -1.68258135 -0.63675807
  0.76318717  0.55094006  0.96130355 -1.28173919 -0.42377436 -2.10508792
  1.05935284 -0.95183899 -0.466621  ]
[ 1.          1.12709588  1.58611661  0.41428588 -0.13434798  1.47435827
 -2.18168861  0.13406894  0.91337499  0.40093832  0.23727504  1.92769966
  0.18676625 -2.38108328 -1.08862171  0.24510491 -0.02038181 -0.20964976
  1.33777441 -1.28553832 -0.63508681]
[ 1.          0.27861559  0.64435756  0.52792255  0.46505091 -0.80307643
  1.10938765 -0.18519914 -1.35438155  1.31297526 -0.90167829  0.89323202
  0.73846286  0.09824345 -0.09557616  0.49817522  0.10303637 -0.70161644
 -0.38906717  0.22202879  0.25595418]
[ 1.          1.39673222 -0.13230853 -1.63439417 -1.94263595  1.08011864
  2.17548519  0.57309294 -0.42072552 -0.1521308  -1.83328661 -2.38692973
 -0.74460789 -1.82072027 -0.08840267  1.00028149 -2.34132141 -0.86780185
  0.21223766 -3.44262505  0.42716979]
[ 1.          0.22084918 -0.03235312  0.4363463  -0.31437207  0.67891391
 -0.08218136  0.81895902 -0.37815159 -0.79461001 -0.96123878 -1.1716015
  0.83040464 -0.55059225 -0.87155813  0.4045573  -0.57612001 -1.65370038
  0.87935109 -1.75357298 -0.23873834]
[ 1.         -0.5853305  -0.93398901  0.1458709   1.86270925 -1.91524036
  0.59756434  1.29429041  0.04968111 -0.26025658  1.03670644  0.48198723
  1.13590226 -1.70779628 -0.10021587 -1.2121771  -1.5309758  -1.29420305
 -1.02830091 -0.12788941  1.33049035]
[ 1.         -0.50102113  0.01771106  1.66524041 -0.98498002 -0.60806747
 -1.01882155 -0.61942615 -0.80583832 -2.03150155  0.30796734  0.40121611
 -1.43415711 -1.11599932 -1.28004808  0.02559172 -0.61495226  0.58295763
 -1.39823743 -1.2246852   1.44082651]
[ 1.          0.48072105  1.05962177  0.37649328  0.75667865  1.07835179
  0.60309319  0.16276209  0.25255286  0.53901117  1.02513592 -0.86672165
  0.15231594  1.83504687 -1.23367541 -0.31954968  0.46037892 -0.52634105
 -1.05156498 -0.52462679  0.72575742]
[ 1.          0.22386205  0.2549876   0.2995495  -0.95607037  0.69993263
  1.12927484 -0.80533658 -0.42111469 -0.4402481  -0.59359568 -0.72754115
 -0.46135611 -1.51770066 -2.18674036  1.2648377  -1.1584315  -1.13362705
 -1.26473182  2.2061262   1.20457664]
[ 1.          0.13294161 -0.20464091 -0.18621531 -0.2749825   0.4146063
  0.74876485  0.46129637 -0.22723338  0.1077681   0.12786169  0.34713111
 -0.12050176 -0.6444468  -0.34478704  0.21691391  0.72366226 -0.4494331
  0.55301859  0.27006532 -0.42989207]
[ 1.         -1.59364017  0.95360415 -1.00687564 -1.70581083  0.7459995
 -2.07721605  0.13810987 -1.71213762 -2.68924948  0.47727524 -2.60388764
 -0.11577928  1.68569943  3.29804698 -0.68819037  0.55300811  1.21052286
 -0.17645459 -0.83211229 -0.3349153 ]
[ 1.         -0.03087487  0.02796713 -1.00381021 -0.90760114  0.64740358
 -0.59952047  0.12727406 -1.69938469 -0.46392231  0.20326611 -0.99315314
  0.29697926  0.34832368  2.09337255 -0.61918932  0.12044866  0.34224396
  1.03087442  0.90914366  0.1651358 ]
[ 1.         -0.58937519 -1.44522326 -0.3380023  -0.71961721 -0.61433695
 -0.70120329 -0.14371836 -2.15062465 -0.23893087  1.06468599  1.79598584
  0.0963971   1.51794705 -1.74059767 -0.31733242 -1.78336135  2.43104718
  1.50123699  0.06982372 -0.35603816]
[ 1.          0.31802426 -0.33993393  0.18506668  0.61242881 -0.30648144
 -0.59400278 -0.84670184 -1.75134609 -0.05348967  0.6364822   0.99322014
 -0.3674003   0.41964049  0.0126152   0.26712909 -1.18239284  1.51289056
  0.72806685 -0.77599071 -0.51955954]
[ 1.          2.56088972  2.23657829  0.5331202  -0.63867231 -4.22899532
  0.46841582  1.96717686  2.86762143 -0.67096116  0.8886415  -1.89186009
  0.26972485  0.47982062 -1.21017586 -1.95077155  0.29625983  0.57199503
  3.58867085  2.42671447 -2.31600112]
[ 1.          0.2564603  -2.26650519  0.06367875 -0.60708635 -0.23113434
  0.34117472 -2.87723581  2.8006513   1.0167717  -0.84392684  0.40541335
  0.87093342  1.52375348 -0.15804852 -1.59364254  0.02247317  0.2971908
 -1.90702044 -0.59722709 -2.02063686]
[ 1.         -0.05037525 -0.70290292 -0.37551894  0.36608115  0.1647517
 -0.69410554  0.60336578  0.42148438 -0.01144825  1.02835845  0.7239877
  0.3501834  -0.62226715 -0.21248892  1.06670327 -0.57860579  0.14808788
  0.11239209  0.32075017  0.3507196 ]
[ 1.          2.10891136  0.67608633 -1.67413553 -1.14805378 -0.57781564
  0.30036373  1.32013188  0.46949297 -0.0503109  -0.67714214  0.80047805
 -1.04584774  0.55501784 -0.24455234  0.54608451  0.02220791  0.14920595
  0.39060661 -0.66459457  0.42478585]
[ 1.          0.74748962  2.15515021  0.11410582  2.17386178 -1.7328345
  1.09383879 -0.96497986  0.6118927  -1.00035    -4.54392327  0.91199933
  1.9660113   1.47962935  0.16109266  3.73891431  2.07246764  1.09183222
 -1.26541682  3.83895784  3.95492591]
[ 1.         -0.31056111 -1.13401425  0.74289054 -0.19522795  1.01984228
 -0.58122889  1.55326674  0.75077731  1.34198244 -0.2201928  -0.49288973
 -1.01886604  0.38606409  0.32534216  0.71542646  0.50373699 -2.40639023
  2.04516037 -1.12608108  1.05961364]
[ 1.          0.16079548 -2.40708916  0.69337182 -0.11225491  0.66462923
 -1.50077855 -1.13905461  1.48235227  2.60473133 -0.67701189 -2.14766386
  1.90883886 -0.24270819 -0.8705634  -0.95531867  1.83962316 -0.61388939
  2.40998633 -1.02236669  0.22262555]
[ 1.          0.00737641 -1.54090828 -2.15188021  3.34222862 -1.45877249
 -0.13078537 -2.73301101  1.04010201 -3.15412879  2.37617307  0.84416937
  1.56169948 -0.56744349 -0.08969026 -0.01165231  1.2719414  -3.00007068
  1.99908961 -3.9200265   1.57808546]
[ 1.         -0.54071042 -0.43161425  0.96288876  1.21652192  1.25351039
 -0.09054858  1.1073302   1.94477919  1.11660144  0.5528797   0.50048745
 -0.86313004 -0.11599792  1.66189629 -1.50253472 -1.59224486  0.53150519
 -0.80895271  0.96918275  1.06556646]
[ 1.          1.28895279  0.74447796  0.58398451  1.05500707  2.50575431
 -2.44003764 -0.29499822  0.62490064  1.29180485 -0.2872087   0.68919689
  0.53009501 -0.87183843  0.05264903 -0.84948446 -1.52010422  1.52409599
  0.62070679 -0.27685328 -0.24472882]
[ 1.          0.16030904 -0.78403699  0.58010395 -0.56268587 -0.00794644
  1.11164113 -0.06721403 -0.93493138 -0.81533275 -0.62295804  0.89310358
 -0.71248045  0.7916419  -0.07073664 -0.41660057  0.22822464  0.34245294
  0.75483142  0.76206335 -0.84006951]
[ 1.         -0.39044301  1.15289789 -0.39057505 -1.00454661  0.06932945
 -0.09104193 -0.78116074 -0.76520231  0.03949642  1.40027439 -0.78519338
  0.08316261  1.22815671  1.38402935 -0.83147189  0.5844359   0.28144621
 -0.42748151  1.66540498  0.89641149]
[ 1.          0.56725599  1.41469198  2.38646076 -1.8004085  -1.38381513
 -0.33425928 -1.00648467 -0.35877344  0.17563756  1.96261012  1.01494648
 -0.27383727 -3.02068112  0.86641265 -0.59757998  2.04344268  0.1179776
 -0.7846192  -1.64002415 -0.16964082]
[ 1.          0.47867468 -0.57044133 -0.77426318 -2.40078029  0.4820887
  2.48743703 -1.37594577  2.13243822  0.71482552  0.18549449 -0.11250971
  0.56363816 -0.66081921  1.08855182  0.37263705 -1.2446737   0.60591205
 -0.45473917  0.33924509 -0.41539689]
[ 1.         -0.15788037  1.35655025  0.92002691  0.11135985  1.489045
  0.02124649 -1.19355117  0.63554225 -1.19584227 -1.75504201  0.64523752
  1.11981079 -2.54632741 -1.27389857 -0.54920636  0.17838477  0.42008293
  0.11331721  0.18026922  1.18833175]
[ 1.          0.65954625 -0.33923092 -2.40684214 -0.29023677  0.7204826
  0.9746223   0.44348638 -1.00965342  1.14025775 -0.20305743 -1.65896652
 -1.29605098 -1.46398296 -0.54393505 -0.24493577  0.84726773  0.85341306
 -1.5092056  -0.63791132 -0.04171138]
[ 1.         -2.64651478  1.14731494 -0.46552635 -0.42288002 -0.14544043
 -0.37101447  0.09197619  0.63047548  0.80836683 -0.50469735  0.45963349
 -1.5054085   2.06362087 -0.44770025 -1.56552469  0.30731251 -1.68674304
  0.82199427 -0.73877348  0.53345087]
[ 1.          0.72954723  0.4366569   0.36821307 -0.77702387 -0.52423337
  1.42218372  0.79334599  0.70807533 -2.06216464 -0.50862571 -0.98232328
  0.49358387  0.09320085 -0.84723859 -1.35029859 -0.73898633 -0.70036297
  2.67584271  0.41153103 -2.25064629]
[ 1.          2.06946253 -0.51440048 -5.10142792  0.61833976  1.23974207
  0.89170388  0.19980532 -2.36783622 -0.15039514 -0.08290917 -1.15501738
 -4.53437857 -3.92149176  0.33619547 -3.30705608  3.02737331 -1.38726549
 -2.89078403 -0.02374478 -1.51405846]
[ 1.         -0.29116232 -0.72359205 -1.33836727 -1.68619975 -0.10938896
  1.61560071 -1.78262569  1.01972502  1.46633971 -0.12288395  0.34234308
  1.2890467   0.54080679 -0.06092662  0.25180926 -1.62358912 -0.13699427
  0.78099073 -1.0206503   0.41745934]
[ 1.          2.74257254  2.53875658 -1.15198089 -0.37556981  0.20125482
 -1.89355938  1.61524711  1.52357347  0.5213455   0.4782953   2.52729845
 -0.61649494 -0.04377358 -2.20376122  1.22522321  0.40257838  0.01820053
  0.81843774 -0.72524802 -1.79494514]
[ 1.         -0.032877   -1.20884758 -1.59601712 -0.04343644  0.24637032
  0.22314326 -0.63225773 -0.45086384  0.90425942  1.47625308 -1.6002738
  2.08271913 -0.81866637 -0.12370618  0.57492355  0.65971196 -0.44971987
  1.51709258 -0.78212206  1.15877783]
[ 1.         -0.19121255 -2.94462565  0.7551372  -0.78256933 -0.81800122
 -0.99360693 -0.947822    1.06129339  2.60120776 -2.04759596 -0.53870798
  2.22207743  0.84748103 -1.4684509  -1.42367629  2.02306966 -0.21506856
 -0.82614068 -0.4721571  -2.67657419]
[ 1.         -2.61008623  1.50368668  0.50426123  2.62062672 -1.45332833
  1.85471502 -0.05186632  1.08059885  0.00608435 -1.61682317 -0.78574738
 -0.15157741 -1.30656613 -0.56223837  2.6538795   1.07934302  2.78129619
  1.22608384 -0.67056007  0.10415925]
[ 1.         -1.43072621 -0.12373387 -0.48972522 -1.14855446 -0.57459604
 -0.12429793  1.19538674 -0.73722542  0.45078069  0.17088355  2.25258755
  2.40640658 -1.19025216 -0.50409981 -0.30878843 -0.16092508 -1.45273704
 -0.85140272  1.07796107  0.73850403]
[ 1.         -0.24764077 -0.45065717 -0.21301882  0.61086836  0.19289713
  0.73142409  0.7097804   0.28256597 -1.07599831  0.23084989  0.71456373
 -0.6582523  -0.46735816 -0.60648598 -0.91021746 -0.7008331  -0.58881541
 -1.86291947  1.22111741 -0.93653038]
[ 1.          0.50572019 -1.70281376  0.83924878 -0.40859669 -1.00392261
 -0.87331775 -1.27982993  1.13790055 -0.14498594 -0.05836858 -1.42652798
 -0.27518514 -0.56822696 -0.48862125  0.38419006  1.11484154  0.38748708
  1.29786717  1.41921396  0.0579712 ]
[ 1.         -0.85994594  0.84373918 -0.45502634 -1.3361623  -1.97733754
 -3.48342121  2.17487185  0.09979831 -2.62219995 -0.98722765 -3.14390012
  1.34260488  2.11203921  2.10478829  1.30924362 -0.36633392  1.27357
 -3.89535878 -3.33665348 -0.83275924]
[ 1.          1.62171244  0.90165029 -0.30106648  0.95793421  1.48915485
 -1.39891005  0.08348983  0.20675541  0.17934311  0.83917856  1.3201026
 -0.57435912 -0.25972342 -0.24311756  0.67566524  0.12956562  0.11011292
  0.93903009 -0.00381696 -1.05781185]
[ 1.         -0.90648026 -0.16739373 -0.75670485 -0.59173978 -0.08885011
  0.67082284 -0.19605672  0.51252442  1.18854814  1.27656663  0.77246638
  0.65255349 -1.72093915  0.15471954  2.24002683 -2.25209064  0.25087861
 -0.50431835  0.79616518 -0.96550658]
[ 1.          0.29651913 -1.1756575   2.0619677  -1.03922389  0.34066663
 -1.80390436 -1.53585729 -0.56197317 -0.63327593 -0.68741397 -2.39559713
 -1.97015894 -0.99711906 -2.66835536  2.78743294 -1.11726272 -2.23667688
 -0.48358926  2.67561827  0.6848579 ]
[ 1.          0.82451959 -0.11272586 -0.44478204 -0.53511145 -1.96150515
 -1.89886429  2.01908108 -0.09589715 -0.37952045 -1.02304207 -1.43892251
  1.46184318  0.66582609  1.22969389  0.79450054 -0.52519187  0.38272638
 -1.38076368 -0.63076896 -0.13433319]
[ 1.         -0.95238341 -0.3523673  -0.96335558 -0.54065806 -0.74275896
  0.35391482 -0.33002983 -0.65504513 -0.22045647  0.45106062  1.69498796
 -0.03511185  1.66534964 -1.50970834 -0.6501803  -0.86699286  0.31313075
  1.2216063  -0.5016992   1.02987217]
[ 1.          0.3256167   0.15818839 -0.28598726  0.45890298  0.66820102
 -1.68841316 -0.61433792 -0.20506395  1.20377671 -0.85352953 -0.67241341
 -0.23742982 -0.75160928  0.35065298 -0.68907606 -1.02528919  1.03915993
 -0.19075248  1.34560042  0.74640898]
[ 1.         -0.79078881 -0.42255724  0.52799879  1.38923327 -0.76453613
  0.33104624  0.41195362 -0.168964    0.3716787   1.25294701 -0.41593179
 -2.19755254 -0.58109621  0.32859372  1.18188366 -3.03522595 -0.03034137
 -0.88947729  0.32235085 -2.24475756]
[ 1.         -1.09060015  0.96202711  0.33189793  0.81367875  0.42888852
  0.25266358 -0.33678958  0.3599481  -0.42818193  0.35329356 -0.87140318
 -0.13880536  0.17345388  0.4473127  -0.99691033 -0.1390908   0.95405489
 -0.61608677 -0.21462697 -0.38089047]
[ 1.         -1.38027581  0.65406949 -0.66778443 -0.66809765  0.27913993
 -1.00832819 -0.15652208  0.53362659  1.07501931 -0.59104155  0.42127777
 -0.66690171  0.54497396  0.62187721 -0.70464322 -0.08633189 -1.291112
  0.67420466  0.60517271  0.53043218]
[ 1.          0.2486161  -0.02159739  0.26724665  0.84661693  0.77421407
 -0.06808962 -0.79076323 -0.6111005  -0.42588922  0.83856874 -0.46790858
  0.25613876  0.12739339  0.58189795  0.99269733  0.61799203  0.30415243
  0.81007678  1.13784329 -0.40041983]
[ 1.          0.21220254  0.27259432  0.4664052   0.25653741  0.8496924
  1.48500133 -0.13024681 -0.46359168 -1.88409799 -1.04648368  0.05984338
  0.26884168 -0.47582338  0.07031588 -1.25740255  0.20397459 -0.71227319
  0.6640407   0.5812422  -1.15648922]
[ 1.          1.57399442 -0.22596889 -2.80693159  0.85192509  0.4604334
 -0.10888948 -0.23074162 -1.08611261 -1.16243091  0.12009683  0.61444515
 -2.17328168 -1.49521201  0.73272387 -1.9915738   1.21105582 -1.65965862
 -0.41012211  0.56757712 -0.84407018]
[ 1.         -0.15854544 -0.27512169  0.34717433 -0.46589827  0.43244135
 -0.30563189  0.51153852 -0.84431556 -0.83561638  0.5238749  -0.31965207
  1.4215928   0.21583514  0.31606321  0.00624766  0.09894745 -0.03290321
  0.51705332  1.30576798 -1.39945093]
[ 1.          0.65269217 -0.41012408 -1.65766334  0.68060267 -0.5451149
 -0.88426761 -0.72040518 -0.55453489  0.80975684 -1.09217947  0.24403105
 -1.22083654 -0.1842032   0.09129485 -1.01530937  0.18146879 -0.26921085
 -0.88350507  0.70149613  0.36504309]
[ 1.          1.43264906  0.14932388 -0.60197695 -2.29052498  0.1289803
  2.11467725 -0.48881673  0.81563687 -0.50106357 -1.07744385 -0.09192076
 -0.44236752 -0.06583275  1.3248259   0.87851231 -2.64980709 -0.01373818
  0.78702678 -0.78679797  0.67513995]
[ 1.         -0.4683896   1.49461311  0.76037064  1.78169659 -0.33579689
  1.8040144  -0.70246585 -0.29528986 -0.13753327 -2.64303629  0.6238544
  1.27570718 -0.0156006  -0.91362084  1.79099673  1.59407516  0.68016859
 -0.03430479  1.7453443   1.62386931]
[ 1.          0.34289414  0.71987879  1.39678224 -1.14534782  0.36788003
 -0.36921268 -0.97684739  0.54104449 -2.38726025 -1.23119768 -0.17302404
 -0.39058073 -1.62781942 -0.05037689 -1.06866002  0.04528478  0.87186012
 -0.17233192 -2.07654685  2.19362546]
[ 1.         -4.27266095  2.12291803 -1.33623427 -1.4160786  -0.05034289
 -1.17360914 -0.46896178  1.28109078  1.4315531  -0.80444096  1.14851252
 -0.82332148 -0.18466372  0.97440597  0.22070954  1.18396913 -1.28421108
  1.25816035  0.32345829 -0.69295337]
[ 1.         -1.30482204 -0.17659054 -1.58867666 -0.75298534  0.29906692
  0.53722473 -0.39676849 -0.23724707  0.667101    1.04001154 -0.66922228
  0.98669831 -0.9285217  -1.34935234  1.64599083 -0.5132938   1.06775511
  0.61089817 -1.12566234 -0.20789336]
[ 1.         -0.90660216 -0.06788685  0.73554866  1.46210859 -0.3969767
  0.98461139  1.7085166  -0.04803113  2.09984575 -0.48915879 -0.81984179
 -1.7923695   0.06500939  0.92341995 -0.6121122  -0.52298784 -1.46076492
  1.36173055 -1.29117211  0.46611163]
[ 1.         -0.66260478 -0.26045638  0.37268783 -0.34192682 -0.44089777
  0.25529473 -0.22045328 -0.0089003  -1.18284388 -0.11703239  0.25185153
 -1.38177195  1.3805281  -1.03769664 -1.88201089 -0.57281957  0.16073871
 -0.21733093  0.07366803  0.12048625]
[ 1.          0.32474932 -2.33794959  2.01797142 -1.38197474 -0.43765947
 -0.71984224 -1.13873048  0.10604475  0.97817125 -0.2502681   0.26506896
 -1.11689938  1.08788731 -0.77847283  0.74684493  1.04677235 -0.54821675
 -0.33535356  0.31215478 -1.40200401]
[ 1.          0.72473383  0.57596035  1.6067625  -0.11512569 -1.11589929
  0.74677226 -1.19671732 -2.00498397  1.04964968  0.46914004  0.79457606
 -0.3700013   0.60752018  1.79512315  0.59137339 -0.44008002 -0.42450292
 -0.52645612 -0.82026954 -0.28682545]
[ 1.          0.32541185 -1.54663119 -0.35251211 -0.11494041 -1.0404665
 -0.80484559  0.11398383 -1.47703111  1.47193525 -1.67360362 -0.23658211
  0.0493479   0.16671122 -0.8664777  -0.57980763  0.68293956  2.22835401
 -0.16768009  0.27508814 -1.0044982 ]
