Cluster centers 

[-0.90252116  1.50506966  0.49310613 -1.33852043]
[ 1.12033688 -0.72583722 -0.09433831 -0.18123275]
[-1.12050942 -0.03351108 -0.01581507  1.36098054]
[-0.92244387 -0.68472226  0.70136811 -0.61799249]
[ 0.98301033  0.97423393 -1.22083949  0.63996247]
[ 0.83708166  1.04767461  0.72676951  1.09592687]
[ 0.4361065  -0.14210848  2.33475529  0.56226891]
[-0.9605486  -1.35347589 -0.20185007 -0.72000849]
[-0.88352377 -0.06433027 -0.96379593 -1.68847416]
[ 1.02676758 -0.4439586   0.9731039   0.02664926]
[-1.12176479  2.57736453 -0.05933937  2.26737374]
[ 1.05833485  0.72195858  1.41179922 -1.31405034]
[-1.1221934  -0.528777   -0.2863855   1.07038693]
[-0.94111685  0.95697217 -0.00587435 -1.45424348]
[ 1.06257706 -0.1734567  -0.69192014  0.19003225]
[-0.93864542 -1.09233062  0.95933772  0.42039104]
[-0.70858954  0.2586666   1.68129356 -0.5652856 ]
[-1.02326915  0.75261692  0.59397549  1.76773029]
[-0.96203097  2.43217548 -0.46465962 -1.79743252]
[ 0.95815158  1.54714811 -0.74217108  0.94934321]
[-1.11632512 -0.35273357 -1.5456594   0.96631325]
[-0.92010957 -2.00639513 -1.28998318 -0.28113169]
[ 1.17656564 -0.6529533   0.59328953 -0.95293442]
[ 0.80580793 -0.23340583 -2.36753818  0.02585145]
[-1.1750419   0.77929173 -0.34248715  1.66479441]
[ 1.06900843 -0.52536309 -0.88126732 -0.03946204]
[-1.00119876 -1.46149403  0.18922509 -0.04667215]
[-0.82015347  1.51516221 -1.67861158 -2.24112713]
[ 0.81352492  0.79225039 -2.49285204  0.38631633]
[ 0.92611427 -1.60024815 -1.85962386 -0.82118081]
[ 0.61576269  1.36298502  1.24759465  1.41935292]
[-0.87760806 -0.66099168 -0.93004729 -1.50722831]
[ 1.0258306   0.09222698  0.1836461   0.46076245]
[ 0.80479343 -0.01566278  2.07642583 -0.40087696]
[ 0.91747759  1.35718397 -1.89427625  0.65576489]
[ 1.22988352  0.30119132  0.27745073 -1.75928553]
[ 0.65036263  2.22352478  2.13357705 -1.2329888 ]
[ 1.00528603  0.51267443 -0.0729088   0.65006292]
[ 0.94834972  0.50588502 -1.72593655  0.38023039]
[-0.60441623 -0.01317381  1.8893766   1.33693648]
[-0.93788264 -1.77313293 -0.8066106  -0.608472  ]
[-0.84342121 -0.654602    1.38310953  0.85960721]
[-0.55665016  1.54720417  1.90766545 -0.84483028]
[-0.94906756  2.15748835 -0.10820422 -1.64249703]
[-0.94882849  1.46610793 -0.31188079 -1.65073696]
[-0.86758337 -0.3168436   1.06795844 -0.60890161]
[-1.13433321 -0.54932625 -0.87426792  0.98787271]
[-1.15260799 -0.19761413 -0.55463604  1.2153642 ]
[ 1.05526787 -0.35007037  0.49774615  0.16683386]
[-0.96237978 -1.21154698  0.46688663 -0.35005496]
[ 0.80498681 -0.09885993  1.62905672  0.50352938]
[-0.94345672  0.03906036 -0.13567146 -1.31678001]
[-0.92726053 -0.2093433   0.47328825 -0.95440175]
[-1.0593257  -1.42811835 -0.4969746   0.40404391]
[ 1.15679193 -0.89211739  0.20485426 -0.53896407]
[-0.49447783 -2.05928526 -2.23727868 -1.2463206 ]
[ 1.08752853 -1.13027107 -1.04907102 -0.59470868]
[-0.87747655  2.10752142  0.65002145 -1.35907565]
[ 1.00704108 -0.06972816 -1.36163694  0.17484112]
[ 0.86722664  0.20607955  1.14269661  0.69836147]
[ 1.07043772 -0.26479106  1.31082306 -0.82184181]
[-0.07469076  0.77404206  2.04227705  1.57258639]
[ 1.02056088  0.23392425 -1.08793506  0.35230687]
[ 0.19446512 -0.0869479   2.69755571  0.19367542]
[ 1.15948475 -1.02985742 -0.22155781 -0.61271749]
[-0.9240843   3.16113818  0.06160872 -1.6516318 ]
[ 0.93796194 -0.40332417  1.53425498 -0.0425623 ]
[-1.16344577  0.20680467 -1.52486892  1.21333147]
[-1.07259973  1.64599628  0.31825024  2.05956411]
[-1.18135026  0.22322128 -0.77042325  1.3720472 ]
[-1.23731254  1.6951487  -0.82066007  1.88735862]
[-1.08216436 -0.76829079  0.09459817  0.94743793]
[ 0.60074463  0.63316681  1.66410847  1.13196289]
[ 1.07173404 -0.8491616  -1.03487626 -0.26355352]
[-0.89906241  0.8074803  -1.02569601 -1.87152789]
[-0.92529977  0.51626091  0.38409654 -1.20194315]
[ 1.02633798  0.44546088 -0.65277347  0.51496235]
[-0.94256978  0.84530247 -0.39052668 -1.5976244 ]
[ 1.05937174 -0.04873943 -0.25472243  0.31461951]
[-0.5860908  -0.45965299 -2.11658976 -2.203924  ]
[-0.45918082  0.7230438   2.22608305 -0.52092752]
[-0.8495313   0.40762159  1.04139493 -0.88621188]
[-1.02311565 -1.3504962  -1.38966392  0.42092729]
[-0.9936269  -1.70905643 -0.36589743 -0.26004865]
[-1.05269409 -1.31719847 -0.01269528  0.46915622]
[ 1.09744161 -0.51550358  0.01787032  0.00699713]
[-1.08305885 -0.80342039 -1.44181212  0.7587545 ]
[-0.76634073 -0.52180972  1.60128327 -0.17573036]
[ 0.92447794  1.88456188 -1.64298814  0.86706098]
[ 0.95911725  0.66997727  0.26079636  0.79530381]
[-0.89576019 -0.11270073  1.15226937  1.36355684]
[ 1.09681839  1.24310401  1.16079136 -1.5914688 ]
[-1.0860048   0.27366249  0.29022447  1.5346943 ]
[-1.02336979 -0.95680136  0.50445942  0.77805572]
[ 0.98267434 -0.62496549 -1.61642841 -0.13421398]
[-1.0994525  -0.9896102  -0.45664051  0.76722021]
[-0.9484166  -0.87497824 -0.0994779  -0.96874286]
[-0.90827092 -0.96017815  0.96894946 -0.21890445]
[-0.96354575 -1.25530877  0.63313289 -0.05468784]
[-0.93293638  1.07350081 -0.70060336 -1.76458937]

Populations

0.0148773622427
0.0100982605285
0.0167590380832
0.0110639258265
0.0151323558064
0.00562457847915
0.00839387125944
0.0133349157034
0.0123858268721
0.0250125460068
0.00311744201211
0.00700577425311
0.0130741835991
0.00503031285706
0.0296560276056
0.00804263574725
0.00813891509478
0.00522441844496
0.00371146637837
0.0139762431532
0.00400943216226
0.0039647420679
0.0207664388988
0.00527608279957
0.0104362298686
0.0190737678669
0.0171095917072
0.00529158918439
0.00294377470583
0.00276395653545
0.00401075122309
0.0107405271897
0.0137292734396
0.00569005230354
0.00812020708061
0.00555691314737
0.00265571848329
0.00826844936137
0.0189957809732
0.00552222398127
0.0077589878219
0.00613740044663
0.00679672843132
0.00912526614733
0.00934964737971
0.00486555965919
0.0126115860331
0.0118869317926
0.0245461364929
0.00707611420165
0.00956177483645
0.00844115055601
0.00849495683013
0.00513967654034
0.0179561629894
0.00268189712331
0.00968316737089
0.00538162780091
0.0101489996345
0.0165271047648
0.0191557173192
0.00843890779605
0.0156782010742
0.00142938386703
0.0113168939867
0.00519657103678
0.0166100081873
0.00251316925973
0.01356924887
0.0119571471368
0.00879978920263
0.00996937672484
0.00956923218569
0.00812761689515
0.00736825236036
0.0120763276506
0.0193000577587
0.0120074814472
0.026521286167
0.001305569525
0.00132748952052
0.00682528816362
0.00652883334533
0.00929987330053
0.00846551505607
0.0219432690673
0.00126447172359
0.00676911423663
0.00819371800779
0.0107198995251
0.00763406660713
0.00967944774285
0.0092277832632
0.0145816519578
0.0109008650262
0.0091111756796
0.0156623643244
0.00652431770256
0.00897889917345
0.00669523833877

State labels

0
1
2
3
4
5
6
7
8
9
10
11
12
13
14
15
16
17
18
19
20
21
22
23
24
25
26
27
28
29
30
31
32
33
34
35
36
37
38
39
40
41
42
43
44
45
46
47
48
49
50
51
52
53
54
55
56
57
58
59
60
61
62
63
64
65
66
67
68
69
70
71
72
73
74
75
76
77
78
79
80
81
82
83
84
85
86
87
88
89
90
91
92
93
94
95
96
97
98
99

Eigen values

1.0
0.547551339588
0.494018152195
0.451570881858
0.436220816467
0.415232105781
0.406081581723
0.395648764471
0.381993393546
0.378405216627
0.366196147327
0.352300788563
0.350980872195
0.328796487009
0.317853199963
0.313316974557
0.305146773144
0.287819791467
0.277367843962
0.262662473062
0.259328116884

Left eigenvectors

[ 0.01487736 -0.01639479  0.02114707 -0.01520921  0.01511803 -0.00502571
 -0.0058871   0.00501526  0.01662811  0.01535807 -0.00666237 -0.00600055
 -0.0020874   0.00390995  0.0082724   0.00216857  0.01168073 -0.00133196
 -0.00853137  0.00136826  0.00027798]
[  1.00982605e-02   2.26752811e-03  -3.51667992e-03   4.85234849e-03
   5.61240890e-03  -7.72391708e-03   2.25678460e-03  -5.17380771e-03
   9.80137425e-03  -2.07362677e-03  -6.30548454e-03  -5.39831179e-03
   2.96655268e-03   1.01595108e-02   7.10348552e-05  -4.70197180e-03
  -1.47371311e-03  -6.89356501e-03   9.02477322e-03   1.08947353e-02
  -1.53089511e-02]
[ 0.01675904 -0.00629664 -0.001058    0.00403879  0.0092754   0.01470388
 -0.00086013 -0.0173842  -0.02120638 -0.02968181  0.01817768 -0.01963088
 -0.00111831 -0.01468601 -0.00350025  0.00909581 -0.01185583 -0.02800664
 -0.0194584  -0.01228806 -0.00352464]
[ 0.01106393 -0.00468491  0.0007353   0.01031559  0.01108434 -0.00216174
 -0.00482825  0.01074974  0.01808302 -0.0098999  -0.00215198 -0.01469919
  0.02390803 -0.01770101  0.00462134  0.01123415 -0.00440133 -0.00673919
  0.00207618 -0.0158409   0.0066141 ]
[ 0.01513236  0.00956954 -0.00797981  0.01107309  0.00288695 -0.00893069
 -0.00235825 -0.00908515  0.00483537  0.00530033 -0.02111755 -0.00048238
  0.00227856 -0.01232016 -0.00538583  0.00539112  0.00656943  0.01488109
  0.00637214  0.01743647 -0.00247869]
[ 0.00562458  0.0034917   0.00010173 -0.0009356  -0.00035158 -0.00463632
 -0.00126689  0.00084435  0.01243821 -0.0093997  -0.0018212  -0.00604301
  0.00378389 -0.01096236 -0.00335614  0.00814925  0.00218774 -0.00337531
 -0.01132587  0.00029087  0.00398475]
[ 0.00839387  0.00433961 -0.0078991  -0.00173457 -0.00597548 -0.00048406
 -0.00737414 -0.01201511  0.00075307  0.00096913 -0.01930381 -0.00530621
  0.0052192   0.00256306 -0.0144018   0.00645202  0.01883193  0.01156296
 -0.01668809 -0.00125999  0.00169735]
[ 0.01333492 -0.00361712  0.00462376  0.0058681   0.0130626   0.00480653
  0.00087312  0.00151951  0.01182447 -0.01002952  0.00632424  0.014962
 -0.00499944 -0.00335928 -0.00058726 -0.00281741 -0.00132698  0.00323505
 -0.00134935 -0.00220625  0.012915  ]
[ 0.01238583 -0.00529114  0.01536911  0.0084838  -0.03451509  0.00944119
  0.00255412  0.00504443 -0.00691791  0.00378404 -0.00069541  0.0022223
  0.01164954  0.00429151 -0.00022068  0.00578698  0.01313998  0.02125541
 -0.00525634 -0.00469191 -0.02801905]
[ 0.02501255  0.01552025 -0.00990704 -0.00134187 -0.00994182  0.0033179
  0.01688365  0.00039276 -0.00839687  0.01198831  0.00831039  0.00034661
  0.00216657 -0.01584175  0.03566183 -0.00206643  0.00165538 -0.01421227
  0.01304019 -0.00499397  0.01204492]
[ 0.00311744 -0.00326845 -0.00177721 -0.00203962  0.00805052  0.00209887
  0.00893603  0.00474463 -0.0009941  -0.00011446 -0.00337239 -0.00225531
  0.00331212  0.0036161   0.00054611 -0.00822281 -0.00683051  0.01582541
  0.00771731 -0.01332727  0.00696812]
[ 0.00700577  0.00614347  0.00430024 -0.00174079 -0.00485473 -0.01473478
 -0.00389086  0.00744347  0.00399915 -0.01142922  0.00482518 -0.00486965
 -0.00939762  0.00543501  0.00842829 -0.01632249  0.00301193 -0.00463755
 -0.01497845 -0.0163452   0.00085377]
[ 0.01307418 -0.0138778  -0.01520794  0.01272824 -0.00141602  0.01919816
 -0.00835185 -0.01357144 -0.00426436 -0.01755899 -0.00221125 -0.00301372
  0.01130691 -0.02163912  0.00268376 -0.00280864 -0.00872781 -0.01490226
 -0.00874554 -0.0349415  -0.00888824]
[ 0.00503031 -0.03355965 -0.02975481  0.0108379  -0.01312277 -0.00485701
 -0.01239571  0.00539795  0.00962748 -0.00332816  0.0042286   0.00903492
 -0.01324516 -0.00414804  0.00029046 -0.00632313 -0.01073211 -0.00600646
  0.00243722  0.00718609 -0.0027698 ]
[ 0.02965603  0.00985315  0.01485775  0.0174965  -0.02370962 -0.0149375
  0.00567422  0.04531544  0.01132301 -0.00958577  0.00580171 -0.00747667
  0.01366304 -0.01203684  0.00176846  0.00859271  0.00218188 -0.01187324
  0.01140328 -0.01172402  0.02041807]
[  8.04263575e-03  -9.98470081e-04   2.66884378e-03  -1.79386455e-02
  -1.46281046e-02  -8.49907460e-03   9.57412163e-03  -1.81606856e-03
  -9.30920902e-03  -7.58581334e-03  -2.02605855e-03  -6.91427493e-05
  -3.30873398e-03  -3.20177232e-03   9.44154578e-03   1.20148531e-02
  -1.18288756e-02  -1.90164758e-03   2.15233246e-03   1.43681493e-03
   7.53136632e-03]
[ 0.00813892 -0.0021655   0.01833984  0.01326576 -0.01026793  0.0075151
 -0.01068226 -0.00179836 -0.0053238   0.0098424   0.00719857 -0.01884737
 -0.00801005 -0.00054469 -0.01459176 -0.00399816 -0.01468693  0.00455768
  0.00084422  0.00827314  0.00635731]
[ 0.00522442 -0.00200621  0.00191288  0.00693684 -0.00694949  0.0084829
  0.00363776 -0.00592918 -0.00147885 -0.00222514  0.00393096 -0.00091423
 -0.01219424  0.00370517 -0.00123068  0.00147902  0.00611254  0.01939846
  0.00079826  0.00499158 -0.00767892]
[ 0.00371147 -0.00179082  0.00034509 -0.00315766  0.00315258 -0.00048334
  0.0037019   0.00132828  0.00294915  0.00185689 -0.00040288  0.00246546
  0.00432513 -0.00118748  0.00154377  0.00136434 -0.0047166   0.00556352
  0.00261067 -0.00521467  0.0002317 ]
[  1.39762432e-02   1.17980233e-02   2.70932751e-03   2.14156921e-05
  -9.05476011e-03  -7.37546764e-03  -9.83325228e-03   1.79658761e-02
  -1.06427874e-02  -9.00596791e-03   1.50255976e-02   7.24115358e-03
  -1.42976398e-03   8.84647584e-04  -2.15340672e-03  -3.49622448e-02
   7.28403613e-03   3.96434269e-03  -1.15495577e-02   2.26837216e-03
   2.71197826e-02]
[ 0.00400943  0.00180423  0.00566051  0.01130449  0.0031301  -0.00597413
 -0.01358109  0.00121989 -0.00069049  0.00302937 -0.0135281  -0.00447432
  0.00523671 -0.00389188  0.00578318  0.00911989 -0.01848294  0.00484604
  0.00550981  0.0057353   0.00502615]
[ 0.00396474  0.00097358  0.00114004  0.00425673 -0.00420714  0.00483334
 -0.00017969 -0.00603049 -0.00279494  0.0060094   0.00842284 -0.01495422
 -0.00047555 -0.00731864  0.00788254  0.00013069  0.00340929 -0.00772996
 -0.00014655  0.00040524  0.00882798]
[ 0.02076644  0.01590226 -0.00741001  0.00998397  0.00089541 -0.00326427
 -0.01365751 -0.00676767 -0.02066679  0.00716219  0.02742447  0.01225621
  0.00760014 -0.02206603 -0.03004646 -0.01498334  0.00601928  0.00696305
  0.0030951   0.00145101 -0.00014119]
[ 0.00527608  0.00015411  0.00293825  0.00115444  0.00504714  0.00030344
 -0.00551872 -0.01353089  0.00386145 -0.00235112  0.00319223  0.01092647
  0.00472707  0.01254196  0.00069837  0.00508047  0.00028412 -0.00920651
  0.00537433 -0.00028625  0.0079276 ]
[  1.04362299e-02  -7.53140080e-03   2.04490643e-02   7.21422558e-05
  -6.74557959e-03   1.59577928e-04  -9.30760406e-03   6.46361487e-03
  -7.31759817e-03  -1.21919730e-02   1.05385027e-02   1.23108768e-03
   3.66219741e-03   1.94910639e-03   5.74275224e-03  -1.74138673e-02
  -3.01599639e-04   1.04941849e-02  -1.09112034e-02   2.12608860e-02
   2.90930231e-03]
[  1.90737679e-02   9.31024254e-03  -1.34069679e-02   2.22477215e-03
   3.00799245e-04  -8.64809632e-03   1.16212469e-02  -6.33325455e-03
  -1.78534531e-03   1.12583563e-02   2.78519776e-02  -1.25698778e-03
   7.27624778e-03   1.17034916e-03  -1.42311335e-02  -1.57596692e-02
   1.02744839e-02   1.24617599e-02  -6.11785490e-05   1.81295272e-02
   1.22046478e-02]
[  1.71095917e-02  -6.37635853e-03   7.45748384e-03   1.63049331e-02
   1.46752912e-02   1.81324567e-02   9.58467666e-03  -6.63716818e-03
  -2.69860238e-03  -1.07848228e-02  -9.76722981e-05  -1.24798867e-03
  -3.81831415e-02   6.43273776e-03  -1.26136274e-03   1.67905193e-02
   1.03907021e-02   1.71478313e-02   1.10468858e-02   1.51120409e-02
  -4.27532435e-03]
[ 0.00529159  0.00239753 -0.0016296   0.00352597 -0.00121072  0.00362435
  0.00254521 -0.00693912 -0.00341367  0.01531929  0.01757277 -0.00952509
  0.00407424 -0.00341815  0.01209979 -0.00177036  0.00277991 -0.00680495
  0.00298867  0.00191989 -0.00415886]
[ 0.00294377 -0.00212299  0.00828065  0.00502381 -0.00723883  0.00615195
  0.00285088  0.01020376  0.00383954  0.00592837 -0.00314249  0.0027479
  0.00104421 -0.00163642 -0.00584776  0.00289379  0.00663516 -0.00733082
  0.00266181 -0.0072527  -0.00851673]
[  2.76395654e-03   7.79714467e-04   7.25811588e-03   9.00683698e-03
  -4.25677741e-03  -2.01974453e-03  -8.24141057e-03   3.31471843e-03
  -9.95304929e-04   1.86601741e-03  -4.53302887e-03  -1.05860945e-02
   1.61207594e-03   6.78807684e-05  -1.85649724e-03   4.07740884e-03
  -1.61123973e-02   5.52112158e-03   3.39117999e-03   5.57398009e-03
   5.15958984e-03]
[  4.01075122e-03   1.29692780e-04  -2.77190630e-03   4.93275390e-03
  -6.89129399e-03   3.07723525e-03   5.21171429e-03  -6.17108299e-03
  -3.29583744e-03   1.55106890e-02   7.82164477e-03  -9.32070874e-04
   4.66775013e-03  -5.94845857e-03   8.73107468e-03  -3.83125479e-03
   3.28962944e-03   5.34137768e-03   9.75525565e-06  -2.52238853e-03
  -1.21362565e-02]
[ 0.01074053 -0.00405906 -0.00024264 -0.00490901  0.00702673 -0.00613043
 -0.0028396   0.00776604  0.0109276   0.0085149   0.00725834 -0.02028081
  0.00206118 -0.00962549  0.01423432  0.00855119  0.01904415 -0.00182915
 -0.00013085 -0.01393493  0.01866569]
[ 0.01372927  0.00968168  0.00128482 -0.00538464 -0.01930153 -0.01108377
  0.0261998  -0.0100045   0.00332913 -0.00530614 -0.0156584   0.00685306
 -0.02212778 -0.00504616  0.01138254  0.00672957 -0.01433138 -0.00600231
  0.00709577  0.00260785  0.02558461]
[ 0.00569005  0.00707631 -0.00672706 -0.00030049  0.00815373 -0.0097135
 -0.0059292   0.00877893 -0.01345201  0.00920574  0.00646059  0.00606031
 -0.00335305 -0.00672893 -0.01260435  0.00664312  0.00330729  0.00295171
  0.00525374 -0.00085968 -0.00308938]
[ 0.00812021  0.00577484 -0.00494572  0.00303771  0.0040349  -0.0154273
 -0.00248282 -0.00840893  0.00132118  0.00362478 -0.01813398 -0.00323666
 -0.01298271  0.00429316  0.00952039 -0.00947805  0.00655088 -0.00414956
 -0.00440923 -0.0023221  -0.00902184]
[ 0.00555691  0.00766503 -0.00227886  0.00905941  0.00488798 -0.01133215
 -0.01124156  0.00596271 -0.0154959   0.00900289 -0.01862323  0.00890185
 -0.00762202 -0.00458753  0.01001247  0.00969051 -0.00980978  0.0019501
 -0.00514931 -0.00440776 -0.00744053]
[  2.65571848e-03   1.59131263e-03   6.71208811e-04  -3.20687166e-03
  -4.81439573e-04   8.63471774e-04   7.24051803e-04  -3.93879021e-03
  -1.15329508e-03  -2.66375236e-04   4.22781545e-03   7.72160214e-03
   1.73375184e-03  -6.40398861e-03  -2.10674662e-03  -2.38170436e-03
  -5.17573742e-03   8.31790935e-04  -3.06785588e-05   3.97454982e-03
  -4.33400471e-03]
[ 0.00826845  0.00373877 -0.00231097  0.00967588  0.00410875 -0.00350454
  0.00165853 -0.01857095 -0.00124662  0.00041675 -0.00379756 -0.00720937
 -0.00543207  0.01886504 -0.00783948 -0.00071152  0.00801306 -0.01538008
  0.01476797  0.00703268  0.00637782]
[ 0.01899578  0.01343573 -0.00796724 -0.01695299 -0.00515016 -0.01979408
  0.00397077 -0.00084331  0.00628435 -0.00914079  0.01868746 -0.00379043
 -0.00828653  0.01445854 -0.01058642 -0.00228603 -0.00596114 -0.00941266
 -0.01565178 -0.01510537  0.00045479]
[ 0.00552222 -0.00461038  0.01182465 -0.00555277  0.00595114  0.003513
  0.00273071  0.00315766  0.01396567  0.0116558  -0.0012673   0.0013719
 -0.01670679 -0.00223168 -0.00410617  0.00343035 -0.00160455 -0.00724125
 -0.00726401  0.00356519 -0.00242339]
[ 0.00775899 -0.00305572 -0.00842334  0.0030098   0.00966497  0.00426833
  0.00530875 -0.00318441  0.01074558 -0.00299231 -0.0037285  -0.00267282
  0.01542097 -0.00454062 -0.00706558 -0.00620945 -0.01517675  0.01064828
  0.0017683  -0.01571669  0.00120735]
[ 0.0061374  -0.00494694  0.00165972  0.00024674  0.01134409  0.0090724
  0.00470683  0.00323975  0.00011066 -0.01211648  0.00379675 -0.00046948
 -0.01468812 -0.00321383  0.0029633   0.00465787  0.00359642  0.01932598
  0.0193901  -0.01535249  0.00611841]
[ 0.00679673 -0.0019969   0.01138541  0.00957822 -0.0004343   0.00731002
  0.00158582  0.01675865  0.00610272 -0.00523878 -0.0009215   0.00936597
  0.01167387 -0.00343122  0.0028652   0.00544818  0.01284751 -0.01175638
  0.01525517 -0.00111025 -0.01034235]
[ 0.00912527  0.00253257  0.00501716  0.00458836  0.00191968  0.00025106
 -0.01399762 -0.0146397   0.00161986  0.00218023  0.02087445 -0.01053574
  0.00334419  0.01652831 -0.00601167  0.0003001  -0.00923337 -0.00520625
  0.00504242 -0.01184856 -0.00885736]
[ 0.00934965 -0.00377395 -0.00561159  0.00537782  0.01626587  0.01442323
  0.01259303  0.01518227 -0.01547745 -0.00508541 -0.00356273  0.00596557
  0.00292712  0.01124731 -0.00011551  0.00503445 -0.00504463 -0.01038344
 -0.02953367  0.01493467 -0.00111562]
[ 0.00486556 -0.01092101  0.01015176 -0.018652    0.00202985 -0.00431497
  0.00442375 -0.00963371 -0.01615368 -0.0051873  -0.01039506 -0.00675887
  0.00155841 -0.01365226 -0.00465685 -0.01042164 -0.00738751 -0.0072316
  0.01107857  0.00372471 -0.00701303]
[ 0.01261159 -0.03526027  0.00334377 -0.02030744 -0.01709263 -0.01106945
 -0.01270975 -0.00623538 -0.0184662   0.00791461 -0.00906887  0.00124692
  0.01421259  0.01483271 -0.00386197  0.01467804  0.0226884   0.00160865
 -0.00107479 -0.01307835  0.01256552]
[ 0.01188693 -0.00789828  0.01335254  0.00883417  0.00102784  0.00968402
  0.00465952  0.02150478 -0.00484    -0.01863455 -0.00200696  0.00439424
  0.01872595  0.00248401  0.00047258 -0.00331265  0.01475354 -0.00466367
  0.00607895  0.01384194 -0.01782381]
[ 0.02454614  0.01890824 -0.01242845 -0.00578439 -0.00911307  0.01667092
 -0.01695703 -0.02627979  0.00771119 -0.00886363 -0.00815023  0.0043086
  0.00055267  0.03443991 -0.02085976 -0.01039662  0.00181539  0.00972039
  0.00124035 -0.02018134 -0.02131743]
[  7.07611420e-03  -3.62741462e-03   2.57333343e-03   3.38217383e-03
  -4.83761533e-03  -1.18553196e-03   6.09888846e-03   2.66043864e-03
   6.22530747e-04   1.07362295e-02  -6.06294474e-03  -5.49900804e-03
  -2.40918197e-03   1.80185061e-02  -1.20269565e-02  -8.53457449e-03
  -1.56167009e-05  -1.16498872e-02   2.01932468e-03  -8.31567099e-03
   9.69011234e-03]
[ 0.00956177  0.00216632  0.01228535 -0.00114975  0.00292485 -0.00846369
 -0.00215638  0.00048423  0.02154612 -0.00887033  0.00162409  0.00439911
 -0.00654454  0.00151545  0.01160124 -0.00687147 -0.00119736 -0.00856585
 -0.01201946  0.01229902 -0.00247661]
[ 0.00844115 -0.00967817  0.00087021 -0.0061472   0.00621016  0.00195669
  0.00718494  0.00440402 -0.01190084 -0.0102697   0.0061463  -0.00525632
 -0.00134686  0.00321578 -0.00343877  0.01332065  0.00944634  0.00733696
  0.00054742  0.00110847  0.003632  ]
[ 0.00849496 -0.00515145  0.01276785 -0.01320443  0.00309228  0.00083905
 -0.00133292 -0.01244961  0.00164649  0.00308386 -0.00131607  0.01766208
  0.00171403 -0.01929901  0.00261654 -0.01364393 -0.00515556  0.00628993
 -0.00807499  0.00835519 -0.00254594]
[ 0.00513968 -0.00297086  0.00433441  0.00408208  0.01172307  0.00477643
 -0.00779037 -0.00648302  0.00486421 -0.00960414  0.00397421  0.00111471
 -0.00988647  0.00186472  0.00978921 -0.00311464  0.00221349  0.00732043
  0.00353422 -0.01371392 -0.0045001 ]
[ 0.01795616  0.00590767  0.00812709  0.00262705 -0.00390238  0.00082437
  0.0085822   0.00700383  0.00571107  0.00438583  0.0094709   0.02686103
  0.01004443  0.00026001 -0.00111961 -0.00932735  0.00602441 -0.01356416
  0.00779538  0.01077726 -0.00348586]
[  2.68189712e-03   5.22192507e-03  -6.15479381e-03  -1.21921721e-02
  -2.71368170e-03   1.52197857e-02  -9.82318321e-03   7.63054160e-03
   1.79819913e-04   8.49545330e-04  -2.09665842e-03  -3.00972965e-03
  -1.18530438e-03   2.52854762e-03   7.07460995e-03  -8.18718392e-04
  -2.71311552e-03  -1.54545825e-03   5.91085645e-03   6.57976207e-03
   9.25881153e-05]
[ 0.00968317  0.00739408 -0.00276306  0.00170996 -0.01597119  0.01111916
 -0.00087547 -0.0031502   0.00098445  0.0033536  -0.00482166 -0.00564985
  0.00164607 -0.01815391  0.01253577 -0.01201392  0.00925342 -0.00471508
  0.0026876   0.0010105   0.01400903]
[  5.38162780e-03  -1.67892172e-03   3.45877269e-03  -1.69178126e-03
   1.11003513e-02   1.03516978e-05  -3.99436221e-03  -2.47091820e-03
   1.19430711e-02  -2.53336436e-03  -3.13505468e-03  -8.31189851e-03
  -7.84315643e-03   8.81422184e-04   8.06948235e-03  -2.14494398e-03
   7.92548556e-03   5.06031475e-03  -6.00431769e-03   7.93471677e-03
  -8.22823820e-03]
[ 0.010149    0.00463579 -0.00927274  0.00481371 -0.00445847  0.00021162
  0.00595412 -0.01311351 -0.00583465  0.01074956 -0.00863951  0.0063924
  0.00624265 -0.00156186  0.01575172  0.01356663 -0.00034885  0.00869284
 -0.00056486 -0.00546546 -0.00901905]
[ 0.0165271   0.0086629  -0.01163343  0.00955537 -0.01134412 -0.0007808
  0.01755313 -0.02240292 -0.00270833 -0.00160427 -0.0110875  -0.00502883
 -0.00494695  0.01046142  0.01455019  0.01385263  0.01381002 -0.00620337
  0.00154819  0.00916189  0.00823932]
[ 0.01915572  0.00405925  0.00708098  0.01378471  0.00531531 -0.00370116
 -0.00578081 -0.01536088  0.00211552 -0.00886374 -0.02028457 -0.0190761
 -0.00462663  0.00426175 -0.01054518 -0.0139528  -0.00179272 -0.01587651
  0.02811745  0.00983414 -0.00206311]
[ 0.00843891  0.00376045 -0.00628311  0.00255985  0.00426316  0.01690475
 -0.00307361  0.00348635 -0.00682415  0.00702682 -0.02220515  0.00992598
 -0.00136327  0.00652285 -0.00767144 -0.00042839 -0.00286909 -0.00761298
 -0.0129668  -0.01105552  0.00362541]
[  1.56782011e-02   1.64580882e-02  -5.91490504e-03   1.16802863e-02
   1.95194838e-02  -2.13875728e-02  -2.11110138e-02   2.25099868e-02
  -3.83145258e-02   1.65853380e-02  -2.66134026e-03   2.09923644e-02
  -1.88097763e-02  -1.44963764e-02   3.59522732e-03   5.65608509e-03
   3.12607842e-03   3.17168528e-05  -3.18632237e-03  -2.73285847e-03
  -1.21197467e-02]
[ 0.00142938  0.00051504  0.00227977  0.00064803 -0.00780453 -0.00096807
  0.00200367  0.00174669 -0.00051892 -0.00193017 -0.00074143  0.00065634
  0.0012091   0.00167606  0.00161581  0.00323054  0.0005529   0.00469726
 -0.00272767 -0.00215283 -0.00651248]
[ 0.01131689  0.00791391 -0.00880854  0.00242691  0.00444858 -0.00783365
 -0.00417583  0.00018683 -0.00780027 -0.00715413  0.00518511 -0.00171367
  0.0053526  -0.00885031 -0.03315872  0.00510529  0.01432925 -0.00037029
  0.00607274  0.00469555  0.00903879]
[ 0.00519657 -0.01108016 -0.0036658   0.00479205 -0.00137116  0.00503904
 -0.00058776 -0.00226904 -0.00041308 -0.0109573   0.00719302  0.00178505
 -0.01679756 -0.00086285  0.00371833  0.0046926   0.00324435  0.01346758
  0.00288137  0.00618069  0.00355133]
[ 0.01661001  0.00949188  0.00040544  0.00473083  0.00819893  0.00142928
 -0.00124362  0.01839608  0.00449298 -0.01951474 -0.00474011  0.01604472
 -0.00029109 -0.00558379 -0.00812345  0.00056948  0.01542348 -0.00620494
  0.03624221 -0.00628922 -0.00663394]
[ 0.00251317  0.00215876 -0.00101311 -0.00566348  0.00164635  0.00090452
 -0.00554797 -0.00090186  0.00175793  0.00347193  0.00792619 -0.00375391
 -0.00147316  0.00681597 -0.00298398  0.00591553 -0.00523473  0.00023475
  0.00013384 -0.00668176 -0.00854504]
[ 0.01356925  0.00130157  0.01437873  0.0121651  -0.01886353 -0.00194427
 -0.00562203  0.00323024 -0.00175445 -0.00800399 -0.00223871 -0.02389571
  0.00044747  0.02017476 -0.00763905 -0.00275237 -0.01192926  0.01329714
 -0.00672096  0.00156827 -0.01071954]
[ 0.01195715  0.00138467 -0.00754168  0.0109356   0.0155457   0.00615972
  0.00548479 -0.0114408  -0.00858646  0.00371128 -0.00038694 -0.0068675
  0.00426711  0.00711652  0.00790388  0.00197496 -0.00533001 -0.01443271
  0.00449745  0.01155272 -0.00678021]
[  8.79978920e-03  -1.57846202e-02   9.03774789e-03  -1.90792390e-02
   1.14688839e-02  -8.09320718e-03   8.11447372e-03   4.81502702e-03
  -1.03868209e-02  -3.00023969e-03  -8.05152361e-03  -1.08274705e-02
   7.44304232e-03   1.63992032e-03   3.01145977e-03  -1.67570755e-02
  -2.74975443e-05   4.46284602e-03   6.93957714e-03   5.95914494e-03
  -1.45050620e-02]
[ 0.00996938 -0.01997984 -0.00749553 -0.0017509   0.00047781 -0.00319149
  0.00719985  0.0106813   0.00010878  0.00783463 -0.00372726  0.00084809
 -0.00293356  0.01034837 -0.00699575  0.00240687  0.00129363 -0.00295693
  0.00109497  0.00347    -0.00010924]
[ 0.00956923  0.01871484 -0.0181678  -0.02963181 -0.01183092  0.03778723
 -0.02753567  0.01620671  0.00496422 -0.00093605 -0.0136332  -0.00268186
 -0.00085108  0.00652764  0.00821883 -0.01367964 -0.00109405 -0.00227803
  0.01416474  0.01152359  0.00492827]
[  8.12761690e-03   8.80193266e-05   6.30438131e-04   4.56042947e-03
  -1.19003302e-02   1.22897463e-02   1.22271744e-02  -1.32035945e-02
   1.28935509e-05   1.51554430e-02   5.02061878e-04   6.76324384e-03
  -4.94787647e-03  -1.68334324e-02   9.07456348e-03  -8.43919722e-03
   2.11781516e-03   3.26665881e-03  -4.44377062e-03  -5.42301590e-03
   1.65139335e-03]
[ 0.00736825  0.00707098 -0.00545895 -0.02057406  0.00147473 -0.00118261
 -0.0063842   0.00575667  0.00268916  0.00527893  0.01171535 -0.0015217
 -0.00391909  0.00348601 -0.00753725  0.01460359 -0.01244946  0.00106862
  0.00055274 -0.00618154 -0.01059688]
[  1.20763277e-02  -2.98537408e-03  -1.18159200e-02   2.00383831e-03
   9.38572341e-03  -8.07753386e-03   1.58484759e-02   1.49326110e-02
  -3.03568425e-04   2.13482909e-02   8.49577418e-05  -7.51244033e-03
   1.06901223e-02   6.92782370e-03   5.22372926e-03  -1.01951307e-02
  -5.14168938e-03   1.76922178e-02   5.08262116e-03  -1.26617198e-03
   2.80203886e-03]
[ 0.01930006  0.01541204  0.00679055 -0.00497254 -0.03844558 -0.02481754
  0.01773194  0.01074714  0.00512529 -0.02503399 -0.00615237  0.00279411
 -0.00623052  0.00816659  0.01394243  0.01814329 -0.01524207  0.00394152
 -0.01216494 -0.00794713 -0.00272309]
[ 0.01200748 -0.01064013 -0.01624182  0.00986779  0.00715704 -0.00118331
  0.00237726  0.00540112  0.01177424 -0.00686876 -0.0059911  -0.0049328
  0.02193311 -0.01225713 -0.00541407  0.00086848  0.00080486  0.0037715
 -0.01014108  0.00757154  0.00084389]
[ 0.02652129  0.01716109  0.0019209  -0.01864981 -0.00884312 -0.02148535
  0.02246711 -0.0113214   0.03424346 -0.00106367  0.01488289  0.04066813
  0.0036763   0.0035849  -0.01210039 -0.00019447 -0.02776012 -0.01068281
  0.01841873  0.01394574 -0.01709632]
[ 0.00130557 -0.00603237  0.00302223 -0.00775569 -0.00149766 -0.00277355
 -0.00026745 -0.00399586 -0.00806358 -0.00065324 -0.00500098 -0.00229324
  0.00274476 -0.00295617 -0.00254727 -0.00179422  0.0008514  -0.00295222
  0.00496161 -0.00083312 -0.00090321]
[  1.32748952e-03  -1.13493159e-02  -7.36652659e-03   6.50387056e-04
  -5.98003968e-03  -2.94265076e-03  -5.61061958e-03   8.99660592e-04
   6.22590628e-04   1.42385601e-06   1.43826815e-04   3.48369307e-03
  -2.65594804e-03   8.18824027e-04  -5.39438345e-04  -5.86401886e-05
  -4.96205069e-04  -2.37704409e-03   9.18621899e-04   8.20934739e-04
   1.24790606e-03]
[ 0.00682529 -0.00078797  0.00859304  0.00413054 -0.00312529 -0.00481598
 -0.01484031  0.00189786 -0.01047248  0.00406976  0.01402744  0.00238785
  0.00445662  0.00347103 -0.00458988 -0.00884219  0.00015333  0.00509857
 -0.00282583  0.00536105  0.01292108]
[ 0.00652883 -0.00734575  0.00816133 -0.00329155  0.00184252  0.00023209
 -0.01305648 -0.01514279  0.00186486  0.00689383  0.00111312  0.01734361
  0.0156328   0.0171353   0.00764473  0.0082217   0.00293483 -0.00041111
 -0.00032445 -0.00696639  0.00826808]
[  9.29987330e-03  -6.82593716e-03   1.55522278e-02  -7.67219404e-03
   6.48910055e-03   1.12474202e-02   6.99112475e-03  -5.13328205e-03
   4.98979415e-03   6.58045569e-03  -9.82688855e-04   3.46191674e-03
  -2.10561628e-02  -1.87100770e-02  -1.53366559e-02   5.07095344e-04
  -1.37161210e-02  -1.68949205e-04  -8.29431360e-04   9.64164465e-05
   5.07070871e-03]
[ 0.00846552 -0.00402826  0.00533749  0.0011796   0.00398929  0.01117758
  0.00223469 -0.0099787   0.00433544  0.00591882 -0.0019594   0.02291325
  0.01223325 -0.00588316 -0.00187738 -0.00307726 -0.00964713  0.01066993
 -0.01049399 -0.00383166  0.00561347]
[ 0.02194327  0.01078811 -0.0108213   0.00078879  0.01004824 -0.01119719
  0.00630741 -0.00437425 -0.00039544  0.00292111 -0.00013675  0.00660957
 -0.00585761  0.00055825 -0.00618346  0.02209196  0.02407834 -0.01669491
  0.02080602  0.00888787  0.01674885]
[ 0.00126447 -0.00090078 -0.00086773  0.00115553  0.0033707   0.00371248
  0.00207671  0.00105369 -0.00485184 -0.00381175  0.00114547 -0.00086816
  0.00046248  0.0007376  -0.00042931  0.0021815  -0.00257411 -0.00607669
 -0.00997145  0.00223358 -0.00079757]
[ 0.00676911 -0.00770814  0.01422605  0.00300755 -0.00464426  0.01396772
  0.00606062  0.00753493  0.00814627  0.02415873 -0.00997073  0.00045471
 -0.01596432 -0.00109985 -0.01881459 -0.00177247 -0.0010318  -0.01558453
 -0.00713761 -0.01056068 -0.00028323]
[ 0.00819372  0.00634006 -0.00626446 -0.00994928  0.00351239 -0.00230867
 -0.00080627 -0.00354351  0.01427405 -0.00013355  0.00149401 -0.00316264
  0.00302395 -0.01158368 -0.02209051  0.00812103 -0.00483629  0.0101929
 -0.00727148  0.00236816 -0.00146783]
[ 0.0107199   0.00751636  0.00212385 -0.00023427  0.00824565 -0.01468586
 -0.01194098 -0.00086618 -0.00845709 -0.01120292 -0.00579679  0.00268419
 -0.01844375  0.00088361  0.01272715 -0.02996709  0.0081445  -0.00482962
 -0.00740311 -0.0229868  -0.01578752]
[ 0.00763407 -0.01221683  0.00092493 -0.01543854  0.00044572 -0.00565522
 -0.00190382  0.00082312 -0.0041277   0.00151884  0.00431044 -0.00122101
 -0.00222236 -0.00014452  0.00452655  0.01730138  0.01066907  0.00653136
 -0.00621464  0.00184118  0.01004638]
[ 0.00967945  0.00758581 -0.00878547 -0.00729158 -0.00024556  0.00225573
 -0.01350922 -0.01010602  0.01601246 -0.00068293 -0.01944068 -0.01002759
  0.00427576 -0.01608927 -0.00833156 -0.00343839  0.022107    0.01418045
 -0.0206178   0.00848264  0.00186157]
[ 0.00922778 -0.01064916 -0.01697248  0.00426316  0.00385874 -0.00860079
  0.00986913  0.00430955  0.00832406  0.02166611  0.00428922 -0.00868108
  0.003459    0.00632776  0.00680334 -0.01356235 -0.00576972  0.00240057
  0.00302631  0.00146072 -0.00895617]
[ 0.01458165  0.00651704 -0.00942677 -0.00681125 -0.00534465  0.02096451
  0.00577648 -0.0025883  -0.01687216 -0.01181382  0.0081217  -0.00091227
  0.00303767 -0.00081121  0.00936853  0.01684175 -0.01491894 -0.00402769
  0.00045268  0.00033272 -0.01078444]
[ 0.01090087  0.0075008  -0.01051108 -0.01341411 -0.00837142 -0.00506803
  0.00956803  0.00238738  0.00603076 -0.00689365  0.00283329  0.00158452
  0.00725794  0.00353566 -0.00778031  0.00576013 -0.01388479  0.00319962
 -0.00170929  0.00374786 -0.00383948]
[ 0.00911118 -0.00464508 -0.00802257 -0.00197713  0.01359456 -0.00676043
  0.0128857   0.00365237  0.00467133  0.00090818 -0.0026239  -0.01481132
  0.01217207  0.00762647  0.00578453 -0.00923467 -0.00257228  0.00091425
 -0.0057456   0.01685443 -0.01504996]
[ 0.01566236 -0.00204731 -0.00092884 -0.02372521  0.01739117  0.00035875
 -0.00846127  0.01999541  0.00326017  0.02353768  0.01870152 -0.01513611
 -0.01028846 -0.00130418  0.01557169  0.02152407  0.00021133  0.00145905
 -0.00912288  0.00195777 -0.00426771]
[  6.52431770e-03  -1.29740941e-03  -2.38090668e-03   4.59332017e-03
   7.00581508e-03   1.17650338e-02   1.30986953e-02   1.13296415e-03
  -1.10808490e-02  -4.58750836e-03  -3.58091444e-04   4.54203091e-03
   3.11771627e-03   1.05392423e-02   1.34836904e-03   3.61762487e-03
  -2.38765877e-05   2.33955933e-03  -8.81668192e-03   1.10808742e-02
   5.72148762e-03]
[ 0.0089789  -0.00609317  0.01861007  0.00275261  0.01171794  0.00083347
 -0.02087996 -0.01009771  0.00744294  0.00318831  0.00315114  0.02030782
  0.01445298  0.00949279  0.01938701  0.00367677 -0.00621622  0.0011292
 -0.00098999  0.00638152  0.01026461]
[ 0.00669524  0.00144256 -0.00464463  0.00145192  0.00423503  0.00734034
  0.01452028  0.00803562 -0.00869311  0.0034326  -0.0090599   0.00328517
  0.00085925  0.01685303 -0.00141187 -0.01294126 -0.00787899  0.00518651
 -0.00719651 -0.00963537  0.02156101]

Right eigenvectors

[ 1.         -1.10199556  1.4214263  -1.02230544  1.01617696 -0.33780941
 -0.39570854  0.337107    1.11767854  1.03231131 -0.44781958 -0.40333451
 -0.14030709  0.262812    0.55603954  0.14576311  0.78513457 -0.08952919
 -0.57344672  0.09196896  0.01868484]
[ 1.          0.22454641 -0.34824611  0.4805133   0.55577977 -0.764876
  0.22348251 -0.51234643  0.97060026 -0.20534495 -0.62441294 -0.53457838
  0.29376868  1.00606543  0.00703437 -0.46562195 -0.14593732 -0.68264876
  0.89369582  1.07887248 -1.51599883]
[ 1.         -0.37571588 -0.06312983  0.2409918   0.55345662  0.87737009
 -0.05132335 -1.03730278 -1.26536991 -1.77109295  1.08464926 -1.17136072
 -0.06672899 -0.87630362 -0.20885739  0.54274059 -0.70742921 -1.6711364
 -1.16106895 -0.73321977 -0.21031306]
[ 1.         -0.42343982  0.06645929  0.93236284  1.00184519 -0.19538665
 -0.43639607  0.97160242  1.63441217 -0.89479058 -0.19450419 -1.32856937
  2.16089896 -1.59988543  0.41769474  1.01538581 -0.397809   -0.60911364
  0.18765268 -1.43176092  0.59780806]
[ 1.          0.63238922 -0.52733419  0.7317492   0.19077965 -0.59017174
 -0.1558415  -0.6003793   0.31953855  0.35026482 -1.39552324 -0.03187753
  0.15057543 -0.81416009 -0.35591489  0.35626423  0.43413166  0.98339531
  0.42109382  1.15226378 -0.16380083]
[ 1.          0.62079332  0.01808624 -0.16634096 -0.06250698 -0.82429633
 -0.22524199  0.15011785  2.21140368 -1.67118338 -0.32379239 -1.07439299
  0.67274211 -1.94901019 -0.59669129  1.44886468  0.38896018 -0.60010026
 -2.01363856  0.05171454  0.70845392]
[ 1.          0.51699803 -0.94105612 -0.20664726 -0.71188639 -0.05766832
 -0.87851509 -1.43141475  0.08971702  0.11545661 -2.29975018 -0.63215309
  0.62178708  0.30534933 -1.7157519   0.76865815  2.2435335   1.37754821
 -1.98812743 -0.15010774  0.20221261]
[ 1.         -0.27125161  0.34674052  0.44005501  0.97957889  0.36044704
  0.06547629  0.11394952  0.8867297  -0.75212449  0.47426184  1.12201656
 -0.37491387 -0.25191584 -0.04403949 -0.21128053 -0.09951205  0.24259967
 -0.10118893 -0.16544899  0.96851025]
[ 1.         -0.42719293  1.24086239  0.68496035 -2.78666032  0.76225725
  0.20621293  0.40727463 -0.55853442  0.30551342 -0.05614575  0.17942253
  0.94055417  0.34648577 -0.01781743  0.46722578  1.06088865  1.71610766
 -0.42438313 -0.37881265 -2.26218664]
[ 1.          0.62049879 -0.39608289 -0.0536477  -0.39747347  0.13264935
  0.6750071   0.01570235 -0.3357062   0.47929168  0.33224869  0.01385743
  0.08661926 -0.63335199  1.42575766 -0.08261592  0.06618204 -0.56820562
  0.52134608 -0.19965844  0.48155507]
[ 1.         -1.04844034 -0.570086   -0.65425981  2.58241134  0.6732673
  2.86646128  1.52196128 -0.31888249 -0.03671526 -1.08178242 -0.72345016
  1.06244897  1.15995871  0.17518008 -2.63767987 -2.19106206  5.07641007
  2.47552539 -4.27506684  2.23520568]
[ 1.          0.87691513  0.61381302 -0.24847904 -0.69296193 -2.10323409
 -0.55537928  1.06247681  0.57083668 -1.63139977  0.68874368 -0.69509092
 -1.34141024  0.77579026  1.2030485  -2.32986247  0.42992178 -0.66196135
 -2.13801445 -2.33310405  0.12186689]
[ 1.         -1.06146567 -1.16320384  0.97353964 -0.10830686  1.46840244
 -0.63880478 -1.03803369 -0.32616627 -1.34302779 -0.1691307  -0.23050918
  0.86482722 -1.65510284  0.20527199 -0.21482368 -0.6675607  -1.13982358
 -0.66891676 -2.67255666 -0.67983117]
[ 1.         -6.67148424 -5.91510192  2.1545187  -2.60873832 -0.96554761
 -2.46420232  1.07308367  1.91389209 -0.66162013  0.84062296  1.79609543
 -2.63306965 -0.82460868  0.05774145 -1.25700474 -2.13348683 -1.1940534
  0.48450744  1.42855746 -0.55062097]
[ 1.          0.33224776  0.5010026   0.58998111 -0.79948737 -0.50369182
  0.19133435  1.52803473  0.38181148 -0.3232318   0.19563357 -0.25211283
  0.46071709 -0.40588163  0.05963254  0.28974571  0.07357299 -0.40036504
  0.38451824 -0.3953336   0.68849648]
[ 1.         -0.12414712  0.33183696 -2.23044361 -1.81881974 -1.0567524
  1.19042089 -0.22580515 -1.15748236 -0.94319991 -0.25191475 -0.00859703
 -0.41139921 -0.39809988  1.17393676  1.49389497 -1.47077102 -0.23644582
  0.26761531  0.17864976  0.93643012]
[ 1.         -0.26606722  2.25335248  1.62991771 -1.26158514  0.92335463
 -1.3124913  -0.22095778 -0.65411699  1.20930182  0.88446312 -2.31571067
 -0.98416632 -0.06692407 -1.79283811 -0.49123959 -1.80453161  0.55998645
  0.10372591  1.01649221  0.78110012]
[ 1.         -0.3840067   0.36614198  1.3277734  -1.33019369  1.62370276
  0.69629976 -1.13489848 -0.28306566 -0.42591088  0.75241965 -0.17499219
 -2.33408608  0.7092015  -0.2355631   0.28309754  1.1699946   3.71303735
  0.1527941   0.95543289 -1.4698132 ]
[ 1.         -0.48251076  0.0929804  -0.85078594  0.84941604 -0.13022792
  0.99742376  0.3578863   0.79460398  0.50031136 -0.10854884  0.66428261
  1.16534323 -0.31994984  0.4159452   0.36760222 -1.2708181   1.49900809
  0.70340596 -1.40501567  0.06242717]
[  1.00000000e+00   8.44148398e-01   1.93852345e-01   1.53229247e-03
  -6.47867958e-01  -5.27714605e-01  -7.03569062e-01   1.28545818e+00
  -7.61491290e-01  -6.44376877e-01   1.07508130e+00   5.18104436e-01
  -1.02299592e-01   6.32965221e-02  -1.54076221e-01  -2.50154812e+00
   5.21172682e-01   2.83648664e-01  -8.26370693e-01   1.62301996e-01
   1.94042006e+00]
[ 1.          0.44999731  1.41179929  2.81947415  0.78068409 -1.49001889
 -3.38728405  0.30425506 -0.17221601  0.75556022 -3.37406874 -1.11594818
  1.30609655 -0.97067997  1.44239436  2.27460894 -4.60986442  1.20865872
  1.37421092  1.43045276  1.25358039]
[ 1.          0.24555954  0.28754483  1.07364662 -1.06113809  1.21907952
 -0.04532155 -1.52102935 -0.70494931  1.51570993  2.12443688 -3.77180048
 -0.1199458  -1.84593106  1.98816028  0.03296421  0.85990245 -1.94967616
 -0.03696426  0.10220983  2.22662097]
[ 1.          0.76576744 -0.35682627  0.48077407  0.04311818 -0.15718963
 -0.65767211 -0.32589454 -0.99520165  0.34489268  1.32061487  0.59019338
  0.36598208 -1.06258117 -1.44687588 -0.72151688  0.28985604  0.33530308
  0.14904329  0.06987304 -0.00679876]
[ 1.          0.02920933  0.55689935  0.21880618  0.95660784  0.05751176
 -1.04598847 -2.56457182  0.73187739 -0.44561776  0.60503719  2.07094406
  0.89594239  2.37713495  0.13236435  0.96292444  0.05385016 -1.74495119
  1.01862072 -0.05425369  1.5025533 ]
[ 1.         -0.72165915  1.95943023  0.00691267 -0.64636173  0.01529076
 -0.89185503  0.61934386 -0.70117257 -1.16823538  1.00979979  0.11796287
  0.35091192  0.18676346  0.55027077 -1.66859752 -0.02889929  1.00555325
 -1.04551198  2.03721902  0.27876947]
[ 1.          0.48811764 -0.70290087  0.11664041  0.01577031 -0.45340262
  0.60927904 -0.33204003 -0.09360213  0.5902534   1.46022421 -0.06590139
  0.38147931  0.0613591  -0.74611024 -0.82624835  0.53867091  0.65334548
 -0.00320747  0.95049533  0.63986559]
[ 1.         -0.37267742  0.43586568  0.95297032  0.85772305  1.05978313
  0.56019318 -0.3879209  -0.15772453 -0.63033782 -0.00570863 -0.07294088
 -2.23168046  0.3759726  -0.07372255  0.98135125  0.60730275  1.00223498
  0.64565455  0.88324965 -0.24987881]
[ 1.          0.45308381 -0.3079613   0.66633515 -0.22880088  0.68492673
  0.48099087 -1.31134855 -0.64511206  2.89502725  3.32088703 -1.80004377
  0.76994584 -0.6459592   2.28660769 -0.33456053  0.52534523 -1.28599388
  0.56479598  0.36281847 -0.78593756]
[ 1.         -0.72117787  2.81293636  1.70658886 -2.45903153  2.08981752
  0.96844356  3.4662174   1.30429049  2.01386839 -1.06750516  0.93346294
  0.35471933 -0.55589166 -1.98648337  0.98301928  2.25396421 -2.49027865
  0.9042151  -2.46374241 -2.89313163]
[ 1.          0.28210084  2.6259877   3.25867533 -1.54010288 -0.73074395
 -2.98174391  1.19926576 -0.36010151  0.67512545 -1.64005071 -3.830051
  0.58324938  0.02455927 -0.67168106  1.47520729 -5.8294684   1.99754284
  1.22692956  2.01666706  1.86674058]
[  1.00000000e+00   3.23362813e-02  -6.91118983e-01   1.22988279e+00
  -1.71820530e+00   7.67246602e-01   1.29943594e+00  -1.53863520e+00
  -8.21750654e-01   3.86727776e+00   1.95016951e+00  -2.32393091e-01
   1.16380944e+00  -1.48312828e+00   2.17691754e+00  -9.55246181e-01
   8.20202815e-01   1.33176490e+00   2.43227642e-03  -6.28906754e-01
  -3.02593102e+00]
[ 1.         -0.37791959 -0.02259135 -0.45705445  0.65422607 -0.57077585
 -0.26438153  0.72305941  1.01741723  0.79278208  0.67578985 -1.88825131
  0.19190712 -0.89618455  1.32529026  0.79616115  1.77311085 -0.17030341
 -0.01218297 -1.29741597  1.73787475]
[ 1.          0.70518553  0.09358268 -0.39220157 -1.40586664 -0.80730955
  1.90831658 -0.7286981   0.24248373 -0.38648372 -1.14051198  0.49915646
 -1.61172241 -0.36754736  0.82907047  0.4901618  -1.0438557  -0.43719048
  0.5168352   0.18994794  1.86350764]
[ 1.          1.24362861 -1.18224872 -0.05280963  1.43298024 -1.70710138
 -1.04202954  1.54285596 -2.36412736  1.61786645  1.13541874  1.06507043
 -0.58928211 -1.18257824 -2.21515455  1.1674964   0.58124157  0.51874848
  0.92332071 -0.15108531 -0.54294372]
[ 1.          0.71116956 -0.60906308  0.3740927   0.49689674 -1.89986504
 -0.30575808 -1.03555558  0.16270293  0.44639067 -2.23319212 -0.39859328
 -1.59881524  0.52870078  1.17243165 -1.16721794  0.80673772 -0.5110167
 -0.54299416 -0.28596546 -1.11103557]
[ 1.          1.37936885 -0.41009408  1.63029488  0.87962131 -2.03928814
 -2.02298652  1.07302579 -2.78858083  1.62012437 -3.351363    1.60194136
 -1.37162834 -0.82555384  1.80180359  1.7438658  -1.76532923  0.35093163
 -0.92664891 -0.7932036  -1.33896804]
[ 1.          0.5992023   0.25274095 -1.20753449 -0.18128411  0.32513679
  0.27263876 -1.48313544 -0.43426858 -0.10030251  1.59196672  2.9075379
  0.65283721 -2.41139588 -0.79328688 -0.8968211  -1.94890289  0.3132075
 -0.01155189  1.49660058 -1.63195186]
[ 1.          0.45217362 -0.27949227  1.17021665  0.49691882 -0.42384466
  0.20058529 -2.24600205 -0.15076867  0.05040251 -0.45928331 -0.87191364
 -0.65696403  2.28156871 -0.94811976 -0.08605189  0.96911261 -1.86009195
  1.78606332  0.85054353  0.77134434]
[ 1.          0.70730053 -0.41942178 -0.89246056 -0.27112147 -1.04202526
  0.20903443 -0.04439458  0.33082872 -0.48120115  0.98376903 -0.19954071
 -0.4362301   0.76114492 -0.55730376 -0.12034423 -0.31381369 -0.49551333
 -0.823961   -0.7951963   0.02394138]
[ 1.         -0.83487816  2.14128335 -1.00553237  1.07767166  0.63615711
  0.49449406  0.57181018  2.52899445  2.11070712 -0.2294917   0.2484317
 -3.02537262 -0.40412739 -0.74357225  0.62119054 -0.29056206 -1.31129147
 -1.31541437  0.6456084  -0.43884335]
[ 1.         -0.39382959 -1.08562373  0.38791153  1.24564866  0.55011422
  0.68420635 -0.41041578  1.38491999 -0.38565751 -0.48053931 -0.34448059
  1.98749803 -0.58520788 -0.9106323  -0.80029122 -1.95602226  1.3723799
  0.22790283 -2.02561145  0.15560691]
[ 1.         -0.80603169  0.27042705  0.04020337  1.84835358  1.4782152
  0.76690929  0.52786948  0.01803115 -1.97420318  0.61862499 -0.07649505
 -2.39321445 -0.52364679  0.48282607  0.75893204  0.5859839   3.14888685
  3.15933361 -2.50146456  0.99690591]
[ 1.         -0.29380358  1.67513121  1.40923976 -0.06389813  1.07552062
  0.23332069  2.4656934   0.89789102 -0.77077939 -0.13558055  1.37801143
  1.7175722  -0.50483466  0.42155561  0.80158933  1.8902498  -1.72971128
  2.24448745 -0.16335104 -1.52166591]
[ 1.          0.27753387  0.54981026  0.50281883  0.21036929  0.02751238
 -1.53394113 -1.60430409  0.17751323  0.23892262  2.28754437 -1.1545684
  0.36647617  1.8112684  -0.65879426  0.03288691 -1.01184613 -0.57053108
  0.55257824 -1.29843471 -0.97064139]
[ 1.         -0.40364589 -0.60019309  0.57518967  1.73973087  1.54264982
  1.34689935  1.62383392 -1.65540429 -0.54391496 -0.3810548   0.63805257
  0.31307295  1.20296618 -0.01235481  0.53846378 -0.5395533  -1.1105706
 -3.1588005   1.5973513  -0.11932188]
[ 1.         -2.24455451  2.08645216 -3.8334751   0.4171873  -0.88683845
  0.90919579 -1.97997945 -3.32000366 -1.06612668 -2.13645805 -1.38912405
  0.32029483 -2.8058976  -0.95710498 -2.14192095 -1.51832596 -1.48628384
  2.27693705  0.76552574 -1.44136055]
[ 1.         -2.7958635   0.26513461 -1.61022088 -1.35531169 -0.87772059
 -1.00778398 -0.49441692 -1.46422466  0.62756674 -0.7190906   0.09887072
  1.12694681  1.17611793 -0.30622378  1.16385359  1.79901231  0.12755332
 -0.08522276 -1.03701096  0.99634694]
[ 1.         -0.66445088  1.12329553  0.74318345  0.0864682   0.81467821
  0.39198643  1.80911092 -0.4071695  -1.56764992 -0.16883712  0.36966945
  1.57533952  0.20896967  0.03975595 -0.27867959  1.24115668 -0.39233556
  0.5113979   1.16446672 -1.49944582]
[ 1.          0.77031429 -0.50633004 -0.23565366 -0.37126272  0.67916669
 -0.6908228  -1.07062828  0.3141508  -0.36110088 -0.33203733  0.17553084
  0.02251562  1.40306843 -0.84981831 -0.42355439  0.07395829  0.39600509
  0.0505312  -0.82217992 -0.86846363]
[  1.00000000e+00  -5.12628049e-01   3.63664768e-01   4.77970498e-01
  -6.83654219e-01  -1.67539970e-01   8.61897969e-01   3.75974519e-01
   8.79763567e-02   1.51724932e+00  -8.56818385e-01  -7.77122568e-01
  -3.40466802e-01   2.54638429e+00  -1.69965551e+00  -1.20611034e+00
  -2.20695998e-03  -1.64636789e+00   2.85371975e-01  -1.17517479e+00
   1.36941152e+00]
[ 1.          0.22656084  1.28484032 -0.12024396  0.30588954 -0.88515912
 -0.22552048  0.0506425   2.25336006 -0.92768694  0.16985271  0.46007205
 -0.68444819  0.15849026  1.2132931  -0.7186394  -0.12522407 -0.89584273
 -1.25703275  1.28626921 -0.25901116]
[ 1.         -1.14654635  0.10309086 -0.72824205  0.73570084  0.23180388
  0.85118068  0.52173274 -1.40985942 -1.21662283  0.72813475 -0.62270192
 -0.15955927  0.38096471 -0.40738119  1.57806153  1.11908211  0.86918914
  0.06485136  0.13131743  0.43027344]
[ 1.         -0.60641226  1.50299206 -1.55438483  0.36401346  0.09877004
 -0.15690719 -1.46552944  0.19381967  0.36302287 -0.15492312  2.07912503
  0.20177015 -2.27182005  0.30801087 -1.6061217  -0.60689672  0.74043053
 -0.95056223  0.9835475  -0.29970073]
[ 1.         -0.57802519  0.84332285  0.79422855  2.28089582  0.92932458
 -1.51573107 -1.26136767  0.94640312 -1.86862681  0.77324202  0.21688279
 -1.92355912  0.36280807  1.90463624 -0.60599951  0.43066736  1.42429803
  0.68763429 -2.66824524 -0.87556166]
[ 1.          0.32900509  0.45260749  0.14630357 -0.21732812  0.04591009
  0.47795284  0.39005135  0.31805632  0.24425226  0.52744549  1.49592274
  0.55938598  0.0144804  -0.06235244 -0.51945114  0.33550668 -0.75540413
  0.43413403  0.60019866 -0.1941318 ]
[ 1.          1.94710119 -2.29494031 -4.54609984 -1.01185153  5.67500728
 -3.66277406  2.84520295  0.06704952  0.31677029 -0.78178182 -1.12223904
 -0.4419649   0.94282051  2.6379125  -0.30527584 -1.01164042 -0.57625561
  2.20398329  2.45339839  0.03452337]
[ 1.          0.76360116 -0.28534651  0.1765905  -1.64937688  1.14829762
 -0.09041136 -0.32532784  0.10166655  0.34633344 -0.49794212 -0.58347177
  0.16999303 -1.8747904   1.29459378 -1.2407011   0.95561915 -0.48693535
  0.2775536   0.10435663  1.4467404 ]
[  1.00000000e+00  -3.11972842e-01   6.42700093e-01  -3.14362368e-01
   2.06263823e+00   1.92352540e-03  -7.42221938e-01  -4.59139557e-01
   2.21923022e+00  -4.70743138e-01  -5.82547660e-01  -1.54449524e+00
  -1.45739481e+00   1.63783564e-01   1.49945010e+00  -3.98567880e-01
   1.47269299e+00   9.40294450e-01  -1.11570661e+00   1.47440831e+00
  -1.52894970e+00]
[ 1.          0.45677331 -0.91366013  0.47430385 -0.4393011   0.02085099
  0.5866704  -1.29209923 -0.57489854  1.05917432 -0.85126732  0.62985558
  0.61510004 -0.15389321  1.55204669  1.33674547 -0.03437245  0.85652192
 -0.05565658 -0.53852248 -0.88866436]
[ 1.          0.52416344 -0.70390017  0.57816383 -0.68639515 -0.04724369
  1.0620814  -1.35552581 -0.16387189 -0.09706923 -0.67086778 -0.30427748
 -0.29932331  0.63298567  0.88038329  0.83817657  0.83559813 -0.37534534
  0.09367598  0.55435519  0.49853381]
[ 1.          0.2119082   0.36965372  0.71961357  0.27747892 -0.19321455
 -0.30177963 -0.80189545  0.11043816 -0.46272047 -1.05893019 -0.99584383
 -0.24152757  0.2224795  -0.55049787 -0.72838822 -0.09358684 -0.82881305
  1.46783588  0.5133791  -0.10770209]
[ 1.          0.44560885 -0.74454077  0.30333901  0.50517954  2.00319165
 -0.36421886  0.41312865 -0.80865295  0.83266933 -2.63128196  1.17621586
 -0.16154536  0.77295007 -0.90905648 -0.05076382 -0.33998377 -0.90212874
 -1.5365492  -1.31006476  0.42960629]
[  1.00000000e+00   1.04974341e+00  -3.77269370e-01   7.45001688e-01
   1.24500787e+00  -1.36415988e+00  -1.34652016e+00   1.43575061e+00
  -2.44380880e+00   1.05785976e+00  -1.69747808e-01   1.33895236e+00
  -1.19974072e+00  -9.24619880e-01   2.29313765e-01   3.60761102e-01
   1.99390122e-01   2.02299056e-03  -2.03232651e-01  -1.74309441e-01
  -7.73031718e-01]
[ 1.          0.3603228   1.59493292  0.45336091 -5.46006763 -0.6772659
  1.40177464  1.22198603 -0.36303687 -1.35034922 -0.51870907  0.45917865
  0.84589045  1.17257461  1.1304228   2.26009545  0.38680919  3.2862105
 -1.9082824  -1.50612435 -4.55614501]
[ 1.          0.6993004  -0.77835314  0.21444998  0.39309199 -0.69220871
 -0.36899058  0.01650921 -0.68925897 -0.63216343  0.45817392 -0.15142616
  0.47297413 -0.78204398 -2.93001943  0.45112147  1.2661819  -0.03272038
  0.53660813  0.41491511  0.79869886]
[ 1.         -2.13220518 -0.705426    0.92215668 -0.26385774  0.96968637
 -0.11310602 -0.4366413  -0.07949023 -2.10856426  1.38418555  0.34350516
 -3.23243237 -0.16604139  0.71553492  0.90301777  0.62432421  2.59162778
  0.55447455  1.18937854  0.68339803]
[ 1.          0.57145532  0.02440957  0.28481809  0.49361409  0.08604949
 -0.07487143  1.10752985  0.27049844 -1.17487822 -0.28537689  0.96596708
 -0.01752511 -0.33616993 -0.48906938  0.03428531  0.92856535 -0.37356661
  2.18195006 -0.37864039 -0.39939433]
[ 1.          0.85898072 -0.40311962 -2.25352144  0.65509111  0.35991204
 -2.20755762 -0.3588556   0.69948598  1.38149291  3.15386136 -1.49369389
 -0.58617509  2.71210237 -1.18733612  2.35381219 -2.08291927  0.09340665
  0.05325384 -2.65869921 -3.40010624]
[ 1.          0.09592032  1.0596555   0.89652012 -1.39016754 -0.14328511
 -0.41432144  0.23805557 -0.12929596 -0.58986224 -0.16498414 -1.76101933
  0.03297686  1.48680038 -0.5629681  -0.20283893 -0.87913912  0.97994676
 -0.49530847  0.11557536 -0.78998745]
[ 1.          0.11580286 -0.63072567  0.91456631  1.3001177   0.51514945
  0.45870392 -0.95681698 -0.71810291  0.31038172 -0.0323608  -0.57434292
  0.35686701  0.59516836  0.6610168   0.16516973 -0.44575914 -1.20703662
  0.3761311   0.96617672 -0.56704259]
[ 1.         -1.79374981  1.02704141 -2.16814727  1.30331348 -0.91970467
  0.92212138  0.54717527 -1.18034883 -0.3409445  -0.91496778 -1.23042385
  0.84582052  0.18635905  0.34221953 -1.90425874 -0.0031248   0.50715374
  0.7886072   0.67719178 -1.64834199]
[ 1.         -2.00412164 -0.75185549 -0.17562779  0.04792779 -0.32012911
  0.72219701  1.0714114   0.0109117   0.78586916 -0.37387049  0.0850695
 -0.29425704  1.03801535 -0.70172387  0.2414259   0.12976086 -0.29660096
  0.10983375  0.34806625 -0.01095713]
[ 1.          1.95573054 -1.89856404 -3.096571   -1.23634947  3.94882599
 -2.8775209   1.6936271   0.51876923 -0.0978184  -1.4246906  -0.2802589
 -0.08893922  0.68214911  0.85888036 -1.42954461 -0.11432947 -0.23805773
  1.48023774  1.20423351  0.51501215]
[  1.00000000e+00   1.08296599e-02   7.75674025e-02   5.61102908e-01
  -1.46418444e+00   1.51209714e+00   1.50439847e+00  -1.62453455e+00
   1.58638763e-03   1.86468471e+00   6.17723356e-02   8.32131230e-01
  -6.08773338e-01  -2.07113999e+00   1.11650975e+00  -1.03833600e+00
   2.60570250e-01   4.01920865e-01  -5.46749518e-01  -6.67233208e-01
   2.03182971e-01]
[ 1.          0.95965453 -0.74087387 -2.79225807  0.20014625 -0.16050128
 -0.86644728  0.78128011  0.36496642  0.71644202  1.58997704 -0.20652159
 -0.53188898  0.47311181 -1.0229357   1.98196181 -1.68960852  0.14503081
  0.07501686 -0.83894304 -1.43818093]
[ 1.         -0.24720877 -0.97843652  0.1659311   0.77720013 -0.66887336
  1.31235889  1.2365192  -0.02513748  1.76778003  0.00703506 -0.62207987
  0.88521301  0.57366974  0.43255942 -0.84422442 -0.42576597  1.46503294
  0.42087473 -0.10484744  0.2320274 ]
[ 1.          0.79854903  0.35184095 -0.25764379 -1.99199319 -1.2858792
  0.9187504   0.55684474  0.26555808 -1.29709382 -0.31877455  0.14477228
 -0.32282366  0.42313808  0.7224033   0.94006394 -0.78974214  0.20422348
 -0.63030588 -0.41176738 -0.14109246]
[ 1.         -0.88612516 -1.3526416   0.82180318  0.59604861 -0.09854737
  0.19798128  0.44981263  0.9805755  -0.57203986 -0.49894696 -0.41081026
  1.82662035 -1.02079088 -0.45089168  0.07232797  0.06702976  0.31409625
 -0.84456378  0.63056831  0.07028001]
[ 1.          0.64706871  0.07242862 -0.70320147 -0.33343475 -0.81011717
  0.84713487 -0.4268796   1.2911688  -0.04010624  0.56116791  1.5334146
  0.13861708  0.13517085 -0.45625218 -0.00733278 -1.04671088 -0.40280117
  0.69448859  0.52583203 -0.64462637]
[ 1.         -4.62049182  2.3148772  -5.94046159 -1.14712791 -2.12439813
 -0.20485412 -3.06062505 -6.17629225 -0.50034833 -3.83050014 -1.75650472
  2.10234512 -2.26427401 -1.95107804 -1.37428092  0.65213133 -2.26124693
  3.80034212 -0.63812913 -0.69181326]
[  1.00000000e+00  -8.54945799e+00  -5.54921638e+00   4.89937620e-01
  -4.50477355e+00  -2.21670357e+00  -4.22648879e+00   6.77715777e-01
   4.68998525e-01   1.07259303e-03   1.08344972e-01   2.62427162e+00
  -2.00072995e+00   6.16821462e-01  -4.06359777e-01  -4.41737488e-02
  -3.73792080e-01  -1.79063115e+00   6.91999360e-01   6.18411465e-01
   9.40049649e-01]
[ 1.         -0.11544837  1.25900021  0.60518194 -0.45789887 -0.70560797
 -2.17431239  0.27806317 -1.53436383  0.5962768   2.05521599  0.34985321
  0.652957    0.50855375 -0.67248135 -1.29550484  0.02246535  0.74701203
 -0.41402371  0.78546796  1.89311847]
[ 1.         -1.1251238   1.25004484 -0.50415547  0.28221239  0.03554891
 -1.99981887 -2.31937216  0.28563525  1.05590542  0.1704932   2.65646353
  2.39442521  2.62455753  1.17091778  1.25929108  0.44951866 -0.06296902
 -0.04969439 -1.06701904  1.26639457]
[ 1.         -0.73398174  1.67230534 -0.82497834  0.69776225  1.2094165
  0.75174409 -0.55197333  0.53654431  0.70758552 -0.10566691  0.37225418
 -2.26413437 -2.01186364 -1.64912526  0.05452712 -1.47487182 -0.01816683
 -0.08918738  0.0103675   0.54524492]
[ 1.         -0.47584384  0.63049781  0.13934184  0.47123984  1.32036631
  0.26397559 -1.17874661  0.51212906  0.69916779 -0.23145709  2.70665738
  1.4450681  -0.69495643 -0.22176836 -0.36350516 -1.13957986  1.26039985
 -1.2396161  -0.45262035  0.66309807]
[ 1.          0.49163636 -0.49314884  0.03594674  0.45791879 -0.51027892
  0.28744166 -0.19934354 -0.01802085  0.13312108 -0.00623178  0.30121168
 -0.26694359  0.02544069 -0.28179314  1.00677606  1.09729939 -0.7608213
  0.94817339  0.40503875  0.76327944]
[ 1.         -0.71237749 -0.68623775  0.91384531  2.66570027  2.93599093
  1.64235421  0.83330672 -3.83704727 -3.01450331  0.90588504 -0.68658104
  0.36575071  0.58332945 -0.33951511  1.72522932 -2.0357188  -4.80571295
 -7.88585952  1.76641714 -0.63075225]
[ 1.         -1.13872228  2.10161226  0.44430526 -0.68609637  2.06344878
  0.89533408  1.11313352  1.20344693  3.56896413 -1.47297464  0.06717412
 -2.35840582 -0.16248068 -2.77947639 -0.26184627 -0.15242754 -2.30229989
 -1.05443728 -1.56012662 -0.04184095]
[ 1.          0.77377137 -0.76454448 -1.21425761  0.42866823 -0.28176069
 -0.09840076 -0.43246686  1.74207231 -0.01629947  0.18233633 -0.38598303
  0.36905693 -1.41372644 -2.69603017  0.99112901 -0.5902439   1.24398959
 -0.88744531  0.28902158 -0.17914049]
[ 1.          0.70115941  0.19812195 -0.0218536   0.76919102 -1.36996252
 -1.1139077  -0.08080146 -0.78891541 -1.04505809 -0.54075038  0.2503935
 -1.72051554  0.08242691  1.18724492 -2.79546384  0.75975535 -0.45052878
 -0.69059481 -2.14431098 -1.47273052]
[ 1.         -1.60030375  0.12115788 -2.02232238  0.05838582 -0.74078774
 -0.24938504  0.10782204 -0.54069518  0.19895559  0.56463175 -0.15994204
 -0.2911105  -0.01893039  0.5929412   2.2663386   1.39756066  0.855555
 -0.81406718  0.24117963  1.31599289]
[ 1.          0.7837032  -0.9076418  -0.75330528 -0.02536941  0.23304302
 -1.39566037 -1.04406979  1.65427408 -0.07055434 -2.00844921 -1.0359675
  0.44173637 -1.66220943 -0.86074794 -0.35522588  2.28391078  1.46500562
 -2.13005994  0.87635603  0.19232153]
[ 1.         -1.1540326  -1.83927979  0.46199124  0.41816498 -0.93205324
  1.06950185  0.46701883  0.90206446  2.34792173  0.4648159  -0.94075418
  0.3748466   0.68572879  0.73726732 -1.46972965 -0.62525526  0.26014563
  0.32795664  0.15829537 -0.97056622]
[ 1.          0.44693441 -0.64648194 -0.46711069 -0.36653245  1.43773236
  0.39614704 -0.17750418 -1.15708164 -0.8101838   0.55698104 -0.06256284
  0.20832142 -0.05563246  0.64248776  1.15499615 -1.0231313  -0.27621633
  0.03104458  0.02281775 -0.73958982]
[ 1.          0.68809247 -0.96424273 -1.2305544  -0.76795896 -0.46492029
  0.87773126  0.21900821  0.55323683 -0.63239499  0.25991383  0.14535743
  0.66581321  0.3243465  -0.71373338  0.52841077 -1.27373291  0.2935202
 -0.15680355  0.34381314 -0.35221832]
[ 1.         -0.50982261 -0.88052006 -0.21700025  1.4920757  -0.74199364
  1.41427386  0.40086652  0.51270306  0.09967736 -0.28798726 -1.62562098
  1.33594895  0.83704538  0.63488339 -1.01355463 -0.28232089  0.10034379
 -0.63061035  1.84986363 -1.6518132 ]
[ 1.         -0.13071548 -0.05930408 -1.51479106  1.11037986  0.02290493
 -0.54022962  1.27665363  0.20815326  1.50281751  1.19404226 -0.96639981
 -0.65689086 -0.08326819  0.99421049  1.37425415  0.01349256  0.09315612
 -0.58247145  0.12499857 -0.27248186]
[ 1.         -0.19885748 -0.36492807  0.70403073  1.07380042  1.80325888
  2.00767282  0.17365251 -1.698392   -0.70313994 -0.05488565  0.69616949
  0.47786089  1.61537846  0.20666821  0.55448325 -0.00365963  0.35859065
 -1.35135693  1.69839587  0.87694804]
[ 1.         -0.67860998  2.07264498  0.30656459  1.3050526   0.09282572
 -2.32544806 -1.12460454  0.82893659  0.35508902  0.3509496   2.26172724
  1.60966005  1.05723308  2.1591746   0.40949014 -0.69231416  0.12576128
 -0.11025719  0.7107244   1.14319284]
[ 1.          0.21546058 -0.69372092  0.2168584   0.63254377  1.09635198
  2.16874763  1.20019876 -1.2984023   0.51269293 -1.35318595  0.49067292
  0.1283375   2.51716691 -0.21087601 -1.9329053  -1.17680463  0.77465635
 -1.07487037 -1.43913845  3.22035022]
