Cluster centers 

[-0.32763635 -1.86603097 -1.49926138  0.70601421]
[-0.79329684  1.25556887 -0.18426397  0.15563337]
[-0.19306398  0.32592403  1.81543282  0.03334201]
[ 1.18850075 -0.93422933 -0.02902727  0.33969456]
[-0.46702535  0.31038891 -1.20979172 -2.54812747]
[-0.26973545 -1.18786156  1.18182683 -0.6529837 ]
[-0.72127696 -0.87408702 -0.88972265  1.17507745]
[ 1.29117247  0.78312522  0.79984662  0.13163132]
[ 2.12193214  0.58676906 -0.42752106  0.04765901]
[ 0.2433642   0.86586462 -1.02686758  0.27807789]
[-0.76421631 -0.14975387 -0.56691726  1.41964474]
[ 0.56198981 -0.4035526   0.93475481  0.10959661]
[-0.91593222  1.0518245  -0.3249649  -1.32252361]
[-1.03738156 -2.43184033  1.00374611 -1.93843141]
[ 1.32464485 -0.9119792  -1.30777369  1.20662344]
[-1.13480767 -1.10745307 -0.76214853  0.92467643]
[-1.53050836 -2.67671331 -1.29846307 -0.36408247]
[-1.56593225  1.28129928  0.62176352  0.95559535]
[-0.32486352  0.88315033 -0.52585596  1.12856588]
[-0.10984674  1.58318646  2.05286063 -0.76530782]
[ 2.38915389  0.39152942 -0.92469184 -1.17856076]
[ 1.04519253 -0.04944678 -2.17526679 -1.93803914]
[-0.55510891 -1.88792926  1.01149801 -1.26986136]
[ 0.85096717  0.86612019  1.24903779  0.06349809]
[-0.40358715  0.92745172 -0.76693453 -0.85028273]
[-0.14304788  0.28534915 -1.43347954 -2.24248962]
[ 1.87364736  0.28557527 -0.29569607  0.68885219]
[-1.28195247  0.99677073  0.24561007  1.17121646]
[ 0.44020981 -3.23871082 -2.25607523 -0.28675582]
[-0.35492846 -0.68890511  1.47125859 -0.39706592]
[ 1.42326621  0.49014186 -1.63400218  0.01145696]
[-1.13403234  1.30739593  0.05614677 -0.77504774]
[-1.38000868  1.12479393  0.18153031 -2.00413854]
[ 0.69124253  0.34462786 -1.11255956  1.41649446]
[-1.49694611 -0.28498633 -0.13538057  1.15357781]
[ 0.11753786 -0.52241947  1.231892   -0.13072872]
[ 0.39689228  0.46634735 -1.5439904  -1.22697166]
[ 1.11197484 -0.08061761  0.56356566  0.42099238]
[-0.05572156  0.94403949 -0.73929468  0.71824877]
[ 2.3633825   0.36091643 -1.36022223 -0.4384151 ]
[-0.78972794 -1.37394869  1.40070551 -0.98818277]
[ 0.59478176  0.18021561  1.18429239  0.23198654]
[ 1.42579804 -1.31092628 -1.17923731  0.84305352]
[ 1.08997995  1.16411257  1.05128249 -0.95392676]
[ 1.23112808 -1.61525479 -0.55396944  0.14927617]
[ 0.05473861  0.33924549 -1.49645854 -1.9170809 ]
[-0.36514568  0.38458091 -1.22548589 -2.26954904]
[ 0.08362378 -1.45140712  0.79967866 -0.64146611]
[-0.15780886  0.98526933 -0.79304084 -0.00116602]
[ 0.42995139  0.91646748  1.61169233  0.06664129]
[-0.89854553 -1.75055142 -1.19527636  0.61753708]
[ 1.39335836 -0.22579826  0.13221333  0.5836794 ]
[-0.6535728   1.17435315 -0.37668572 -0.17420065]
[ 2.11721108  0.35529379 -0.48208293 -2.26338511]
[-1.01739031  0.13451074 -0.29253557  1.40896944]
[ 0.47959912  0.23978543 -1.7640705  -1.73184143]
[-0.19679966  0.0761407  -1.54953645 -2.73159889]
[ 0.40134822  0.42974676  1.4490619   0.18347885]
[-0.54588794 -0.16379779  1.8187961  -0.21523945]
[ 0.83218513 -0.6815509   0.53570169  0.15970126]
[ 1.46210153 -0.81873317 -0.40665874  0.64569243]
[-1.2209563   0.60957393  0.04661018  1.3468278 ]
[-0.74546574  0.08459689 -1.14982882 -3.32102897]
[-0.9134392   0.88907228 -0.45600576 -1.78579203]
[ 1.93656949  0.73811404  0.00321428 -0.35237296]
[-0.60933684 -1.27822333 -1.12252317  0.99761198]
[-1.04163803  1.21465073  0.09452433  0.8601401 ]
[ 0.05994488 -0.9160437   1.08573268 -0.34524466]
[ 1.77192012  0.69461585  0.19625946  0.12065138]
[-0.60761586 -2.45751639 -1.66259014  0.19409894]
[-1.39607139 -2.03469788 -1.05386105  0.21478546]
[ 0.52963192 -0.36838855 -1.20433578  1.52061559]
[-0.52396649  0.20500165 -0.57596274  1.4997478 ]
[-1.867338   -0.75955725 -0.07141955  0.77954142]
[ 0.89388487 -0.03500129  0.81377497  0.33071158]
[-0.30587957  0.96754921  2.11383628  0.02354372]
[-1.50639498  1.5753516   0.6339472  -0.3830558 ]
[ 1.92279924  0.12955311 -0.81054797  0.97632971]
[ 1.638429    0.46633223  0.23019093  0.45563949]
[ 0.07134793 -0.05622161  1.48109716  0.01295637]
[-0.44832307  1.03036188 -0.64372962 -0.49817558]
[-1.37411293 -1.32240311 -0.71568179  0.70591006]
[-1.15299496 -0.59839495  1.93036553 -0.59514143]
[-0.44643761  0.59381063 -1.01726746 -1.88252136]
[-0.71920316 -1.07694345  1.50192594 -0.7593047 ]
[-0.63604743  1.75151331  2.33152734 -0.80371722]
[-1.03002384 -0.4485361  -0.52932726  1.26275261]
[-0.6106188   0.69112008 -0.36923694  1.36246858]
[ 0.86362694  0.67338058 -1.35423753  0.36781808]
[ 1.05323227  0.55046347  0.93930979  0.30068148]
[ 1.55932491 -0.90349347 -0.89574578  0.90949125]
[ 0.33538428  0.70220686 -1.29408457 -0.53927221]
[ 0.05658413  0.46230124 -0.82018011  1.43538346]
[-0.63360662  1.084223   -0.27485594  0.90712137]
[ 0.25563028 -1.90730019  0.42156777 -0.84132565]
[-1.32113188  1.49060198  0.40529888  0.05883673]
[ 0.67140066  1.21107337  1.49032035 -0.32656609]
[ 0.11894603  0.76295628  1.78125371  0.09567327]
[-0.20723488 -0.85272386 -1.12235399  1.30442177]
[-1.03139132 -2.80105012  0.80962677 -2.27524972]

Populations

0.0140504891323
0.0113745795392
0.0152144534669
0.00198890361434
0.00936645104559
0.0140114456481
0.0178333741282
0.00839900555925
0.0125961086674
0.014844090992
0.0254196263838
0.0128327171654
0.00357917045355
0.0104693215346
0.0124293579579
0.00818901896657
0.00477531870508
0.014230999919
0.00249648797657
0.0101704811459
0.00412277973377
0.0261567728429
0.0122826669188
0.0269983638579
0.00844450101365
0.0153643559082
0.00417437434409
0.0244691471026
0.0110559518495
0.00721766888817
0.00777481160354
0.00487303596661
0.0168950685642
0.0162570444427
0.0098576262221
0.0160168502425
0.0261253282947
0.00708611436625
0.00334358266087
0.0128581932449
0.00658008973542
0.00402565236313
0.00854565193174
0.00513878391686
0.00538687007207
0.00936081546968
0.0040164761459
0.00382822607661
0.0196540659328
0.0098308124834
0.00232434005998
0.00921357493477
0.00760692029326
0.00824891978841
0.0205716049803
0.0123959033383
0.0252081496949
0.00821420217407
0.00563449241891
0.00713853549901
0.00730085839544
0.00870086609365
0.0034933394684
0.0194495899516
0.0250219913954
0.00735957367307
0.00388381353853
0.00529857603408
0.00177826407627
0.00378399369823
0.0204957627677
0.00458329744121
0.0045079996385
0.0166605526149
0.017890998058
0.0280297652232
0.00837634115859
0.0124643721116
0.0140834001451
0.00388563407325
0.0194685203809
0.0129593965442
0.0115060374149
0.00897089059496
0.00663674923935
0.00860101606486
0.00796371879333
0.00482964804201
0.00646550022429
0.00447034232707
0.0100363281136
0.0082741535996
0.00419898172475

State labels

1
2
3
4
5
6
7
8
9
10
11
12
13
14
15
16
17
18
19
20
21
22
23
24
26
27
28
29
30
31
32
33
34
35
36
37
38
39
40
41
42
43
44
45
47
48
49
50
51
52
53
54
55
56
57
58
59
60
61
62
63
64
65
66
67
68
69
71
72
73
74
75
77
78
79
80
81
83
84
85
86
87
89
90
91
92
93
94
95
96
97
98
99

Eigen values

1.0
0.803025628395
0.758957236045
0.744543283288
0.711250992421
0.675122505004
0.649415269815
0.628818775748
0.597782071187
0.584788324093
0.559492747509
0.55164370466
0.541664633172
0.514842008451
0.510836238063
0.493555325417
0.480588113884
0.453831509681
0.445418247262
0.427716550269
0.403291770082

Left eigenvectors

[  1.40504891e-02   6.46973732e-03  -3.72823628e-03  -3.80230355e-03
  -9.97096936e-03  -1.52378297e-02   9.04697055e-05  -2.72128939e-02
   1.64480956e-02  -5.04962692e-03   8.43971978e-03  -5.88634443e-03
   1.68979585e-02   1.11109708e-02  -5.83224989e-03  -1.59036126e-02
   3.06159304e-02   1.12862051e-02  -3.64835963e-05  -1.03368926e-02
   2.15712480e-02]
[ 0.01137458  0.00338002 -0.00113475  0.01913179 -0.01160216  0.0064696
 -0.01035663  0.00637034 -0.00900999 -0.00529085 -0.00527232 -0.0083473
 -0.00313149  0.00907236 -0.00358642  0.02337181  0.02137983  0.02104964
 -0.01638465  0.00271267 -0.01368051]
[ 0.01521445  0.00483646  0.00220525  0.01231433 -0.00420723  0.01379047
 -0.01500553 -0.00211374 -0.0025247  -0.00421867 -0.01353824 -0.00112468
 -0.00947024  0.01194169  0.00545285  0.02349456  0.01524467  0.03127488
 -0.00404954  0.00745745 -0.03635453]
[  1.98890361e-03   5.55768815e-04  -6.90876414e-05   3.44606675e-03
  -3.59660791e-03   1.62899746e-03   3.36171923e-04   1.23939910e-03
   2.74980140e-03  -1.54434991e-03  -2.93054757e-03   1.22480091e-04
  -1.37154077e-03  -1.95052989e-03   1.37096217e-03  -2.88569038e-03
   1.13885413e-03   2.32832365e-03   2.46118966e-03  -9.87799426e-05
   1.20978933e-02]
[ 0.00936645  0.00188283 -0.00266544  0.00085794 -0.00265086  0.00836144
 -0.00309907 -0.00142219 -0.01737359 -0.00555006 -0.00218709 -0.01635321
  0.00122088  0.00542661  0.01043735  0.00383361  0.00525468 -0.02398669
 -0.00501669  0.00596795  0.0088282 ]
[ 0.01401145  0.00266783  0.00681395  0.01219501  0.02018098 -0.02093132
  0.0169943  -0.00683585 -0.00135181  0.00995894  0.00090416 -0.00741093
 -0.00606903 -0.02762701  0.01074505 -0.00702402 -0.00640357  0.00281786
 -0.02969629 -0.01336224 -0.01557765]
[ 0.01783337 -0.00773312 -0.00742243 -0.00775458  0.00135916  0.01533868
 -0.01903029  0.02452776  0.01181354  0.019701    0.02664384 -0.0193854
 -0.00246278 -0.00879595  0.01426052 -0.01968465  0.0131032   0.01367234
  0.00615533 -0.01491727 -0.01108306]
[ 0.00839901 -0.06548319  0.0180404   0.00332031 -0.01762472 -0.00187771
  0.00972987 -0.00820434  0.00354673  0.00613599 -0.00219324 -0.00500513
  0.01449024  0.00844829 -0.00437134  0.01377949 -0.00903603 -0.00130935
 -0.00115099 -0.00080651 -0.00297917]
[ 0.01259611 -0.00257729 -0.00974104 -0.00050374  0.00973898 -0.00651946
 -0.0148433   0.01254416  0.01077651  0.00303738  0.00711151 -0.00373976
  0.00566527 -0.0003452   0.01228498 -0.0022828  -0.01353523  0.00164109
  0.0033812   0.00042907  0.00377364]
[ 0.01484409  0.00588786  0.0135031  -0.00229341  0.00692518  0.02237959
 -0.00379761  0.00106494 -0.00874796  0.0149043  -0.0270808   0.00822755
  0.01030829  0.0247732   0.00701322 -0.01091948 -0.00401069 -0.00254305
  0.01224649 -0.01113181  0.00011558]
[ 0.02541963  0.00625807  0.01458492  0.00643101 -0.01181097  0.02356823
 -0.03698954  0.00448075 -0.01308249  0.02978216  0.01664818  0.02381931
 -0.01737502  0.01932285  0.01031124 -0.01237189  0.00947295 -0.01024363
 -0.02236241 -0.01447831 -0.00474926]
[ 0.01283272 -0.0004576  -0.00563861  0.01318131  0.01037524 -0.01342979
 -0.00191589 -0.00548666 -0.00302886  0.01140092  0.00891487 -0.00265873
 -0.00691934  0.00166196  0.00050744  0.00614438 -0.00141933 -0.00083481
  0.00550702  0.00533379  0.00115872]
[ 0.00357917  0.00257068 -0.00104759  0.00163646 -0.00687138 -0.00213406
  0.00426999 -0.00470269  0.00359215 -0.00114553  0.00789855  0.00344979
  0.00772048  0.00506054 -0.00732458 -0.01841155  0.0003983  -0.00273984
 -0.00170505  0.01548675 -0.00992589]
[ 0.01046932 -0.02029681  0.00308257  0.00142937  0.00897128  0.00496791
  0.0140743  -0.00669146 -0.00264161 -0.02197015  0.00027819  0.01373721
 -0.01967753 -0.00369079  0.01003826 -0.00800609  0.00729567 -0.00612321
 -0.00303475 -0.00401042  0.00535002]
[ 0.01242936  0.00792617 -0.00988346  0.0329411  -0.03215381  0.00299926
  0.01307427  0.01905442  0.02338871  0.00029792 -0.0066834   0.00879377
 -0.00363148 -0.00122364 -0.00671534  0.0013941  -0.00291591 -0.01405631
 -0.00362201 -0.01159966  0.00717979]
[  8.18901897e-03   1.58662846e-03   1.84760980e-03   2.44455430e-03
   3.77058083e-03   6.01739082e-03  -8.44741165e-03  -1.03863183e-03
  -5.41297356e-03  -3.02845962e-05  -1.48938346e-02   6.36024624e-03
  -1.80136979e-03   1.45416741e-02   1.16507314e-03   3.41083630e-03
   7.89748626e-03   2.42597007e-03   1.19980815e-02  -4.36717199e-03
  -2.16554610e-02]
[ 0.00477532  0.00299401  0.00779323 -0.00207547 -0.00321039  0.00721953
 -0.00854367 -0.00298592 -0.00071907  0.00775802  0.01107069  0.01714174
  0.00249296 -0.00922821 -0.0013352   0.00936712  0.00435192 -0.00799528
 -0.00560478 -0.00779929  0.00322486]
[ 0.014231    0.00100046 -0.01247076 -0.01738743 -0.01027366 -0.01896133
 -0.00404747 -0.01661713  0.0014852  -0.00050277 -0.01845006  0.00202756
 -0.00238009 -0.00192752 -0.01522379  0.00076038  0.02083227  0.01234671
  0.0111024  -0.0069732   0.01174872]
[  2.49648798e-03   6.78228664e-04   7.71764312e-07   4.96436864e-03
  -1.57735727e-03   8.47880293e-04  -2.99759197e-03   3.18168653e-03
  -1.61896287e-02  -1.01004448e-02   1.94603690e-03  -7.34010816e-03
   8.51329032e-03  -2.90878865e-03  -8.29108188e-03   1.42477102e-03
   1.11117417e-04   2.67892855e-03  -7.36813617e-03   1.91915734e-03
   5.48009025e-03]
[ 0.01017048 -0.00143091 -0.00540529 -0.01077544  0.00377933  0.01637446
  0.00152102  0.01427136  0.00761058  0.00725248  0.01929087 -0.01578988
 -0.00616541 -0.01035097 -0.00776481 -0.00410821  0.00050437  0.01708488
  0.00826175 -0.01171712 -0.01071532]
[  4.12277973e-03   5.83075371e-03   2.24779936e-02  -5.69604052e-03
   1.15466437e-04  -1.76257419e-02   8.82246663e-03   1.78519667e-02
   2.02667093e-03  -3.24111075e-03  -2.65071316e-03  -9.30676349e-03
  -6.84726719e-03   8.90279791e-03   2.93659061e-03  -5.97477108e-04
   4.35103324e-03  -1.52870587e-03  -2.02003814e-03  -1.35022898e-03
   1.98466260e-05]
[ 0.02615677  0.00508439 -0.01222558  0.01885986 -0.01039136 -0.00637625
 -0.01075133 -0.00179861  0.00630751  0.0137491   0.02299044 -0.00779936
 -0.00087748  0.02436545  0.02034189  0.00121877  0.02558376  0.00015737
 -0.00108182 -0.02726082  0.00616291]
[ 0.01228267  0.00613399  0.00872555 -0.00784934  0.00013674  0.01742949
 -0.00411882 -0.01639562  0.00575208 -0.00110338 -0.02493565 -0.01045242
 -0.00512351  0.00235931 -0.00728056 -0.00407706 -0.02257735 -0.00813029
 -0.00700117 -0.00592495 -0.00647012]
[ 0.02699836  0.00332394 -0.00927385  0.01184619  0.01338022 -0.01411759
 -0.0218696  -0.00524027  0.01036304 -0.00171304  0.01635024  0.00152679
 -0.01362197  0.02884658 -0.00367335  0.02329612 -0.04450705  0.01312284
  0.00831083  0.03483944  0.00010234]
[  8.44450101e-03   7.69836674e-03   2.54226776e-02  -6.30546366e-03
   1.63891608e-03  -2.01691335e-02   1.01019796e-02   1.10339536e-02
   2.31264532e-03  -1.68596570e-03  -2.15604898e-03  -6.85536449e-03
  -5.56614291e-03   1.08595078e-03   1.22484479e-03  -2.60317472e-03
   1.93732883e-03  -8.20875322e-05  -8.93426815e-03  -3.72964295e-03
  -3.39091441e-03]
[ 0.01536436 -0.00198257 -0.00651939 -0.00224482  0.01452471 -0.00859059
 -0.00675702  0.0019043   0.0005616  -0.02134011 -0.01734089  0.02079439
  0.00773578  0.00220198 -0.00483229  0.0022285   0.01602313 -0.00655354
  0.01031945 -0.0122398  -0.03390949]
[  4.17437434e-03  -9.70273663e-04  -3.74016229e-03  -6.30421500e-03
   3.13863178e-04   6.56442901e-04  -8.43593738e-03   5.16173766e-03
   2.88833224e-03   4.75066145e-05  -8.37197543e-03  -4.81314576e-03
   2.64616410e-03  -4.21809709e-03   4.03710480e-04  -2.53168799e-03
  -1.88510825e-03  -1.86489386e-02  -1.35346771e-02   3.57068959e-03
  -9.30392953e-04]
[  2.44691471e-02  -1.26368566e-02  -3.03402861e-02  -3.50298185e-02
   5.53341113e-03  -1.39120484e-02  -3.30894332e-02   4.09269775e-02
   1.86985480e-02  -1.11173644e-03  -2.57904133e-02  -1.43546388e-03
   1.52509591e-02  -2.50597209e-02  -2.85940110e-03  -6.43973812e-03
   2.85176294e-03  -1.80606273e-02  -1.56087730e-02   1.80971480e-02
   5.69977617e-05]
[ 0.01105595 -0.01819815 -0.0059479  -0.00966995 -0.00204421  0.00017652
 -0.02000508  0.02255902  0.00934284  0.01367577  0.00373264 -0.01178881
  0.0051331  -0.01518173  0.00291218 -0.01701838  0.01036391  0.00551084
  0.00070091  0.00322508 -0.00593678]
[ 0.00721767  0.00204563 -0.0037892   0.00151343 -0.00321495 -0.00342511
 -0.00163017 -0.00519577  0.00348773 -0.00464939 -0.01025379  0.0016072
  0.00087658  0.0018529  -0.00198908  0.00733816  0.01654582  0.00770399
  0.00723625 -0.00639912 -0.01490964]
[ 0.00777481  0.00045487 -0.00161748  0.00224041  0.01720942  0.00586639
  0.0133958   0.00357288  0.00126114  0.00752078 -0.00619171  0.01102636
  0.01490147  0.00282694 -0.00170707  0.00156106  0.00280951  0.00493181
 -0.00913214  0.0099536  -0.00164235]
[ 0.00487304 -0.00285313 -0.00555701 -0.00766766  0.00667114  0.00912806
  0.01160174  0.00862442  0.00252072 -0.0092745   0.00945997  0.00271055
 -0.01376546  0.00311645 -0.01529454  0.00283436  0.00729909 -0.0013846
 -0.00242015 -0.00248586  0.00648759]
[ 0.01689507  0.00545718 -0.01534263 -0.01057285 -0.02129936  0.00295478
  0.01943422 -0.00471695 -0.02186442  0.00179082  0.0131074  -0.00709666
  0.00087102  0.01477711  0.03601053  0.00180452  0.00538108 -0.01758577
  0.00524523 -0.0027289   0.00014269]
[ 0.01625704 -0.01375195 -0.00205405  0.00836872  0.00983432 -0.01553685
 -0.00550026 -0.01102525 -0.01205898  0.00614815 -0.00142717  0.00890532
 -0.02385372 -0.00790112 -0.00363716 -0.01350907  0.00955767 -0.00417114
  0.02017567  0.00344452  0.00639863]
[ 0.00985763 -0.00269558 -0.01047588 -0.00359186  0.01307504 -0.00714571
 -0.0102462   0.01058685  0.01355624 -0.01255715  0.00227406  0.01169934
  0.00802576  0.01317099  0.00397852  0.01165141 -0.01061432 -0.00290144
 -0.00675974  0.01639859  0.00385811]
[ 0.01601685  0.00725499  0.00527318 -0.01084742 -0.00076777  0.00555899
  0.00151348 -0.02428959  0.01063166 -0.00612193  0.00100014 -0.02341597
  0.003206    0.00084054 -0.00249325  0.00325403 -0.00485083 -0.0169428
 -0.00986058 -0.01044899 -0.00496776]
[ 0.02612533  0.00176418 -0.00670907  0.02892939  0.03229786 -0.02536004
  0.02303532 -0.00315463 -0.00691781  0.03596379  0.00106908  0.00175956
  0.00309693 -0.02499078  0.00465097 -0.00883761 -0.00521149 -0.00603811
 -0.01305478 -0.00339329 -0.01490491]
[ 0.00708611 -0.00359296  0.00409888  0.00441471  0.00576068  0.0001353
  0.00448471 -0.00795447 -0.00034461 -0.00632024 -0.004819    0.00540195
 -0.02006018 -0.01277137  0.010337   -0.01003245 -0.00501436  0.01220746
 -0.0180591   0.0034105   0.00388282]
[ 0.00334358 -0.00040986 -0.00010901  0.00370356  0.00612233 -0.00548034
  0.00303951 -0.0010771  -0.00192174 -0.00030546 -0.00054571  0.00216833
 -0.00014343 -0.00745601  0.00328368 -0.00473759 -0.00214342 -0.00125117
 -0.00316454 -0.00981298 -0.00839487]
[  1.28581932e-02   6.50290393e-03  -4.39239958e-03   2.19192418e-02
  -1.02362053e-02  -2.16463514e-03   1.16182704e-02   4.72498459e-03
   1.45134534e-02   6.69842133e-04  -1.21692483e-02  -9.94262231e-05
   1.48154358e-03  -1.57931532e-02  -4.37297258e-03   9.86137704e-03
  -1.34907276e-03   1.56457798e-04   1.08912643e-02   5.53699129e-03
  -4.69659939e-03]
[ 0.00658009  0.00457416  0.00143894 -0.00284693 -0.00814283 -0.00483511
  0.00427908 -0.01529741  0.00930079 -0.00417273  0.01019097  0.0020487
  0.01416444  0.0067933  -0.01141214 -0.02611101  0.01044377  0.00189741
 -0.00164509  0.02116676 -0.00777072]
[ 0.00402565  0.00549568  0.02130589 -0.00530353 -0.00063784 -0.01367174
  0.00639192  0.01679984  0.00126539 -0.00292295 -0.00187854 -0.00680015
 -0.00461296  0.0085289   0.0023669   0.00068809  0.003187   -0.00133113
  0.00258357  0.00067946  0.00167133]
[ 0.00854565  0.00253492  0.00120091 -0.00576221 -0.00170525  0.00935688
 -0.01071563 -0.00456402 -0.00085537  0.0007092  -0.01044191 -0.01266629
 -0.00057105  0.00186467  0.0025043  -0.00301077 -0.00603205 -0.03347331
 -0.02243888 -0.00155373 -0.00192297]
[ 0.00513878  0.00238806  0.00677828  0.00030526 -0.00065848  0.00404178
 -0.00182646  0.00442485 -0.0069163  -0.00832931  0.00047754 -0.0011558
  0.00843548 -0.00686506 -0.00089425 -0.00435592 -0.00771223  0.00386214
  0.01029052  0.00206968  0.00308522]
[ 0.00538687 -0.00162135 -0.00759221 -0.00964701 -0.00164953 -0.00739046
 -0.0070694   0.00293518  0.00410211 -0.00037494 -0.01124119  0.00034686
  0.00251718 -0.00636162 -0.00593757 -0.00125433  0.00837792  0.00016349
  0.00031581  0.00206334  0.00518016]
[ 0.00936082  0.002634    0.00421722  0.00519117 -0.00078751  0.01419623
  0.0015274  -0.00726285  0.00775578 -0.00838837 -0.01909416 -0.00406566
 -0.01274128 -0.01432642  0.01263823 -0.00130288 -0.00875408  0.01778902
 -0.00266865  0.00805988  0.00157891]
[ 0.00401648  0.00277159 -0.00377096  0.0100504  -0.01154027  0.00044456
  0.00601025  0.00670537  0.00593074  0.00083991  0.00138285  0.00524714
 -0.00013758  0.0013306  -0.00375193 -0.00444382 -0.00657525 -0.00914131
 -0.00212177 -0.00169977 -0.00228003]
[  3.82822608e-03  -2.38509352e-02   6.37589770e-03   1.39808292e-03
  -3.70900313e-03   6.19979304e-04   7.35149221e-03  -4.96653142e-03
   6.44120857e-04  -4.04931194e-03  -8.47986227e-04   2.17896481e-03
   4.38514839e-05   2.66258379e-03   1.38621207e-03   3.82832354e-03
  -1.83597682e-03  -3.04062421e-03  -1.80420232e-03  -2.08460027e-03
   5.51861954e-04]
[  1.96540659e-02   1.51449332e-02   5.00556214e-02  -1.12126881e-02
  -5.04690891e-03  -5.16126980e-03  -2.05198829e-03   1.72391704e-02
  -2.41943975e-03  -1.06796393e-03   2.55482121e-03   8.36679555e-03
   8.73731854e-03  -7.21579545e-05  -2.38849041e-03   6.27313095e-03
  -6.10670067e-03   1.49353705e-03   2.12343721e-02   9.46404218e-03
   6.56405942e-03]
[ 0.00983081  0.00040408 -0.0012615   0.00174519  0.00185303  0.00513301
 -0.00720758  0.00651957 -0.0022592  -0.00749699 -0.01301983 -0.00172802
  0.00346748 -0.00464733  0.01054081 -0.00823969 -0.00645143 -0.00759748
  0.01719028 -0.0013379   0.01327515]
[  2.32434006e-03  -7.73463146e-04  -3.23341826e-05   2.63236426e-03
   1.12956179e-03  -1.28490985e-03  -2.13318751e-03   2.12336216e-03
  -8.65110420e-03  -1.11186251e-02   6.41663952e-04   3.40194126e-03
   5.24986749e-03  -3.59029414e-03  -2.92131644e-03  -8.23519246e-03
  -4.82670751e-03   1.02431787e-03   4.98827870e-03  -1.05941171e-02
  -2.59111031e-03]
[  9.21357493e-03  -3.08930695e-02   5.60441250e-03   3.37985216e-04
  -7.47771702e-03  -2.73931594e-03  -1.00317858e-02   6.46391691e-03
   4.13169583e-05   1.10660172e-02   1.31321674e-03  -5.86465159e-03
   2.43581868e-03  -5.31574351e-03  -3.23996861e-03  -8.77166188e-03
   4.76372342e-03   6.92456017e-03   4.22184083e-03   4.81804242e-03
  -2.44026664e-06]
[ 0.00760692  0.00494931 -0.00518898  0.02239561 -0.01909797  0.00258279
  0.00618579  0.01237808  0.013258   -0.00119253 -0.00833162  0.00253622
 -0.00273371 -0.00197306 -0.00652643  0.01151314  0.00510976 -0.00209369
 -0.00542221 -0.00584092 -0.00155976]
[ 0.00824892  0.00338697  0.00264882  0.00042352  0.00707811 -0.00262933
  0.00476479 -0.0134918   0.00827633 -0.00236816  0.00684781 -0.01471605
  0.00795757 -0.0101722   0.00746147  0.00356894 -0.00377747  0.00211141
 -0.01333312 -0.01180929 -0.00327343]
[ 0.0205716   0.00573052 -0.00400202 -0.01866966 -0.00084065 -0.00028257
 -0.00567212 -0.02358845  0.00874172 -0.00064047 -0.00798799 -0.01826248
 -0.02187171  0.01509649 -0.04603006  0.00729793 -0.02385046 -0.00296914
  0.00889568 -0.01656596  0.00309307]
[  1.23959033e-02  -1.81341095e-03   6.42817047e-03   3.85854649e-03
   1.25629755e-03  -4.07944097e-03  -1.20756047e-02  -1.12530092e-02
  -6.28486050e-03   1.48319345e-03   3.42933620e-03   1.51114826e-02
  -2.95052236e-02   3.69559396e-04   2.58871596e-05  -1.62022823e-02
  -8.30785621e-03   1.98936420e-02  -2.16276200e-02   1.54892345e-02
   1.52455002e-02]
[ 0.02520815  0.00903323  0.01536179 -0.0081318   0.00925072  0.04021138
  0.01054627 -0.01043104  0.0127165  -0.00838813  0.00798054 -0.01517732
  0.01521997 -0.02964822  0.01656106  0.01151755 -0.00845624  0.02103098
  0.01384217  0.02079278 -0.02352605]
[  8.21420217e-03   1.39717569e-03  -1.41130083e-03   3.56472962e-03
   1.99761235e-02   8.51918778e-03   1.85196255e-02   4.87790148e-03
  -6.05214924e-03   2.58182878e-02  -1.46969683e-02   8.18116486e-03
   2.26700449e-02   1.14200038e-02  -6.83899547e-03  -5.87330471e-03
  -4.60467192e-05   1.02606921e-02  -7.71743510e-03  -2.77438058e-03
   1.34688739e-02]
[ 0.00563449  0.00073695  0.00208667  0.00737302 -0.00419703  0.00115471
 -0.00476576  0.00714845 -0.0232108  -0.0183026   0.00475415 -0.00114425
  0.01360662 -0.00670996 -0.01207804 -0.01294279 -0.01071849  0.00600744
  0.00172424 -0.00500418  0.00401808]
[ 0.00713854 -0.00073148 -0.01151063 -0.01756389 -0.00825795 -0.01058324
 -0.00205567  0.00555342 -0.00498824  0.0021681  -0.01290896  0.00661355
  0.0045319  -0.01002908  0.00703244  0.00498357 -0.00076018  0.00257218
 -0.00587025  0.0088174   0.00257659]
[ 0.00730086  0.00394686 -0.00248222  0.01418856 -0.01011284  0.00353821
  0.0061085   0.00390331  0.01431846 -0.00405298 -0.01517483  0.00021321
 -0.00252168 -0.01318873  0.00244083  0.00058259 -0.00282358  0.00257838
  0.00969365  0.00090857  0.0141674 ]
[ 0.00870087  0.00041434 -0.00522811 -0.0018551   0.01288828  0.00847353
  0.01543585  0.00531204 -0.00433515  0.01250819  0.00095102 -0.00589212
  0.00641684  0.00251946 -0.01142236  0.00214992  0.00119611  0.00595621
 -0.00015015 -0.00291884  0.01145752]
[ 0.00349334  0.00176311  0.00224096 -0.00156477 -0.00064352  0.00396544
  0.00297537 -0.00442068  0.00363525 -0.00277702  0.00396424 -0.00258491
  0.0053969  -0.00127638  0.00110475 -0.00529096  0.00167898  0.00183558
  0.00420415  0.01265201 -0.00571872]
[  1.94495900e-02   1.39724462e-04  -7.86802034e-04   8.38329244e-03
   3.00579130e-03   5.29159980e-05  -2.04393594e-02  -7.65911295e-03
  -1.61914716e-02   1.00637617e-02  -2.47758304e-03  -2.63039384e-03
  -2.24457979e-02   1.86792898e-02  -5.33104205e-03  -8.53696402e-06
   3.49221470e-03  -1.68012375e-02   2.62225890e-02   4.13981040e-03
   3.26456698e-03]
[  2.50219914e-02  -3.45649640e-04   8.02185097e-04  -1.14194296e-02
   8.55882152e-03   4.10792875e-02   2.36116952e-02  -5.28209109e-03
  -4.23944898e-03  -1.34838934e-02   9.59691610e-03  -1.96685510e-02
   5.74291738e-05  -1.05176041e-04   3.87316255e-02  -6.71737536e-03
   1.55651522e-02  -1.40934776e-02   1.47325918e-02   1.33518750e-02
   7.60005837e-03]
[ 0.00735957 -0.00175938 -0.00219628  0.00897335  0.00967213 -0.0099307
 -0.00078997 -0.00631251 -0.01094908  0.01354297  0.00065036 -0.00206649
 -0.01280647 -0.00750404 -0.00649253  0.00109821  0.0064189  -0.0174808
  0.02372539  0.01291441  0.00217299]
[ 0.00388381 -0.00018776 -0.00184261  0.00601344  0.00668469 -0.00670332
  0.00087243 -0.00376222 -0.00657722  0.00768292  0.00139866 -0.00401756
 -0.00501814 -0.00630629 -0.00563599  0.00535248  0.00431664 -0.01115843
  0.01398091  0.0102693   0.00192524]
[  5.29857603e-03   2.47319725e-03   1.39566055e-03  -5.62573094e-03
  -1.35578581e-04   4.79369156e-03  -2.46164257e-03  -1.03532217e-02
   3.93411813e-03  -5.13918227e-04  -1.04549117e-02  -8.37300198e-03
  -7.64548994e-03   5.12216059e-03  -1.57722196e-02   5.95120717e-04
  -1.60444285e-02  -4.31922332e-03  -5.38090433e-05  -8.23228312e-03
  -1.90236566e-03]
[ 0.00177826  0.00099905 -0.00057036  0.00231199 -0.00297941 -0.00027219
  0.00094525 -0.00137158  0.00447825 -0.00158172 -0.00261714 -0.00049064
  0.00076041 -0.0018606   0.00033145 -0.0027249   0.00331657  0.00280904
  0.00299195 -0.00113997  0.01170631]
[ 0.00378399  0.00060721  0.00058049  0.00147078 -0.00055984  0.00692896
  0.00123009 -0.00045603  0.00207973 -0.00474184 -0.00681739 -0.00291519
 -0.0030077  -0.00525281  0.0093672  -0.00393941 -0.00130464  0.00316769
  0.00569254  0.00357809  0.01176909]
[ 0.02049576  0.00309276 -0.00857721  0.02233672  0.02334201 -0.02030693
  0.00790722 -0.00765715 -0.01151705  0.01043969  0.0063263  -0.01732436
  0.00585629 -0.01356727 -0.01245758  0.02425208  0.00438339 -0.00591929
  0.00139776  0.01106502  0.00224591]
[ 0.0045833   0.00034309  0.00330691  0.00172749 -0.00126496  0.00225093
 -0.00866045 -0.00246137 -0.00391819  0.00527368  0.00389595  0.0088963
 -0.0125903   0.00368463  0.00192285 -0.00813149 -0.00116131  0.0055439
 -0.01327226  0.00313846  0.00551008]
[ 0.004508    0.00162036  0.00234077  0.00076316  0.00889547  0.00856921
  0.00653184  0.00229868 -0.00497437  0.01560118 -0.01456437  0.00625026
  0.01397423  0.01344993 -0.00132104 -0.0066292  -0.00135124  0.00502482
 -0.00016398 -0.00583292  0.00878341]
[ 0.01666055  0.00482756 -0.02015847 -0.03623566 -0.0286836  -0.02284826
  0.0135211  -0.0087454  -0.02383323  0.00614351 -0.01625339  0.01664898
  0.00174019 -0.0077559   0.01723755  0.01441735 -0.00324725  0.01559698
 -0.00222461  0.00578542  0.00447016]
[ 0.017891   -0.00226165 -0.01980545 -0.02633457  0.00678724  0.01706408
  0.0184587   0.02338908  0.00343896  0.00467131  0.020683   -0.01442476
 -0.02106956 -0.00166926 -0.04146993  0.00427553 -0.00771943  0.01265239
  0.00440051 -0.01935562  0.00234249]
[ 0.02802977  0.01511497  0.02102175 -0.0269748  -0.01312305 -0.0151776
 -0.0001514  -0.03428154  0.0092218  -0.00693939 -0.00294804  0.01249025
  0.00435017 -0.00189622 -0.024219   -0.00782675  0.00275944  0.0022868
 -0.01279144 -0.00077374  0.00082747]
[  8.37634116e-03   3.61008164e-03  -3.84263835e-03  -1.58933291e-03
  -6.67450466e-03  -2.99776964e-03   1.65980428e-03  -1.22340736e-02
   3.60135223e-03  -1.75583091e-03   3.99194358e-03  -7.92943199e-03
   4.89838828e-03   9.66761334e-03   7.10778141e-03  -5.92731817e-05
   1.77593167e-02  -1.96879299e-03   1.36727744e-03  -1.35546275e-02
  -2.71466260e-04]
[ 0.01246437 -0.00479516  0.01022662  0.00835608 -0.00845162  0.00275944
 -0.01697129  0.00582131 -0.01500093  0.00082548  0.00253393  0.00333404
 -0.00793729  0.00298522 -0.00631545 -0.00901287  0.00324542  0.01578006
 -0.00261633  0.00616432  0.01189702]
[ 0.0140834   0.00828509  0.01526293 -0.00174199 -0.00026941  0.00746029
  0.00283265 -0.00371527  0.01066029 -0.00502896  0.00435373 -0.00762124
  0.00866949 -0.00815112  0.00190429  0.0102234  -0.01302606  0.0055629
  0.01749962  0.02334349 -0.01184901]
[ 0.00388563  0.00078202 -0.00234292 -0.00284226 -0.00269184  0.00505172
  0.00629006 -0.00152358 -0.00490904 -0.00134882  0.0040826  -0.00419396
  0.00020051  0.00342298  0.01408578 -0.00057473  0.00375112 -0.00695239
  0.00387169  0.00155847  0.00144458]
[ 0.01946852  0.00910997 -0.01221362  0.02046228 -0.02887417 -0.00189055
  0.01731058  0.01073356 -0.00287859  0.00435528  0.01841722  0.01429487
  0.00513363  0.00872287 -0.00802314 -0.02384999 -0.0264056  -0.018141
 -0.00345416  0.01158274 -0.0206552 ]
[ 0.0129594  -0.00115306 -0.0110269   0.00502593  0.01424756 -0.01560931
 -0.01589483  0.00155004  0.01702238 -0.01521834  0.01811523  0.00425073
  0.01459861  0.02135952  0.02011489  0.01133772 -0.02155635  0.0055713
  0.00270458 -0.01357658  0.01565554]
[ 0.01150604 -0.00677512 -0.00366281  0.00537558  0.01411607 -0.00966945
 -0.0045351   0.00015494 -0.00798627 -0.02799408 -0.00463153  0.01868465
  0.0029995  -0.00547196  0.00657315 -0.01502181 -0.00307513 -0.00575207
  0.01704113 -0.03229873 -0.01598291]
[ 0.00897089  0.00697389  0.017461   -0.00840974 -0.00441875  0.01004949
 -0.00762229 -0.00896596  0.00324814  0.00640669  0.01776887  0.02772715
  0.01176558 -0.02568743 -0.0065196   0.02257985  0.00455285 -0.01022479
 -0.00128082 -0.00749877  0.00682874]
[ 0.00663675  0.0018841  -0.00184636  0.01068488 -0.00150711  0.00164335
 -0.00484533  0.00298559 -0.02451559 -0.01129686  0.00085921 -0.01784861
  0.00942423 -0.00103032 -0.00902737  0.01474502  0.0097469   0.00034018
 -0.01681646  0.00825833  0.00673489]
[ 0.00860102  0.00251761 -0.00346637  0.00352483  0.00699465 -0.0115202
 -0.00092854 -0.01321824  0.01068651 -0.00491094  0.01207277 -0.01044555
  0.01431615  0.00260157  0.0059571   0.00555563  0.00163381  0.00586139
 -0.00632186 -0.01353247  0.01348869]
[ 0.00796372 -0.0070945  -0.00453857 -0.00640186  0.01354662  0.01310062
  0.01732632  0.00696808  0.00360286 -0.02225542  0.00796824  0.01329198
 -0.01562027  0.00674038 -0.00580372  0.00275491  0.01695354 -0.00917602
 -0.0063148   0.00667984  0.00823253]
[ 0.00482965  0.00013821 -0.00371027  0.00269016  0.00530105 -0.00604277
 -0.00748651 -0.00035319  0.00664743 -0.00485558  0.00845652  0.00161717
  0.00236751  0.01259067  0.00624942  0.00849897 -0.01663716  0.00489047
  0.00283027  0.00210641  0.00685439]
[  6.46550022e-03   2.39038214e-03  -1.14028700e-02  -1.57169219e-02
  -1.53991604e-02  -7.76994951e-03   1.33950687e-02  -1.41774990e-04
  -1.66098786e-02   5.44279506e-03  -8.03818217e-05   8.66084531e-03
  -2.94301429e-03  -7.23736986e-04   9.18876534e-03   8.71524249e-03
  -1.20747615e-02   1.01503462e-02   8.37311943e-04  -4.39795238e-04
  -3.91223649e-03]
[ 0.00447034  0.00273637  0.00881716 -0.00079442 -0.0023091   0.00245317
 -0.0056663   0.00358438 -0.00247869  0.00457139  0.00327045  0.00565469
 -0.00128507  0.00349721  0.00139128 -0.00099307  0.00049225 -0.00176196
  0.00037533 -0.00081284  0.00063015]
[ 0.01003633  0.00307187 -0.01509665 -0.01344452 -0.01664443 -0.00090057
  0.02040691  0.00647101 -0.01677296  0.00653827  0.01245523  0.00404975
 -0.00701344  0.00469609  0.00329545  0.00409006 -0.01809356  0.00425827
  0.00305146 -0.00515853 -0.00907419]
[ 0.00827415 -0.00319085 -0.00633592 -0.0029066   0.01793159  0.00311931
  0.00716603  0.00852197  0.00737547 -0.01601116 -0.00231479  0.02101722
  0.00497654  0.0111426  -0.00320532  0.00820915  0.00977761 -0.00568084
 -0.0093564   0.015016   -0.00456624]
[ 0.00419898  0.00404771  0.01237479 -0.00428631 -0.00223492  0.0028089
 -0.0031639  -0.00061508  0.00089552  0.0024599   0.00814952  0.01371794
  0.00691742 -0.01207648 -0.00356839  0.01237301  0.00097766 -0.00510674
  0.00422937 -0.00195277  0.0057748 ]

Right eigenvectors

[ 1.          0.46046349 -0.26534566 -0.27061717 -0.70965283 -1.08450528
  0.0064389  -1.93679335  1.17064221 -0.35939154  0.60067089 -0.41894231
  1.2026598   0.79078889 -0.4150923  -1.13189032  2.17899392  0.80326065
 -0.00259661 -0.73569628  1.53526669]
[ 1.          0.29715581 -0.0997619   1.68197786 -1.0200075   0.5687774
 -0.91050663  0.56005018 -0.79211626 -0.46514725 -0.46351757 -0.73385567
 -0.2753064   0.79760003 -0.31530113  2.05474055  1.87961477  1.85058579
 -1.44046239  0.23848563 -1.20272651]
[ 1.          0.31788573  0.14494433  0.80938391 -0.27652854  0.90640617
 -0.98626825 -0.13892998 -0.16594097 -0.27728027 -0.88982788 -0.07392184
 -0.6224501   0.7848913   0.35839941  1.54422635  1.00198616  2.05560303
 -0.26616379  0.49015595 -2.38947322]
[ 1.          0.27943477 -0.03473655  1.73264643 -1.80833696  0.81904294
  0.16902374  0.62315694  1.38257147 -0.77648303 -1.47344876  0.06158171
 -0.6895964  -0.98070609  0.68930548 -1.45089504  0.57260398  1.17065685
  1.2374605  -0.04966553  6.08269463]
[ 1.          0.20101852 -0.2845729   0.0915971  -0.28301682  0.89270142
 -0.33086901 -0.15183885 -1.85487441 -0.59254653 -0.23350276 -1.74593437
  0.13034652  0.57936694  1.11433394  0.40929162  0.56101111 -2.56091561
 -0.53560217  0.63716222  0.94253435]
[ 1.          0.19040373  0.48631295  0.87036042  1.44032084 -1.49387333
  1.21288669 -0.48787606 -0.09647865  0.71077145  0.06453024 -0.52891974
 -0.43314826 -1.97174561  0.76687663 -0.50130577 -0.45702403  0.20111124
 -2.11943104 -0.95366598 -1.11178018]
[ 1.         -0.43363171 -0.41621024 -0.43483552  0.07621426  0.86011111
 -1.06711641  1.37538521  0.66243998  1.10472637  1.49404349 -1.08702946
 -0.13809955 -0.49322969  0.79965374 -1.10380961  0.73475731  0.76667124
  0.34515766 -0.8364806  -0.62147857]
[ 1.         -7.79654035  2.14792102  0.39532205 -2.09842982 -0.22356364
  1.15845488 -0.97682333  0.42228024  0.73056186 -0.26113144 -0.59591994
  1.72523333  1.00586829 -0.52045931  1.64060971 -1.07584558 -0.15589315
 -0.13703923 -0.09602406 -0.35470568]
[ 1.         -0.20460985 -0.77333721 -0.03999153  0.77317383 -0.51757711
 -1.17840327  0.99587594  0.85554261  0.24113627  0.56457963 -0.29689798
  0.44976361 -0.02740534  0.97529998 -0.18123048 -1.07455677  0.13028508
  0.26843219  0.03406357  0.29958805]
[ 1.          0.3966469   0.90966191 -0.15450008  0.4665275   1.50764297
 -0.25583331  0.07174148 -0.58932267  1.00405604 -1.82434913  0.55426432
  0.69443743  1.66889337  0.4724588  -0.73561128 -0.27018752 -0.1713174
  0.82500748 -0.74991552  0.00778594]
[ 1.          0.24619041  0.57376602  0.25299383 -0.46463962  0.9271665
 -1.45515688  0.17627137 -0.51466103  1.1716208   0.6549342   0.9370441
 -0.6835279   0.76015458  0.40564077 -0.48670611  0.37266276 -0.40298109
 -0.87972995 -0.56957217 -0.18683456]
[ 1.         -0.03565883 -0.43939317  1.02716408  0.80849939 -1.04652754
 -0.14929708 -0.42755221 -0.23602632  0.88842578  0.69469867 -0.20718395
 -0.539195    0.12950928  0.03954264  0.47880584 -0.11060272 -0.06505293
  0.42913887  0.41564003  0.09029429]
[ 1.          0.71823464 -0.29269112  0.45721661 -1.91982433 -0.59624476
  1.19301045 -1.31390545  1.00362568 -0.32005499  2.20681018  0.96385052
  2.15705887  1.41388726 -2.04644734 -5.14408376  0.1112829  -0.76549589
 -0.4763819   4.32691045 -2.77323729]
[ 1.         -1.93869369  0.2944382   0.13652911  0.85691141  0.47452106
  1.3443371  -0.63914978 -0.25231951 -2.09852664  0.02657226  1.31213981
 -1.87954232 -0.35253405  0.95882584 -0.76471863  0.69686206 -0.58487133
 -0.28987091 -0.38306397  0.51101871]
[ 1.          0.63769756 -0.7951707   2.65026589 -2.58692484  0.24130483
  1.05188612  1.53301688  1.88173134  0.0239693  -0.53771064  0.70749973
 -0.29216947 -0.09844755 -0.54028086  0.1121617  -0.23459891 -1.13089574
 -0.29140804 -0.93324657  0.57764785]
[ 1.          0.19375074  0.22562041  0.29851614  0.46044353  0.73481217
 -1.03155356 -0.12683227 -0.66100391 -0.0036982  -1.81875689  0.77667988
 -0.21997382  1.77575289  0.14227261  0.41651342  0.96439956  0.29624673
  1.46514272 -0.53329611 -2.6444512 ]
[ 1.          0.62697493  1.63198064 -0.43462348 -0.67228765  1.51184178
 -1.78913178 -0.62528162 -0.15058007  1.62460838  2.31831491  3.58965411
  0.52205057 -1.93247964 -0.27960454  1.96157055  0.91133696 -1.67429186
 -1.17369706 -1.6332499   0.67531859]
[ 1.          0.07030171 -0.87630928 -1.22179986 -0.72192089 -1.3323962
 -0.28441227 -1.16767123  0.10436391 -0.03532897 -1.29646999  0.14247522
 -0.16724653 -0.13544492 -1.06976245  0.05343133  1.46386532  0.86759257
  0.78015581 -0.49000083  0.82557207]
[  1.00000000e+00   2.71673115e-01   3.09140008e-04   1.98854098e+00
  -6.31830510e-01   3.39629232e-01  -1.20072357e+00   1.27446499e+00
  -6.48496161e+00  -4.04586160e+00   7.79509823e-01  -2.94017365e+00
   3.41010668e+00  -1.16515228e+00  -3.32109826e+00   5.70710147e-01
   4.45094940e-02   1.07307889e+00  -2.95140062e+00   7.68742873e-01
   2.19511983e+00]
[ 1.         -0.14069206 -0.53146845 -1.05948218  0.37159783  1.60999897
  0.14955265  1.40321394  0.74830117  0.71309121  1.89675074 -1.55252013
 -0.60620644 -1.01774588 -0.76346523 -0.40393491  0.04959145  1.67985013
  0.81232662 -1.15207118 -1.05357066]
[  1.00000000e+00   1.41427728e+00   5.45214517e+00  -1.38160195e+00
   2.80069382e-02  -4.27520823e+00   2.13993160e+00   4.33008016e+00
   4.91578756e-01  -7.86146959e-01  -6.42943192e-01  -2.25740013e+00
  -1.66083750e+00   2.15941634e+00   7.12284139e-01  -1.44920938e-01
   1.05536398e+00  -3.70794941e-01  -4.89969939e-01  -3.27504517e-01
   4.81389434e-03]
[ 1.          0.19438144 -0.46739649  0.72103167 -0.39727231 -0.24377064
 -0.41103421 -0.06876281  0.2411426   0.52564224  0.87894804 -0.29817735
 -0.03354712  0.93151607  0.77769108  0.0465948   0.97809319  0.00601652
 -0.04135889 -1.04220867  0.23561426]
[ 1.          0.49940245  0.71039574 -0.63905803  0.01113293  1.41903105
 -0.33533585 -1.33485824  0.4683091  -0.08983196 -2.03014909 -0.85098926
 -0.41713313  0.19208414 -0.59275114 -0.33193645 -1.83814719 -0.6619319
 -0.57000425 -0.48238262 -0.52676853]
[ 1.          0.12311652 -0.34349676  0.4387743   0.49559388 -0.52290531
 -0.81003427 -0.19409566  0.38383939 -0.06344959  0.60560108  0.05655118
 -0.50454787  1.06845663 -0.1360583   0.86287166 -1.6485092   0.4860607
  0.30782709  1.29042778  0.00379053]
[ 1.          0.91164259  3.01056007 -0.74669464  0.19408087 -2.38843402
  1.19627904  1.30664365  0.27386406 -0.1996525  -0.25531988 -0.81181404
 -0.65914409  0.12859857  0.14504644 -0.30826863  0.22941898 -0.00972083
 -1.05799835 -0.44166529 -0.40155296]
[ 1.         -0.12903725 -0.42431901 -0.14610542  0.94535136 -0.55912438
 -0.4397855   0.12394249  0.03655242 -1.38893595 -1.1286441   1.35341753
  0.50348892  0.14331715 -0.31451299  0.14504364  1.04287689 -0.42654182
  0.67164861 -0.79663614 -2.20702326]
[ 1.         -0.23243571 -0.89598153 -1.51021793  0.07518808  0.1572554
 -2.02088665  1.23652965  0.69191979  0.01138054 -2.00556412 -1.15302207
  0.63390676 -1.01047408  0.09671161 -0.60648322 -0.45159061 -4.46748113
 -3.24232471  0.85538318 -0.22288201]
[ 1.         -0.51644042 -1.23994048 -1.43159131  0.22613829 -0.56855469
 -1.35229205  1.67259518  0.76416836 -0.04543421 -1.05399723 -0.05866424
  0.62327302 -1.02413545 -0.11685741 -0.26317787  0.11654525 -0.73809795
 -0.63789608  0.73959047  0.00232937]
[ 1.         -1.6460045  -0.53798163 -0.87463727 -0.18489684  0.01596633
 -1.80944015  2.04044107  0.84505069  1.23696032  0.33761375 -1.06628654
  0.46428374 -1.37317291  0.26340412 -1.53929607  0.93740524  0.4984501
  0.06339637  0.29170543 -0.53697553]
[ 1.          0.28341983 -0.52498944  0.20968393 -0.4454284  -0.47454534
 -0.22585809 -0.71986762  0.48322149 -0.64416834 -1.42065066  0.22267607
  0.12144911  0.25671776 -0.275585    1.01669387  2.29240525  1.06737958
  1.00257444 -0.88659048 -2.06571413]
[ 1.          0.05850598 -0.20804045  0.28816298  2.21348386  0.75453779
  1.72297416  0.45954548  0.16220805  0.9673264  -0.79638058  1.41821509
  1.91663452  0.36360194 -0.21956377  0.20078401  0.36136032  0.63433214
 -1.17458011  1.28023646 -0.21123957]
[ 1.         -0.58549247 -1.14035932 -1.57348799  1.36899094  1.8731773
  2.38080398  1.76982533  0.51727881 -1.90322777  1.94128787  0.55623403
 -2.82482126  0.63952874 -3.1386057   0.58164152  1.49785367 -0.28413426
 -0.49664034 -0.51012472  1.33132366]
[ 1.          0.32300426 -0.90811291 -0.62579489 -1.26068509  0.17489014
  1.15028975 -0.27919071 -1.29413039  0.10599668  0.77581229 -0.42004357
  0.05155441  0.87464047  2.1314228   0.10680732  0.31849985 -1.04088207
  0.31045927 -0.16152055  0.00844549]
[ 1.         -0.84590713 -0.12634848  0.51477526  0.60492675 -0.95569979
 -0.33833113 -0.67818308 -0.74176935  0.37818363 -0.08778806  0.5477822
 -1.46728546 -0.48601233 -0.22372795 -0.83096709  0.58790953 -0.25657406
  1.24104144  0.2118786   0.39359098]
[ 1.         -0.27345166 -1.06271793 -0.36437323  1.32638827 -0.72489178
 -1.03941862  1.07397554  1.37520319 -1.27385173  0.23069079  1.18683124
  0.81416761  1.33612153  0.40359801  1.18196899 -1.07676177 -0.29433468
 -0.68573695  1.66354338  0.39138352]
[ 1.          0.45295976  0.32922727 -0.67725025 -0.04793503  0.34707113
  0.09449309 -1.51650258  0.66377965 -0.38221841  0.06244286 -1.46195826
  0.20016439  0.05247859 -0.15566444  0.20316263 -0.30285795 -1.05781073
 -0.61563791 -0.65237497 -0.31015861]
[ 1.          0.06752744 -0.25680317  1.10733115  1.23626634 -0.97070719
  0.88172365 -0.12074993 -0.26479323  1.37658697  0.0409213   0.0673508
  0.11854137 -0.95657291  0.1780255  -0.3382774  -0.19948044 -0.23112096
 -0.49969805 -0.12988509 -0.5705156 ]
[ 1.         -0.50704231  0.57843888  0.62300848  0.8129539   0.01909349
  0.63288715 -1.12254369 -0.04863158 -0.89191897 -0.68006293  0.76232954
 -2.83091355 -1.80230986  1.45876887 -1.41579062 -0.70763123  1.72272913
 -2.54851955  0.48129279  0.54794798]
[ 1.         -0.12258144 -0.03260257  1.10766305  1.83107033 -1.6390626
  0.9090581  -0.32213922 -0.57475364 -0.09135691 -0.1632109   0.64850535
 -0.04289684 -2.22994783  0.98208346 -1.41692008 -0.64105503 -0.37420159
 -0.94645228 -2.93486888 -2.51074182]
[ 1.          0.5057401  -0.34160317  1.70469065 -0.79608426 -0.16834676
  0.90356943  0.36746878  1.12873194  0.05209458 -0.94641977 -0.00773252
  0.11522175 -1.22825601 -0.3400923   0.76693334 -0.10491931  0.01216795
  0.84702913  0.4306197  -0.36526122]
[ 1.          0.69515202  0.21868165 -0.43265826 -1.23749452 -0.73480949
  0.6503078  -2.32480216  1.413474   -0.63414484  1.54875877  0.31134826
  2.15262142  1.03240258 -1.73434343 -3.96818433  1.58717745  0.28835659
 -0.2500109   3.2167887  -1.18094429]
[ 1.          1.3651651   5.29253053 -1.31743333 -0.15844294 -3.39615638
  1.58779627  4.17319638  0.31433225 -0.72608154 -0.46664315 -1.68920539
 -1.1458917   2.11863872  0.58795402  0.17092753  0.79167373 -0.33066157
  0.64177616  0.16878349  0.41517093]
[ 1.          0.2966329   0.14052931 -0.67428594 -0.19954595  1.09492896
 -1.25392748 -0.53407566 -0.10009367  0.08298902 -1.22189689 -1.4821912
 -0.06682316  0.21820107  0.29304928 -0.35231615 -0.70586158 -3.91699858
 -2.62576519 -0.18181503 -0.2250231 ]
[ 1.          0.46471315  1.31904414  0.05940302 -0.12813942  0.78652449
 -0.35542581  0.86107027 -1.34590222 -1.62087269  0.09292799 -0.22491663
  1.64153218 -1.33593137 -0.1740207  -0.8476561  -1.50078807  0.75156631
  2.00252014  0.40275623  0.60037922]
[ 1.         -0.3009816  -1.4093925  -1.79083689 -0.30621318 -1.37193872
 -1.31233877  0.54487627  0.76150182 -0.06960192 -2.08677615  0.06438968
  0.46727971 -1.18094938 -1.10223038 -0.23284983  1.55524773  0.03034921
  0.05862515  0.38303205  0.96162698]
[ 1.          0.28138603  0.450518    0.55456369 -0.08412829  1.51655963
  0.16316908 -0.77587826  0.82853648 -0.89611543 -2.03979678 -0.43432791
 -1.36112909 -1.53046715  1.35012084 -0.13918467 -0.93518368  1.90037094
 -0.28508784  0.86102315  0.1686725 ]
[ 1.          0.69005625 -0.93887208  2.50229327 -2.87323163  0.11068313
  1.49639938  1.66946532  1.47660297  0.20911676  0.34429489  1.30640496
 -0.03425365  0.33128644 -0.93413363 -1.10639846 -1.637069   -2.27595217
 -0.52826743 -0.42319868 -0.56767024]
[ 1.         -6.23028386  1.66549665  0.36520385 -0.96885687  0.1619495
  1.9203391  -1.29734538  0.1682557  -1.05775152 -0.22150892  0.56918394
  0.01145478  0.69551373  0.36210298  1.00002546 -0.47958945 -0.79426454
 -0.47128939 -0.54453426  0.14415605]
[ 1.          0.77057507  2.54683288 -0.57050221 -0.25678701 -0.2626057
 -0.10440528  0.87712998 -0.12310123 -0.05433807  0.12998945  0.42570304
  0.44455527 -0.0036714  -0.12152653  0.31917726 -0.31070928  0.07599125
  1.08040607  0.48153101  0.33397972]
[ 1.          0.04110371 -0.12832126  0.17752214  0.188492    0.52213516
 -0.73316207  0.66317733 -0.22980787 -0.76260136 -1.32438979 -0.17577602
  0.35271544 -0.47273145  1.0722213  -0.83814934 -0.65624562 -0.77282351
  1.74861234 -0.13609295  1.35036176]
[ 1.         -0.33276678 -0.01391112  1.13252114  0.48597097 -0.55280631
 -0.91776051  0.91353335 -3.72196149 -4.78356212  0.27606285  1.46361598
  2.25864863 -1.54465098 -1.25683694 -3.54302393 -2.07659266  0.44069191
  2.14610538 -4.55790324 -1.11477247]
[  1.00000000e+00  -3.35299487e+00   6.08277736e-01   3.66833958e-02
  -8.11597786e-01  -2.97313036e-01  -1.08880493e+00   7.01564480e-01
   4.48435690e-03   1.20105576e+00   1.42530641e-01  -6.36522917e-01
   2.64372808e-01  -5.76946901e-01  -3.51651626e-01  -9.52036744e-01
   5.17033123e-01   7.51560629e-01   4.58219622e-01   5.22928663e-01
  -2.64855570e-04]
[ 1.          0.65063279 -0.68213988  2.94410992 -2.51060484  0.33953149
  0.81317935  1.62721276  1.7428873  -0.15676855 -1.09526827  0.33341007
 -0.35937184 -0.25937657 -0.85795957  1.51350826  0.67172578 -0.27523534
 -0.71279923 -0.76784314 -0.20504447]
[ 1.          0.41059607  0.32111141  0.05134258  0.85806517 -0.31874897
  0.57762622 -1.63558383  1.00332275 -0.28708786  0.83014668 -1.78399778
  0.96468016 -1.2331548   0.90453956  0.43265584 -0.45793566  0.25596212
 -1.61634789 -1.43161646 -0.39683163]
[ 1.          0.27856438 -0.19454076 -0.90754494 -0.0408644  -0.01373584
 -0.27572552 -1.14665113  0.42494113 -0.03113369 -0.38830195 -0.88775178
 -1.06319915  0.73385082 -2.23755323  0.35475732 -1.1593874  -0.14433203
  0.43242502 -0.80528274  0.15035649]
[  1.00000000e+00  -1.46291150e-01   5.18572168e-01   3.11275942e-01
   1.01347801e-01  -3.29095900e-01  -9.74160925e-01  -9.07800658e-01
  -5.07011093e-01   1.19651905e-01   2.76650769e-01   1.21907070e+00
  -2.38023989e+00   2.98130266e-02   2.08836411e-03  -1.30706749e+00
  -6.70209825e-01   1.60485617e+00  -1.74473932e+00   1.24954464e+00
   1.22988215e+00]
[ 1.          0.35834548  0.6093979  -0.32258629  0.36697343  1.59517397
  0.41836749 -0.41379622  0.50445971 -0.33275457  0.31658558 -0.60208001
  0.60377183 -1.17613642  0.65697244  0.45689798 -0.33545676  0.83429307
  0.54911474  0.82484355 -0.93327142]
[ 1.          0.17009268 -0.17181228  0.4339715   2.43190064  1.03712906
  2.25458603  0.59383752 -0.73679088  3.14312787 -1.78921433  0.99597803
  2.75985962  1.39027548 -0.83258183 -0.71501828 -0.00560574  1.24914043
 -0.93952339 -0.33775411  1.63970567]
[ 1.          0.13079313  0.37033818  1.30855146 -0.74488127  0.20493653
 -0.84581953  1.26869419 -4.11941304 -3.24831364  0.84375781 -0.20307942
  2.41487936 -1.19087236 -2.14358939 -2.2970648  -1.90229935  1.06618932
  0.30601599 -0.88813397  0.71312152]
[ 1.         -0.10246857 -1.61246398 -2.46043279 -1.15681344 -1.48255016
 -0.28796822  0.77794967 -0.69877659  0.30371731 -1.80834859  0.92645759
  0.63485004 -1.40492061  0.98513749  0.69812279 -0.10649013  0.36032331
 -0.82233313  1.23518302  0.36094033]
[ 1.          0.54060254 -0.33999044  1.94340941 -1.38515736  0.48462882
  0.83668199  0.53463703  1.96120283 -0.55513759 -2.07850004  0.02920353
 -0.34539522 -1.80646248  0.33432071  0.07979742 -0.38674667  0.35316087
  1.32774096  0.1244465   1.94051092]
[ 1.          0.04762056 -0.60087182 -0.21320863  1.48126385  0.97387166
  1.77405882  0.61051811 -0.49824379  1.43757981  0.10930142 -0.67718824
  0.73749441  0.28956461 -1.31278388  0.24709264  0.13747003  0.68455402
 -0.01725695 -0.33546532  1.31682562]
[ 1.          0.50470727  0.64149389 -0.44792969 -0.18421375  1.13514224
  0.85172556 -1.26545931  1.04062176 -0.79494823  1.1347985  -0.73995246
  1.54491127 -0.36537648  0.31624374 -1.51458578  0.48062225  0.52545004
  1.2034763   3.62175253 -1.63703482]
[  1.00000000e+00   7.18392841e-03  -4.04533996e-02   4.31026693e-01
   1.54542656e-01   2.72067422e-03  -1.05088896e+00  -3.93793030e-01
  -8.32483954e-01   5.17427962e-01  -1.27384847e-01  -1.35241609e-01
  -1.15404993e+00   9.60395042e-01  -2.74095344e-01  -4.38927712e-04
   1.79552099e-01  -8.63835051e-01   1.34823351e+00   2.12848210e-01
   1.67847599e-01]
[ 1.         -0.01381383  0.0320592  -0.45637573  0.34205197  1.64172735
  0.94363773 -0.21109795 -0.16942892 -0.5388817   0.38353926 -0.78605059
  0.00229515 -0.00420334  1.5479034  -0.26845886  0.62205889 -0.56324364
  0.58878574  0.53360561  0.30373515]
[ 1.         -0.23906057 -0.29842478  1.21927518  1.31422489 -1.34935774
 -0.10733959 -0.85772726 -1.48773324  1.8401834   0.08836874 -0.28078929
 -1.74011094 -1.01962952 -0.88218785  0.14922207  0.8721842  -2.37524647
  3.2237455   1.754777    0.29525996]
[ 1.         -0.04834479 -0.47443406  1.54833483  1.72116773 -1.72596227
  0.22463314 -0.96869313 -1.6934959   1.97818857  0.36012511 -1.03443683
 -1.29206582 -1.62373699 -1.45114908  1.37815187  1.11144465 -2.87306017
  3.59978812  2.64412686  0.49570884]
[ 1.          0.4667664   0.26340295 -1.06174393 -0.02558774  0.90471318
 -0.46458568 -1.95396303  0.74248592 -0.09699176 -1.97315498 -1.58023626
 -1.44293295  0.96670512 -2.97669024  0.1123171  -3.02806422 -0.81516681
 -0.01015538 -1.5536784  -0.35903338]
[ 1.          0.56181061 -0.32074206  1.30014064 -1.67546147 -0.1530635
  0.53155802 -0.77130369  2.51832883 -0.88947325 -1.47174111 -0.27590768
  0.42761156 -1.04629992  0.1863894  -1.53233864  1.86506275  1.57965437
  1.68251039 -0.64105737  6.58299886]
[ 1.          0.16046928  0.1534054   0.38868534 -0.14794965  1.8311241
  0.32507789 -0.12051675  0.54961281 -1.25312977 -1.80163963 -0.77040121
 -0.7948492  -1.38816679  2.47547987 -1.04107101 -0.3447796   0.83712835
  1.50437271  0.94558617  3.11023045]
[ 1.          0.15089732 -0.4184869   1.08982141  1.13886979 -0.9907866
  0.38579769 -0.37359691 -0.56192328  0.50935851  0.30866363 -0.84526521
  0.2857315  -0.66195472 -0.60781245  1.18327299  0.21386794 -0.28880536
  0.06819745  0.53986857  0.10957934]
[ 1.          0.07485711  0.72151395  0.37690997 -0.27599406  0.49111645
 -1.88956653 -0.53703026 -0.85488369  1.15063009  0.85003317  1.94102618
 -2.74699648  0.80392542  0.41953518 -1.77415802 -0.25337783  1.20958658
 -2.8957882   0.6847613   1.20220819]
[ 1.          0.35944192  0.51924888  0.16928985  1.9732631   1.90088991
  1.44894334  0.50991128 -1.10345498  3.46077659 -3.23078222  1.3864814
  3.09987367  2.98356982 -0.29304279 -1.47054217 -0.29974255  1.11464591
 -0.03637539 -1.29390517  1.94840475]
[ 1.          0.28975976 -1.20995227 -2.17493758 -1.72164734 -1.37139892
  0.81156342 -0.52491679 -1.43051857  0.36874583 -0.97556143  0.99930563
  0.10444956 -0.46552505  1.03463271  0.86535818 -0.19490633  0.93616252
 -0.13352574  0.3472523   0.26830778]
[ 1.         -0.1264129  -1.10700658 -1.47194542  0.37936627  0.9537803
  1.03173121  1.30730979  0.19221715  0.26109825  1.15605608 -0.80625824
 -1.17766291 -0.09330156 -2.31792141  0.23897633 -0.43146997  0.7071933
  0.24596241 -1.0818637   0.13093121]
[ 1.          0.53924702  0.74997943 -0.96236258 -0.46818255 -0.54148149
 -0.00540142 -1.22304072  0.32900034 -0.24757232 -0.10517534  0.4456065
  0.15519807 -0.06765038 -0.86404582 -0.27923006  0.09844675  0.08158453
 -0.45635199 -0.02760413  0.02952121]
[ 1.          0.43098551 -0.45874903 -0.18974071 -0.79682818 -0.35788533
  0.19815385 -1.46055101  0.42994336 -0.20961788  0.47657366 -0.94664626
  0.58478854  1.15415707  0.84855443 -0.00707626  2.12017591 -0.23504212
  0.16323087 -1.61820385 -0.03240869]
[ 1.         -0.38470969  0.82046781  0.67039679 -0.67806246  0.22138635
 -1.36158382  0.46703587 -1.20350429  0.06622712  0.20329363  0.26748579
 -0.63679861  0.23950022 -0.50667994 -0.72309054  0.26037613  1.26601287
 -0.20990472  0.49455492  0.95448243]
[ 1.          0.58828789  1.08375339 -0.12369126 -0.01912994  0.52972245
  0.20113373 -0.26380524  0.75694007 -0.35708427  0.30913922 -0.54115052
  0.61558246 -0.57877474  0.13521501  0.72591811 -0.9249229   0.39499673
  1.24257085  1.65751837 -0.84134559]
[ 1.          0.20126041 -0.6029691  -0.73147849 -0.69276636  1.30010153
  1.61879789 -0.39210652 -1.26338294 -0.34713065  1.05069095 -1.07934973
  0.05160342  0.88093217  3.62509215 -0.14791075  0.96538115 -1.78925603
  0.99641158  0.40108429  0.37177565]
[ 1.          0.46793327 -0.62735214  1.05104426 -1.48312097 -0.09710791
  0.88915742  0.55132884 -0.14785857  0.22370889  0.94599995  0.73425568
  0.26368883  0.44804996 -0.41210843 -1.22505401 -1.35632291 -0.93181195
 -0.17742273  0.59494715 -1.06095367]
[ 1.         -0.08897504 -0.85088032  0.38782143  1.09940001 -1.20447789
 -1.22651024  0.11960718  1.31351603 -1.17430947  1.39784513  0.32800336
  1.12648839  1.64818758  1.55214688  0.87486459 -1.66337591  0.42990445
  0.20869633 -1.04762469  1.20804525]
[ 1.         -0.58883173 -0.31833798  0.46719643  1.22684013 -0.84038019
 -0.39414926  0.01346605 -0.6940936  -2.43299095 -0.40253025  1.62389983
  0.26068915 -0.47557275  0.57127869 -1.30555909 -0.26726248 -0.49991748
  1.48105971 -2.80711131 -1.38908894]
[ 1.          0.77739069  1.94640637 -0.93744813 -0.492565    1.12023356
 -0.84966961 -0.99945056  0.36207585  0.71416426  1.98072547  3.09079104
  1.31152829 -2.86342037 -0.72675028  2.51701344  0.50751366 -1.13977426
 -0.1427746  -0.83590026  0.7612104 ]
[ 1.          0.28388889 -0.27820262  1.60995684 -0.22708539  0.24761401
 -0.73007634  0.44985723 -3.69391538 -1.7021676   0.12946258 -2.68936024
  1.42000669 -0.15524445 -1.36021002  2.2217226   1.46862611  0.0512576
 -2.53383939  1.24433393  1.01478777]
[ 1.          0.29271021 -0.40301853  0.4098156   0.81323575 -1.33939953
 -0.10795713 -1.53682268  1.24247059 -0.57097174  1.40364424 -1.21445528
  1.66447211  0.30247287  0.69260399  0.64592676  0.18995513  0.68147624
 -0.73501366 -1.57335659  1.56826711]
[ 1.         -0.89085297 -0.56990637 -0.80387866  1.70104252  1.64503769
  2.17565698  0.87497818  0.45240916 -2.7946015   1.00056824  1.66906648
 -1.96142856  0.84638639 -0.72876986  0.34593252  2.1288474  -1.15222778
 -0.79294581  0.83878449  1.03375473]
[ 1.          0.02861689 -0.7682273   0.5570093   1.09760623 -1.25118244
 -1.55011488 -0.07312874  1.37637916 -1.00536963  1.7509599   0.33484293
  0.4902034   2.60695407  1.29397048  1.75974998 -3.44479668  1.01259435
  0.58601937  0.43614177  1.41923201]
[ 1.          0.36971341 -1.76364854 -2.43089032 -2.38174308 -1.20175535
  2.07177608 -0.02192792 -2.56900132  0.84182119 -0.01243242  1.3395476
 -0.45518741 -0.11193828  1.42119945  1.34796105 -1.86756803  1.56992435
  0.12950459 -0.06802184 -0.60509417]
[ 1.          0.61211562  1.97236865 -0.17770813 -0.51653713  0.5487663
 -1.26753144  0.80181419 -0.55447343  1.02260491  0.73158771  1.26493412
 -0.28746483  0.78231448  0.31122436 -0.22214667  0.11011529 -0.3941439
  0.08395992 -0.18183056  0.1409625 ]
[ 1.          0.30607524 -1.5042008  -1.33958548 -1.65841783 -0.08973108
  2.03330389  0.6447587  -1.6712245   0.65146031  1.24101443  0.40350961
 -0.69880508  0.46790871  0.32835201  0.40752594 -1.80280629  0.4242857
  0.30404168 -0.51398606 -0.90413482]
[ 1.         -0.38564106 -0.76574864 -0.35128661  2.16718115  0.37699482
  0.86607411  1.02995066  0.89138632 -1.93508088 -0.2797611   2.54010489
  0.60145634  1.34667581 -0.38738907  0.99214327  1.18170572 -0.68657658
 -1.13079875  1.81480818 -0.55186807]
[ 1.          0.96397333  2.94709203 -1.02079651 -0.53225188  0.66894677
 -0.75349175 -0.146482    0.21327054  0.58583243  1.94083222  3.26696774
  1.64740443 -2.87605041 -0.84982289  2.94666893  0.23283367 -1.21618497
  1.00723731 -0.46505787  1.37528557]
