Cluster centers 

[-1.12220526  0.19207675  0.69753902 -0.1942938 ]
[ 1.02783432 -0.01394788  0.7297797   0.48434215]
[ 0.02670179 -1.45317836 -1.28420119  0.82902097]
[ 1.9171102   0.02143763  0.24562142 -1.11251415]
[-1.26229134 -0.7135468  -0.10874645 -0.72318642]
[ 0.27400584  0.01245988 -1.25377818  1.30881583]
[-0.26592161  1.99343592  0.20952722  0.63838827]
[-0.787587    0.35654122 -1.10902486 -0.93723216]
[ 0.92664865  2.19110846  0.59728699 -1.21760958]
[ 0.24254923 -0.20696301  0.47323265  1.66327213]
[-0.15607622 -1.27790312 -0.11788837  1.50049509]
[ 0.72838416 -0.06174823 -2.75715258  0.14657585]
[-0.89165929 -0.6057439  -1.36289018 -1.56254283]
[-1.37936439 -0.81142387  0.82359147 -0.37025458]
[ 0.7376386  -1.00224059  1.01535979  0.3797927 ]
[-0.93820069  0.75202569  0.28952082 -0.06103487]
[ 0.01593516  1.89221195 -1.71014595  0.04301792]
[ 1.38952272 -0.57348911  0.6667077  -0.48251768]
[-0.14741903  1.44734     1.07634934 -0.5502282 ]
[ 2.38488452 -0.33856196 -0.13821924 -2.20302459]
[-1.44057535 -1.65962806  0.17557768 -0.72109758]
[ 1.40863363  1.15599043  0.41185906  0.11214973]
[ 0.27306218  0.6703768  -0.09197046  1.7911382 ]
[-1.09232603  0.16979209  0.00993534 -0.38540126]
[-0.90814617  0.72323558 -0.14819392 -0.21348313]
[ 0.15194558  0.13810456  1.33449238 -2.31499625]
[-0.95849256 -2.93923602  1.26555119  0.68208005]
[ 0.89286544 -1.57425401  1.08036989 -0.44510319]
[ 1.32567914 -0.15365504 -4.1186332  -1.22022101]
[ 1.50891394  0.34694068  0.47685013 -0.22444099]
[ 0.09135898 -0.50361663 -0.69244583  1.50374218]
[ 2.33372362 -1.57624447 -0.08966128 -3.14300671]
[-0.9234378   0.74817245  0.66986595 -0.03912268]
[ 0.11482067  2.0024205  -1.25730382  0.76541753]
[ 0.48417364 -0.36588328 -2.16046526  0.57825622]
[ 0.46625524  2.2954343   0.63185697  0.05506325]
[-1.41124495 -1.0987961   1.14480585 -0.36062141]
[ 1.04142982  0.70013902  0.58789564  0.70462764]
[ 0.01124421 -1.00238833 -0.8082608   1.29603452]
[-0.6678841   1.05891101 -0.79279879 -0.32918874]
[-0.7519151  -1.0410847  -1.8810902  -2.15894786]
[-0.17000907  1.82683105  0.8118288   0.06633559]
[ 2.13060287 -0.43895705  0.10119321 -1.77966781]
[-1.27822978 -0.43891872  0.34452064 -0.44284136]
[-0.71039613  0.08849585 -1.52912138 -1.38925939]
[-1.04840174  0.04916744 -0.40093339 -0.63497325]
[-0.7007513   1.25004849  0.54242628  0.12765223]
[ 0.25733544 -0.39052728 -1.41394934  1.12334334]
[-1.10820007 -0.6701487  -0.71873058 -1.09595478]
[ 0.70464716 -1.31673753  1.09779609  0.1681006 ]
[ 0.24448994  0.54775862 -0.64750474  1.66695941]
[-1.49980143 -2.72913659  0.58092266 -0.37510061]
[ 0.17532641 -1.13816354  0.97264171  1.22794251]
[ 0.27245607 -0.46161173  0.67406212  1.5075818 ]
[ 2.08706379  0.43733646  0.07543944 -1.25587222]
[ 0.24786657  1.26187344  1.09760637 -1.48765774]
[ 0.57734039  0.77719546 -2.21238301  0.70392102]
[-0.47003068  1.73027615 -0.14251701  0.4206375 ]
[ 0.43779204 -1.0328607  -2.28537666  0.25272031]
[ 0.28890758  0.49144471 -1.07161329  1.46662557]
[-0.84070428  0.50465365  1.21034433 -0.32682561]
[-0.01682977  2.13365623 -0.44107376  1.02116051]
[ 0.11032135 -0.22015248 -0.10725299  1.75047157]
[ 1.63064302 -0.1018934   0.46125983 -0.64265892]
[-1.0596823  -1.07200281  1.7806508  -0.78651076]
[ 1.44532599 -0.97876823  0.67818353 -0.8943991 ]
[-1.32687091 -1.38070383 -0.24001522 -0.94439732]
[ 0.96037067  1.934054    0.62271346 -1.84955075]
[ 0.53978969  2.01634718  0.80033333 -0.90220727]
[ 0.83467334 -0.10412284 -3.03154923 -0.11239613]
[ 0.39827069  0.28932551  0.4410669   1.61551035]
[-0.51274886  1.55883973 -0.55270166  0.15871142]
[ 1.70605835  2.39030125  0.08235676 -1.99646053]
[ 0.20827136 -0.92162331 -1.54349426  0.86970384]
[-1.26394512 -0.48693507  1.14803774 -0.32252981]
[ 1.12322579 -0.16933014  0.73017456  0.23644384]
[-0.03107738 -0.8268894  -0.15273311  1.62347646]
[ 0.88690196 -0.49707152  0.86445777  0.47377379]
[-1.20312672 -0.08837295  0.43484635 -0.31871116]
[-0.95806248 -0.18662706 -0.93526341 -1.07359131]
[ 0.76253171 -0.28108078  0.8265321   0.81295197]
[-1.01692411  0.46112569  0.79755242 -0.13029566]
[ 1.9185348   0.91336807  0.15322557 -0.82252797]
[ 0.34218257  1.42238354 -0.07718906  1.68017265]
[-0.07896498  1.65105906 -1.92125167 -0.48169801]
[-0.99919908 -1.41886528 -1.33367106 -1.77835083]
[-0.14287903 -1.55382124 -0.70743341  1.13510311]
[ 0.48861689 -0.19894633  0.73822075  1.30808724]
[ 0.15382711 -0.42014476 -0.97465119  1.38118996]
[-1.16080653 -0.39843671 -0.31833431 -0.75341354]
[-1.13783523 -1.24440692 -0.87456876 -1.36707827]
[ 1.8090605   0.15524377  0.31237568 -0.84934919]
[-0.25869318 -1.56284788  0.29561515  1.49047485]
[-0.62971148  0.97617462  1.11062881 -0.25097394]
[-0.87987533  0.53405461 -0.59978073 -0.52654793]
[ 0.5130143   0.97884843  0.35652891  1.56477023]
[ 0.98456651 -0.83124463  0.90454977  0.06956883]
[ 0.4855587  -1.11615837  1.07040316  0.72668155]
[ 0.86563005 -0.51586565 -3.18578786 -0.3704767 ]
[ 0.78620466  0.71379239  0.58040492  1.13090912]

Populations

0.012828823357
0.0125685128076
0.00346311922303
0.0106811643207
0.0240750799661
0.0111140782788
0.00883356682371
0.012161636748
0.0130087684617
0.00618430339405
0.0090364293805
0.015540891359
0.0154770399839
0.0183329906671
0.0111298393239
0.0191822403642
0.00829930401004
0.0101952379517
0.0129662611264
0.0068546134435
0.0109379811863
0.00842805150423
0.00735200541475
0.0370887709559
0.0205477995812
0.00600843893872
0.00326239852545
0.0116092683325
0.0117883896221
0.011300460116
0.00477380281552
0.0151101718904
0.0128376380859
0.0118109662997
0.00629881407076
0.0111769185019
0.00516162091466
0.0227847171097
0.00776162863317
0.00265720705766
0.0254589089033
0.00976792142373
0.0131568426751
0.00480949235841
0.030622750013
0.0241081821259
0.00733393144327
0.00798802621409
0.00695162612571
0.012040393766
0.00307465749172
0.0068389775902
0.0149349310417
0.00327740810649
0.0038084597116
0.0217551755341
0.0028868820625
0.0145371299782
0.00889965994911
0.00246056316957
0.0130686608999
0.0071046072428
0.0209719253835
0.00744756559423
0.00314018460097
0.00339754721719
0.00701705600524
0.0105581608032
0.00803656076583
0.0109589516199
0.0148192582684
0.0253267216074
0.00692846874502
0.00375833715057
0.0112176869263
0.00589002323248
0.00692269476661
0.0203574467767
0.00322693590947
0.00191817627366
0.00395156787523
0.00304305075125
0.0141860379866
0.009885264128
0.0152940563841
0.00387748176344
0.00842755382356
0.0114643174989
0.0064716098841
0.00530203938404
0.009303390069
0.0180572866494
0.00332650378196

State labels

0
1
2
3
4
5
6
7
8
9
10
11
12
13
14
15
16
17
18
19
20
21
22
23
24
25
26
27
29
30
31
32
33
34
35
36
37
38
39
40
41
42
43
44
45
46
47
48
49
50
51
52
53
55
56
57
58
59
60
61
62
63
65
66
67
68
69
70
71
73
74
75
76
77
78
79
80
81
83
84
85
86
87
88
89
90
91
92
93
95
96
97
98

Eigen values

1.0
0.742081558971
0.721092105939
0.70719801159
0.68116770018
0.674926024329
0.656417949758
0.612885994107
0.577379650135
0.567562798271
0.54909340001
0.540987973815
0.523396108939
0.520786580346
0.492688310489
0.485192300515
0.479308262063
0.451591177628
0.443751227592
0.414327304198
0.392148093489

Left eigenvectors

[ 0.01282882  0.01630559  0.00498137 -0.013115   -0.00143744 -0.01585155
 -0.00185482 -0.00692787  0.0001074  -0.0219198  -0.00442368  0.01860275
  0.0045173  -0.00085373  0.00937442  0.01541749 -0.0085791   0.00273616
 -0.02489186  0.0007103   0.01084957]
[ 0.01256851  0.00479368  0.00021115 -0.00433695 -0.00739105  0.00166159
 -0.00976148 -0.00622965  0.01810013  0.01544213 -0.01277236 -0.0047085
 -0.01509761 -0.0038672   0.02567071  0.01546012 -0.01377937  0.01083054
 -0.00673344  0.03583816  0.00140933]
[  3.46311922e-03  -5.15071688e-05  -9.15776345e-04  -2.61952380e-04
  -3.42235308e-03  -2.05945907e-03   9.79972144e-04  -3.96405925e-03
  -9.86426229e-04  -4.03464238e-03  -3.21958978e-04   6.47191793e-04
  -3.52569045e-03   7.60417420e-04   8.29373941e-03   5.09212740e-03
   1.82842361e-03  -1.91743332e-03   1.89944798e-04  -2.09524795e-03
   1.19815870e-04]
[ 0.01068116 -0.0102834  -0.01115077  0.00592741 -0.00837277 -0.00818229
 -0.01610703  0.01021593 -0.00145537  0.02003941 -0.00023178  0.00117947
 -0.02051541  0.0038492  -0.01293914  0.0190893   0.0149609  -0.01214136
 -0.01578873 -0.01345437  0.01248128]
[ 0.02407508  0.01307538  0.01641868 -0.01945954 -0.02529243 -0.03994348
  0.01483218 -0.00232088 -0.00715465 -0.03744239 -0.0101342  -0.01681815
 -0.00937721 -0.01815433 -0.00269572 -0.01010832  0.01018585 -0.00532059
 -0.0269681  -0.0005432  -0.01510617]
[ 0.01111408 -0.00017585 -0.00328877 -0.00580793 -0.00523654  0.00413028
  0.00535817 -0.02494804  0.00360553  0.00065065 -0.00268536  0.00549929
  0.0077499   0.00388526 -0.02054029 -0.00827596 -0.01168401 -0.00881487
 -0.00613884 -0.00645395 -0.00254503]
[ 0.00883357 -0.00968853 -0.00730448  0.00502603 -0.00634358 -0.00698018
 -0.00316621 -0.0274691  -0.00854672  0.00202856  0.01453663  0.00530142
  0.01380773 -0.01261504 -0.00155012 -0.00932479 -0.00909178  0.01330336
  0.01005348 -0.00968707  0.02246976]
[ 0.01216164  0.00937923  0.00493259 -0.01079311 -0.00810855 -0.01350049
  0.00345311 -0.01354645  0.00530773 -0.00889063 -0.00997171  0.01372525
 -0.00551529  0.0088661   0.02567625  0.01278528 -0.00485256 -0.01258258
 -0.01732023  0.00542593  0.01202677]
[ 0.01300877  0.02790869 -0.00716581 -0.00235997  0.0310095  -0.01099914
  0.00290348 -0.00354641 -0.00595148  0.01607348 -0.00216055 -0.01045604
 -0.00476884 -0.0019498  -0.00892172 -0.01203557  0.00835238 -0.00708444
  0.01451083 -0.00252858 -0.00620964]
[ 0.0061843  -0.00411181 -0.00120321 -0.0007029  -0.00095094  0.00267828
  0.01107565  0.00715868  0.00639604 -0.0024499   0.0255279  -0.00941915
  0.00459795  0.00861695  0.01039942  0.0022432   0.00199619  0.00061359
 -0.00916866  0.00129845 -0.01036864]
[ 0.00903643  0.0150709   0.00078024  0.00645946  0.01155258  0.00194222
  0.01726294 -0.00040756 -0.02459663  0.02615823  0.00392508  0.0017038
 -0.00775385 -0.00139924  0.01188935 -0.0129737  -0.00657793 -0.00286402
 -0.00916445 -0.00668636 -0.0065013 ]
[ 0.01554089  0.02262251 -0.00576671 -0.00286744  0.02179002 -0.01689306
 -0.00810961  0.00530835  0.01658261  0.01058622  0.007455    0.00695763
 -0.0044855   0.00203827 -0.02398783  0.01046178  0.0164385   0.02059399
  0.0274064   0.01424297 -0.01184103]
[ 0.01547704  0.00155283  0.0016743  -0.00861487 -0.01432906  0.00527957
  0.02061194 -0.00463501  0.00156476 -0.00439943 -0.01116272  0.00491803
  0.00335724 -0.00820238 -0.01812838  0.00428754 -0.00893667  0.01383002
  0.00235075  0.00740289 -0.01303743]
[  1.83329907e-02  -1.04508476e-02  -1.27634338e-02   1.65617515e-02
  -8.58857976e-03  -1.45190454e-03  -1.31546274e-02  -2.04462083e-03
  -1.65757052e-02  -1.09517083e-02  -7.13973906e-03  -1.82229223e-03
  -1.48057950e-04   1.59933306e-02  -1.52791074e-02  -1.55826130e-03
  -8.41414949e-03  -6.04386603e-05   5.11298806e-04   1.32436137e-02
  -1.15656604e-02]
[ 0.01112984  0.01321322  0.00073603 -0.00216073  0.0057724  -0.02052513
  0.00518483  0.00299567 -0.01021962 -0.00940269 -0.01063074 -0.01491859
 -0.00514161 -0.00313429  0.00108134 -0.0089401   0.00586546 -0.00744242
 -0.00041598  0.00472482  0.00108292]
[ 0.01918224 -0.01752121 -0.02165402  0.01753193 -0.01168757 -0.01799492
 -0.01954564 -0.00914754 -0.00470724  0.00506061 -0.00546875 -0.01185984
 -0.02613777  0.0006502   0.00547426  0.01149728 -0.00504908 -0.00462798
  0.00603522  0.01603285 -0.01398047]
[ 0.0082993  -0.00210196  0.01148784 -0.01063727 -0.01454023 -0.00834055
  0.00446838  0.0068285   0.00196233  0.01035546 -0.01498164 -0.01767782
  0.02679212 -0.01732994 -0.00316113  0.00313329  0.00861858 -0.00376413
  0.00386875 -0.00196894 -0.0066645 ]
[  1.01952380e-02   1.67917483e-03   1.00897655e-02  -1.61855145e-02
  -1.31848050e-02  -7.10336338e-03   6.38057216e-05   1.21471699e-02
   5.13601814e-03  -6.22070320e-03  -3.06251898e-03   6.89368918e-03
  -9.52595343e-03   1.18489704e-03   5.41379529e-03  -1.89552964e-02
  -1.04408420e-02   1.48542661e-03   1.22559622e-02  -1.40694163e-02
  -1.54631400e-04]
[ 0.01296626  0.00793018 -0.00528588 -0.00472067  0.00376081  0.01310147
 -0.01821135  0.01153882 -0.0179241  -0.02218064 -0.00151762  0.01429279
  0.01498214 -0.00110058 -0.0064112   0.00728297 -0.00586177  0.00280325
 -0.00557847  0.00115625 -0.00232148]
[ 0.00685461 -0.01361815  0.02123662 -0.00656522  0.0106309   0.00076334
 -0.00955167  0.00180345 -0.0058938   0.00060105  0.0083684  -0.00985297
  0.00017075  0.00517786 -0.00043016 -0.00691761 -0.00195655  0.00166791
 -0.00339541  0.00708207  0.00180811]
[  1.09379812e-02   1.17089800e-02   8.38330607e-03   1.95013080e-02
  -7.09520912e-05   1.04596490e-02   9.62560398e-03   4.15599561e-03
  -1.33121509e-02   1.83070644e-02  -7.61572079e-03  -1.87004420e-03
  -8.59859611e-03   8.68509304e-03   8.01645878e-03  -5.65779362e-03
  -1.63550783e-02   2.51144566e-02  -1.43762050e-02  -1.50360570e-02
  -8.26150831e-03]
[ 0.00842805  0.00083193 -0.00681813 -0.00202705 -0.00398796  0.0119956
 -0.00111657 -0.01182343  0.00555508 -0.00230335  0.0016242  -0.01790911
 -0.00929561 -0.00858018  0.00712176 -0.00358827  0.01456946  0.00239076
  0.00353133 -0.00811925  0.01531261]
[ 0.00735201  0.01071707  0.01775722  0.03250712 -0.0069516   0.00968141
 -0.00077694  0.00461689  0.00023809  0.0019107  -0.00651926 -0.00573492
  0.00021509  0.00058036  0.00210644 -0.00100785 -0.01534622  0.00406917
 -0.0054684   0.00190296  0.00645506]
[ 0.03708877 -0.02055056 -0.03431655  0.01638117 -0.01032506 -0.00744442
 -0.0305213   0.02747853 -0.00686952  0.02270033 -0.00270525  0.02276069
 -0.01580583 -0.00752037 -0.02324797 -0.00142113  0.03338432  0.02048526
 -0.03006859 -0.00922147  0.00382579]
[ 0.0205478  -0.00887407 -0.01093146  0.00455725 -0.01252679  0.00877135
  0.01443967 -0.00981684 -0.01142064  0.01093112  0.01213001 -0.00632855
  0.02567612 -0.01090028 -0.00282498  0.00066748  0.0229233   0.02721591
 -0.00325756 -0.00219331  0.02646501]
[ 0.00600844 -0.00111893 -0.01035348  0.00595843  0.0166353  -0.01071178
  0.00309117  0.01305069  0.01313102 -0.00814896 -0.0043471  -0.00471756
  0.00975502 -0.00493584  0.00365625 -0.00899399 -0.00352514  0.00085599
 -0.00149947 -0.00205482  0.01247869]
[ 0.0032624  -0.00554726  0.00127065 -0.00072339  0.00316608  0.00398432
  0.01411518  0.00284298 -0.00014492 -0.00353206 -0.00428984  0.00547394
 -0.01033995 -0.0077816  -0.00847326  0.00695797 -0.00664673 -0.00150498
  0.00952684  0.0035699   0.00833113]
[ 0.01160927  0.00858973  0.01865989  0.01153801 -0.00136396 -0.0101978
 -0.00153872 -0.00872777  0.01288818 -0.00744767  0.01389506  0.01414055
 -0.00051473 -0.00332278 -0.00337589  0.00288971  0.02570869 -0.00124067
  0.01067749 -0.00111098 -0.01292298]
[ 0.01178839 -0.00965621  0.02053038 -0.01765615 -0.00802643 -0.00598434
 -0.01456197  0.01485938  0.00702301  0.01922203 -0.01015678 -0.00248386
  0.00481371 -0.01424278  0.01416667 -0.02299113 -0.00768785  0.00393548
  0.01207153  0.00282266 -0.00285472]
[ 0.01130046 -0.00016036  0.00740905 -0.01661748 -0.01031205  0.00188373
 -0.01031392  0.02067075  0.00703205  0.00882686 -0.00346907  0.01577946
 -0.00315048 -0.00177363  0.00173755 -0.01838694 -0.01258235 -0.00692068
  0.01410687 -0.01715205  0.00116454]
[ 0.0047738  -0.01782901  0.01645589 -0.00291612  0.02043886  0.00447239
  0.00190236 -0.00481713 -0.00088397 -0.00306534 -0.00796505  0.00218812
 -0.00839379  0.00046764 -0.0027329   0.003974    0.0074988   0.0061963
 -0.00714223  0.00025917  0.00184232]
[  1.51101719e-02  -5.96683420e-05  -1.12443141e-02  -6.92153905e-03
  -5.12565409e-03   2.14124238e-02  -1.36912178e-02   2.14487031e-02
  -1.21277168e-02  -3.03574501e-03   4.58652877e-03   3.06257720e-02
   3.51736002e-03  -1.01618803e-02  -4.16651490e-03  -1.70420882e-02
   1.48788721e-02  -1.13984755e-02  -5.78475744e-03   2.03475210e-02
  -4.37848692e-03]
[ 0.01283764  0.01585712  0.00770121 -0.00699026  0.00528131 -0.01666487
 -0.00016487 -0.02273408  0.00528281  0.0027772   0.00999933  0.02173553
  0.003708    0.00184096  0.01069495  0.01708724 -0.00623213 -0.00797818
 -0.01392796  0.00428456  0.01520961]
[ 0.01181097 -0.00678357 -0.0005641   0.00037161 -0.00411893  0.00730964
  0.01827428 -0.00686183  0.00041034  0.00739114 -0.0179625   0.0003448
  0.02175514  0.00878342 -0.01241946  0.00419401  0.01319802  0.00243015
 -0.00464388  0.00439963  0.00057667]
[ 0.00629881  0.00362273 -0.00465092 -0.00467707  0.00057614  0.01658675
 -0.00905345  0.00315413 -0.00318982 -0.00629317  0.00022234  0.00459779
  0.00106059 -0.00796554  0.00484036 -0.00530015  0.00978679 -0.00709845
 -0.00283676  0.00959503 -0.00265967]
[ 0.01117692  0.0018931  -0.00072806 -0.00373742  0.00045524 -0.00148745
  0.01076924 -0.01426554 -0.00197635  0.0103671  -0.01136175  0.00570769
  0.00961353  0.01475302 -0.00681679  0.00132866 -0.00374498 -0.02961234
 -0.00950729  0.00053343 -0.0055904 ]
[ 0.00516162  0.00134879  0.0024768  -0.00511016 -0.00674674 -0.00209748
  0.00368818 -0.00051741  0.00310373 -0.00672307 -0.00418476  0.00722022
 -0.00450809  0.01482463  0.01685324 -0.0057727   0.00333948 -0.00146322
  0.01002236 -0.00612834  0.00740585]
[ 0.02278472  0.00029007  0.00310666  0.01154126 -0.01095171  0.0004554
  0.00608595  0.00700141 -0.008278    0.00552068  0.00112224 -0.0024526
  0.0058713   0.04305053 -0.01497821 -0.00766185  0.01743042  0.0359384
  0.00050623 -0.00598664  0.00453175]
[ 0.00776163  0.00416047 -0.00335148 -0.00518293 -0.00035193  0.0157957
 -0.00957395  0.00758581 -0.00620438 -0.01126618  0.00373425  0.00841351
  0.00364799 -0.0036197   0.00188897  0.00080133  0.00308977 -0.00412284
  0.00378184  0.00172017 -0.00928585]
[  2.65720706e-03  -1.83374548e-04  -3.29147225e-05  -1.42926964e-03
  -3.77315668e-03   1.42347133e-03   3.41339097e-03  -1.08649212e-03
   2.31842300e-03  -2.43532132e-03  -4.32040210e-03   5.25079555e-03
   6.87892565e-04   1.94438728e-02   5.53631696e-03  -9.93544593e-03
   7.63396342e-03   2.12067912e-03   7.07121681e-03   8.09417785e-04
   9.22593350e-03]
[ 0.02545891 -0.03634561 -0.03169953  0.02832528 -0.00046329 -0.01914417
 -0.01803244 -0.01616281  0.00061111 -0.00264505  0.00049185  0.00299183
 -0.0027741  -0.00283308  0.01365522 -0.0101818  -0.02334865 -0.01055501
  0.02020895  0.01027222 -0.04436588]
[ 0.00976792 -0.00119649  0.00163386 -0.00649381 -0.00409864  0.00103213
 -0.00373941  0.00587079  0.00548724  0.00851422 -0.01133301  0.00385342
 -0.00848273 -0.00106719  0.0070829  -0.00026128 -0.00135602 -0.00654082
 -0.0024659  -0.00764246  0.00869863]
[ 0.01315684 -0.02456359  0.00374539  0.00357967  0.0229222   0.01160414
  0.02641531  0.00103778  0.01010874 -0.00937373 -0.02830851  0.01018201
 -0.01062399 -0.00337576 -0.00447454  0.01662191 -0.00145337 -0.00431923
  0.00344467 -0.01223938 -0.00137296]
[ 0.00480949 -0.0093475   0.00120559  0.00293274  0.00351669 -0.00393589
 -0.00694321 -0.00604882 -0.00114849  0.00129479  0.00384628  0.00179173
  0.00159933 -0.00162915  0.00456778 -0.00449835 -0.00428778 -0.00305596
  0.00700891  0.00271041 -0.01362219]
[ 0.03062275 -0.01695784 -0.02305214  0.01132847 -0.02923287 -0.01741363
 -0.0091261  -0.02669723 -0.01969874 -0.01530932  0.00410123 -0.01442873
 -0.02187224 -0.01230112 -0.01007115 -0.00142442  0.01034458  0.00933296
 -0.00457212 -0.00627814  0.00336489]
[ 0.02410818  0.02026508  0.00082414 -0.02197089 -0.00511724  0.00797422
 -0.00968854  0.01071645  0.01482129 -0.01117233  0.00134696  0.0240556
 -0.00011802  0.00844587 -0.02272803  0.0015054  -0.02547271  0.03651068
  0.00188487 -0.01691411 -0.02110965]
[ 0.00733393  0.00352474  0.00553497  0.00836732 -0.00612054  0.00697925
  0.00124748  0.00031267 -0.00072315  0.00307657 -0.00916988 -0.0062382
  0.00804141 -0.00626053  0.01249209  0.01223242 -0.00158544  0.00966085
  0.00036754  0.00702476 -0.00138767]
[ 0.00798803 -0.00345024  0.00398113 -0.00258919  0.00100697 -0.00618305
 -0.00343926 -0.02660177 -0.00212279  0.00348544  0.01181753  0.01165002
  0.01195874 -0.00485187 -0.00300593 -0.00390495 -0.00993478  0.00027876
 -0.00012566 -0.00654167  0.01739231]
[ 0.00695163 -0.00290954  0.00617966 -0.00795155 -0.00929709 -0.00529111
  0.0108367   0.00827627 -0.00303799 -0.00790609  0.01081383 -0.00545887
 -0.0154666  -0.00305014 -0.01105603 -0.00433521 -0.00843373 -0.00466602
  0.00413584 -0.00156657  0.00518877]
[ 0.01204039  0.01254951  0.00123106 -0.00846768  0.00558347 -0.00695617
 -0.00575435 -0.00472085  0.02325963  0.01613982  0.01461825  0.00517278
 -0.00278542  0.00803366 -0.00136162  0.0289798  -0.00942034  0.00526553
  0.00330292  0.0187981   0.00370024]
[ 0.00307466  0.00016996  0.00401875 -0.00335521 -0.00382244 -0.00566245
  0.00372184  0.00192887 -0.00177074 -0.00787537  0.00534157 -0.00745037
 -0.00310622  0.00103319 -0.00142887 -0.00473406  0.00232154  0.00147926
 -0.01076609  0.00144637 -0.00802304]
[ 0.00683898 -0.00626082 -0.007974    0.00341423 -0.00519764 -0.00415772
 -0.01113036  0.00912694 -0.0008338   0.01444504 -0.00232109  0.004622
 -0.01485372  0.00073342 -0.00991361  0.01076313  0.0141224  -0.00516427
 -0.01592993 -0.0125225   0.01166219]
[ 0.01493493  0.02127817 -0.01164706  0.00334871  0.03229757 -0.02574902
 -0.00163059  0.01493222  0.00173888 -0.01283727 -0.0113769  -0.01412317
  0.00742351 -0.00297401 -0.0058603  -0.00741276  0.00766023  0.00545405
  0.0182471   0.0113649   0.01737143]
[ 0.00327741  0.00054501 -0.00050593  0.00047015  0.00046019  0.00354051
 -0.00046345  0.00044605 -0.00463719 -0.00385915  0.00106975  0.0002458
  0.00173498 -0.00190496  0.00947657  0.00670841  0.00462516  0.00014418
  0.00499995 -0.00681212 -0.00475928]
[ 0.00380846 -0.00155442  0.0052497  -0.00498937 -0.00626111 -0.00351375
  0.00092107  0.0050256   0.00190705  0.00838484 -0.00352125 -0.00976712
  0.01368944 -0.00444447 -0.00362122  0.00670204  0.00313321 -0.00960811
  0.00445701 -0.00499854 -0.00048651]
[ 0.02175518 -0.03117861 -0.03537232  0.02385688  0.03604209 -0.0167888
  0.01540219  0.03493473  0.04809722 -0.01512777 -0.00207248  0.00014843
  0.02484431 -0.01342942  0.01899955 -0.01994518 -0.02043194 -0.00402332
 -0.02642827 -0.01935328  0.01143272]
[ 0.00288688  0.00180613 -0.00339056 -0.00241554 -0.00077466  0.009091
 -0.0022575  -0.00689822  0.00650006 -0.00108342 -0.00101158 -0.01108293
 -0.00674952 -0.00504896  0.00436612 -0.00527846  0.00818702 -0.00199813
 -0.00053911  0.00259389  0.00981766]
[ 0.01453713 -0.02124847  0.03005871 -0.00683889  0.01717239 -0.0041888
 -0.01838034 -0.01382102 -0.00511857  0.00715945  0.01445982  0.00454627
  0.00797473 -0.00381744  0.00548573 -0.00763339  0.00321074 -0.00171562
  0.00657091  0.00012417 -0.00398912]
[ 0.00889966  0.00729787 -0.00786555 -0.00830802  0.00088831  0.02499585
 -0.00786647 -0.01356724  0.01712036 -0.00137345 -0.00504774 -0.01806745
 -0.01193636 -0.00717731  0.00576661 -0.01189116  0.00889799 -0.00794547
 -0.00508398  0.01488061  0.00768342]
[  2.46056317e-03  -5.28205752e-05   2.87303307e-04   4.88245923e-04
  -2.92598681e-03   7.32101077e-04   2.33853923e-03   2.25518358e-04
   2.98327446e-04  -7.11047559e-04  -2.41136908e-03   2.83343970e-03
   1.21338495e-03   1.79192273e-02   1.51654650e-03  -7.75605381e-03
   7.72145770e-03   7.10550170e-03   5.25386909e-03  -3.78967772e-04
   8.44912427e-03]
[ 0.01306866  0.00494338 -0.00382399  0.0125653   0.00319876 -0.01232387
 -0.00372678  0.00622247 -0.01092871 -0.00966386 -0.0081596  -0.02143645
 -0.00582407  0.01379452  0.00103946  0.00292066 -0.00045707  0.00233995
  0.01926841  0.01408294  0.0071978 ]
[ 0.00710461 -0.00194715  0.00954678  0.00140517  0.00315123  0.00718535
 -0.01237887  0.00768302 -0.01045542 -0.00442959  0.00582018 -0.01484005
  0.00663056  0.01250252 -0.00734145  0.0078881  -0.01535419 -0.01305366
  0.00580345  0.00450696  0.01317224]
[ 0.02097193 -0.00748562  0.01192884 -0.01131301 -0.00904024 -0.00432398
 -0.00534597  0.0166408   0.00726693  0.02624732  0.01900137 -0.01212705
  0.00867759  0.02108155 -0.01182576  0.02879017 -0.00644942 -0.03956279
  0.01210597 -0.01840955  0.0161543 ]
[  7.44756559e-03  -9.13067845e-04   2.06748806e-03  -4.75928038e-03
  -1.18423773e-02  -1.15037255e-02   5.69054765e-03  -9.47031744e-04
  -5.91325995e-03  -1.39822355e-02   3.43717741e-03  -8.74178035e-03
  -1.34497125e-02  -7.84899628e-03  -8.20923550e-03  -5.06640538e-03
   5.02517525e-05  -2.19804935e-03  -5.93973725e-03  -2.48415330e-03
  -5.43017195e-04]
[ 0.00314018  0.00685679  0.01404226  0.01919985 -0.00430359  0.00108085
 -0.00121833 -0.00128867  0.01187101 -0.00453389  0.0046105   0.00771891
 -0.00041882 -0.00730703 -0.00391367 -0.00464046  0.00851715 -0.00868246
  0.0002886  -0.00204897 -0.00089953]
[ 0.00339755  0.00827018  0.01603411  0.02514812 -0.00573426  0.00427717
 -0.0012488   0.00071643  0.01078379 -0.00334292  0.0015122   0.00486904
 -0.00031715 -0.00702391 -0.00310133 -0.0054692   0.00154533 -0.0078276
 -0.00262152 -0.00146696  0.00276112]
[ 0.00701706  0.00151944  0.0006517   0.00349772  0.00541488  0.0111958
  0.00470568 -0.00115531 -0.00240742 -0.00056313 -0.00609069 -0.00302207
 -0.00514756 -0.00053512  0.00707719  0.00569504 -0.00268378  0.00736444
  0.0003156  -0.01873309 -0.0080723 ]
[ 0.01055816  0.0047907   0.00015156  0.00111824 -0.00592772  0.00477851
  0.00030331  0.00386617  0.00218117  0.01077892 -0.00989789  0.00596505
 -0.00927183  0.0007934   0.00022762  0.00303061 -0.01343244  0.02597753
 -0.01165588  0.00028963 -0.00985883]
[ 0.00803656  0.00249542  0.00702841  0.0181069  -0.00215858  0.00339929
 -0.00856233  0.00652811 -0.01107831 -0.00616906 -0.00418256 -0.01677906
  0.00165655  0.01448526 -0.0061225   0.00435988 -0.01906462 -0.00450526
  0.00733243  0.0132556   0.01270381]
[ 0.01095895 -0.00254427  0.00475805 -0.0024991  -0.01450166  0.00359964
  0.01488999 -0.00182271 -0.00104731  0.01003204 -0.01841186 -0.01183657
  0.0327147  -0.0136674  -0.00691757  0.01077735  0.01242852  0.01497836
  0.00057887  0.00662868 -0.00252458]
[ 0.01481926 -0.00560141 -0.00880942 -0.00506645 -0.00642569  0.01713054
  0.01282523 -0.01061398  0.01141459  0.0001539  -0.013177    0.01001931
  0.01131782  0.02138785 -0.0107882  -0.01809511  0.00620595 -0.02075955
 -0.00658033  0.02438596 -0.00974137]
[ 0.02532672 -0.00457267 -0.00393634  0.00757823 -0.00930844  0.01222169
  0.0158323  -0.00269559 -0.00572523 -0.01953151  0.01270837 -0.00702446
 -0.01038469  0.00203748  0.0489862   0.03096546  0.0203077  -0.00232027
  0.04164898 -0.02502501 -0.02670695]
[ 0.00692847 -0.02352021  0.0277293  -0.0063542   0.02581138  0.00318906
 -0.00652337 -0.0076138  -0.00491897 -0.00086365 -0.00044973 -0.00079264
 -0.00691469  0.00182186 -0.00167713 -0.00130447  0.00933808  0.00842655
 -0.0090191   0.00470415  0.00226917]
[  3.75833715e-03   2.06245285e-05  -3.03959702e-03  -9.31742480e-04
  -9.86440276e-04   6.81943056e-03   4.22990105e-03   6.90791551e-03
  -7.49003662e-03   2.95268777e-03   8.64281105e-03   9.90442494e-03
  -7.22209488e-04  -6.86171704e-03   1.86329285e-03  -5.68249269e-03
   4.38389340e-03  -3.56398527e-03   5.67045486e-04   1.30080418e-02
   3.28876270e-03]
[ 0.01121769  0.00013612 -0.00472719  0.00122125 -0.00019664  0.0115678
  0.02683335  0.00933327 -0.01683206  0.01229469  0.02497947  0.00921477
 -0.00488685 -0.01380377  0.00860313 -0.00378398  0.00147295 -0.00112684
  0.00582243  0.01707226  0.01098559]
[ 0.00589002 -0.00438964  0.00795451 -0.00420827 -0.00310867 -0.00348269
  0.00632668  0.00670038 -0.00228453 -0.00762645  0.01830052 -0.01336931
 -0.00439909  0.0096005  -0.00242776 -0.0074181   0.00156728  0.00532227
 -0.01315205  0.00315393 -0.00967808]
[ 0.00692269  0.00745999 -0.00357567 -0.0076944   0.00191952  0.01204778
 -0.00306712 -0.01169868  0.01064544 -0.00258653  0.00050632 -0.00598122
 -0.00253049  0.00066265 -0.0162041  -0.00664302 -0.01107137  0.00339558
 -0.00143381 -0.01699202 -0.00695343]
[ 0.02035745  0.00848918 -0.00139867 -0.00182382  0.01105523  0.01969099
 -0.01600764  0.00543128 -0.02824995 -0.01158201 -0.00269428  0.00707781
  0.01915199 -0.01369667  0.01898078  0.01570413  0.01130374  0.0025966
 -0.0052436  -0.01503596 -0.00205462]
[  3.22693591e-03  -4.48687547e-03   2.98612132e-04   1.30281532e-03
   3.30396546e-03   3.27118934e-03   6.50398571e-03  -6.78786425e-05
   1.54191386e-03  -4.21610419e-03  -4.92244448e-03   1.51087074e-03
  -3.76493672e-03  -5.55655639e-04   5.14914795e-03   8.26830715e-03
   2.29795064e-03  -1.50832637e-03   6.88315425e-03  -7.46828042e-03
  -4.73065437e-03]
[ 0.00191818 -0.00013114  0.00130573 -0.0032512  -0.00210135  0.00041523
 -0.00214463  0.00442796  0.00199951  0.00274314 -0.00207812  0.00375247
 -0.00175086 -0.00051881  0.00134919 -0.00429787 -0.00313991 -0.00268331
  0.00320723 -0.00587814  0.00180375]
[ 0.00395157 -0.00355344  0.00117277 -0.00216156 -0.00261244 -0.00194285
 -0.00601438  0.00620807  0.00101573  0.00729076 -0.0029495   0.00191013
 -0.00052595 -0.0047976   0.00123788 -0.00696439  0.00195383  0.00401634
 -0.00023975 -0.0003827  -0.00044707]
[ 0.00304305 -0.00085806  0.00365193 -0.00392508 -0.00283111 -0.00082328
 -0.0046465   0.00182896  0.00540063  0.00764777 -0.00521023 -0.00165362
 -0.00237988 -0.00438668  0.01006039 -0.00209889 -0.00557304  0.00405665
  0.00158853  0.01150418 -0.0004825 ]
[ 0.01418604  0.01760787 -0.00963408 -0.01214673  0.01172932  0.03093413
 -0.00939991 -0.01841884  0.01968542 -0.00290705  0.00271954 -0.02789434
 -0.01165676 -0.00448706 -0.01263268 -0.00917336 -0.00589784 -0.00044944
  0.00088531 -0.02086946 -0.00251442]
[ 0.00988526  0.00650918 -0.00035826 -0.00464985  0.0060065   0.02037684
 -0.0178406   0.00676025 -0.01364299 -0.01623092  0.00422451 -0.0051378
  0.01108717  0.00139355 -0.00526068  0.00855667 -0.00931639 -0.00886111
  0.00251955 -0.0054173   0.00220551]
[ 0.01529406 -0.00838207 -0.01004768 -0.00047937  0.00250928  0.00788523
  0.02237642  0.01425947  0.02018384  0.00613146  0.0424991  -0.00866002
  0.01764544  0.01075495  0.01159886  0.00307852 -0.00276002 -0.00297327
 -0.01771132  0.00644388 -0.00198308]
[ 0.00387748  0.00600508  0.00255876  0.00175415  0.00427838 -0.00573192
 -0.00209806 -0.00080018  0.00728981  0.00078534  0.00555551  0.00557243
 -0.0013635  -0.00035377 -0.00792714  0.00392835  0.01256287  0.00611451
  0.01225326  0.00452189 -0.00902049]
[ 0.00842755  0.0073842  -0.00296513 -0.00750452  0.00352776  0.00598962
 -0.00042499 -0.00049738  0.01934476  0.00482211  0.01644622 -0.00214501
  0.0006402   0.0063654  -0.00485065  0.01115767 -0.01122862  0.00895953
 -0.00306436  0.00155094 -0.00450755]
[ 0.01146432 -0.01191165 -0.00835975  0.00459274  0.00101193  0.00475104
  0.00772284 -0.01045505  0.0030642  -0.0017054  -0.01721932  0.0086175
  0.00471504  0.01614279 -0.00941392 -0.0056699  -0.00537357 -0.02491599
 -0.00151151  0.01546614 -0.02243612]
[ 0.00647161 -0.00421729  0.00179266 -0.00381322 -0.0027763   0.00495788
  0.02381078  0.00642662 -0.00534651 -0.00333732  0.00465518  0.00674756
 -0.01629064 -0.01447003 -0.01441162  0.00520558 -0.01197064 -0.00056545
  0.01513296  0.01196211  0.01369577]
[ 0.00530204 -0.00912586 -0.00775764  0.00648915 -0.00261754 -0.00604369
 -0.0044368  -0.01522162 -0.00391748  0.00044545  0.0073231   0.00330135
  0.00659382 -0.00722542  0.00229069 -0.00762653 -0.01070859  0.00538005
  0.01135395 -0.00356069  0.00277579]
[ 0.00930339  0.012184   -0.0026023  -0.00453725  0.00970905 -0.00491332
 -0.00813781  0.00565426 -0.00955532 -0.0204784  -0.00597982  0.00884972
  0.01257021 -0.00416379  0.0035482   0.00993156 -0.00102898  0.0048448
 -0.00847977  0.0017617   0.01141977]
[ 0.01805729  0.03402708 -0.00188516 -0.0002632   0.03167098 -0.01265441
  0.01703374 -0.01156367 -0.03246757  0.03383724 -0.00271116 -0.00134318
 -0.00488597 -0.00070215  0.00989692 -0.01729169  0.00111157 -0.02706328
 -0.00750391 -0.00992766 -0.01073287]
[  3.32650378e-03  -1.21446171e-03   9.94825354e-04  -6.13774535e-04
  -1.95382898e-03   6.39097651e-04   8.82873003e-04   1.92494610e-03
   3.87803200e-04   1.55440348e-03   4.29470036e-03  -2.65342695e-03
   7.66768942e-05   3.54044222e-03   4.41721401e-03   8.90995932e-03
   1.62002019e-03  -7.44903268e-03   8.22835862e-03  -7.47943288e-03
  -1.01393573e-03]

Right eigenvectors

[ 1.          1.27101237  0.38829547 -1.02230771 -0.11204765 -1.23561998
 -0.14458205 -0.54002379  0.00837214 -1.70863653 -0.34482332  1.45007437
  0.35212111 -0.06654763  0.73073088  1.2017851  -0.66873619  0.21328257
 -1.9403073   0.05536744  0.84571792]
[ 1.          0.38140388  0.01679988 -0.34506452 -0.58806076  0.1322025
 -0.7766616  -0.49565567  1.44011713  1.22863617 -1.01621905 -0.37462638
 -1.20122521 -0.30768947  2.04246209  1.23006791 -1.09634085  0.86172009
 -0.53573882  2.85142418  0.11213163]
[ 1.         -0.01487306 -0.26443685 -0.07564059 -0.98822849 -0.59468327
  0.28297384 -1.14464995 -0.2848375  -1.16503132 -0.09296792  0.18688118
 -1.01806788  0.21957587  2.39487551  1.47038755  0.52797016 -0.55367234
  0.05484789 -0.60501756  0.03459767]
[ 1.         -0.96275997 -1.04396567  0.55494009 -0.78388137 -0.76604878
 -1.50798402  0.95644351 -0.13625528  1.87614452 -0.02169986  0.11042544
 -1.9207088   0.36037313 -1.211398    1.78719293  1.400681   -1.13670723
 -1.47818411 -1.25963472  1.16853196]
[ 1.          0.54310866  0.68197813 -0.80828554 -1.05056468 -1.65912137
  0.61608015 -0.0964016  -0.29718064 -1.55523429 -0.42094163 -0.69857076
 -0.38949865 -0.75407163 -0.11197155 -0.41986645  0.42308695 -0.22100003
 -1.12016638 -0.02256294 -0.62746089]
[ 1.         -0.01582261 -0.29590991 -0.52257416 -0.47116255  0.37162559
  0.48210634 -2.24472375  0.32441103  0.05854249 -0.24161745  0.49480356
  0.69730496  0.34958029 -1.8481322  -0.74463721 -1.05128011 -0.79312653
 -0.55234795 -0.58070041 -0.22899165]
[ 1.         -1.09678602 -0.82690029  0.56896944 -0.71812211 -0.79018784
 -0.35842918 -3.10962738 -0.96752792  0.22964252  1.64561321  0.60014496
  1.56309778 -1.42808    -0.17548068 -1.05560865 -1.02923103  1.50600094
  1.13809981 -1.09662085  2.54367917]
[ 1.          0.77121439  0.40558573 -0.88747211 -0.66673202 -1.11008863
  0.28393479 -1.11386771  0.43643217 -0.73103925 -0.8199319   1.12856913
 -0.45349924  0.72902174  2.11124991  1.0512795  -0.39900537 -1.03461276
 -1.42416969  0.44615108  0.98891071]
[ 1.          2.14537515 -0.55084478 -0.1814135   2.38373822 -0.84551764
  0.22319406 -0.27261683 -0.45749731  1.23558847 -0.16608426 -0.80376897
 -0.36658697 -0.14988328 -0.68582344 -0.92518896  0.64205762 -0.5445895
  1.11546495 -0.19437534 -0.4773423 ]
[ 1.         -0.66487812 -0.19455886 -0.11365903 -0.15376623  0.43307717
  1.79092985  1.15755637  1.03423777 -0.39614865  4.1278536  -1.52307395
  0.74348678  1.39335828  1.68158237  0.36272447  0.32278282  0.09921729
 -1.48256969  0.20995852 -1.6766063 ]
[ 1.          1.66779353  0.08634329  0.71482404  1.27844485  0.21493206
  1.91037237 -0.04510148 -2.72194143  2.89475323  0.43436195  0.188548
 -0.85806522 -0.15484474  1.31571275 -1.43571051 -0.72793514 -0.3169416
 -1.01416686 -0.73993334 -0.71945457]
[ 1.          1.45567666 -0.37106666 -0.18450948  1.40210861 -1.08700735
 -0.5218242   0.34157293  1.06703058  0.68118475  0.47970228  0.44769802
 -0.28862564  0.1311554  -1.54352987  0.67317768  1.05775771  1.32514877
  1.76350256  0.91648326 -0.76192735]
[ 1.          0.10033151  0.10817978 -0.55662257 -0.92582694  0.34112242
  1.33177555 -0.29947642  0.101102   -0.28425522 -0.72124392  0.31776302
  0.21691718 -0.52997084 -1.17130814  0.27702594 -0.57741468  0.89358316
  0.15188631  0.47831461 -0.84237229]
[ 1.         -0.57005689 -0.69620031  0.90338515 -0.46847674 -0.07919627
 -0.71753854 -0.11152686 -0.90414628 -0.59737707 -0.38944759 -0.09939962
 -0.00807604  0.8723798  -0.83342143 -0.08499766 -0.45896219 -0.00329672
  0.02788955  0.72239243 -0.63086599]
[ 1.          1.18718897  0.06613163 -0.19413865  0.51864205 -1.84415352
  0.46584918  0.26915676 -0.91821802 -0.84481819 -0.95515679 -1.34041337
 -0.46196653 -0.28161145  0.09715717 -0.80325492  0.5270027  -0.66869112
 -0.03737496  0.42451791  0.09729917]
[ 1.         -0.91340795 -1.12885748  0.91396694 -0.60929129 -0.93810303
 -1.01894456 -0.47687554 -0.24539589  0.26381747 -0.28509444 -0.618272
 -1.36260269  0.03389607  0.28538169  0.59937083 -0.26321643 -0.24126397
  0.31462521  0.83581732 -0.72882362]
[ 1.         -0.25326905  1.38419278 -1.28170635 -1.75198198 -1.00496951
  0.53840412  0.82277924  0.23644475  1.24775044 -1.80516868 -2.13003649
  3.2282371  -2.08811963 -0.38089145  0.37753619  1.03847034 -0.4535477
  0.46615359 -0.2372412  -0.80301919]
[ 1.          0.16470188  0.98965473 -1.58755632 -1.2932317  -0.69673346
  0.00625838  1.19145527  0.50376638 -0.61015773 -0.3003872   0.67616756
 -0.93435322  0.11622064  0.53101216 -1.85923041 -1.02409007  0.14569808
  1.20212616 -1.37999881 -0.01516702]
[ 1.          0.61160133 -0.40766382 -0.36407337  0.2900461   1.01042792
 -1.40451858  0.88991085 -1.38236423 -1.71064276 -0.11704411  1.10230633
  1.15547085 -0.08488032 -0.49445223  0.56168597 -0.45207869  0.21619533
 -0.43023001  0.08917387 -0.17904034]
[ 1.         -1.98671368  3.09814921 -0.95778065  1.55091116  0.11136135
 -1.3934658   0.26309949 -0.85982943  0.08768563  1.22084222 -1.437422
  0.02490961  0.75538385 -0.06275483 -1.00919094 -0.2854358   0.24332666
 -0.49534605  1.03318305  0.26377933]
[ 1.          1.07048822  0.76643998  1.7828983  -0.00648676  0.9562687
  0.88001651  0.37996003 -1.21705739  1.67371511 -0.69626384 -0.17096795
 -0.78612277  0.79403072  0.73290113 -0.51726123 -1.49525566  2.29607787
 -1.31433806 -1.37466473 -0.75530467]
[ 1.          0.09870949 -0.80898    -0.2405124  -0.47317686  1.42329421
 -0.13248284 -1.40286613  0.65911769 -0.27329592  0.19271394 -2.1249405
 -1.10293699 -1.01805069  0.84500624 -0.42575335  1.72868646  0.28366649
  0.41899748 -0.96336049  1.81686204]
[ 1.          1.45770724  2.41528908  4.42153127 -0.94553856  1.31684
 -0.10567794  0.62797691  0.03238444  0.25988779 -0.88673195 -0.78004803
  0.0292561   0.0789392   0.28651209 -0.137085   -2.08735168  0.5534779
 -0.74379676  0.25883603  0.8780002 ]
[ 1.         -0.55409121 -0.92525456  0.44167472 -0.27838763 -0.20071886
 -0.82292563  0.74088544 -0.18521824  0.61205401 -0.07293984  0.61368154
 -0.42616213 -0.20276669 -0.6268197  -0.03831699  0.90011927  0.5523306
 -0.81071951 -0.24863239  0.10315223]
[ 1.         -0.43187443 -0.53200162  0.22178759 -0.60964134  0.42687562
  0.70273549 -0.47775624 -0.55580842  0.53198497  0.59033142 -0.30799173
  1.24958    -0.53048398 -0.13748357  0.03248433  1.11560831  1.32451688
 -0.15853594 -0.1067416   1.28797312]
[ 1.         -0.18622678 -1.72315639  0.99167625  2.76865578 -1.78278852
  0.51447112  2.1720596   2.18542897 -1.35625277 -0.7234984  -0.78515573
  1.62355279 -0.82148507  0.60851983 -1.49689316 -0.58669775  0.14246426
 -0.24956126 -0.34198959  2.07686057]
[ 1.         -1.70036261  0.38948402 -0.22173466  0.97047681  1.22128654
  4.326626    0.87143777 -0.0444227  -1.0826573  -1.31493565  1.67788868
 -3.16943343 -2.38524025 -2.59724992  2.13277883 -2.03737618 -0.46131095
  2.92019445  1.09425483  2.55368307]
[ 1.          0.73990285  1.60732667  0.99386205 -0.11748904 -0.87841915
 -0.13254276 -0.75179296  1.11016261 -0.64152837  1.19689383  1.2180399
 -0.04433762 -0.28621759 -0.29079297  0.24891367  2.21449671 -0.10686856
  0.91973804 -0.09569739 -1.11316087]
[ 1.         -0.8191291   1.74157595 -1.49775779 -0.68087607 -0.50764697
 -1.23528061  1.26050943  0.5957569   1.63059009 -0.86159144 -0.21070394
  0.40834325 -1.20820422  1.20174784 -1.95031976 -0.65215459  0.33384393
  1.02401824  0.23944445 -0.24216406]
[ 1.         -0.01419044  0.65564134 -1.47051314 -0.91253405  0.16669522
 -0.91269894  1.82919531  0.62228012  0.78110649 -0.3069846   1.39635594
 -0.27879234 -0.15695184  0.15375929 -1.62709657 -1.11343715 -0.61242474
  1.24834439 -1.51781831  0.1030521 ]
[ 1.         -3.73476055  3.44712471 -0.61085896  4.28146221  0.93686104
  0.39850023 -1.00907675 -0.18517    -0.64211695 -1.66849215  0.45836084
 -1.7583035   0.09796041 -0.57247847  0.83246056  1.5708229   1.29798051
 -1.49612923  0.05429079  0.38592256]
[ 1.         -0.00394889 -0.74415527 -0.4580715  -0.33921878  1.41708671
 -0.90609279  1.4194877  -0.80261938 -0.20090738  0.30353915  2.02683148
  0.23278094 -0.67251917 -0.27574239 -1.12785535  0.98469245 -0.75435777
 -0.38283863  1.34661082 -0.28977082]
[ 1.          1.2352057   0.59989339 -0.54451297  0.41139298 -1.29812569
 -0.01284245 -1.77089257  0.41150918  0.21633238  0.77890746  1.69310946
  0.28883789  0.14340336  0.83309307  1.33102666 -0.48545736 -0.62146827
 -1.08493132  0.33374965  1.18476717]
[ 1.         -0.57434525 -0.04776082  0.03146342 -0.3487379   0.6188856
  1.54722972 -0.58097071  0.03474223  0.62578648 -1.52083232  0.029193
  1.84194384  0.74366684 -1.05151916  0.35509459  1.117438    0.20575368
 -0.39318372  0.37250348  0.04882484]
[ 1.          0.57514494 -0.73838046 -0.74253139  0.09146796  2.63331383
 -1.43732555  0.50074932 -0.50641598 -0.99910382  0.03529915  0.72994456
  0.16837925 -1.2646093   0.7684564  -0.84145145  1.553752   -1.12694962
 -0.45036371  1.52330717 -0.42224898]
[ 1.          0.16937604 -0.06513986 -0.33438694  0.04073039 -0.13308197
  0.96352475 -1.27633943 -0.17682449  0.92754563 -1.01653645  0.51066785
  0.86012311  1.31995384 -0.60989873  0.11887572 -0.33506343 -2.64941876
 -0.85061808  0.04772578 -0.50017363]
[ 1.          0.26131209  0.47984976 -0.99003009 -1.30709765 -0.40636111
  0.71453978 -0.10024234  0.60130923 -1.30251207 -0.81074584  1.3988277
 -0.8733866   2.87208865  3.26510575 -1.11838929  0.6469833  -0.28348021
  1.94170786 -1.18728988  1.43479167]
[ 1.          0.01273092  0.13634846  0.50653525 -0.48066039  0.01998721
  0.26710667  0.3072852  -0.3633137   0.24229753  0.04925386 -0.10764242
  0.2576859   1.88944773 -0.6573798  -0.33627127  0.76500497  1.57730288
  0.02221809 -0.26274805  0.19889434]
[ 1.          0.5360303  -0.43180051 -0.66776376 -0.04534168  2.03510151
 -1.23349746  0.97734758 -0.79936529 -1.45152207  0.48111684  1.08398734
  0.47000307 -0.46635797  0.2433723   0.10324209  0.39808266 -0.53118228
  0.48724765  0.22162466 -1.19637918]
[ 1.         -0.06901026 -0.01238696 -0.53788418 -1.41997089  0.53570207
  1.28457847 -0.408885    0.8725037  -0.91649663 -1.6259185   1.97605811
  0.25887804  7.31740974  2.0835098  -3.73905598  2.87292757  0.79808576
  2.66114633  0.30461224  3.47204162]
[ 1.         -1.42761842 -1.24512528  1.1125881  -0.01819762 -0.75196346
 -0.70829579 -0.63485889  0.02400377 -0.10389468  0.01931931  0.11751614
 -0.10896365 -0.1112805   0.53636329 -0.39993091 -0.917111   -0.41458985
  0.79378706  0.40348224 -1.74264648]
[ 1.         -0.12249165  0.16726844 -0.66481004 -0.41960169  0.10566545
 -0.38282535  0.60102709  0.56176082  0.87165127 -1.16022696  0.3944975
 -0.86842696 -0.10925471  0.72511871 -0.02674853 -0.13882396 -0.66962284
 -0.25244909 -0.78240442  0.89052998]
[ 1.         -1.86698185  0.28467218  0.27207667  1.74222674  0.88198509
  2.00772395  0.07887768  0.76832573 -0.71246059 -2.15161897  0.77389472
 -0.80748789 -0.25657844 -0.34009237  1.26336596 -0.11046466 -0.32828801
  0.26181619 -0.93026756 -0.10435348]
[ 1.         -1.94355185  0.25066892  0.60978146  0.73119757 -0.81835868
 -1.44364775 -1.25768383 -0.23879676  0.26921549  0.79972694  0.37254121
  0.33253628 -0.33873666  0.94974186 -0.93530607 -0.89152471 -0.63540144
  1.45730816  0.56355403 -2.83235547]
[ 1.         -0.55376594 -0.75277825  0.36993653 -0.95461293 -0.56865007
 -0.29801686 -0.87181045 -0.64327139 -0.49993283  0.13392756 -0.47117692
 -0.71424801 -0.40169889 -0.32887816 -0.04651524  0.33780702  0.30477226
 -0.1493046  -0.20501566  0.10988189]
[ 1.          0.84058949  0.03418504 -0.91134588 -0.21226159  0.33076811
 -0.40187781  0.44451524  0.61478266 -0.46342499  0.05587153  0.9978191
 -0.00489536  0.35033228 -0.9427519   0.06244356 -1.05660002  1.51445173
  0.07818363 -0.70159209 -0.87562199]
[ 1.          0.48060774  0.75470727  1.14090538 -0.83455073  0.95163843
  0.1700964   0.04263359 -0.09860286  0.41949781 -1.25033561 -0.85059417
  1.09646657 -0.85363834  1.70332841  1.6679214  -0.21617933  1.31728063
  0.05011463  0.95784309 -0.18921196]
[ 1.         -0.43192622  0.49838667 -0.32413431  0.1260599  -0.77404019
 -0.43055251 -3.33020505 -0.26574607  0.43633365  1.47940521  1.45843481
  1.49708293 -0.60739304 -0.37630452 -0.48885049 -1.24370952  0.0348972
 -0.01573098 -0.81893397  2.17729755]
[ 1.         -0.41854143  0.88895224 -1.1438398  -1.33739716 -0.76113232
  1.55887232  1.19055199 -0.43701797 -1.13730024  1.55558284 -0.78526488
 -2.22489012 -0.43876612 -1.59042333 -0.6236258  -1.21320214 -0.6712127
  0.59494586 -0.22535231  0.74641134]
[ 1.          1.04228392  0.10224421 -0.70327249  0.46372841 -0.57773636
 -0.47792018 -0.3920843   1.93179942  1.34047251  1.2141004   0.42961887
 -0.23133923  0.66722588 -0.11308786  2.40688156 -0.7823948   0.4373221
  0.27431999  1.56125322  0.30731872]
[ 1.          0.05527758  1.30705613 -1.09124513 -1.24320991 -1.84165224
  1.21048968  0.62734325 -0.57591306 -2.56138105  1.7372905  -2.4231552
 -1.01026621  0.33603264 -0.46472617 -1.53970286  0.75505515  0.48111474
 -3.50155694  0.4704155  -2.6094082 ]
[ 1.         -0.91546166 -1.16596413  0.49923063 -0.76000188 -0.60794489
 -1.62748837  1.33454807 -0.12191863  2.11216336 -0.33939169  0.67583231
 -2.17192066  0.10724128 -1.44957474  1.57379187  2.06498658 -0.75512371
 -2.32928538 -1.83104837  1.70525342]
[ 1.          1.42472532 -0.77985357  0.22421975  2.16255266 -1.72408026
 -0.1091794   0.9998187   0.11643014 -0.85954679 -0.76176463 -0.94564697
  0.49705694 -0.19913127 -0.39238885 -0.49633709  0.5129067   0.36518759
  1.22177361  0.76096088  1.16314067]
[ 1.          0.1662927  -0.15436755  0.14345097  0.14041246  1.08027871
 -0.1414083   0.13609827 -1.41489689 -1.17750157  0.32640026  0.07499738
  0.52937594 -0.58124006  2.89148225  2.04686491  1.41122428  0.04399097
  1.52558071 -2.07850761 -1.45214615]
[ 1.         -0.40814922  1.37843127 -1.31007567 -1.64399935 -0.92261676
  0.24184725  1.319589    0.50073951  2.20163612 -0.92458695 -2.56458422
  3.59448098 -1.16699928 -0.9508356   1.75977808  0.82269779 -2.52283267
  1.17029217 -1.31248437 -0.12774486]
[ 1.         -1.43315822 -1.6259267   1.09660726  1.65671314 -0.77171518
  0.70797806  1.60581253  2.2108403  -0.69536435 -0.09526357  0.00682283
  1.14199541 -0.61729782  0.87333457 -0.91680179 -0.93917612 -0.18493623
 -1.2148039  -0.88959442  0.52551735]
[ 1.          0.62563439 -1.17446985 -0.83672919 -0.26833652  3.14907124
 -0.78198453 -2.38950551  2.25158603 -0.37529175 -0.35040723 -3.83906658
 -2.337996   -1.74893235  1.51239881 -1.82843082  2.8359395  -0.69214105
 -0.18674507  0.89850779  3.40078403]
[ 1.         -1.4616687   2.0677199  -0.47044287  1.18127768 -0.28814517
 -1.26437182 -0.95073913 -0.35210339  0.4924938   0.99468183  0.31273521
  0.54857695 -0.26259914  0.37735995 -0.52509629  0.22086488 -0.11801621
  0.45200857  0.00854128 -0.27440889]
[ 1.          0.82001627 -0.88380345 -0.93352147  0.09981353  2.80863022
 -0.88390687 -1.52446767  1.92370982 -0.15432664 -0.56718355 -2.03012771
 -1.3412158  -0.80647013  0.64795821 -1.33613651  0.99981273 -0.89278339
 -0.57125582  1.67204257  0.86333834]
[ 1.         -0.02146686  0.11676323  0.19842853 -1.1891533   0.29753395
  0.95040813  0.09165315  0.12124356 -0.28897757 -0.98000698  1.15154113
  0.49313302  7.28257152  0.61634122 -3.15214578  3.13808554  2.88775423
  2.13523032 -0.15401668  3.43381725]
[ 1.          0.37826213 -0.29260802  0.96148364  0.24476552 -0.94300909
 -0.28516912  0.47613694 -0.83625288 -0.73946826 -0.62436383 -1.64029447
 -0.44565196  1.05554166  0.0795381   0.22348599 -0.03497479  0.17905061
  1.47439819  1.07761137  0.55076771]
[ 1.         -0.27406799  1.34374556  0.19778275  0.44354797  1.01136481
 -1.74237168  1.08141354 -1.47163938 -0.62348101  0.81921167 -2.08879223
  0.93327617  1.7597764  -1.03333604  1.11027983 -2.16115955 -1.83735076
  0.81685696  0.63437175  1.85404154]
[ 1.         -0.35693551  0.56880028 -0.53943571 -0.43106414 -0.20617968
 -0.25491056  0.79347982  0.34650764  1.25154579  0.9060385  -0.57825145
  0.41377157  1.00522717 -0.56388532  1.37279564 -0.30752625 -1.88646444
  0.57724652 -0.87781884  0.77028236]
[ 1.         -0.1225995   0.27760589 -0.6390384  -1.59010044 -1.54462897
  0.76408158 -0.12715991 -0.79398562 -1.87742361  0.4615169  -1.17377689
 -1.80592065 -1.05390093 -1.10227099 -0.6802767   0.00674741 -0.29513662
 -0.79754078 -0.33355239 -0.07291204]
[ 1.          2.18356175  4.47179501  6.11424371 -1.37049089  0.34419815
 -0.38797907 -0.4103794   3.78035365 -1.44382879  1.46822431  2.45810615
 -0.13337375 -2.32694312 -1.24631887 -1.47776702  2.71230714 -2.76495068
  0.09190627 -0.65249881 -0.28645667]
[ 1.          2.43416317  4.7193196   7.40184498 -1.68776418  1.25889865
 -0.36755852  0.21086562  3.17399178 -0.98392014  0.44508618  1.43310561
 -0.09334767 -2.06734839 -0.91281418 -1.60974844  0.45483607 -2.30389842
 -0.7715906  -0.43176906  0.81268179]
[ 1.          0.21653485  0.0928733   0.49845938  0.77167458  1.59551243
  0.67060544 -0.16464268 -0.34308106 -0.08025153 -0.86798359 -0.43067477
 -0.73357832 -0.07625978  1.00857039  0.81159936 -0.3824655   1.04950572
  0.04497565 -2.66965029 -1.15038289]
[ 1.          0.45374412  0.01435485  0.1059121  -0.56143519  0.4525888
  0.02872782  0.36617835  0.20658638  1.02090891 -0.93746299  0.56497088
 -0.87816674  0.07514572  0.02155859  0.28703951 -1.27223302  2.46042231
 -1.10396856  0.0274318  -0.9337644 ]
[ 1.          0.31050819  0.87455486  2.25306566 -0.26859542  0.42297759
 -1.06542205  0.81230098 -1.37848896 -0.76762468 -0.52044151 -2.08784091
  0.20612722  1.80241976 -0.76183113  0.54250559 -2.37223565 -0.56059596
  0.91238398  1.64941145  1.58075265]
[ 1.         -0.232164    0.4341698  -0.2280415  -1.32327053  0.32846604
  1.3587055  -0.16632196 -0.09556674  0.91541995 -1.68007492 -1.08008207
  2.98520329 -1.24714513 -0.63122588  0.98342909  1.13409737  1.36676982
  0.05282149  0.60486448 -0.23036667]
[ 1.         -0.3779816  -0.59445764 -0.34188315 -0.43360388  1.155965
  0.8654434  -0.71622871  0.7702535   0.01038541 -0.88918092  0.67610066
  0.76372357  1.443247   -0.72798547 -1.22105363  0.41877582 -1.40084948
 -0.44403923  1.64555902 -0.65734528]
[ 1.         -0.18054744 -0.15542224  0.2992188  -0.36753427  0.48256122
  0.62512251 -0.10643282 -0.22605501 -0.77118175  0.5017773  -0.27735387
 -0.41002898  0.08044783  1.93417045  1.22264002  0.801829   -0.09161334
  1.64446803 -0.98808729 -1.05449706]
[ 1.         -3.39471929  4.00222664 -0.91711478  3.72540974  0.4602839
 -0.94153076 -1.09891594 -0.70996424 -0.12465226 -0.06490978 -0.11440268
 -0.99801075  0.26295326 -0.2420639  -0.18827711  1.34778338  1.21622045
 -1.3017457   0.67895906  0.32751402]
[ 1.          0.00548767 -0.80876113 -0.24791349 -0.26246721  1.81448079
  1.12547142  1.83802443 -1.99291238  0.78563675  2.29963697  2.63532103
 -0.19216197 -1.82573217  0.49577587 -1.51196991  1.16644495 -0.9482878
  0.15087669  3.46111625  0.87505792]
[ 1.          0.01213448 -0.42140471  0.10886854 -0.01752974  1.03121046
  2.39205769  0.83201394 -1.50049331  1.09600906  2.22679339  0.82145048
 -0.43563812 -1.23053661  0.76692566 -0.33732223  0.13130603 -0.10045251
  0.51904058  1.52190586  0.97930977]
[ 1.         -0.74526635  1.35050608 -0.71447353 -0.52778608 -0.59128626
  1.07413506  1.13758198 -0.38786385 -1.29480836  3.10703692 -2.26982239
 -0.74687203  1.62996041 -0.41218103 -1.2594354   0.2660899   0.9036082
 -2.23293651  0.53546958 -1.64313167]
[ 1.          1.07761393 -0.51651351 -1.11147413  0.27727988  1.74033123
 -0.44305338 -1.68990284  1.53775924 -0.37363036  0.07313981 -0.8640013
 -0.36553522  0.09572145 -2.34072215 -0.95960064 -1.59928667  0.4904995
 -0.2071176  -2.45453891 -1.00443919]
[ 1.          0.41700601 -0.06870575 -0.0895899   0.54305584  0.96726238
 -0.78632846  0.26679564 -1.38769596 -0.56893246 -0.13234865  0.34767653
  0.9407856  -0.67280888  0.93237512  0.77141927  0.55526332  0.12755029
 -0.2575766  -0.73859765 -0.10092714]
[ 1.         -1.39044456  0.09253736  0.40373139  1.0238708   1.01371376
  2.01552987 -0.02103501  0.47782599 -1.30653484 -1.52542369  0.46820599
 -1.16672188 -0.17219296  1.59567717  2.56227808  0.71211537 -0.46741752
  2.13303098 -2.3143566  -1.46598956]
[ 1.         -0.06836498  0.6807165  -1.69494342 -1.09549175  0.21647283
 -1.11805922  2.3084207   1.04239954  1.43007476 -1.083381    1.95627009
 -0.91277165 -0.27047229  0.70336931 -2.24060164 -1.63692698 -1.39888465
  1.67202066 -3.06444225  0.94034689]
[ 1.         -0.89924741  0.29678683 -0.54701421 -0.66111469 -0.49166573
 -1.52202258  1.57103912  0.25704567  1.84503072 -0.74641288  0.48338513
 -0.13309792 -1.21410155  0.31326309 -1.76243756  0.49444311  1.01639162
 -0.06067102 -0.09684817 -0.11313652]
[ 1.         -0.28197335  1.20008765 -1.2898494  -0.93035098 -0.27054448
 -1.52692032  0.60102742  1.77474166  2.51319111 -1.71217446 -0.5434096
 -0.78207008 -1.44153942  3.30602215 -0.68973346 -1.83140036  1.33308608
  0.52202043  3.7804758  -0.15855889]
[ 1.          1.24121111 -0.6791241  -0.85624551  0.82682155  2.18060404
 -0.66261721 -1.29837828  1.38766173 -0.20492304  0.19170533 -1.96632364
 -0.82170686 -0.316301   -0.8905006  -0.64664696 -0.41574938 -0.03168188
  0.0624073  -1.47112646 -0.17724638]
[ 1.          0.65847298 -0.0362416  -0.47038167  0.60762193  2.06133518
 -1.80476758  0.68387117 -1.38013413 -1.64193112  0.42735465 -0.51974331
  1.12158591  0.14097288 -0.5321743   0.86559892 -0.94245195 -0.89639637
  0.25487972 -0.54801799  0.22311132]
[ 1.         -0.54806086 -0.65696629 -0.03134369  0.16406877  0.51557482
  1.46307923  0.93235361  1.31971808  0.40090453  2.77879851 -0.56623405
  1.15374482  0.70321116  0.7583899   0.20128853 -0.18046367 -0.19440674
 -1.15805221  0.42133248 -0.1296632 ]
[ 1.          1.5487058   0.65990186  0.45239298  1.1033914  -1.47825723
 -0.54108728 -0.20636545  1.88003625  0.20253911  1.43276141  1.43712683
 -0.35164586 -0.09123682 -2.04440493  1.0131188   3.23995685  1.57692718
  3.16010677  1.16619364 -2.32637743]
[ 1.          0.87619732 -0.35183718 -0.89047452  0.41859854  0.71071866
 -0.05042893 -0.05901787  2.29541873  0.57218441  1.95148147 -0.25452369
  0.07596566  0.75530779 -0.57557044  1.32395072 -1.33236971  1.06312303
 -0.36361226  0.18403215 -0.53485859]
[ 1.         -1.03901993 -0.72919742  0.40061209  0.08826807  0.41441936
  0.67364144 -0.91196439  0.26728187 -0.14875739 -1.50199248  0.75168052
  0.41127987  1.40808977 -0.82115006 -0.49456977 -0.46872108 -2.17335172
 -0.13184506  1.34906765 -1.9570391 ]
[ 1.         -0.65165998  0.27700414 -0.58922211 -0.42899745  0.76609678
  3.6792667   0.99304752 -0.82614856 -0.51568614  0.71932319  1.0426403
 -2.51724747 -2.23592417 -2.22689865  0.80437137 -1.84971561 -0.08737397
  2.33836172  1.84839842  2.11628523]
[ 1.         -1.7211982  -1.46314202  1.22389625 -0.49368598 -1.13988016
 -0.83680921 -2.87089907 -0.73886285  0.08401451  1.3811846   0.6226571
  1.24363887 -1.36276314  0.43204005 -1.43841525 -2.01971209  1.01471282
  2.14143018 -0.67156942  0.52353336]
[ 1.          1.30963036 -0.27971521 -0.48769879  1.04360363 -0.52812179
 -0.87471414  0.60776304 -1.02707981 -2.20117628 -0.64275741  0.95123571
  1.35114264 -0.44755673  0.38138785  1.06752099 -0.11060323  0.52075636
 -0.91147134  0.18936147  1.22748503]
[ 1.          1.88439592 -0.10439912 -0.01457566  1.75391678 -0.70079239
  0.94331662 -0.64038809 -1.79803154  1.87388304 -0.15014203 -0.07438415
 -0.27058145 -0.03888437  0.54808443 -0.95760193  0.06155794 -1.49874553
 -0.41556138 -0.54978676 -0.59437916]
[ 1.         -0.36508653  0.29906034 -0.1845104  -0.5873521   0.19212293
  0.26540568  0.57866945  0.11657982  0.46727843  1.29105531 -0.79766239
  0.0230503   1.0643133   1.32788486  2.67847563  0.48700386 -2.23929782
  2.47357561 -2.24843661 -0.30480522]
