Cluster centers 

[ 1.08941275  0.40366874  0.13594555 -0.27074642]
[-0.99656108 -1.22044801 -0.32476574  1.22375937]
[-0.99350015 -1.00450101  0.34271184 -1.21353688]
[ 0.48628316  1.84943438  0.47108224  1.61835184]
[-1.02498368  0.80834518 -1.23889694 -1.42919492]
[ 0.99951652 -1.24104158 -1.37088391 -0.68949106]
[ 1.15880675 -0.57036729  0.81338511  0.85879912]
[-0.88000442  1.01695055  0.28086033 -1.11982738]
[-1.08837788  0.18889915 -2.51640567  2.39151875]
[-0.91675312  0.13963487  1.29830706 -0.13836548]
[-0.96801624 -0.35538732  1.09104465  0.18857131]
[ 1.13604824 -0.84729637  0.10824664 -0.28660857]
[ 0.97104713  0.99601339  0.79353404  0.0218151 ]
[ 0.3874398   2.42058848  0.07172326 -0.54114539]
[-0.85760445  1.26719473 -0.86516     1.91080834]
[ 0.94051484 -0.49058007 -3.49767733 -0.69514478]
[-0.61732395 -2.91688258  0.72412923 -0.15279542]
[-0.76969119  0.98601597  0.95601239  0.69509136]
[ 1.01550331  0.67532991  0.81872876  1.19819387]
[-0.99405011  2.23812769 -3.62479964 -1.25910425]
[-1.03506564 -0.23874526 -0.39883105 -1.39855514]
[ 1.06849264 -0.27046913 -1.86648563 -0.6435783 ]
[-1.04032476  1.12411147 -2.03645773 -1.43539557]
[ 1.15019955 -1.05309523  0.36780295  1.36881106]
[-0.97315725 -1.40596443  0.17691807  0.86907283]
[ 0.31831282  2.63269226 -1.05622538 -0.72330341]
[-0.96959726 -0.18847302  0.7736636   0.59181124]
[-0.69617178  1.76689702  0.16026138 -1.03214472]
[-1.06228948 -0.07280171 -1.39732563 -1.51032225]
[-0.97832479 -0.57193686  1.21791796 -0.44666537]
[ 0.75563975  1.71409686  0.62376149 -0.19331121]
[-0.9446676   0.63730964 -0.48446014  1.59927869]
[ 1.13038888 -0.27200559 -0.18014949 -0.37612722]
[ 1.04510966 -1.4746135  -0.44014666 -0.52789423]
[-1.05649809  0.30375469 -2.03558743  2.23051778]
[-0.95187192  0.2887054   0.71843813 -1.00845318]
[ 0.9027363   1.4150321  -1.7721789   2.94931556]
[-0.76828027  1.28431724  0.03966735  1.44942514]
[ 1.12586963 -0.46634654 -0.34437351  2.01417727]
[-0.82583466  0.93099361  0.97090352 -0.79641175]
[ 0.80165108  1.49656344 -0.46348747  2.28371047]
[ 1.12656077 -0.01786854  0.91079437  0.31651357]
[ 0.88285052  1.53173027 -0.15165865 -0.40715854]
[-0.71827028 -2.79186806  0.10630954  0.77154374]
[-1.03707906 -0.99654076 -3.40009219  2.58316973]
[ 1.10995208  0.09642312 -0.53605498 -0.45425251]
[ 1.15643487 -0.70409755  0.62270254  0.0321415 ]
[-0.98983368  0.67991763 -0.44518578 -1.33921611]
[-1.00715124 -0.24833228  0.32430659 -1.21081493]
[ 1.06715401  0.5113419  -1.85249489 -0.59148432]
[-1.07276429 -0.44334921 -2.11747105  2.16385531]
[ 0.19928942  1.89145981  1.14901071  0.75076655]
[ 0.97733163  0.86989097  1.08793202  0.466672  ]
[ 1.11631403 -0.32131108 -0.68102183 -0.49866542]
[-0.93560202  1.5732275  -1.50877784 -1.3531758 ]
[-1.02810145 -0.90345165 -1.1905902   1.71504209]
[ 1.10644998  0.22132345  0.57624235 -0.05714961]
[-1.00010529  0.51515843 -1.21225031  1.92436588]
[-0.9825462  -1.03854674  1.05707569  0.0501195 ]
[ 0.87375931  1.19808926  0.91331527  1.17254695]
[-0.98218874 -0.06265482  0.28749962  1.01103582]
[-0.7848209   0.86093044  1.3620848  -0.10084183]
[-1.00092047 -0.08614899 -0.09424882  1.2536396 ]
[-0.56407292  1.56285516  1.345253   -0.26994372]
[ 1.13111402 -1.47863959  0.74283271  0.3280281 ]
[ 1.05830012 -1.81640033  0.29965786 -0.21647846]
[-1.13823189  0.36884911 -4.67831464  3.06573481]
[-0.98779121 -0.68097447  1.00076958 -0.81836601]
[-1.01520965  0.12726467 -0.77201434  1.6545879 ]
[ 0.32129434  2.24933817  0.88629013 -0.28241611]
[-0.91243653  0.36436768  0.72665675  0.75896777]
[ 1.13337282 -0.17442795  0.12170602 -0.27221193]
[-0.98286989  0.40570189  0.09191449 -1.24108291]
[-0.99495676 -0.8147405   0.64393165  0.59378386]
[-0.92200644 -1.7868046   1.0364575  -0.45370641]
[-0.86774989  1.47714996 -0.56833679 -1.25559034]
[ 1.09116877  0.24062879 -1.12583454 -0.54340745]
[ 1.11555194 -0.00935802  0.30833839  1.61740432]
[-0.95301187 -0.09890677  1.20261479 -0.57297396]
[-1.04272992  0.21877085 -0.82740893 -1.43718169]
[ 1.11297476 -0.7243769  -0.48667903 -0.47661074]
[ 0.34353129  2.51947186 -1.22157545  2.6548054 ]
[ 1.01816203  0.9442279  -0.22099997 -0.38896934]
[ 1.05907934  0.71119949 -0.87479141 -0.49800136]
[-0.13483566  2.41895449  0.59329795 -0.63471269]
[-0.95462735 -1.3427433  -1.26583736 -1.53696896]
[ 1.12220124 -0.01105244  0.95592442  0.74494668]
[-1.02981098 -0.40171652 -0.52475297  1.44538227]
[ 1.09172478 -0.49836532 -1.16795283 -0.59022744]
[ 0.79679778  1.47370355  1.10836685  0.22389504]
[-0.96065792 -1.53385413  0.64747386  0.45127848]
[ 0.98635495  0.81619103  0.3603046   1.68120714]
[ 1.06964818 -1.71663058 -0.27997616  1.76452724]
[-1.0176563  -0.70441654 -0.14900274 -1.36242578]
[-0.95116564 -1.49163124  0.75321415 -0.94433968]
[ 1.10274817  0.26784628 -0.19668153 -0.37289933]
[ 1.03089618  0.76967518  0.37146591 -0.19848961]
[-0.989746   -0.28803965  0.78005287 -1.00176885]
[-1.01098795 -0.54137669  0.09475672  1.05628248]
[-0.93282889  0.46875256  0.15551798  1.20063677]

Populations

0.0135505390335
0.0132549390164
0.0148131997666
0.00718996290283
0.00996080761649
0.0207415635074
0.0113714021108
0.00986081962234
0.00290307125556
0.0118163353451
0.012862388003
0.0253338434877
0.013048291546
0.00500192569097
0.00253717591112
0.00468636938328
0.00250547282051
0.00560262849982
0.00883950526016
0.00347565665035
0.0129622649229
0.0185229510318
0.00886793722083
0.00411231910687
0.00893999084721
0.00305495326778
0.0096471757332
0.00598677674615
0.00785915963951
0.0144436374462
0.00874373503469
0.00672444582381
0.0139328085972
0.0175712643895
0.0097826981834
0.0197944660775
0.00102227851133
0.00744763461164
0.00410874051528
0.0123147881475
0.00778593007609
0.0211767922694
0.00927249757944
0.0015407154027
0.00099304907934
0.0082352062295
0.0242784858018
0.00886851561002
0.0127491890122
0.00989828466075
0.00498033754157
0.00355799911412
0.0190867378888
0.00780080555037
0.0114446575575
0.0159074103807
0.0239100013231
0.0119316036775
0.0103828230685
0.0141054096464
0.0114373800279
0.00938947208085
0.0127201612179
0.00541278291911
0.00985284338078
0.0134586390476
0.000483325280372
0.0122921282786
0.0102739882635
0.00615319033545
0.00801545952941
0.0221858740038
0.0143649611659
0.0113358124857
0.00741496599112
0.00887367994903
0.0105077627861
0.00467348470146
0.0132794415681
0.00842482133825
0.0201788135928
0.00101272840041
0.00823031711258
0.00569134606177
0.00413145515582
0.00137745854004
0.0102519167763
0.015358231927
0.0169311443025
0.0123050605375
0.00888901305668
0.00517640910897
0.00258275115223
0.00829231134489
0.0088582372223
0.00825433616904
0.0103673691638
0.00966461387076
0.0153217510307
0.00347218636925

State labels

0
1
2
3
4
5
6
7
8
9
10
11
12
13
14
15
16
17
18
19
20
21
22
23
24
25
26
27
28
29
30
31
32
33
34
35
36
37
38
39
40
41
42
43
44
45
46
47
48
49
50
51
52
53
54
55
56
57
58
59
60
61
62
63
64
65
66
67
68
69
70
71
72
73
74
75
76
77
78
79
80
81
82
83
84
85
86
87
88
89
90
91
92
93
94
95
96
97
98
99

Eigen values

1.0
0.684296307134
0.297842870621
0.292056356123
0.275343478409
0.253224109928
0.247368121222
0.244861275847
0.239910266396
0.232663419246
0.227390108987
0.214205513638
0.200943178854
0.197396425063
0.187386870694
0.18575437256
0.179827185103
0.171038287165
0.165749760946
0.160283738223
0.154177021507

Left eigenvectors

[ 0.01355054 -0.01230853 -0.00398471  0.00886947 -0.00860248 -0.00241585
 -0.00355333  0.00178079  0.00227808  0.01730903 -0.01330425  0.00882625
 -0.01668874  0.00049924 -0.00071075  0.01363242 -0.01424843 -0.00233917
  0.01078769  0.01754008  0.00054388]
[ 0.01325494  0.01191378 -0.03069524 -0.0247719   0.01348857  0.0021612
  0.00632726  0.00923957  0.002968   -0.00066716 -0.0155668   0.00786821
  0.01909684 -0.01589943  0.00047055  0.00347558 -0.00079982 -0.00763993
  0.00033092 -0.00907347  0.02428411]
[ 0.0148132   0.00873234  0.00980704 -0.01459656  0.00066859  0.00411258
  0.02707257 -0.00722105 -0.01067508  0.0074734  -0.0031333   0.01132975
  0.01565369  0.00465267 -0.00153207 -0.01550912  0.01708883  0.00581228
 -0.00018684 -0.00674957  0.00390552]
[ 0.00718996 -0.00432211  0.00075538 -0.00235343  0.00146408  0.01062695
  0.01245721 -0.00375573  0.00209782  0.00429389  0.00151285  0.0050534
  0.00559019  0.01077926 -0.004479   -0.00299189  0.00326576  0.00978191
  0.00793055 -0.00301107  0.00317543]
[  9.96080762e-03   1.13814527e-02  -1.51112106e-02  -1.32554973e-02
   8.22029406e-03  -1.64381078e-02   1.31349848e-02  -4.23951226e-04
  -3.06236073e-03   5.69299876e-03   5.51810142e-03   3.54442979e-03
   1.36873813e-04  -5.02293760e-03  -1.72338379e-03   7.95954782e-05
   5.80127634e-03   2.42240851e-03   2.03683105e-02  -1.02793301e-02
   9.32175657e-03]
[ 0.02074156 -0.02455651 -0.00194831  0.01237514  0.02292743  0.0001436
  0.02947826 -0.01529968  0.02001202  0.00173941 -0.00367813  0.00369522
 -0.00132235  0.00695363 -0.00967607 -0.01301752  0.00896879  0.00070251
 -0.00709072  0.01005049  0.00722918]
[ 0.0113714  -0.01416963 -0.00069327  0.00167201  0.00056085 -0.01356896
 -0.00295445 -0.00440268  0.00832433 -0.01268727 -0.00751098  0.00225562
 -0.0003251  -0.01227313 -0.00664152 -0.00472995 -0.01968882 -0.00404477
  0.00236072  0.01354993  0.00565702]
[ 0.00986082  0.01077614 -0.01149356 -0.01526061  0.00422396  0.00241376
  0.00794158  0.00554123 -0.011928    0.00011043  0.00859064 -0.00183884
  0.00749911  0.00684819 -0.00622889  0.00536381 -0.00258631  0.00725931
  0.01822348  0.00512006  0.00622559]
[  2.90307126e-03   3.77542426e-03   3.73110599e-03  -1.71465505e-03
  -5.79329072e-03  -6.01907543e-03   1.37414720e-03  -9.28275511e-03
  -6.66348084e-03  -5.86164443e-03  -1.38534285e-03   2.35239765e-04
  -2.81901960e-03   3.55589544e-04   4.99659488e-03   5.24433084e-03
   3.64158251e-03   1.02368746e-02  -1.57889195e-03   5.41627013e-03
   7.64736441e-05]
[ 0.01181634  0.01330162 -0.02511793  0.02382519  0.01906175  0.00069901
 -0.00844486  0.00141038 -0.00775529  0.00146069  0.0241543   0.00307066
  0.00223615  0.00144319  0.0102472   0.00064302  0.00162767  0.01497525
  0.00069432  0.01586407 -0.00132997]
[ 0.01286239  0.01141429 -0.00518012  0.03540473  0.00460145  0.00446249
  0.00501232  0.01275402 -0.0062318   0.02120371  0.006846    0.0054735
  0.02614089 -0.00263701  0.00659167  0.00184147  0.00021717  0.00532312
 -0.01450446  0.00026295  0.00094108]
[ 0.02533384 -0.02462899  0.00029657 -0.0073589  -0.00991619 -0.00108074
 -0.00617959 -0.00092615  0.00836175 -0.00471726  0.01461098 -0.01526919
 -0.00235054  0.00936151  0.00128378 -0.02336268 -0.00973346  0.0280011
 -0.00784001 -0.02003093  0.00644663]
[ 0.01304829 -0.01666523  0.00046378 -0.00410914 -0.01854044  0.00302405
 -0.01597873  0.00291369 -0.01205447 -0.02225765  0.00268615  0.00993659
  0.01291852 -0.01295445  0.00580078  0.02505364  0.0209777  -0.00350438
 -0.01236193 -0.00444985 -0.0074244 ]
[ 0.00500193 -0.00524176  0.00145943 -0.0015144  -0.00766331  0.00012465
  0.00270075 -0.00494238 -0.00869379 -0.01439143 -0.00272549  0.01971617
  0.00369077 -0.00272877  0.00495809  0.015762    0.01675022  0.01095969
 -0.00082039 -0.00202872 -0.00999346]
[ 0.00253718  0.00211205 -0.00373193  0.00740895 -0.00360005  0.00011103
 -0.00445766 -0.00437185  0.00101454  0.01104224 -0.00843622  0.00135722
 -0.00951462 -0.00062807 -0.00142058  0.00460737  0.0012803  -0.0005291
  0.00372072 -0.00128505  0.00074258]
[  4.68636938e-03  -6.92148117e-03  -1.15230335e-04   9.21989600e-04
   9.96483559e-03  -6.40271215e-03  -8.08609738e-03   8.08336362e-03
  -1.30687771e-02   7.03697935e-03  -5.62813526e-03  -4.50581689e-03
  -4.95508633e-03   1.60609196e-03   1.14438273e-02  -9.21005717e-07
   9.09925856e-03  -1.46427837e-02  -8.34551874e-03   2.23027135e-03
  -8.39829130e-03]
[  2.50547282e-03   1.34018557e-03  -1.54480605e-03  -4.68056410e-03
   2.99229696e-03   1.06115867e-04  -3.20639158e-03  -3.10319860e-03
   3.39226777e-03  -9.22053458e-03   3.09302115e-03  -1.80186446e-03
  -3.65412840e-03  -6.79700119e-03  -4.17222232e-03  -8.58022881e-05
  -3.67838668e-03  -7.32353440e-03   5.18719418e-04   6.35976368e-03
  -7.88206939e-03]
[ 0.00560263  0.00488915 -0.00427461  0.01264566  0.00477804  0.00261561
 -0.01782047 -0.01119563  0.00323608  0.01711444  0.01223249  0.010622
  0.00262804 -0.00734287  0.00359874  0.00113564 -0.00067032  0.00662586
 -0.00617456  0.0087077   0.00407275]
[ 0.00883951 -0.0086387  -0.00367889 -0.00257355  0.00641878 -0.00814211
 -0.00354981 -0.00101476 -0.00470244 -0.00458364 -0.00797911 -0.00499082
  0.0130726   0.0037996  -0.00928264 -0.00221656  0.00930304  0.00394477
  0.00586935  0.00262846 -0.00477453]
[ 0.00347566  0.00345023  0.0082078   0.00221451  0.00467763  0.01051628
 -0.00064533 -0.0012933  -0.00553219  0.00236411  0.00234849  0.00046486
  0.00850339  0.00573986  0.0063602   0.00196371 -0.00970068 -0.00798059
  0.00916077 -0.00112282  0.00037626]
[  1.29622649e-02   1.22119656e-02  -1.69847202e-02   1.13518813e-02
  -7.03849219e-03   2.23567072e-02  -1.15437315e-02  -8.91604489e-03
   3.52183970e-03   1.95623519e-02  -2.37516822e-02  -1.01348510e-03
  -7.34940988e-03  -7.46183202e-03  -9.94161850e-04   9.65486487e-05
  -1.25337439e-04   8.79457658e-03   1.05683574e-02  -7.65708113e-05
  -5.91205051e-03]
[ 0.01852295 -0.01535886  0.00427314  0.00435268  0.00220809  0.00589009
  0.00125336 -0.00859692 -0.00116874  0.00214292  0.00996168  0.02307471
 -0.01599866  0.00032002  0.00258834  0.00257408 -0.00187425 -0.00371585
 -0.02341322 -0.02294861  0.01991009]
[ 0.00886794  0.00964428  0.00708859 -0.00609611 -0.00027773 -0.00044941
  0.0031874   0.00669475  0.00653391  0.00717422 -0.00243299  0.00155953
 -0.01790948 -0.00833654  0.00277926 -0.004043    0.00475964 -0.00059491
  0.01795328 -0.00709208 -0.02323248]
[ 0.00411232 -0.00251012  0.0049678   0.00363093  0.00383158  0.00436095
  0.01415121 -0.00216244  0.0060466   0.00220687  0.00155633  0.00024365
  0.0020102   0.00302468  0.00088101  0.01211821  0.0125003   0.00379727
  0.00240343  0.00150893 -0.00922329]
[ 0.00893999  0.00688682  0.00210683 -0.01096464 -0.00779805  0.00388622
  0.00295374  0.01025362 -0.0005699   0.003674    0.00363737 -0.00936328
  0.0121847  -0.02418723 -0.00656164  0.00171819  0.01201542 -0.00406577
 -0.00664477  0.00661014  0.01844902]
[ 0.00305495 -0.00101486  0.00022615  0.0029687   0.00764466 -0.00602322
 -0.00037977  0.00831858  0.00287786 -0.0027888  -0.00667939 -0.00147904
  0.00722817 -0.00483464  0.00218765 -0.00184092  0.00584749  0.00568212
 -0.00336562  0.00285219  0.00427746]
[ 0.00964718  0.00995924  0.01286271 -0.00569277  0.0043406  -0.01312775
  0.00321823 -0.02016455 -0.02273344 -0.00874788  0.00949704 -0.00251517
 -0.00295762 -0.00410123  0.00683935  0.00231343 -0.0143169   0.00867176
 -0.00064617  0.00892761 -0.00163774]
[ 0.00598678  0.00516744  0.00374252  0.01227544  0.01110169  0.00902789
 -0.00661175  0.00221476 -0.00297275 -0.02116718  0.0152178   0.00231974
  0.00573605  0.01157589  0.00544279  0.00055231 -0.00700695 -0.01272653
  0.01461441  0.00225527  0.00243485]
[ 0.00785916  0.00825758 -0.02885541 -0.02106496  0.01723502  0.01302367
 -0.00274918 -0.00444857  0.00398266 -0.00661224 -0.01052145 -0.00532451
 -0.00220037  0.00014679  0.00837253  0.00912828 -0.01595074  0.01076935
 -0.00574571  0.00497348 -0.01728519]
[ 0.01444364  0.01463183  0.00430207  0.00363032 -0.00391353  0.02444118
 -0.01378895  0.00674066  0.00961308 -0.00969269 -0.01043065  0.00806256
  0.01453515 -0.00063012 -0.00556682 -0.00833516  0.00504339 -0.02257885
  0.01732094 -0.01153387 -0.01573258]
[  8.74373503e-03  -6.73159493e-03   1.55009109e-02  -2.61581771e-03
   1.05713240e-02   6.11037123e-03   3.01442705e-03  -3.33338072e-03
  -4.36355092e-04   6.14366956e-03   5.04118014e-03  -3.80938760e-03
  -6.37559691e-03   9.90969556e-03  -5.22874018e-03   6.62673134e-05
  -1.16392839e-02   2.72433623e-03   1.30707320e-03   4.06739731e-04
   1.41504855e-02]
[ 0.00672445  0.00875824  0.00564428  0.00443089 -0.00809535 -0.01381899
  0.001499   -0.01590533 -0.00490612 -0.00748098 -0.00927319 -0.00177466
  0.00058794 -0.00086897 -0.0058576  -0.00166206 -0.00430633 -0.00204128
 -0.00907318  0.00155885  0.00246159]
[ 0.01393281 -0.01312664 -0.00509102  0.00707225  0.00221377  0.00579402
 -0.00245308 -0.00017301 -0.00630527 -0.0187427  -0.00129389  0.0248576
 -0.0049113  -0.00207941  0.00687763  0.00356402 -0.00434067 -0.00514638
  0.00694964  0.00529025  0.00960482]
[ 0.01757126 -0.01522072  0.00662867  0.0108121   0.01703048 -0.00905486
 -0.00015002  0.00122522  0.00230222  0.0023079  -0.01318062  0.00350166
 -0.01828915  0.01958992 -0.0205157   0.00988573  0.00324564 -0.01342681
  0.00065446 -0.01788044 -0.00757599]
[ 0.0097827   0.01174512  0.00814342 -0.00357992 -0.00421287  0.00278812
  0.00554661 -0.01227327 -0.01589838 -0.00769248 -0.01692535 -0.00254766
  0.00501273 -0.00050729  0.00489838 -0.00239347 -0.00435484  0.01741901
 -0.01103292  0.00472048 -0.01487051]
[ 0.01979447  0.02007267  0.02176396 -0.02107132  0.00155522  0.0005927
 -0.00524977 -0.00602235  0.01756574  0.01393713  0.00230586  0.01363078
  0.00430056 -0.00565233 -0.01459546 -0.02136699 -0.00830203 -0.01652815
 -0.01754496 -0.01537943 -0.03383734]
[  1.02227851e-03   9.78434765e-05  -3.92949494e-04  -5.59084694e-04
  -2.20910058e-03  -3.61331016e-03   2.52243960e-03  -1.29222612e-03
   1.39635810e-03   7.32851943e-04  -1.82448861e-03  -1.14243749e-03
   1.55685589e-03  -8.41197927e-04   6.88232273e-03   7.45915152e-04
  -2.22411776e-03  -3.92983323e-03  -2.60861017e-03  -4.04172637e-03
   4.04696283e-03]
[ 0.00744763  0.00897846 -0.00318894  0.00765299 -0.00603486 -0.01434713
 -0.00879353 -0.01380881  0.00135001  0.00887447 -0.00154974  0.00140167
 -0.01158574  0.0060856  -0.00540604  0.00129589  0.0071459  -0.01405724
  0.01008693 -0.00924016  0.00178628]
[ 0.00410874 -0.00310631  0.00768445  0.00144634  0.00620358  0.00933075
  0.01638203 -0.00273556  0.00135459  0.00752688 -0.00098764  0.00118941
 -0.0057356  -0.00102316 -0.0048228   0.00652069  0.00338228 -0.0024307
  0.000921    0.0050306   0.00559087]
[ 0.01231479  0.01073733  0.00156678  0.01332779  0.00854965 -0.00923769
  0.00487153  0.01900691  0.00464539 -0.01560367  0.00199983 -0.00615478
 -0.0055948  -0.0291173  -0.00939722 -0.00158772 -0.00428713  0.00776258
  0.0039529  -0.02169409 -0.00112083]
[  7.78593008e-03  -7.79309734e-03   5.30879341e-03  -6.08405870e-03
  -1.49790387e-03  -2.73086368e-03  -1.17811066e-02   1.46630252e-02
  -3.61413042e-03   3.04931851e-03   1.02522907e-02   6.84498398e-04
  -7.49197569e-03   4.08651687e-03   7.62258895e-03  -7.37791820e-03
  -8.21430735e-03   7.95738790e-03   2.63943330e-05   4.54119956e-03
  -3.52212745e-03]
[ 0.02117679 -0.02319107  0.003405    0.00361519  0.0002631  -0.01018061
 -0.00745376  0.00050969 -0.00244318 -0.02907946 -0.00576749  0.0184457
  0.00020539 -0.00677901  0.01200915 -0.00472339  0.00512064  0.0138143
 -0.0013798  -0.00524106 -0.00021679]
[ 0.0092725  -0.00857039 -0.00881723  0.00242678  0.00417995  0.01882183
  0.00457561 -0.02070729  0.00425866 -0.00267575  0.00822991 -0.00257835
 -0.01563643 -0.00582769 -0.00240681  0.01173285  0.00228348 -0.01640729
 -0.02503517  0.00835358  0.01285864]
[  1.54071540e-03  -5.35142067e-05  -2.95801130e-03  -3.25151761e-03
  -6.98473488e-03  -3.34802564e-04   2.07727031e-03   6.69672668e-03
  -3.82796788e-03   2.45445501e-03   2.75468286e-03   2.58546561e-03
   3.71945797e-03   7.98416937e-03  -1.12721512e-02   2.74634261e-03
  -3.72567633e-03   2.39861940e-04  -6.06615589e-03   3.96552661e-03
  -2.27442257e-03]
[  9.93049079e-04   1.45799324e-03  -8.53471430e-03  -6.72892571e-03
   4.40919407e-03   1.88530984e-03   5.06868593e-04  -1.05623497e-05
   6.62394505e-04  -1.00149936e-03  -4.22954477e-03  -1.34716963e-03
  -7.18837401e-04  -1.37721503e-03   3.55829818e-03   4.16529362e-03
  -5.84865375e-03   2.04811113e-03  -2.44457709e-03  -2.05292728e-03
  -3.36894810e-03]
[ 0.00823521 -0.00788292  0.00389631 -0.00326271  0.00572147 -0.00282938
 -0.00499123 -0.00361872 -0.01235747  0.00311958 -0.00525161  0.00865276
 -0.00345541 -0.00887874  0.00164517 -0.00025042 -0.0075458  -0.01022375
  0.00188646  0.00248816  0.01300072]
[ 0.02427849 -0.02481031 -0.00116354  0.01733139 -0.02633948 -0.0001447
  0.02002035  0.02660861  0.01246583  0.00486771 -0.01902744  0.01704963
  0.00987518 -0.02386476 -0.0042015   0.01055559 -0.02794502 -0.00037649
  0.02584589  0.02469862  0.0020016 ]
[ 0.00886852  0.0100315   0.01900424 -0.01080605  0.0053559  -0.00655288
 -0.00749863  0.0149551   0.01547903 -0.00871158 -0.00531564 -0.00681808
 -0.00997823  0.01539241  0.00784868  0.02065059  0.00503502  0.01056754
 -0.00056306  0.00180434  0.01673931]
[ 0.01274919  0.01389315  0.00309457 -0.00249202  0.00110726 -0.00880093
 -0.00222818 -0.01035058  0.00609606  0.00450787 -0.02256357  0.00534705
  0.01282401  0.00370769  0.00224452 -0.00118168  0.0008611   0.00114137
 -0.00562509 -0.01519012  0.03030462]
[ 0.00989828 -0.00984091 -0.00259755 -0.00528434 -0.00488483  0.00027285
 -0.00499184  0.00063831 -0.00463877 -0.00123941 -0.00122128  0.02460896
 -0.00642245  0.00141533  0.00165462 -0.00144378  0.01229721  0.0064547
  0.0129858  -0.02121071 -0.008293  ]
[ 0.00498034  0.00466387 -0.00550068  0.0097131   0.00451458 -0.00220294
  0.0015916   0.00512753 -0.00273919 -0.00117163  0.00263479 -0.00046427
  0.00457322 -0.00561655 -0.00195562 -0.00073161 -0.0143349   0.00521765
 -0.0124844  -0.00706643 -0.00510923]
[  3.55799911e-03  -1.77480444e-04  -3.67388730e-03   1.62633256e-03
  -8.03319293e-04  -6.95991725e-03   6.54739014e-03   1.10189710e-02
  -1.81101007e-03   4.89743101e-03   4.09783083e-05   1.30641152e-03
  -8.93678326e-03   1.69024853e-03   5.05262239e-03   5.65761525e-03
  -2.41104085e-03  -1.02756878e-02  -7.67233425e-03  -5.08644725e-03
  -7.08208504e-04]
[ 0.01908674 -0.02017918 -0.01118034 -0.00671587 -0.03381031 -0.007594
 -0.01207281  0.00150983  0.0108313   0.00345321  0.00151693 -0.04046501
  0.02850926 -0.00435051 -0.01394714  0.02139105 -0.00098152  0.0011049
  0.0201891   0.00065357 -0.0035532 ]
[ 0.00780081 -0.00867211 -0.00279919  0.00106544  0.007579   -0.00280069
 -0.00187146 -0.0040395   0.0057816   0.00262274 -0.01347    -0.00418752
 -0.00153239  0.00561865 -0.00869829 -0.01418406  0.00532289  0.00943101
 -0.00108113 -0.00167671 -0.0056385 ]
[ 0.01144466  0.01018691  0.01999378 -0.01835337  0.0095235  -0.00898406
 -0.01334444  0.00908716  0.02787485  0.00293422  0.00561538 -0.00513298
 -0.00652789 -0.01585138 -0.00897118  0.00506285  0.00244488  0.01322704
 -0.01398136  0.00733372 -0.00412317]
[ 0.01590741  0.01619687 -0.00990694 -0.01136086 -0.00757461 -0.02403071
  0.01136552  0.00661105 -0.00924242  0.01228642 -0.00067513 -0.00633707
 -0.02280895  0.00094699  0.00831528  0.00853525 -0.00217816 -0.01160686
 -0.00317124 -0.02979086  0.00721653]
[ 0.02391    -0.02551306  0.00459869 -0.01045766 -0.00026118  0.01367201
  0.00391183 -0.0148179   0.00234164  0.00724491  0.01295666 -0.01825526
 -0.00314001  0.00239542  0.0056958  -0.01175135 -0.00776245  0.01269067
 -0.00893894 -0.01629048  0.01094909]
[ 0.0119316   0.01200437  0.01231381 -0.0111265   0.00514507  0.00618507
 -0.01492646  0.01098805  0.00677169 -0.01278634 -0.00102536 -0.00320115
 -0.01567029  0.03871932  0.01949224  0.01741592 -0.00853427  0.00409359
  0.00156479  0.01689431  0.01798701]
[ 0.01038282  0.00900326 -0.00396868 -0.00087011 -0.0185346  -0.00711822
  0.01302859  0.02232605 -0.00386707  0.00829649  0.00647687  0.00836787
  0.00360875  0.01718575 -0.01345647 -0.00265694 -0.01440873 -0.00986569
 -0.03324086  0.00058679 -0.00993358]
[ 0.01410541 -0.01677687 -0.00999117  0.00167288  0.01408282  0.01052083
 -0.00293965 -0.01679863  0.0118311   0.00944352  0.00156037 -0.03977614
  0.00432014  0.01348383 -0.00366072  0.015636    0.0247851  -0.00753308
 -0.01331643 -0.00710421 -0.02912191]
[  1.14373800e-02   9.43058663e-03  -1.91974995e-02  -2.33176570e-03
  -1.24700912e-03   1.49316622e-03  -5.80606847e-04  -6.85062822e-03
  -9.93725203e-05  -2.87806941e-02   1.62137595e-02  -8.08852064e-03
  -9.95905034e-03  -8.81331094e-03  -1.47896585e-02  -1.42654782e-02
   1.63112595e-02  -3.11494003e-02   1.16851468e-02   1.35188474e-02
   2.93118707e-03]
[  9.38947208e-03   8.99329702e-03  -1.78969305e-03   3.96822905e-05
   7.31499439e-03  -1.04209747e-02   1.27917063e-03  -7.29621656e-03
  -4.92636702e-04   5.89408944e-03   2.69929619e-02   2.03958933e-03
   1.40553986e-02  -7.16757803e-03  -4.33746858e-03  -8.52834341e-03
   1.04849267e-02   6.05874438e-03   3.33255363e-03   1.50964395e-02
   4.75775467e-03]
[ 0.01272016  0.01420748  0.02065171  0.01065746  0.00490287  0.00984127
 -0.00040968  0.00143577 -0.00038826 -0.01146812 -0.01732073 -0.00312245
  0.02137395  0.01759182  0.00937316  0.00903292 -0.0026287  -0.00678066
  0.00717082 -0.00929887  0.0063074 ]
[ 0.00541278  0.00642197  0.00299931  0.0077517   0.00183346 -0.00285526
 -0.01173967 -0.00712499  0.00199145  0.00848348 -0.00154538  0.00455145
  0.01227959 -0.00895666 -0.00380302  0.00071007 -0.00327264 -0.00538331
 -0.00250763 -0.00458223  0.00783145]
[ 0.00985284 -0.01093725  0.00128288  0.00196536  0.00352578 -0.00225885
  0.01938121  0.00387668  0.00549935  0.00250102 -0.00123178  0.0074617
  0.00085061  0.00142216  0.00708718 -0.00249442 -0.00207671 -0.00718212
  0.00186805  0.00501604  0.00079968]
[  1.34586390e-02  -1.38311933e-02   1.81887097e-03   3.52650503e-04
  -1.31845048e-03   2.00113123e-02  -1.13457523e-02  -5.00796072e-03
   1.01870997e-03  -1.15212917e-02   1.63009325e-02  -9.90786148e-03
  -1.30711079e-02   6.02226019e-06  -1.93613155e-02  -4.32533350e-03
  -8.79747168e-03   7.18595251e-03  -9.88686533e-03  -3.01265728e-02
   5.48434471e-04]
[  4.83325280e-04   6.48755799e-04   5.81186991e-04   1.88363392e-03
   2.85825004e-04   1.11047159e-03   1.50030882e-03   3.34833699e-03
   4.30253502e-04  -2.12476213e-03  -3.96909876e-04  -1.90961801e-03
  -2.33274112e-03  -4.20347861e-03  -7.78601453e-05  -6.08661005e-05
   1.33448823e-03   1.05442414e-03   8.22085374e-04  -1.88289749e-03
   4.35072040e-04]
[ 0.01229213  0.01189873  0.00741589  0.01472125 -0.00493349  0.02453293
  0.01429688  0.02284687  0.00048954 -0.00938524 -0.00685139 -0.01492539
 -0.01864889 -0.01265075  0.0091931   0.00108967  0.01712559  0.00123014
  0.00295565  0.00716489  0.00470479]
[  1.02739883e-02   9.59381069e-03  -1.50931999e-02   1.53782185e-02
  -1.67293268e-03   6.00528368e-03   7.63080962e-03   6.83405738e-03
  -1.28194936e-02  -4.36918815e-06   1.38154218e-03  -5.89291815e-03
  -5.60589418e-03   3.95587429e-03   3.26336462e-03  -1.89760483e-03
  -8.85699042e-03   2.04278356e-02   6.27635108e-03  -1.13673534e-02
   4.11106999e-03]
[ 0.00615319 -0.00347246 -0.00796538 -0.00157582  0.00905537 -0.00063959
  0.00054918 -0.00186486 -0.00301065 -0.00140189 -0.01654158 -0.00267224
  0.00318221  0.01375382 -0.00800218 -0.01341009  0.00832695  0.00934394
 -0.00188245 -0.00022521  0.00896197]
[ 0.00801546  0.0056194  -0.00778436 -0.00266058  0.00603056 -0.01454974
  0.01343997  0.00790636  0.00100377  0.00856613  0.02129124  0.0041861
 -0.0005227   0.00299042 -0.00282081  0.00726528  0.01676102  0.00341953
  0.00468264  0.00550761 -0.00190401]
[ 0.02218587 -0.02254947  0.00395199  0.0173577   0.02724309 -0.01147348
  0.02052357 -0.00070419  0.01063741 -0.02203434  0.00291774 -0.00259819
  0.00645614 -0.00277906 -0.01566815 -0.01255136 -0.00508427  0.00686449
  0.00638932 -0.00523769  0.0011919 ]
[ 0.01436496  0.01488401  0.02675439 -0.00234025  0.01121864 -0.01036118
 -0.01015068  0.00296659  0.02536015 -0.001349   -0.00144284  0.0061982
 -0.00012349 -0.01728876 -0.01246325  0.00914804  0.00116854  0.00540433
 -0.00866546  0.01072694 -0.01214308]
[ 0.01133581  0.01388365  0.00093582 -0.01327628 -0.00165486 -0.01616223
  0.00488757 -0.00514481  0.00648157  0.00864091  0.01739998  0.00685221
 -0.00165128  0.00515964  0.00789571  0.00210476  0.00724041 -0.00284193
  0.01415991 -0.00142699 -0.0173152 ]
[  7.41496599e-03   7.74633015e-03  -1.38081136e-02  -6.57777869e-03
  -1.82657441e-03   1.12119237e-02  -7.08121090e-04  -5.36354033e-03
   5.84280256e-04  -6.51105585e-03  -6.85937000e-05   4.43718803e-03
   7.49695682e-04   2.49499179e-03  -3.69085576e-03  -4.42381697e-03
  -2.02929309e-03  -1.76206419e-02  -1.20049265e-02   7.28892907e-03
   7.70713684e-03]
[  8.87367995e-03   9.48052230e-03  -3.75343554e-05   1.48265408e-02
   2.97562965e-03  -2.01002732e-03  -1.36722543e-03   2.20544270e-02
   4.96672637e-04  -7.82313048e-03   1.38558947e-02  -4.77058951e-03
  -9.37381222e-03   7.24290004e-03   4.95640377e-03  -8.46822649e-05
  -1.02529773e-02   4.27921624e-03  -5.95024796e-03  -9.40133447e-03
  -6.79538090e-03]
[ 0.01050776 -0.01197432 -0.00654982 -0.00113643 -0.02589582 -0.00273368
 -0.01182602  0.00035613  0.00673609  0.0032912   0.00889552 -0.02433609
  0.01546384 -0.00195379  0.00756474  0.00027606 -0.00872309  0.0061086
  0.01510022 -0.00098978  0.00134169]
[ 0.00467348 -0.00497628  0.00549219 -0.00334337  0.0123267   0.00247641
 -0.00142156 -0.00649927 -0.01112981  0.00484858  0.00885847 -0.00902769
 -0.00484725 -0.00157365 -0.0047616  -0.00252883 -0.00124484 -0.0034478
 -0.00205328 -0.0006733   0.0035993 ]
[ 0.01327944  0.0139523   0.01734821  0.01842078 -0.00508027 -0.00310702
 -0.00612624 -0.00338559 -0.00467606 -0.00886579 -0.00825727 -0.00271869
  0.0155764   0.00614843 -0.01968894 -0.00673948 -0.00622637 -0.00856595
 -0.0036645  -0.01660134 -0.01420281]
[ 0.00842482  0.00773721 -0.00396375  0.01452672 -0.01300938 -0.00060863
 -0.00114815 -0.01214741 -0.00410433  0.00192587 -0.01203635 -0.00469344
 -0.02474139 -0.01139791  0.00025172  0.00104938  0.00268461  0.00965204
  0.00440481  0.00495991  0.0037238 ]
[  2.01788136e-02  -2.19077019e-02   6.37150000e-04  -1.73507992e-02
   1.20699336e-02  -1.34150119e-02  -2.69724506e-02   1.04047330e-02
  -2.01016968e-02  -2.63447812e-03  -3.72979410e-03   1.13571106e-02
  -1.13562942e-02  -7.67610096e-03  -1.08098300e-02  -1.29820171e-05
  -6.58818811e-03  -1.22990760e-02   1.29896364e-02   1.14890015e-02
  -3.14812953e-04]
[  1.01272840e-03  -8.23127891e-05   1.12808377e-03  -2.00181584e-03
  -3.58952930e-03   2.08484205e-03   2.20307735e-03   1.27356129e-03
   4.69739800e-04   8.79299912e-04   2.40615546e-05  -7.26226851e-04
  -7.88255720e-04  -1.50705441e-04   5.86719613e-03  -1.07024555e-02
   3.09065228e-03   1.35574822e-04  -1.85500591e-03   3.29355534e-03
   5.13974844e-04]
[ 0.00823032 -0.00655059 -0.00193777 -0.00459011 -0.00495886  0.00634311
 -0.01763032 -0.00340323 -0.00782827  0.01295636  0.01665403  0.01166988
 -0.00512896 -0.00345711  0.01201278 -0.00730514 -0.0005612   0.00829903
  0.00616513 -0.01695757  0.00070942]
[ 0.00569135 -0.00428547 -0.00324647 -0.00787416 -0.01286779  0.01183371
 -0.0012584   0.00467325 -0.00984724 -0.00067389  0.00768042  0.01635617
 -0.00188744  0.00268882 -0.01382849  0.0093909   0.00813717  0.0046877
 -0.00881176  0.00037876  0.00166591]
[ 0.00413146 -0.00196679  0.00643163 -0.00812387 -0.00427022  0.00630191
 -0.0031839   0.00642348 -0.00310448  0.0076959   0.00145587 -0.00627364
 -0.00181424 -0.00647239 -0.00972302  0.00920765 -0.00313602  0.00521115
  0.00468331  0.0038436   0.00881859]
[ 0.00137746  0.00121848  0.00610108 -0.00194272  0.00066546  0.00188055
  0.00284103 -0.00456247 -0.01082032  0.00050066 -0.00246805 -0.0044633
  0.00190423 -0.00346619 -0.00049004 -0.00011575 -0.00502693  0.00256835
 -0.00096689  0.00057196 -0.00489636]
[ 0.01025192 -0.01070254 -0.00363517 -0.0026672  -0.00313015 -0.00902444
 -0.00376575  0.00711108 -0.0050881   0.00577936 -0.01074872  0.00057332
  0.00278205  0.0197129  -0.01873646 -0.00855046 -0.01011973  0.00416753
  0.01020471  0.01754517 -0.00209101]
[ 0.01535823  0.01587218  0.00808759 -0.00057037 -0.0044883   0.00718362
 -0.02488566 -0.01114718  0.02085246  0.01312676 -0.00301579  0.01041094
  0.00891628  0.00347795  0.00169205  0.00700871  0.00880178  0.00491672
 -0.01334635  0.02300091  0.00800556]
[ 0.01693114 -0.01690567  0.0030596  -0.00507911 -0.01704153  0.00051719
 -0.00131355 -0.00036347  0.00522214 -0.00203476  0.00900861 -0.02358035
  0.01892148 -0.01020227  0.04354713 -0.01234374  0.00251101 -0.00414946
 -0.01531368 -0.01235446  0.00697823]
[ 0.01230506 -0.00994674 -0.00313861  0.00704312 -0.0118448  -0.01746632
  0.02427359 -0.01029142  0.0136495  -0.00406308 -0.00477909  0.00550034
  0.00662113 -0.0046832   0.02129982  0.01028289 -0.02020803 -0.02134474
 -0.00171923  0.01536541 -0.00933826]
[ 0.00888901  0.00750819  0.00451032 -0.01913425 -0.00339211  0.00268214
  0.00366962 -0.00881595  0.00757849  0.00119857 -0.00126119  0.00932578
  0.00528596  0.00978506  0.01583773 -0.00994676  0.00544409 -0.00834094
  0.00282178 -0.00705023 -0.0013531 ]
[ 0.00517641 -0.00619103  0.00271012  0.00016314  0.00610551 -0.00452899
 -0.01226682  0.01190287 -0.01918433  0.00750491 -0.00656211 -0.00318395
  0.00531467 -0.00120912  0.00826675  0.00166217  0.0105103  -0.01178523
 -0.00324659  0.00485577 -0.00724327]
[ 0.00258275 -0.00285051 -0.00283632  0.00298441  0.00998648 -0.00613371
 -0.00627838  0.0069766  -0.00645039  0.00250858 -0.00849666 -0.00274468
  0.0015678   0.00197755  0.00271212 -0.0065303   0.00869825  0.00158843
 -0.003853    0.00688628 -0.00144624]
[ 0.00829231  0.00803431 -0.00050575  0.00038704 -0.02016852  0.01450353
  0.00329984  0.00981008 -0.00219794 -0.00510498 -0.003353   -0.01073156
 -0.01331832  0.00421152  0.00312606 -0.01937754  0.0166619  -0.00282151
 -0.01090536  0.01317109  0.00563783]
[ 0.00885824  0.00881555 -0.00462791  0.00210005 -0.00468317  0.02662381
 -0.0019612   0.00481947  0.00058624 -0.00145698 -0.00926658  0.01050863
  0.00441874  0.00103258 -0.00169654 -0.00927911 -0.00270109 -0.00083538
  0.00452306  0.00363647 -0.01056151]
[ 0.00825434 -0.00601015  0.00448599 -0.00879503 -0.00435841  0.00051926
  0.00029997  0.00469471  0.00900888  0.00847919  0.00068292  0.01082473
 -0.0101004  -0.00253701  0.01182692 -0.03091457 -0.00872793  0.00235948
  0.00828365  0.0140829  -0.00847025]
[ 0.01036737 -0.00866754  0.00027739  0.00755728 -0.00096881  0.00679197
  0.01194043 -0.00727572  0.01293704  0.01534651  0.01031207 -0.00603868
  0.0068972   0.00755935  0.01599126  0.01567722 -0.0012993  -0.00288488
  0.00681377  0.00533686 -0.01759485]
[ 0.00966461  0.01246894 -0.00013891  0.00934616 -0.01249649 -0.01259312
  0.00975156 -0.01491513 -0.01520041 -0.01042352  0.00225707 -0.00965594
 -0.01092811  0.00429657 -0.00071688 -0.00561095 -0.00399527  0.0075205
 -0.00590873  0.01367747 -0.00796093]
[ 0.01532175  0.01432835 -0.01164128  0.00602897 -0.01981054 -0.01730073
 -0.00907285 -0.00875263 -0.00299896 -0.00406126  0.00176062 -0.02042779
 -0.00139527  0.02442874 -0.00899006 -0.00126292  0.01244478 -0.01187782
  0.0148756  -0.0047335   0.01066042]
[ 0.00347219  0.00137348  0.01157235 -0.00723338  0.00513835  0.00862136
  0.00661715  0.00169272 -0.01886046  0.01087366 -0.00067297 -0.00800838
 -0.00012039 -0.01014504 -0.00256525  0.00387067 -0.0025673  -0.00729169
  0.0071164   0.00193788  0.00101405]

Right eigenvectors

[ 1.         -0.9083422  -0.29406283  0.65454714 -0.63484414 -0.17828468
 -0.26222786  0.13141811  0.16811707  1.27736857 -0.98182458  0.65135806
 -1.2315923   0.03684296 -0.05245188  1.00604248 -1.05150257 -0.17262537
  0.79610779  1.2944196   0.04013729]
[ 1.          0.89881851 -2.31575901 -1.8688808   1.01762576  0.16304835
  0.47735138  0.69706613  0.2239162  -0.05033303 -1.17441502  0.5936062
  1.44073356 -1.19950975  0.03549983  0.26220987 -0.06034111 -0.57638341
  0.02496543 -0.6845351   1.83208011]
[ 1.          0.58949742  0.66204706 -0.98537552  0.04513486  0.27762922
  1.82759803 -0.48747414 -0.72064659  0.50450924 -0.21152081  0.76484178
  1.05673909  0.3140897  -0.10342628 -1.0469796   1.15362177  0.39237184
 -0.01261336 -0.45564553  0.26365168]
[ 1.         -0.60113162  0.10505981 -0.32732154  0.20362859  1.47802552
  1.7325838  -0.52235673  0.29176993  0.59720607  0.21041117  0.70284123
  0.77749852  1.49920904 -0.62295235 -0.41612037  0.45421065  1.36049588
  1.10300338 -0.41878848  0.44164828]
[ 1.          1.14262348 -1.51706681 -1.33076532  0.82526381 -1.65027861
  1.31866665 -0.04256193 -0.30744101  0.57153988  0.55398133  0.35583759
  0.01374124 -0.50427012 -0.17301647  0.00799087  0.58241024  0.24319399
  2.04484528 -1.03197757  0.93584345]
[ 1.         -1.1839276  -0.09393251  0.59663469  1.1053859   0.00692345
  1.42121679 -0.73763408  0.96482688  0.08386085 -0.1773314   0.17815524
 -0.06375372  0.33525097 -0.46650646 -0.6276054   0.43240657  0.03386968
 -0.34186025  0.484558    0.34853597]
[ 1.         -1.24607613 -0.06096616  0.14703651  0.04932141 -1.19325322
 -0.25981385 -0.38717084  0.73204082 -1.11571748 -0.66051505  0.19835881
 -0.02858922 -1.07929764 -0.58405499 -0.41595115 -1.73143316 -0.35569669
  0.20760158  1.19157989  0.49747807]
[ 1.          1.09282372 -1.16557808 -1.54760078  0.42835751  0.24478311
  0.80536706  0.56194431 -1.20963558  0.01119896  0.87118934 -0.18647908
  0.76049587  0.69448495 -0.63168054  0.54395129 -0.26228152  0.7361772
  1.84806982  0.5192326   0.63134591]
[ 1.          1.30049314  1.28522715 -0.59063485 -1.99557304 -2.07334746
  0.47334257 -3.19756365 -2.29532115 -2.01911834 -0.47719905  0.08103134
 -0.97104733  0.12248736  1.72114097  1.80647679  1.25438964  3.52622231
 -0.54386951  1.86570347  0.02634232]
[ 1.          1.12569792 -2.12569545  2.01629273  1.61316933  0.0591566
 -0.71467639  0.11935872 -0.65631932  0.12361594  2.04414442  0.25986559
  0.18924266  0.12213484  0.86720586  0.05441758  0.13774784  1.26733445
  0.05875956  1.34255409 -0.11255318]
[ 1.          0.88741604 -0.40273395  2.75257792  0.3577445   0.34694107
  0.38968826  0.9915745  -0.48449756  1.64850489  0.53224966  0.42554268
  2.03235105 -0.20501739  0.51247617  0.1431674   0.01688442  0.41385168
 -1.12766473  0.0204432   0.07316553]
[ 1.         -0.97217736  0.01170656 -0.29047688 -0.39142048 -0.04265982
 -0.24392647 -0.03655766  0.3300624  -0.18620385  0.57673762 -0.6027191
 -0.09278262  0.36952603  0.05067447 -0.92219236 -0.3842076   1.10528413
 -0.30946781 -0.79067887  0.25446712]
[ 1.         -1.2771965   0.03554305 -0.31491799 -1.42090928  0.23175858
 -1.2245837   0.22330019 -0.92383506 -1.70579017  0.20586214  0.76152398
  0.99005478 -0.99280836  0.44456258  1.92007066  1.60769714 -0.26856993
 -0.94739805 -0.3410294  -0.56899423]
[ 1.         -1.04794892  0.29177321 -0.30276256 -1.53207166  0.02492133
  0.53994125 -0.98809593 -1.73808809 -2.87717765 -0.54488864  3.94171577
  0.73786918 -0.54554414  0.9912369   3.15118582  3.34875343  2.19109426
 -0.16401521 -0.40558807 -1.99792252]
[ 1.          0.83244201 -1.47089751  2.92015446 -1.41891948  0.04375987
 -1.75693822 -1.72311635  0.39987107  4.35217874 -3.32504262  0.53493284
 -3.75008133 -0.2475478  -0.55990458  1.81594284  0.50461521 -0.20853847
  1.46648185 -0.50648657  0.29267845]
[  1.00000000e+00  -1.47693889e+00  -2.45884022e-02   1.96738568e-01
   2.12634446e+00  -1.36624146e+00  -1.72545028e+00   1.72486694e+00
  -2.78867841e+00   1.50158444e+00  -1.20095852e+00  -9.61472843e-01
  -1.05734011e+00   3.42715615e-01   2.44193882e+00  -1.96528622e-04
   1.94164348e+00  -3.12454749e+00  -1.78080686e+00   4.75906010e-01
  -1.79206772e+00]
[ 1.          0.53490326 -0.61657266 -1.86813605  1.1943043   0.04235363
 -1.27975509 -1.23856805  1.35394315 -3.6801575   1.23450597 -0.71917143
 -1.45845861 -2.71286167 -1.6652435  -0.03424595 -1.46814072 -2.92301491
  0.20703454  2.5383487  -3.14594089]
[ 1.          0.87265269 -0.76296555  2.25709405  0.85282156  0.46685462
 -3.18073372 -1.9982823   0.57760004  3.05471532  2.18334788  1.89589668
  0.46907316 -1.31061161  0.64232995  0.20269749 -0.11964457  1.18263345
 -1.10208221  1.55421743  0.72693513]
[ 1.         -0.97728269 -0.41618682 -0.29114162  0.72614707 -0.92110521
 -0.40158413 -0.11479856 -0.53198052 -0.5185404  -0.90266465 -0.56460386
  1.47888374  0.42984263 -1.05013124 -0.25075653  1.05243898  0.44626619
  0.66399131  0.2973536  -0.54013589]
[ 1.          0.9926837   2.36151105  0.63714839  1.34582494  3.02569468
 -0.18567123 -0.37210199 -1.59169616  0.68018998  0.67569597  0.13374734
  2.44655781  1.65144495  1.82992657  0.56498949 -2.79103481 -2.29613952
  2.6356941  -0.32305349  0.10825443]
[ 1.          0.94211665 -1.3103204   0.87576372 -0.54299864  1.72475315
 -0.89056438 -0.68784622  0.27169941  1.50917698 -1.8323713  -0.07818735
 -0.56698501 -0.57565804 -0.07669662  0.00744844 -0.00966941  0.6784753
  0.81531719 -0.00590721 -0.45609703]
[ 1.         -0.82918022  0.23069428  0.23498847  0.11920809  0.31798865
  0.06766508 -0.46412279 -0.06309711  0.11568985  0.53780188  1.2457361
 -0.86372095  0.01727718  0.13973709  0.13896714 -0.10118506 -0.20060789
 -1.26401115 -1.23892844  1.07488778]
[ 1.          1.08754473  0.79935105 -0.68743226 -0.03131873 -0.05067766
  0.3594293   0.75493906  0.73680206  0.80900682 -0.27435786  0.1758619
 -2.01957648 -0.94007667  0.31340514 -0.4559122   0.53672512 -0.06708506
  2.02451537 -0.79974416 -2.61982864]
[ 1.         -0.61039043  1.20802839  0.88293958  0.93173151  1.06045988
  3.44117409 -0.52584324  1.47036164  0.53664798  0.3784546   0.05924792
  0.4888228   0.73551709  0.21423764  2.94680702  3.03972042  0.92338967
  0.58444597  0.3669303  -2.24284426]
[ 1.          0.77033864  0.23566392 -1.22647087 -0.87226643  0.43470049
  0.33039673  1.14693811 -0.06374678  0.41096254  0.40686495 -1.04734749
  1.36294374 -2.70550957 -0.73396525  0.19219156  1.34400818 -0.4547844
 -0.7432638   0.73938954  2.06365072]
[ 1.         -0.33220104  0.07402761  0.97176495  2.50238195 -1.97162384
 -0.1243129   2.72298175  0.94203226 -0.91287678 -2.18641238 -0.48414578
  2.36604831 -1.58255912  0.71610029 -0.60260144  1.91410134  1.85997082
 -1.10169382  0.93362948  1.40017263]
[ 1.          1.03234724  1.33331342 -0.59009729  0.44993452 -1.36078661
  0.33359299 -2.090202   -2.35648646 -0.90678187  0.98443718 -0.26071517
 -0.30657915 -0.42512275  0.7089489   0.23980395 -1.48405051  0.89889092
 -0.06698026  0.9254122  -0.1697639 ]
[ 1.          0.86314293  0.62513133  2.05042611  1.854369    1.50797105
 -1.10439206  0.36994195 -0.49655211 -3.53565542  2.54190224  0.38747668
  0.95811922  1.93357659  0.90913607  0.09225448 -1.17040466 -2.12577246
  2.44111446  0.3767085   0.40670509]
[ 1.          1.05069478 -3.67156441 -2.68030727  2.19298453  1.65713321
 -0.34980645 -0.56603575  0.50675337 -0.84134193 -1.3387506  -0.6774911
 -0.27997567  0.01867779  1.06532068  1.16148267 -2.02957363  1.37029247
 -0.73108469  0.63282558 -2.19936869]
[ 1.          1.01302978  0.29785209  0.25134356 -0.27095153  1.69217611
 -0.95467313  0.4666873   0.66555834 -0.67106992 -0.72216248  0.5582083
  1.00633606 -0.04362637 -0.38541654 -0.57708182  0.34917735 -1.56323824
  1.19920926 -0.79854357 -1.08923917]
[ 1.         -0.76987636  1.77280199 -0.2991648   1.20901696  0.6988285
  0.34475279 -0.38123076 -0.04990489  0.70263675  0.57654768 -0.43567052
 -0.72916172  1.13334811 -0.59799847  0.00757883 -1.33115697  0.3115758
  0.14948683  0.04651785  1.61835708]
[ 1.          1.30244845  0.839368    0.65892309 -1.20386924 -2.05503774
  0.22291778 -2.3653004  -0.72959506 -1.11250534 -1.37902658 -0.26391144
  0.08743338 -0.12922489 -0.87108967 -0.24716652 -0.64039889 -0.30356074
 -1.34928338  0.23181815  0.36606657]
[ 1.         -0.94213903 -0.36539811  0.50759717  0.15888926  0.41585418
 -0.17606514 -0.01241757 -0.4525485  -1.34522035 -0.09286643  1.78410519
 -0.35249903 -0.1492453   0.49362867  0.25580031 -0.31154336 -0.3693716
  0.49879648  0.37969762  0.68936738]
[ 1.         -0.86622815  0.37724467  0.61532844  0.96922341 -0.51532232
 -0.00853762  0.06972874  0.13102211  0.13134512 -0.75012378  0.1992832
 -1.04085556  1.1148837  -1.16757122  0.56260792  0.18471303 -0.76413476
  0.03724582 -1.01759566 -0.43115772]
[ 1.          1.20060114  0.83243099 -0.36594392 -0.43064495  0.28500477
  0.56698177 -1.25458937 -1.62515288 -0.78633514 -1.73013091 -0.26042517
  0.51240727 -0.05185632  0.50071907 -0.24466351 -0.44515709  1.78059379
 -1.12779956  0.48253331 -1.52008228]
[ 1.          1.01405438  1.09949706 -1.06450559  0.07856854  0.02994252
 -0.26521426 -0.30424395  0.88740656  0.704092    0.11649019  0.68861586
  0.21726063 -0.28555109 -0.73735042 -1.07944241 -0.41941162 -0.83498819
 -0.88635688 -0.77695596 -1.70943433]
[ 1.          0.09571117 -0.38438595 -0.54690056 -2.16095766 -3.53456531
  2.46746809 -1.26406464  1.36592727  0.7168809  -1.78472754 -1.11754036
  1.52292733 -0.8228657   6.7323363   0.72965943 -2.17564757 -3.84419039
 -2.55176074 -3.95364505  3.95876738]
[ 1.          1.20554518 -0.42818131  1.02757259 -0.81030531 -1.92640083
 -1.1807147  -1.8541197   0.18126753  1.19158261 -0.20808487  0.18820368
 -1.55562693  0.81711891 -0.72587289  0.17400033  0.95948531 -1.88747733
  1.35437992 -1.24068412  0.23984479]
[ 1.         -0.75602561  1.870268    0.35201437  1.50985074  2.27095102
  3.98711741 -0.66578983  0.32968376  1.83191857 -0.24037427  0.28948342
 -1.39595035 -0.24902033 -1.17379064  1.58702773  0.82319124 -0.59159306
  0.22415635  1.2243651   1.36072588]
[ 1.          0.87190578  0.12722712  1.08225913  0.69425886 -0.75012969
  0.39558376  1.54342128  0.37722077 -1.2670678   0.16239225 -0.49978801
 -0.45431558 -2.36441741 -0.76308432 -0.12892794 -0.34812868  0.63034607
  0.32098766 -1.76162901 -0.09101457]
[ 1.         -1.00092054  0.68184448 -0.78141707 -0.19238599 -0.35074341
 -1.51312771  1.88327214 -0.46418737  0.39164473  1.31677148  0.08791479
 -0.96224544  0.52485918  0.97902099 -0.94759626 -1.05501941  1.0220215
  0.00339     0.58325717 -0.4523708 ]
[ 1.         -1.09511711  0.16078934  0.17071492  0.01242404 -0.4807435
 -0.35197786  0.02406854 -0.11537048 -1.37317575 -0.27234974  0.87103376
  0.00969902 -0.32011484  0.56709005 -0.22304548  0.24180417  0.65233202
 -0.06515628 -0.24749057 -0.01023726]
[ 1.         -0.924281   -0.95090148  0.26171766  0.45079009  2.02985566
  0.49346015 -2.23319407  0.45927818 -0.28856792  0.88756117 -0.278064
 -1.68632325 -0.62849212 -0.25956398  1.26533907  0.2462634  -1.76945699
 -2.69993769  0.90089812  1.38675021]
[ 1.         -0.03473335 -1.91989467 -2.1103947  -4.53343613 -0.21730331
  1.3482505   4.34650466 -2.48453924  1.5930619   1.78792453  1.67809422
  2.41411098  5.18211823 -7.31618001  1.7825113  -2.418147    0.15568219
 -3.93723324  2.57382162 -1.476212  ]
[ 1.          1.46819858 -8.59445367 -6.77602533  4.44005655  1.89850621
  0.51041646 -0.01063628  0.66703098 -1.00850942 -4.25914978 -1.35659925
 -0.72386896 -1.38685495  3.58320475  4.1944489  -5.88959183  2.06244704
 -2.46168809 -2.06729689 -3.3925293 ]
[ 1.         -0.95722172  0.47312841 -0.3961908   0.69475742 -0.34357122
 -0.60608465 -0.43942088 -1.50056606  0.37880986 -0.63770199  1.05070337
 -0.41959029 -1.0781443   0.19977323 -0.03040844 -0.91628594 -1.2414687
  0.22907276  0.30213734  1.57867626]
[ 1.         -1.02190496 -0.04792468  0.71385774 -1.08488964 -0.00596016
  0.82461291  1.09597469  0.51345167  0.20049498 -0.78371622  0.70225242
  0.40674621 -0.98295915 -0.17305457  0.43477118 -1.15101973 -0.01550731
  1.06455922  1.01730465  0.08244342]
[ 1.          1.1311364   2.14288905 -1.21847309  0.60392244 -0.73889307
 -0.84553347  1.68631409  1.7453916  -0.9823037  -0.5993833  -0.76879625
 -1.12512938  1.73562377  0.88500495  2.32852831  0.56774083  1.19157915
 -0.06348976  0.20345415  1.88749799]
[ 1.          1.08972836  0.24272716 -0.19546506  0.08684962 -0.69031301
 -0.17477001 -0.81186151  0.47815285  0.35358106 -1.76980411  0.41940322
  1.0058688   0.29081786  0.1760519  -0.09268646  0.06754124  0.08952468
 -0.44121182 -1.19145771  2.37698426]
[ 1.         -0.99420329 -0.26242465 -0.53386427 -0.49350296  0.02756534
 -0.50431347  0.06448697 -0.46864392 -0.12521471 -0.12338297  2.48618447
 -0.64884498  0.14298744  0.1671624  -0.14586165  1.24235777  0.65210327
  1.31192446 -2.14286774 -0.83782152]
[ 1.          0.93645709 -1.10447925  1.95029005  0.90648004 -0.44232823
  0.31957675  1.02955562 -0.55000169 -0.23525165  0.52903765 -0.09322154
  0.91825586 -1.12774437 -0.39266863 -0.14689949 -2.87829885  1.0476502
 -2.50673749 -1.41886585 -1.02587982]
[ 1.         -0.04988209 -1.03257117  0.4570919  -0.22577838 -1.95613237
  1.84018881  3.09695721 -0.50899677  1.3764565   0.01151723  0.3671759
 -2.51174409  0.47505592  1.4200741   1.59011148 -0.67763953 -2.88805239
 -2.15636205 -1.42958081 -0.19904685]
[ 1.         -1.05723569 -0.5857651  -0.35186074 -1.7714034  -0.39786785
 -0.63252325  0.07910337  0.56747772  0.18092202  0.07947538 -2.12005919
  1.49366869 -0.22793341 -0.73072439  1.12072835 -0.05142411  0.05788862
  1.05775548  0.03424224 -0.18616072]
[ 1.         -1.1116944  -0.35883305  0.13658128  0.97156695 -0.35902518
 -0.23990624 -0.51783169  0.74115429  0.33621435 -1.72674466 -0.5368064
 -0.19643945  0.72026483 -1.11505086 -1.81828169  0.68235143  1.20897906
 -0.13859223 -0.21494003 -0.72281022]
[ 1.          0.8901015   1.74699699 -1.60366229  0.83213506 -0.78500053
 -1.16599706  0.79400873  2.43562133  0.25638343  0.4906551  -0.44850469
 -0.57038723 -1.38504631 -0.78387481  0.442377    0.21362604  1.1557396
 -1.22164933  0.64079861 -0.36027016]
[ 1.          1.0181968  -0.62278764 -0.71418691 -0.47616848 -1.51066158
  0.71447958  0.41559581 -0.58101374  0.77237103 -0.04244125 -0.39837231
 -1.43385706  0.0595313   0.52273001  0.53655834 -0.13692727 -0.72965138
 -0.19935605 -1.87276591  0.45365847]
[ 1.         -1.06704547  0.19233345 -0.4373759  -0.01092343  0.5718113
  0.16360642 -0.61973637  0.09793563  0.30300758  0.54189309 -0.76349881
 -0.1313262   0.10018483  0.23821836 -0.49148268 -0.32465279  0.53076806
 -0.37385771 -0.68132482  0.45792923]
[ 1.          1.00609904  1.03203319 -0.93252337  0.43121354  0.51837729
 -1.2510024   0.92091997  0.56754242 -1.07163661 -0.08593632 -0.26829133
 -1.31334295  3.24510617  1.63366484  1.45964582 -0.71526632  0.34308808
  0.13114643  1.41592942  1.50751026]
[ 1.          0.86713061 -0.38223481 -0.08380268 -1.78512104 -0.68557626
  1.25482127  2.15028741 -0.37244891  0.79905934  0.62380654  0.80593372
  0.34756924  1.65520967 -1.29603198 -0.2558972  -1.38774723 -0.95019316
 -3.20152399  0.05651543 -0.95673164]
[ 1.         -1.18939228 -0.70832196  0.11859829  0.99839857  0.74587174
 -0.20840597 -1.19093524  0.83876343  0.66949634  0.11062231 -2.81992065
  0.30627558  0.95593311 -0.2595262   1.10851123  1.75713439 -0.5340561
 -0.94406566 -0.50365157 -2.06459132]
[ 1.          0.82454081 -1.6784875  -0.20387236 -0.10902926  0.13055142
 -0.05076397 -0.59896831 -0.0086884  -2.51637123  1.41761133 -0.70720048
 -0.87074578 -0.77057079 -1.29309846 -1.24726801  1.42613601 -2.72347341
  1.02166289  1.18198813  0.25628134]
[ 1.          0.95780646 -0.19060635  0.00422625  0.77906344 -1.10985736
  0.13623456 -0.77706356 -0.05246692  0.62773385  2.87481146  0.21722087
  1.49693172 -0.76336326 -0.46195021 -0.90828785  1.11666839  0.64526997
  0.35492449  1.60780493  0.50671163]
[ 1.          1.1169264   1.62354176  0.83784019  0.38544063  0.77367474
 -0.03220707  0.11287338 -0.03052336 -0.90157028 -1.36167536 -0.24547286
  1.68032102  1.38298747  0.73687464  0.71012632 -0.20665652 -0.53306423
  0.56373621 -0.73103385  0.49585815]
[ 1.          1.18644602  0.55411569  1.43210998  0.33872823 -0.52750366
 -2.16887949 -1.31632656  0.36791552  1.56730463 -0.28550594  0.84086989
  2.26862851 -1.65472411 -0.70260006  0.13118459 -0.60461378 -0.99455443
 -0.46327941 -0.84655697  1.44684372]
[ 1.         -1.11006057  0.13020368  0.19947121  0.35784418 -0.22925891
  1.96706814  0.39345808  0.55814876  0.25383727 -0.12501788  0.7573144
  0.086331    0.14433965  0.71930328 -0.25316733 -0.21077291 -0.72893869
  0.18959483  0.50909532  0.08116196]
[  1.00000000e+00  -1.02768142e+00   1.35145238e-01   2.62025381e-02
  -9.79631352e-02   1.48687488e+00  -8.43008888e-01  -3.72100084e-01
   7.56919004e-02  -8.56051767e-01   1.21118728e+00  -7.36171128e-01
  -9.71205767e-01   4.47464277e-04  -1.43857900e+00  -3.21379709e-01
  -6.53667258e-01   5.33928615e-01  -7.34611078e-01  -2.23845611e+00
   4.07496233e-02]
[ 1.          1.34227574  1.20247588  3.89723856  0.59137193  2.2975657
  3.10413893  6.92770919  0.89019449 -4.39613283 -0.82120653 -3.95099964
 -4.82644136 -8.6969972  -0.16109264 -0.12593196  2.76105614  2.18160353
  1.70089463 -3.89571488  0.90016405]
[ 1.          0.96799571  0.60330402  1.19761632 -0.4013539   1.99582432
  1.1630927   1.85865889  0.03982563 -0.76351596 -0.55737996 -1.21422348
 -1.51714095 -1.02917478  0.7478849   0.08864805  1.39321606  0.10007575
  0.24045025  0.5828841   0.38274801]
[  1.00000000e+00   9.33796150e-01  -1.46906922e+00   1.49681099e+00
  -1.62831866e-01   5.84513387e-01   7.42731004e-01   6.65180571e-01
  -1.24776214e+00  -4.25266999e-04   1.34469900e-01  -5.73576492e-01
  -5.45639535e-01   3.85037844e-01   3.17633672e-01  -1.84699922e-01
  -8.62079087e-01   1.98830630e+00   6.10897241e-01  -1.10642071e+00
   4.00143536e-01]
[ 1.         -0.56433462 -1.2945123  -0.25609848  1.47165518 -0.10394441
  0.08925145 -0.30307249 -0.48928246 -0.22783178 -2.68829377 -0.43428493
  0.51716462  2.23523379 -1.30049248 -2.17937229  1.3532735   1.51855143
 -0.30593002 -0.03660083  1.45647555]
[ 1.          0.70106975 -0.97116793 -0.33193094  0.75236593 -1.81520918
  1.67675611  0.98638944  0.12522865  1.06870059  2.65627181  0.52225277
 -0.06521113  0.37308157 -0.35192175  0.90640796  2.09108696  0.42661671
  0.58420157  0.68712366 -0.23754172]
[ 1.         -1.01638873  0.1781307   0.78237634  1.22794777 -0.51715264
  0.92507371 -0.03174068  0.47946777 -0.99316962  0.13151333 -0.11711006
  0.29100247 -0.1252626  -0.70622176 -0.56573669 -0.22916704  0.30940812
  0.2879903  -0.23608238  0.05372358]
[ 1.          1.03613325  1.86247584 -0.16291408  0.78097266 -0.72128136
 -0.70662752  0.20651587  1.76541703 -0.09390926 -0.10044134  0.43148062
 -0.0085968  -1.203537   -0.86761451  0.63683021  0.08134623  0.37621604
 -0.60323613  0.74674356 -0.84532618]
[ 1.          1.22476021  0.08255387 -1.17118059 -0.14598474 -1.42576725
  0.4311619  -0.45385454  0.5717786   0.76226649  1.53495692  0.60447418
 -0.14566913  0.45516307  0.69652778  0.18567346  0.63871975 -0.2507038
  1.24913063 -0.12588366 -1.52747721]
[ 1.          1.04468856 -1.86219514 -0.88709492 -0.24633618  1.51206677
 -0.0954989  -0.72333984  0.07879743 -0.87809652 -0.00925071  0.59840976
  0.10110575  0.33648054 -0.49775761 -0.59660651 -0.27367531 -2.37636179
 -1.61901302  0.98300236  1.03940286]
[ 1.          1.06838678 -0.00422985  1.67084466  0.33533209 -0.22651564
 -0.15407649  2.48537553  0.05597144 -0.88161062  1.56145982 -0.53761118
 -1.05636131  0.81622282  0.55855111 -0.00954308 -1.15543691  0.48223694
 -0.67055021 -1.05946287 -0.76579062]
[ 1.         -1.13956849 -0.62333169 -0.108151   -2.464447   -0.26015854
 -1.12545576  0.03389166  0.64105827  0.31321632  0.84656694 -2.31601103
  1.47165833 -0.1859381   0.71991961  0.02627205 -0.83015685  0.58134162
  1.4370538  -0.09419524  0.1276855 ]
[ 1.         -1.06478937  1.17518068 -0.71539203  2.63758204  0.52988579
 -0.30417586 -1.39066913 -2.38147927  1.0374662   1.89547474 -1.93168245
 -1.03718064 -0.33671981 -1.01885465 -0.54110138 -0.2663628  -0.73773709
 -0.43934589 -0.14406728  0.77015397]
[ 1.          1.05066933  1.30639635  1.38716551 -0.38256643 -0.23397218
 -0.46133228 -0.25494991 -0.35212802 -0.66763238 -0.62180826 -0.20472887
  1.17297131  0.46300396 -1.48266294 -0.50751262 -0.46887305 -0.64505353
 -0.27595267 -1.25015374 -1.06953376]
[ 1.          0.91838238 -0.47048522  1.72427621 -1.54417327 -0.07224295
 -0.13628154 -1.44185971 -0.4871716   0.22859495 -1.42867673 -0.55709615
 -2.93672584 -1.35289583  0.02987863  0.12455754  0.31865541  1.14566743
  0.52283726  0.5887254   0.4420031 ]
[  1.00000000e+00  -1.08567839e+00   3.15751963e-02  -8.59852296e-01
   5.98148821e-01  -6.64806773e-01  -1.33667177e+00   5.15626597e-01
  -9.96178330e-01  -1.30556641e-01  -1.84837135e-01   5.62823507e-01
  -5.62783046e-01  -3.80403978e-01  -5.35701958e-01  -6.43348881e-04
  -3.26490360e-01  -6.09504417e-01   6.43726468e-01   5.69359611e-01
  -1.56011626e-02]
[  1.          -0.08127825   1.11390554  -1.97665617  -3.54441457
   2.05863887   2.17538814   1.25755463   0.46383591   0.8682485
   0.02375914  -0.71709932  -0.77834859  -0.14881131   5.79345472
 -10.5679425    3.05180765   0.13387086  -1.83169141   3.25216054
   0.50751499]
[ 1.         -0.79590968 -0.23544273 -0.55770762 -0.60251152  0.77070054
 -2.14211862 -0.41349954 -0.95114992  1.57422332  2.02349801  1.41791338
 -0.62317895 -0.42004569  1.4595769  -0.88758919 -0.06818671  1.00834866
  0.74907522 -2.06037813  0.08619544]
[ 1.         -0.7529797  -0.57042131 -1.38353239 -2.26093902  2.07924652
 -0.22110825  0.82111474 -1.73021197 -0.11840523  1.34949175  2.87386739
 -0.33163365  0.47243996 -2.42974052  1.65003203  1.42974442  0.82365357
 -1.54827352  0.06654955  0.29270952]
[ 1.         -0.47605194  1.55674807 -1.96634637 -1.03358752  1.52534856
 -0.77064909  1.55477458 -0.75142532  1.86275792  0.35238649 -1.51850628
 -0.43912786 -1.56661345 -2.35341305  2.22867114 -0.75905877  1.26133551
  1.13357355  0.93032714  2.13449869]
[ 1.          0.88458709  4.42923262 -1.4103626   0.48310447  1.36523033
  2.06251375 -3.31223862 -7.85527729  0.36346979 -1.79173839 -3.24024073
  1.38242414 -2.51636799 -0.3557602  -0.08403015 -3.64942687  1.86456057
 -0.70193673  0.41522742 -3.55463233]
[ 1.         -1.0439555  -0.35458419 -0.26016607 -0.30532341 -0.88026876
 -0.36732114  0.69363419 -0.49630761  0.56373446 -1.04845977  0.05592348
  0.27136864  1.92284981 -1.82760512 -0.83403552 -0.98710647  0.40651269
  0.99539565  1.71140361 -0.20396314]
[ 1.          1.03346431  0.52659654 -0.03713749 -0.29224086  0.46773737
 -1.62034636 -0.72581158  1.35773861  0.85470497 -0.19636337  0.67787336
  0.58055374  0.22645531  0.11017221  0.45634886  0.57309828  0.32013575
 -0.86900293  1.49762729  0.52125536]
[ 1.         -0.99849535  0.18070823 -0.29998647 -1.00651941  0.03054654
 -0.07758194 -0.0214675   0.30843426 -0.12017835  0.53207312 -1.39272061
  1.1175546  -0.60257405  2.5720136  -0.72905498  0.14830745 -0.24507854
 -0.90446792 -0.72968861  0.41215345]
[ 1.         -0.8083454  -0.25506684  0.57237554 -0.96259594 -1.4194423
  1.97265104 -0.83635708  1.10925911 -0.33019612 -0.38838407  0.44699841
  0.53808192 -0.38059139  1.73098081  0.83566378 -1.64225375 -1.73463103
 -0.13971709  1.24870675 -0.75889617]
[ 1.          0.84465911  0.50740412 -2.15257311 -0.38160759  0.30173603
  0.41282683 -0.99178068  0.85256856  0.13483738 -0.14188166  1.04913607
  0.59466182  1.10080418  1.78171957 -1.11899464  0.61245154 -0.93834304
  0.31744593 -0.79313991 -0.15222163]
[ 1.         -1.19600813  0.52355142  0.03151536  1.17948819 -0.87492951
 -2.36975457  2.29944484 -3.70610785  1.44983007 -1.26769534 -0.61508884
  1.02670975 -0.23358234  1.59700522  0.32110426  2.03042221 -2.2767197
 -0.62719002  0.93805707 -1.39928469]
[ 1.         -1.10367185 -1.09817856  1.1555161   3.86660416 -2.37487573
 -2.43088776  2.70122956 -2.49748622  0.97128117 -3.28976957 -1.06269603
  0.60702805  0.76567518  1.0500909  -2.52842804  3.36782412  0.61501585
 -1.49181935  2.66625667 -0.55996133]
[ 1.          0.96888646 -0.06099056  0.04667483 -2.43219507  1.74903301
  0.39793935  1.18303331 -0.26505815 -0.6156276  -0.40434992 -1.2941573
 -1.60610428  0.50788233  0.3769828  -2.33680754  2.00931965 -0.34025667
 -1.31511759  1.58834974  0.67988628]
[ 1.          0.99518068 -0.52244098  0.23707296 -0.52867939  3.00554257
 -0.22139826  0.54406648  0.06618035 -0.16447744 -1.0460976   1.18631217
  0.4988281   0.11656741 -0.19152061 -1.04751226 -0.3049243  -0.09430548
  0.51060461  0.41051838 -1.19228104]
[ 1.         -0.72812023  0.54347024 -1.06550411 -0.52801509  0.06290753
  0.03634137  0.56875684  1.09141165  1.02724059  0.08273423  1.31139979
 -1.22364717 -0.30735488  1.43281358 -3.74525242 -1.05737544  0.28584707
  1.00355078  1.70612151 -1.02615708]
[ 1.         -0.83604025  0.02675583  0.72894857 -0.09344773  0.65512925
  1.15173174 -0.70179022  1.24786154  1.48027027  0.99466576 -0.58246999
  0.66527989  0.72914859  1.54246056  1.5121695  -0.125326   -0.27826567
  0.6572326   0.51477465 -1.69713758]
[ 1.          1.29016415 -0.01437331  0.9670497  -1.29301446 -1.30301283
  1.00899685 -1.54327209 -1.57279019 -1.0785246   0.23353923 -0.99910203
 -1.13073407  0.44456712 -0.07417587 -0.58056687 -0.413392    0.77814809
 -0.61137748  1.41521168 -0.82371901]
[ 1.          0.93516387 -0.75978815  0.39349073 -1.29296867 -1.12916165
 -0.59215521 -0.57125539 -0.19573201 -0.2650653   0.11491011 -1.33325427
 -0.0910645   1.59438334 -0.58675164 -0.08242632  0.81222986 -0.77522575
  0.9708809  -0.30893971  0.69577032]
[ 1.          0.39556671  3.3328717  -2.08323483  1.47985867  2.48297768
  1.9057589   0.4875075  -5.43186824  3.13164581 -0.19381834 -2.30643628
 -0.0346723  -2.92180262 -0.738801    1.11476309 -0.73939012 -2.10002727
  2.04954322  0.55811394  0.29205057]
