Cluster centers 

[-0.91771502 -0.16849505 -0.29192723  1.07387781]
[ 0.95186775 -0.02216064  1.22665303  0.00611633]
[-0.98878906 -0.57500935  1.42966947 -2.63964665]
[ 1.20550281  0.3979188  -0.47723097  0.12552369]
[-0.87460785  1.52700589 -0.41352553 -0.11721808]
[-1.28276198 -2.48152601 -0.76611855  0.04789651]
[ 0.85994363 -1.74006385  1.02751782  0.86818707]
[-0.73141649  0.09646161  1.38118697  0.78227374]
[ 0.86099507 -0.67409175 -0.54596923 -1.77597268]
[-0.74461957  0.78785716  1.54345032 -0.27530276]
[ 1.07095623  0.11187617 -0.92292975 -0.69722247]
[ 0.54726226 -0.37095676  2.21451382  0.50420178]
[-1.03684476  1.04735488 -0.26293803 -1.04342505]
[ 1.09700729  0.1041666   0.41873828 -0.10653575]
[-0.69897955  0.99206221 -0.97451466  1.4469609 ]
[ 1.080054    0.62493542 -1.74068613 -0.19121891]
[-1.39591074 -0.62583409  0.10691196 -3.19672081]
[ 1.05187366 -1.51032064  0.31532195  1.09309398]
[-0.97901897 -0.67067867  0.10328591  0.8464258 ]
[-0.84723496  1.40449551  0.23412901  0.19777625]
[-0.89263776 -0.70833926 -1.61016167  1.07752345]
[ 1.24085929  0.18126299  0.34709281  0.87041398]
[ 1.33242721  0.58006725 -1.18961254  1.55491653]
[-0.60918774 -1.64775619  1.86892286  0.37833958]
[-1.15550874  0.61214878 -0.27282753 -1.71803559]
[-1.08473755 -2.48411835  0.77010388  0.00715902]
[-0.44425561 -0.13834127  2.12652168 -1.45618806]
[ 0.34779229 -1.3577353   1.11634991 -2.61325805]
[ 1.01688074 -2.00282144 -1.49916839  1.16303361]
[-0.86805467  0.99625906  0.97501108 -0.3850127 ]
[-1.07008052 -1.2490183  -0.89214988  0.72154893]
[ 0.88032603 -0.05692987 -1.96364127 -1.32610521]
[-0.77789451  1.06842095 -0.16546396  1.15327756]
[-0.76687158  1.73809675 -0.74341203  0.36719654]
[ 1.12554341  0.19520498 -0.50515845 -0.3698573 ]
[ 0.91404636 -0.52814343  1.51408693  0.84561586]
[-1.37481555 -2.99507444 -0.99149935 -0.24889525]
[-1.32722974 -3.32688029 -2.45010348 -0.35827538]
[ 1.17416676  0.52211279 -1.09817396 -0.00688406]
[ 0.95266667 -0.35101028 -0.64031595 -1.33592217]
[-1.51083443 -0.72908018 -0.76367658 -3.48887824]
[ 1.1129756  -0.02988382  0.94438887  0.72476918]
[-0.7938087   0.87793628  0.6299337   0.8749228 ]
[-0.97636459  0.58254481  0.98067817 -1.26444797]
[-0.93653524 -0.49608688 -0.95921238  1.06606042]
[ 1.19260948  0.26331994  0.21396946  0.33405359]
[ 0.32417399 -2.70078265  1.65843668  0.30289073]
[ 0.13833416 -0.07621891  2.41058592 -0.41646331]
[-1.21027281  0.00342187  0.42415093 -2.33828369]
[ 1.17683693 -0.93143616 -1.17279521  1.53813707]
[ 0.67620912 -1.3513193  -0.58003861 -2.6538852 ]
[ 0.82268178 -0.57621344  0.41289778 -1.4540278 ]
[-0.84860423  1.22391587  0.66773081  0.04709156]
[ 0.94780584 -0.13706141  0.77559601 -0.56008223]
[-0.46543575 -0.67599351  2.02108335 -2.23208233]
[-0.83928957  0.45179227  0.20180565  1.09495267]
[ 0.63308578 -0.34353809  1.5506259  -0.93513778]
[ 1.00857802  0.09064269 -1.43242652 -0.92236175]
[-0.84332528  1.60501371 -0.873885   -0.17402182]
[-0.74790065 -0.50257146  1.46575918  0.7088718 ]
[ 0.72830203 -0.8473457  -1.87712278 -2.28048389]
[ 0.60584344 -0.93520805  2.00878478  0.72996743]
[-1.1947287  -1.96631536 -0.91899586  0.35092463]
[-0.99549159 -1.25401484  0.57612833  0.5765212 ]
[-0.79408621  0.37093869 -0.93186679  1.3460288 ]
[ 1.20907227 -0.42644252  0.37151972  1.24374838]
[-0.57226683  0.53850171  2.02959715 -0.17134736]
[ 1.30218005  0.42773162 -0.27830735  0.94033651]
[-1.15984054 -2.05068027 -1.60496763  0.37214941]
[ 0.75431696 -0.11923629  1.829295    0.15617668]
[ 1.1393618   0.19035396 -0.1251134  -0.19156677]
[ 1.31059296  0.78869573 -1.13174332  1.13631761]
[ 0.67079325 -1.68635754  1.56503665  0.74056466]
[-0.78668744  1.30350789  0.19009512  0.83447496]
[-0.93252665  1.11387393 -1.80851903 -1.28349909]
[ 1.25584646  0.61975282 -0.83279892  0.49297689]
[ 0.97217928 -0.24629095  0.04076189 -0.99698558]
[ 1.29829354 -0.06095018 -0.19023673  1.35021154]
[-0.68374259  1.49349777 -0.77052338  1.2514019 ]
[-0.73778682  0.07027356 -1.61577331  1.39075985]
[ 0.74926601 -0.14469832  1.63446964 -0.32863465]
[  1.06225311e+00  -4.02470295e-04   3.23120305e-02  -5.42235262e-01]
[-1.0599973   0.20840674  0.93663086 -1.86305215]
[-0.78227326  0.98866245  1.18872903  0.12856277]
[-0.93876772  1.13518476  0.42544232 -0.51913422]
[-1.03131794 -0.96341884 -0.2079324   0.7720864 ]
[-0.9091809  -0.53428135  0.68892302  0.81177163]
[-0.34458991  1.97041454 -1.81577357  1.09733389]
[-1.02801921  0.82162216  0.43184155 -1.13705928]
[-0.64057633  0.48341275  1.73203067  0.5356217 ]
[-0.9354932   1.37394983 -0.41526806 -0.48476477]
[-0.82971893  0.57246592  1.46419912 -0.94246155]
[ 0.37084532 -1.52780413  2.09784804  0.61580143]
[-0.8116346   1.56678002 -0.15615724  0.40429187]
[-1.15803878 -1.88890739 -0.09224023  0.330295  ]
[-0.95911183  1.23316651  0.00513266 -0.56571491]
[-1.14173784 -3.36239016  0.54747725 -0.44142203]
[-0.73844667  1.60282465 -0.46794026  0.89780334]
[ 1.10675342  0.11387661  0.76751008  0.30518047]
[-0.14552647 -0.01272157  2.46006681  0.27302309]

Populations

0.0212060691173
0.0142586146811
0.00403283369184
0.0263320509662
0.0100397648792
0.00824360631653
0.00687341543752
0.0110229419565
0.0108595703611
0.00268784596564
0.0203492109205
0.00401039647847
0.0153328286524
0.0231751707596
0.00610922854158
0.013007674219
0.007413935533
0.00951687821888
0.0108209610027
0.0148720790964
0.00827161545958
0.0137462969145
0.00136105646024
0.00345566849502
0.014041544693
0.00120041533497
0.00377733555158
0.00137731359653
0.00516297757815
0.00992744264121
0.0218834460572
0.00767808346731
0.0118541704149
0.00777709921697
0.0166135675215
0.0135976164589
0.00586723007458
0.0012701508597
0.0175418795396
0.0191321579461
0.00114600958455
0.0179570337695
0.0169967231135
0.00649756703591
0.0151181049764
0.021378243768
0.00392341228812
0.00776029337361
0.0124476964743
0.0041248183361
0.00276424871639
0.0062327901248
0.00585103956543
0.0104564191134
0.00319879159801
0.0190472260446
0.00610700927765
0.0176725100651
0.00875978563442
0.00787096704761
0.0114773595774
0.00640620138682
0.0107286857685
0.0064348587146
0.00988211012306
0.0103907532552
0.00146071450902
0.0173984478564
0.0109644369686
0.010495999984
0.0170237355892
0.00852314979705
0.00380386457663
0.0190611670766
0.00137417648705
0.0160580243095
0.0125268090782
0.00934495266934
0.00255692294355
0.00640369781257
0.00931649110638
0.0283715400849
0.0112194693754
0.00604661201126
0.010643349504
0.0100029180944
0.00764976139631
0.00116433183648
0.0109550138866
0.003683591992
0.0146055734529
0.00619769030317
0.00413933674994
0.0111993788694
0.0139863751194
0.0111094368052
0.00262827378005
0.00496502105363
0.0123133359683
0.00647359514285

State labels

0
1
2
3
4
5
6
7
8
9
10
11
12
13
14
15
16
17
18
19
20
21
22
23
24
25
26
27
28
29
30
31
32
33
34
35
36
37
38
39
40
41
42
43
44
45
46
47
48
49
50
51
52
53
54
55
56
57
58
59
60
61
62
63
64
65
66
67
68
69
70
71
72
73
74
75
76
77
78
79
80
81
82
83
84
85
86
87
88
89
90
91
92
93
94
95
96
97
98
99

Eigen values

1.0
0.524476931126
0.464046174537
0.447184507069
0.436415961435
0.408687531435
0.395032457104
0.392125425653
0.375404791964
0.368106914428
0.353812896655
0.349537830602
0.32933963898
0.321260905882
0.310515888049
0.299108161141
0.292630506016
0.284730581032
0.26872428292
0.254894349968
0.246629708387

Left eigenvectors

[ 0.02120607  0.03036109  0.01144878 -0.00304673 -0.03220735  0.01397787
 -0.01456906 -0.04617246  0.01981756  0.01911736 -0.00582521  0.01374284
  0.0430728  -0.01664764 -0.02209254  0.00186176  0.02129252  0.00316381
 -0.00332673 -0.013275   -0.00026211]
[ 0.01425861 -0.02595178  0.01384682 -0.02969074  0.00171695  0.0129663
 -0.00691581  0.00080028  0.00352945 -0.01275909 -0.0233645   0.01509713
  0.01322606 -0.00305408  0.02291585  0.00486762  0.00076949  0.0032866
  0.01079161  0.0081905   0.00845073]
[ 0.00403283 -0.00240103  0.01605222  0.0133951   0.00236952 -0.00543614
 -0.00810688 -0.00449996 -0.00329929 -0.01611771  0.00708189 -0.00697275
 -0.00349222 -0.00231471  0.00356949  0.00031842  0.00187355 -0.0041653
 -0.01267184 -0.0030717  -0.00119469]
[ 0.02633205 -0.01070291 -0.02525714  0.01500242  0.00618036  0.01597682
 -0.00198834 -0.01710837 -0.01288456  0.02407664  0.0129406   0.01352651
 -0.01758622  0.00028128 -0.00294219 -0.01341119 -0.00498331 -0.01112296
 -0.02691807  0.02621776  0.01969789]
[ 0.01003976  0.00051536 -0.01131237 -0.01167855 -0.00462488 -0.00632484
 -0.00508111 -0.00036889  0.00838938 -0.01411789  0.00063444  0.00928834
  0.00315505  0.01674616  0.01969773 -0.00645133 -0.01587132 -0.00527404
 -0.01309844  0.01162528  0.00900185]
[ 0.00824361  0.00937228 -0.00145499 -0.00112499 -0.00082025 -0.00110424
  0.00203668 -0.00326347  0.01087287 -0.00190297  0.01281482  0.00779371
  0.00457933 -0.00913565  0.01044948 -0.0065432   0.00738366 -0.00090865
  0.00774025 -0.00710237  0.00133949]
[ 0.00687342 -0.00468787  0.00489347  0.00342144  0.0079652   0.01119286
  0.0195877  -0.00518842  0.02282851  0.00107908 -0.00194852  0.00127874
  0.00570453 -0.00390368  0.00756288  0.02044335 -0.00097799 -0.00196193
  0.00322492  0.00236659  0.00594062]
[ 0.01102294  0.00747829  0.00528182  0.00131681  0.01007159 -0.00278251
  0.00086365  0.0007393   0.01216775 -0.00082488  0.01069337  0.00256737
  0.00648586  0.01008096 -0.00758852 -0.00451086 -0.00887625 -0.00176747
  0.01042964  0.01020637 -0.00545325]
[ 0.01085957 -0.01226553 -0.01241232  0.01872462 -0.00197976 -0.00373214
  0.0085052  -0.01306754 -0.00629945  0.01104997 -0.01701027  0.01416088
 -0.0135609  -0.01028329  0.01033993  0.00921705 -0.02472758 -0.00316103
 -0.01894644 -0.01086876 -0.01474593]
[  2.68784597e-03  -1.32634469e-03  -5.12841296e-04  -2.47472679e-03
   1.52749798e-03  -1.81502982e-03   1.63092293e-03  -4.22948253e-04
  -1.14770895e-03  -6.36531533e-05  -3.68739748e-03  -7.15212471e-04
  -4.42864630e-03   6.65147273e-03  -4.48489697e-03  -2.45285199e-03
   1.77397788e-03   7.77364056e-03   6.62904186e-03  -7.86888712e-03
   6.84001180e-03]
[ 0.02034921 -0.00850713 -0.00916517 -0.00195073  0.0086728   0.00073262
 -0.00469303 -0.00060347 -0.0011019   0.00584773  0.02044841 -0.00379514
  0.00928077  0.00207357 -0.00609446 -0.0212705  -0.00428287 -0.00789728
  0.00952918  0.01621642 -0.02220512]
[ 0.0040104   0.0005799   0.00168617 -0.00592681  0.00437434  0.00951253
  0.01550428 -0.00051262  0.00531174 -0.00386911 -0.00199912 -0.01393644
  0.00199714 -0.00920482 -0.00166492  0.00029847 -0.00020771 -0.00385971
 -0.01145149 -0.00181867 -0.00589907]
[ 0.01533283  0.01413817  0.01466315  0.01585525  0.00717947  0.00734522
 -0.01976849 -0.00620441  0.00481226 -0.01163314  0.00261177 -0.00332459
 -0.01229943 -0.00145151 -0.0012304   0.00394691 -0.00504728  0.00129852
  0.00600156 -0.00841015 -0.00722873]
[ 0.02317517 -0.0198028  -0.02065633  0.0072927  -0.01647858 -0.00701063
  0.01697706  0.00629135  0.00283426  0.00098829  0.02521293 -0.00922724
 -0.00566073 -0.01602024  0.00488341 -0.01970668  0.00116446  0.01177923
  0.02275872 -0.0129648  -0.01039427]
[ 0.00610923  0.00820025  0.00515157 -0.01204021 -0.00624111 -0.01173241
  0.00804997 -0.00460065 -0.00970324 -0.00460379  0.00232678  0.01952106
  0.00102558  0.01411298 -0.00393488  0.00114514 -0.00488534 -0.00488016
 -0.00291256 -0.00804854 -0.00159735]
[ 0.01300767 -0.00550599 -0.00655788 -0.00157838 -0.01769327 -0.0059471
 -0.00497222  0.00058222 -0.00036287  0.00318432  0.00828023 -0.01265981
 -0.01335398 -0.01407689 -0.0087833   0.00612311  0.01073613 -0.01560415
  0.01502591  0.00717706 -0.00304437]
[ 0.00741394  0.00942998 -0.00671534  0.00741931  0.00411879  0.00055858
  0.00029632 -0.00046948 -0.02027249  0.00277252 -0.00463696 -0.00428368
  0.01093896 -0.01555421  0.00280906  0.00197551 -0.01301982  0.00514173
  0.00497293  0.01240599  0.01415843]
[ 0.00951688 -0.01434978 -0.01060363 -0.00179675 -0.01264566 -0.01477442
  0.00569652 -0.00126028  0.0065233   0.00462143  0.00150685  0.00034614
 -0.01139437 -0.00662668  0.00298954  0.00189754 -0.01181675 -0.00669973
 -0.00139686  0.00409238 -0.01294213]
[ 0.01082096  0.01302844  0.00659704  0.00225901 -0.00096452 -0.00769252
 -0.00795463  0.01363419  0.01141432  0.01458392 -0.01724942  0.0016372
 -0.01576286  0.01030725  0.00106678 -0.00674438  0.00867095  0.00067485
 -0.01292681 -0.00050161  0.00804562]
[ 0.01487208  0.01085047  0.00382025  0.00839858 -0.02519603  0.00785285
 -0.00438628 -0.00047211 -0.00882819 -0.00937084  0.00878088  0.01577539
  0.00591856  0.00016661 -0.00664396  0.0099101   0.00760842 -0.00755399
 -0.00054853  0.0088345   0.00600378]
[ 0.00827162  0.01214344 -0.00081569  0.00595397 -0.00854122 -0.00897138
 -0.00472893  0.03075586  0.00258069  0.01386997 -0.01719708 -0.00011194
 -0.00089285 -0.00535837  0.00990929  0.00609918  0.00990261 -0.00870548
 -0.00262711 -0.01325823 -0.00028243]
[ 0.0137463  -0.00776171 -0.00170821  0.01580583 -0.00406541 -0.01626073
 -0.00166625  0.00241133  0.02340005  0.01404473 -0.02960734  0.01564308
 -0.00681181 -0.01562521 -0.0153265   0.01263829 -0.01443612  0.00414134
 -0.00857193 -0.00176416 -0.02103125]
[  1.36105646e-03  -3.22103479e-03   3.00946613e-03   2.89066341e-03
  -2.00385722e-03   4.26248512e-03  -4.09355251e-03   4.11231112e-04
  -2.37145805e-03  -1.04008122e-03   2.86363881e-03  -8.47711821e-05
   1.43819021e-03   4.78886407e-04  -2.43330759e-03   5.59120601e-05
  -5.49827059e-03  -1.74213286e-04   2.62990386e-03  -9.28393212e-03
   2.04640917e-03]
[  3.45566850e-03   2.56192566e-03   6.12122709e-03   6.04220184e-03
   7.16761864e-03   1.70005655e-03   9.49885710e-03  -4.34066180e-03
   1.15518324e-02  -3.81934272e-03   4.71524319e-03   1.04878923e-03
   1.08623745e-04  -2.45925351e-04   7.26825819e-03   1.80937559e-03
   1.14214097e-04  -1.92643192e-03   6.84830971e-03   4.85734066e-05
   5.43852317e-03]
[ 0.01404154  0.00966424  0.01181611 -0.01115397  0.00451533  0.02518319
 -0.00141144  0.00741652 -0.0073836   0.01189647  0.00379007 -0.01226964
 -0.02010766  0.01715012 -0.00925037  0.00192777 -0.01121334  0.02029559
 -0.00174935 -0.0240382  -0.02215112]
[ 0.00120042 -0.00036175 -0.00465131 -0.00053057  0.00087507 -0.00225596
 -0.00146722 -0.00087064  0.00253545 -0.00247743  0.00097591 -0.00192913
  0.0048204   0.00237782 -0.00191639  0.00204951  0.00225909 -0.00014279
 -0.00244837 -0.00483391  0.00424088]
[ 0.00377734  0.0017405  -0.00348836  0.00207999  0.00425926 -0.00674313
  0.00551547  0.00275632 -0.00654961  0.00086426 -0.00231189 -0.00444051
  0.00391203 -0.00678007 -0.00090987 -0.00361996 -0.00669429  0.00501373
  0.00708622 -0.00496093  0.00518807]
[ 0.00137731 -0.00168376  0.0014645  -0.00693319  0.00153199  0.00355004
 -0.00011927  0.00224213 -0.00160172 -0.00691638 -0.00382849  0.0057555
  0.00018829 -0.00438003  0.00423341  0.0021918   0.00266269  0.00356802
  0.0003294   0.00102906 -0.0016636 ]
[ 0.00516298 -0.0083665   0.00132327  0.02424104 -0.0214734   0.00848354
  0.01728002  0.01738691 -0.00516997 -0.01455092 -0.00065268  0.0096287
  0.01666279  0.01192221 -0.00931941 -0.0085414   0.01473807  0.01383103
 -0.00484944  0.0070033  -0.00613161]
[ 0.00992744  0.0066947   0.01445797  0.01201535  0.02602917 -0.00220071
  0.01620313 -0.00656486  0.02174996 -0.00292903  0.00978824  0.00787082
 -0.00832393  0.00362706  0.01201604  0.0026856   0.01474629 -0.00290772
  0.02660461 -0.00221405  0.00805084]
[ 0.02188345  0.02671229  0.00805392 -0.00659085  0.00559513  0.01284528
 -0.01687666  0.01089485 -0.01132871  0.02371799  0.00868425  0.0003264
  0.0274411  -0.00110495 -0.00527051 -0.00489989 -0.01207596  0.00629848
 -0.00233517 -0.02034107 -0.0246878 ]
[ 0.00767808  0.0032728  -0.00105834 -0.00109385  0.01095915  0.00163428
  0.00241251 -0.00381685 -0.00516514  0.00929051  0.00467338  0.01480973
 -0.00321289 -0.00384388 -0.01329185 -0.01158353  0.00954546 -0.01746772
 -0.01141255  0.00443795  0.00095952]
[ 0.01185417  0.00627633  0.02256757  0.02119569  0.01014673 -0.00986048
  0.0035436  -0.01087267  0.00891829 -0.01253759  0.00899208  0.00809065
 -0.01403203  0.00176076 -0.00135752  0.00695973 -0.00654553 -0.01308182
 -0.00041655 -0.00533676 -0.00280449]
[ 0.0077771   0.00413475  0.00703941  0.00551339  0.00776243 -0.00969096
  0.01261449  0.00036137 -0.00709157 -0.00586797 -0.0047189   0.00319014
 -0.00834635 -0.00287042  0.00104546  0.00686866  0.0043777   0.00877153
  0.01417319 -0.00171652  0.00684895]
[ 0.01661357 -0.00178811 -0.00515753  0.00036211  0.01183287  0.01538665
  0.00088395 -0.00237341  0.0005568   0.00683899  0.0084158  -0.01273041
  0.00419771  0.00435067  0.00261217 -0.01598192 -0.01062574  0.00458064
 -0.01510449 -0.00374636  0.01270088]
[ 0.01359762 -0.01868732  0.01213469 -0.00693977  0.01411462 -0.01778231
 -0.00672818  0.00228523  0.00610271  0.00367401  0.00227032 -0.01075664
  0.00631878 -0.0036075   0.00865654 -0.00744481  0.01868784  0.01365649
 -0.00334409  0.00457731 -0.01756542]
[  5.86723007e-03   5.37333776e-03  -6.29535529e-04  -5.67304103e-03
  -7.21459772e-03   4.82480564e-03  -4.40227476e-03   6.80520290e-03
  -3.89541971e-04  -4.79378127e-03   4.21417501e-03   5.32339022e-03
  -7.16536839e-03  -1.23973487e-02   8.15463213e-05   2.88382816e-03
   8.34881303e-03   7.16263276e-04  -3.42784880e-03  -7.25637796e-03
   7.84696367e-03]
[  1.27015086e-03   2.82150226e-03  -2.32787838e-03   1.45246372e-03
  -2.36113439e-03   2.32192876e-03  -3.02661436e-03  -7.89289915e-03
  -7.47784238e-05  -2.12794797e-05  -2.58333732e-03   2.44787848e-04
   3.19884513e-03  -1.07875211e-03   2.87618141e-03  -1.11025904e-03
   4.07105004e-03   3.42193040e-03   1.31998227e-03  -1.61712857e-03
  -2.95141175e-03]
[ 0.01754188  0.00272532  0.00940807 -0.00252479  0.02703904 -0.01754603
 -0.00581849  0.01485324 -0.02914648  0.01551032  0.00057054  0.00183497
  0.01650987  0.00041395 -0.00169732  0.01424152  0.02451625  0.00470248
  0.00871641  0.01218526 -0.01433045]
[ 0.01913216 -0.02798773 -0.01680277  0.01757919 -0.00055908  0.01508194
  0.03835311 -0.00562159  0.00035134  0.01216866  0.00464199 -0.00512584
 -0.00408979  0.01285982  0.00664787  0.02128771  0.01512147  0.01018685
 -0.01690969 -0.01151401  0.01355112]
[ 0.00114601  0.00271396 -0.00049078  0.00019037 -0.00480659 -0.00304868
 -0.00064757  0.00722482  0.00227046  0.00301783 -0.00056262 -0.00085527
 -0.0009437  -0.00383231  0.00741375 -0.00040435  0.00275019 -0.00377372
  0.00062899 -0.00605136  0.00137119]
[ 0.01795703 -0.03177221  0.00948423 -0.00534632  0.0031199   0.01964621
 -0.00961146  0.00597016  0.00314166  0.00491049 -0.01830223  0.01426781
  0.01488841  0.00682645  0.01687611 -0.03023364 -0.01639126 -0.0275087
  0.02086911  0.00434517  0.00348933]
[ 0.01699672  0.00985589  0.00243463 -0.0058098  -0.00270634 -0.00441992
  0.00423948 -0.00606373  0.01363855  0.00648561  0.00694806  0.02094891
  0.00979177  0.01724713  0.01273286  0.00724866  0.00168307 -0.00559013
 -0.01329918 -0.00969873 -0.00019497]
[ 0.00649757  0.0021332  -0.01343815  0.00633395  0.00661744  0.00908178
 -0.00122615 -0.00345382 -0.012379    0.00181033 -0.00538105 -0.00468245
 -0.00211796  0.00902582  0.01274314  0.0100789   0.01199521 -0.01091643
  0.00635345 -0.00117182 -0.0048663 ]
[ 0.0151181   0.02001109  0.01469769 -0.00251853  0.00688557 -0.02426759
  0.02376141  0.00070684 -0.01468784 -0.00181831 -0.02823864  0.00574293
 -0.0082824   0.0139834  -0.01033311 -0.01511583 -0.00289428  0.01137643
  0.0155217  -0.02171939  0.00839852]
[ 0.02137824 -0.01455723 -0.00844024 -0.00069923  0.01243364 -0.02977413
 -0.00961143  0.01084725  0.02829719 -0.00317191 -0.01145478 -0.00817159
 -0.00270547 -0.00078201 -0.02871516  0.02453439 -0.01057024  0.01678127
  0.00093408  0.0160002  -0.00834794]
[ 0.00392341  0.00028592  0.00431865 -0.0112612  -0.01144836 -0.00755909
  0.00751686 -0.00401085 -0.00638887  0.00320961  0.00698422 -0.00183526
 -0.00403866  0.00528343  0.00250474  0.00806072 -0.00057563 -0.00498657
 -0.00144725 -0.00153365  0.00090767]
[ 0.00776029  0.00215233 -0.00452256  0.00022485  0.00283586 -0.00456248
 -0.00674809  0.00084079  0.0067883  -0.00051483 -0.01302808  0.0064412
 -0.01254838 -0.0003769  -0.02237583 -0.0093586   0.0040258  -0.00898955
  0.00965925  0.00121759  0.0078081 ]
[ 0.0124477   0.01186132  0.00170672  0.00012581  0.00965925 -0.00378689
  0.00390493  0.0101437   0.00976481 -0.00465931  0.00785105 -0.01996331
  0.01206884  0.00138725  0.00648454 -0.00575421 -0.02069709  0.00567463
 -0.00354638  0.0001727  -0.01709799]
[ 0.00412482 -0.00123249  0.00458882 -0.0010987  -0.0014325   0.00711305
  0.00147317 -0.00483975  0.01435764  0.00458964 -0.00855557  0.00727675
  0.00829371 -0.01020991  0.00058736  0.0156573  -0.00572495  0.00460064
  0.00029843  0.00502648  0.00209735]
[  2.76424872e-03  -3.66631050e-03   4.15260313e-03   1.01730582e-03
   1.71855153e-03  -5.41053224e-03  -5.87755590e-03   2.81368845e-03
   5.50716316e-03   4.72650025e-03  -7.87963166e-03  -9.95333675e-05
  -2.01857796e-03  -2.26758048e-03  -3.67180010e-04  -2.17860613e-03
   3.28451545e-03   2.89999301e-03  -6.48267821e-03  -9.87740717e-04
  -4.85281379e-03]
[  6.23279012e-03  -1.60277388e-03   1.14389926e-03  -1.17294608e-02
  -7.50337711e-03   1.95747140e-03   3.18245452e-03   2.62740032e-03
  -2.71836059e-03   6.59452620e-03   1.42973968e-02   1.20576815e-05
  -1.36125095e-02   1.05497896e-02   1.50878136e-04   1.13985668e-02
  -4.79234450e-03   1.18179536e-02   2.31078563e-04  -1.90072589e-03
  -9.67462266e-04]
[ 0.00585104  0.00056396 -0.01853598 -0.00102817  0.00705007 -0.00514267
 -0.0049882   0.0053086   0.00640042 -0.01409021 -0.00065642 -0.0075462
  0.01484888  0.0162496  -0.00211725  0.01662052 -0.00301047 -0.00972308
 -0.0113184  -0.01291284  0.01064796]
[ 0.01045642 -0.00120267 -0.00486561  0.00037371  0.01369358  0.01415944
  0.0050357   0.00187749 -0.00181997  0.00784405  0.00802493  0.00173905
 -0.00784156 -0.00543681 -0.00194805 -0.00591336  0.00626904 -0.00028344
 -0.00954793 -0.00416751  0.0186927 ]
[ 0.00319879 -0.00679232  0.01329396  0.0054137   0.00313143 -0.00800561
 -0.00979771 -0.00301532 -0.00533537 -0.00830319  0.00562169 -0.00777394
  0.00024945 -0.00433801  0.00484037  0.00131436  0.00743    -0.00232794
 -0.01181219  0.0006918  -0.00066112]
[  1.90472260e-02  -2.01240130e-04  -1.51554695e-02  -8.78864757e-03
  -4.85885759e-03   7.39612755e-03  -2.00976721e-02  -2.59892209e-03
   2.40378397e-06  -2.33268558e-02  -1.68410834e-02  -3.33540041e-03
  -2.58243180e-02   1.82138152e-02  -2.21248620e-02   1.22652308e-02
   1.31806874e-02  -3.11710683e-03   2.10542048e-02  -9.40633923e-03
   1.12632165e-02]
[ 0.00610701  0.00383987 -0.00435055 -0.00993939  0.00977062  0.00897258
  0.01282006  0.00542309 -0.00733748 -0.01312123 -0.00281309  0.00379242
 -0.0069061  -0.02379721 -0.01121182 -0.00844676  0.00358006 -0.010292
 -0.01291311 -0.0084507   0.00488487]
[  1.76725101e-02  -1.42392890e-02   1.95278922e-02   6.61978551e-05
  -5.84443856e-03  -2.48385538e-02  -3.57575353e-03  -9.55378434e-03
  -3.41174651e-02   7.23447328e-03   1.61256517e-02  -3.47234500e-03
   5.34282507e-03  -8.37691048e-03   6.95622890e-04   3.07533939e-02
   9.88768086e-03  -8.17260639e-03   5.42887973e-03   2.29498202e-02
   1.56926276e-02]
[ 0.00875979  0.00365186 -0.02019317 -0.00087109 -0.00086614  0.00296132
 -0.01384996 -0.00859721  0.00027084 -0.01952475  0.00315027  0.00204098
 -0.00348036  0.00597823 -0.0004085   0.00597553  0.00813368  0.00414167
  0.00691799  0.00623322 -0.00969696]
[ 0.00787097  0.00596143 -0.00352312  0.00913442  0.00839361 -0.00791297
  0.00226525  0.00737569 -0.02905124  0.01098753 -0.00919849 -0.00241863
  0.00839539 -0.01319512  0.0083257   0.01865089 -0.00314864  0.00170196
  0.01442266  0.00450702  0.0037699 ]
[ 0.01147736  0.00280637 -0.01816097 -0.00218683 -0.00636034 -0.00458126
 -0.00741556 -0.01396752  0.00895445 -0.00069461  0.01011134 -0.00148114
  0.01218779 -0.00981682 -0.01032575 -0.00417955  0.02039634  0.00776677
  0.00285101 -0.00931177  0.0026573 ]
[ 0.0064062  -0.00509648 -0.01049826 -0.00226093 -0.00475521 -0.00483977
 -0.00050547  0.00142451  0.00247313  0.00046823  0.01241115 -0.00244355
 -0.00978059 -0.00197137 -0.00400749  0.0026313  -0.0026738   0.00225429
  0.00918343  0.00886367 -0.01463322]
[ 0.01072869 -0.00014242  0.0122773  -0.02225347 -0.02158566  0.01210529
  0.02208227 -0.01583344 -0.00313932  0.00223186 -0.02032957 -0.04072544
 -0.00019942  0.0043248  -0.00912675  0.00966008  0.00851755 -0.02484001
 -0.00248613  0.00529665 -0.00706995]
[ 0.00643486 -0.00163355  0.00059171 -0.00480157  0.00544178  0.00595537
  0.01124076  0.00362578  0.00186888 -0.0034011   0.00373646 -0.01107434
  0.0003287  -0.00611325  0.00072368 -0.0072072   0.00590152  0.01316902
 -0.01058194 -0.00021411 -0.01683237]
[ 0.00988211  0.0101159   0.00507717 -0.00050581 -0.00252776  0.0166716
 -0.00894331  0.00358702  0.0024794   0.0088313   0.00895187 -0.00030763
  0.0007784  -0.01279322 -0.00334037  0.01361574 -0.01908534  0.01236085
 -0.0034677   0.01446293  0.00840688]
[ 0.01039075 -0.00486816 -0.0064903  -0.00395325 -0.00319011  0.00693312
  0.00427221  0.0006563  -0.00398084 -0.00882463 -0.00380411 -0.00726315
 -0.00545513 -0.0029379  -0.00482666 -0.00828922 -0.00543441 -0.03649154
  0.01568757  0.00601454 -0.01792798]
[ 0.00146071 -0.00499758  0.00235129 -0.00385196  0.00049336  0.00358428
 -0.00188746  0.00073     0.00082025 -0.00120488 -0.00547101  0.00386592
  0.00389309  0.00039362  0.0059717  -0.00333727 -0.00217265 -0.00339283
  0.00522894  0.00232776  0.00231631]
[ 0.01739845 -0.02462449  0.00229937 -0.01313475  0.00815487  0.01716623
  0.00694093  0.0059651  -0.00328531  0.01787093  0.0100286  -0.00486279
 -0.01143976  0.02184708 -0.00081425  0.00218405 -0.00174936  0.03030308
  0.0089419  -0.01652037  0.01354676]
[ 0.01096444  0.01176075  0.00247474  0.00249671 -0.00480045  0.00772865
 -0.01377511 -0.0044087   0.00490817  0.00147434 -0.00660851  0.00092821
 -0.01876661 -0.00091484 -0.00281239 -0.00674621  0.0050898   0.00364576
 -0.00662933  0.00353841  0.01158651]
[ 0.010496    0.00086124 -0.00288226  0.0060763   0.019403    0.01315801
  0.00391118  0.00074951 -0.00407117  0.02669915  0.00464273  0.01123578
 -0.0092124   0.02047683  0.00943011 -0.00903278  0.02694921 -0.02066902
 -0.00997769  0.01429877 -0.00411965]
[ 0.01702374 -0.01489632 -0.00096914 -0.02012278 -0.00883871 -0.0323767
  0.01085208 -0.01726192 -0.00747637  0.01060871  0.01029168  0.0120605
  0.00066459  0.00289857  0.00085796 -0.00337562 -0.00613195  0.00835065
 -0.01398249  0.00097585 -0.00112492]
[ 0.00852315 -0.01877985  0.00700874 -0.01294804 -0.00068624 -0.00602695
 -0.0086039  -0.00324874  0.00322974  0.00104709 -0.01001035 -0.0116131
 -0.00091517  0.00078755 -0.00051548 -0.00139955  0.00538413  0.00315053
 -0.00176941 -0.0013707   0.00115839]
[ 0.00380386  0.00032967 -0.00787318 -0.0012525   0.00226909 -0.00527903
 -0.0058418  -0.00142815  0.00618662 -0.00480709 -0.00105039  0.00088998
 -0.00025381 -0.00093979 -0.01147937 -0.00106876  0.00629893  0.00274463
  0.00704487  0.00354358 -0.00217285]
[ 0.01906117  0.00463945  0.00050302  0.0018285  -0.01083464  0.01900724
 -0.00503743  0.00802332 -0.0091491  -0.0055278   0.01068706 -0.00258417
 -0.00502538  0.00944793 -0.00831257  0.0297871  -0.0070103  -0.0073722
  0.01746179  0.01552086 -0.00871799]
[ 0.00137418 -0.00047785 -0.0049959   0.00453446 -0.00041237  0.00071217
 -0.00052692 -0.00669281 -0.00288035  0.00034269 -0.00538587  0.00172396
 -0.00359507 -0.00162226  0.00748106  0.0007171  -0.00375361  0.00245569
 -0.0029671  -0.00288644 -0.00704323]
[ 0.01605802 -0.02831728  0.02268615 -0.0031136   0.00609401  0.00050813
 -0.03235701  0.00203621 -0.00298217 -0.00032713 -0.00855452 -0.00862422
  0.00550584 -0.00656753  0.00397173 -0.01233248  0.00553626 -0.00352075
 -0.00875457 -0.00844793  0.00892078]
[ 0.01252681 -0.02025521  0.01041472  0.02234806 -0.01160367  0.00861053
 -0.00849595  0.0022391  -0.00757892 -0.01684897  0.00622041  0.00083248
 -0.0016037   0.00144967 -0.00709458  0.00345619 -0.0050103  -0.00268867
 -0.00892679 -0.01645051  0.00847801]
[ 0.00934495 -0.01410101 -0.00351082  0.0083777  -0.01053409  0.00158199
  0.00460756  0.00796189 -0.00362195  0.00151059  0.00202152  0.00218708
  0.00061399  0.00071711 -0.00323646 -0.00441126 -0.0029079  -0.00204997
  0.00258707  0.0046366   0.01129028]
[  2.55692294e-03   1.30171054e-03  -4.83376448e-04  -9.64732121e-03
  -1.61086460e-03  -5.00407334e-03   3.03028731e-03  -8.68523530e-04
  -3.97851563e-03  -7.62562084e-03   1.32848000e-03   1.21989963e-02
  -7.20130974e-04   4.35370410e-03   3.39569936e-03  -5.66220545e-05
  -3.48399762e-03   1.08433240e-03  -7.74392326e-03  -7.36313823e-04
  -1.75795861e-03]
[ 0.0064037   0.00221592 -0.00772324 -0.00098136  0.00558819 -0.00503106
  0.00045997  0.00516543  0.00649217 -0.01236182  0.00223073 -0.00694037
  0.00944145  0.00653392 -0.00403872 -0.00027897 -0.01518164 -0.00944659
  0.00098197  0.00772968 -0.00105082]
[ 0.00931649 -0.00798393  0.01141401  0.00089988 -0.00328241  0.01756958
 -0.01592695  0.0005296  -0.00656142  0.00751393  0.00929669 -0.00104339
  0.00777746  0.00102746 -0.00506519 -0.0023971  -0.01846551  0.00135813
  0.01657392 -0.02025161  0.00053963]
[  2.83715401e-02  -2.24662619e-02  -1.92567577e-02  -6.40438036e-03
   8.46970411e-03  -2.88144430e-02   9.18133552e-04  -1.53591734e-02
   1.45721513e-02   4.65967878e-03   2.95060624e-03  -7.74292092e-03
   1.12374727e-02  -5.54572544e-05  -6.71553622e-03  -2.56572265e-02
   1.14179586e-02   2.43768069e-02   8.03507428e-04  -2.55224621e-03
   1.61194128e-02]
[  1.12194694e-02   1.47114167e-02   3.29976999e-03   2.36142194e-03
  -1.44766210e-02   4.84875160e-03  -9.65684238e-03   1.11378026e-02
   5.57028117e-03  -1.54527047e-03  -1.07005234e-02  -1.16095085e-02
  -2.01851663e-02   9.87178049e-03   5.53413792e-03  -3.16156397e-03
   7.19098814e-04  -2.67473153e-05  -6.53956090e-03   1.88375636e-02
   1.78229490e-02]
[ 0.00604661  0.00644223  0.0072547  -0.00021584 -0.00618178 -0.0045127
  0.0014647  -0.0131529  -0.00147049  0.00228785  0.00760546  0.01042423
  0.00721037 -0.0021353  -0.00376295  0.00293719 -0.00254672 -0.00061506
 -0.00421463  0.00354433  0.00484402]
[  1.06433495e-02   6.16560081e-03  -1.18385101e-05  -2.58182679e-02
   9.18846558e-03   1.27986928e-02   4.60322690e-03   1.32092292e-02
  -1.21843324e-02  -3.01822380e-02  -3.24898479e-03   1.99737766e-02
  -9.24527441e-03  -1.97707871e-02   2.96612241e-03   6.54927052e-03
   1.16600773e-02   1.34383160e-02  -6.94718134e-03  -2.20393961e-03
  -1.29833380e-02]
[ 0.01000292  0.01009295 -0.00302043 -0.00591492 -0.0265383  -0.01090232
  0.00136147  0.01187513  0.01189279  0.00239945  0.0179144  -0.00516033
 -0.00439667 -0.01514528  0.02845635 -0.00974938  0.00191987 -0.00819403
  0.00627237 -0.01081338  0.00634752]
[ 0.00764976  0.00774487  0.00470818 -0.00313946 -0.00439358 -0.00696435
  0.0055414  -0.00883395 -0.00861911  0.0049685  -0.01110937 -0.01201957
  0.00820833  0.0037414   0.00145738 -0.00970188 -0.00491579  0.00626392
 -0.00391177  0.0074665   0.01255445]
[ 0.00116433  0.00012344 -0.00151419 -0.00033273 -0.0044274  -0.0019574
  0.00130059  0.00213395  0.00199497  0.00043956  0.00470998 -0.00151779
 -0.00120071 -0.00396173  0.00561381 -0.00354642  0.00047524 -0.00057258
  0.00350381 -0.00371901  0.00037976]
[ 0.01095501  0.00971519 -0.02521084  0.01309013 -0.0007997   0.00919018
 -0.013219   -0.02965964 -0.01117764 -0.01044347 -0.0129694  -0.00590019
 -0.00465083  0.00286596  0.02765008 -0.00685664  0.0095189   0.01546702
  0.00804509 -0.00010893 -0.01268803]
[ 0.00368359  0.0064598  -0.00185181 -0.00049687 -0.00156582 -0.00337783
  0.00017225 -0.00327768 -0.00169942 -0.00390134 -0.008263   -0.00600674
 -0.00057512  0.00828272  0.00987327 -0.00885078 -0.00670193  0.00631291
 -0.00208417  0.00558128  0.00528215]
[ 0.01460557  0.01290344 -0.00414951 -0.00552628  0.01343625 -0.00398987
 -0.00199777  0.01711059  0.00132627 -0.00687332  0.0056226   0.00333054
  0.00926467 -0.00375324 -0.00222067  0.00118385 -0.00164147 -0.00607518
  0.00944809  0.00937702 -0.01701887]
[ 0.00619769  0.00656975 -0.01037922  0.00033382  0.00932499 -0.00261281
 -0.00471856  0.01217728 -0.00016335 -0.00136705 -0.00128764 -0.00726793
  0.01716615  0.014083    0.00683026  0.01557778  0.00148143 -0.01176456
 -0.00924184 -0.01533879 -0.00236908]
[ 0.00413934 -0.00527888  0.00030129  0.01102115 -0.01081846  0.00273264
  0.00400451  0.01499575  0.00077068  0.00013914 -0.00896387  0.00775874
  0.00665944  0.00298994 -0.00359618 -0.00163051  0.00265934 -0.0006359
  0.00134798  0.00340006 -0.00487352]
[ 0.01119938  0.01422053  0.00128712  0.00011583  0.00494272  0.00745571
 -0.00607715  0.01177671  0.00510129  0.01204323  0.00332303 -0.00768564
  0.00486184 -0.00273955 -0.00099453 -0.00526986  0.00548739  0.01096654
 -0.01428879  0.01329869 -0.00512249]
[ 0.01398638  0.01558668  0.0150132   0.01473558 -0.00235673 -0.0050642
  0.01625034 -0.00044943 -0.0018473  -0.02034139 -0.00394507 -0.01322719
  0.00863904  0.0061801   0.00717864 -0.02210875 -0.00940624  0.00857522
  0.00373168  0.01691414 -0.0020903 ]
[ 0.01110944  0.01432242  0.00273602 -0.00550134 -0.00780813  0.00745442
 -0.00822284  0.01454384  0.0085113  -0.00281582  0.00734118 -0.00149167
 -0.01307429  0.00299417  0.00488274  0.00420527 -0.01216812  0.01305777
 -0.00986097  0.0290351   0.01151855]
[  2.62827378e-03   4.71917851e-03   5.28879010e-03  -2.27801642e-03
  -5.12538469e-03  -5.60227079e-05   6.91462007e-03  -6.30069399e-03
  -7.90743615e-04  -6.34759027e-04  -8.18953286e-03  -7.43223537e-03
   4.11822183e-03   1.97672910e-03  -4.54698547e-03  -3.09101007e-03
   2.34321993e-03  -2.37735975e-03   2.07542962e-03  -9.44935890e-04
  -8.48973453e-04]
[ 0.00496502  0.00283718  0.00273273 -0.00549979  0.00277985 -0.00137742
 -0.00088539 -0.00067582 -0.00423923  0.00703217  0.00571471  0.01074837
  0.00888794  0.00564771 -0.0053838  -0.01011854 -0.00661276 -0.00774928
 -0.0008257  -0.00272511 -0.01074692]
[ 0.01231334  0.00059584 -0.02066161  0.00458842  0.01288598 -0.0014676
  0.00659203  0.00229354 -0.00731187 -0.00790633 -0.00051378 -0.00335254
  0.00475119 -0.02618455 -0.01656577 -0.01153446 -0.01637985 -0.00658429
 -0.00727262 -0.00657589  0.0276454 ]
[ 0.0064736   0.00619714  0.00854032  0.01007583  0.00026446  0.00017819
  0.00272742 -0.00561344 -0.00162369 -0.00679404 -0.00413429  0.00297225
 -0.01511926  0.00260325 -0.00264338 -0.0016995  -0.01131689 -0.00838915
  0.00133372 -0.00743738 -0.0103445 ]

Right eigenvectors

[ 1.          1.43171684  0.53988228 -0.14367257 -1.51877979  0.65914476
 -0.68702328 -2.17732307  0.93452298  0.90150397 -0.27469565  0.6480618
  2.03115437 -0.78504107 -1.04180268  0.08779397  1.00407682  0.14919348
 -0.15687642 -0.62600011 -0.01236014]
[ 1.         -1.82007706  0.97111947 -2.08230191  0.12041502  0.90936604
 -0.4850267   0.05612576  0.24753139 -0.89483393 -1.63862318  1.05880762
  0.92758361 -0.21419157  1.60715823  0.34138101  0.05396676  0.2304992
  0.75684858  0.57442497  0.59267568]
[ 1.         -0.59537109  3.9803821   3.32151166  0.58755737 -1.34797056
 -2.01021863 -1.11583194 -0.81810702 -3.99662202  1.75605691 -1.72899433
 -0.86594804 -0.57396537  0.88510669  0.07895588  0.4645746  -1.03284753
 -3.14216693 -0.76167303 -0.29624143]
[ 1.         -0.40645926 -0.95917864  0.56974     0.23470879  0.60674433
 -0.07551019 -0.64971666 -0.48931076  0.91434715  0.49143914  0.51368982
 -0.6678635   0.01068205 -0.1117343  -0.50931067 -0.18924883 -0.42241154
 -1.02225498  0.99565979  0.74805761]
[ 1.          0.05133172 -1.12675638 -1.1632295  -0.46065664 -0.62997884
 -0.50609892 -0.03674288  0.83561518 -1.40619684  0.06319295  0.92515497
  0.31425553  1.66798292  1.96197099 -0.64257746 -1.5808459  -0.52531512
 -1.30465589  1.15792328  0.89661945]
[ 1.          1.13691452 -0.17649875 -0.13646812 -0.09950076 -0.13395131
  0.24706129 -0.3958789   1.31894536 -0.23084205  1.55451572  0.9454243
  0.55550086 -1.1082108   1.26758635 -0.79373005  0.89568341 -0.11022524
  0.93893978 -0.86156057  0.16248818]
[ 1.         -0.68202897  0.71194201  0.49777846  1.15884129  1.62842764
  2.84977696 -0.75485341  3.32127612  0.15699288 -0.28348624  0.18604072
  0.82994078 -0.56793831  1.10030945  2.97426315 -0.1422859  -0.28543754
  0.46918725  0.34431089  0.86428879]
[ 1.          0.67842924  0.47916566  0.11946079  0.91369307 -0.25242886
  0.07834978  0.06706955  1.10385674 -0.07483339  0.97010123  0.23291182
  0.58839641  0.91454375 -0.68842965 -0.4092251  -0.80525242 -0.16034462
  0.94617566  0.92592043 -0.49471842]
[ 1.         -1.12946696 -1.14298446  1.7242504  -0.18230578 -0.34367258
  0.78319902 -1.20332009 -0.5800828   1.01753244 -1.56638502  1.30400038
 -1.24875149 -0.94693358  0.95214929  0.84874948 -2.27703146 -0.29108267
 -1.74467641 -1.00084665 -1.35787403]
[ 1.         -0.49346008 -0.19080011 -0.92071005  0.56829818 -0.675273
  0.60677693 -0.15735584 -0.42699952 -0.02368185 -1.37187827 -0.26609132
 -1.64765629  2.47464803 -1.66858407 -0.91257164  0.65999983  2.89214511
  2.46630274 -2.92758113  2.54479307]
[ 1.         -0.41805699 -0.45039449 -0.09586253  0.4261982   0.03600222
 -0.23062444 -0.02965579 -0.05414967  0.28736877  1.00487504 -0.18650048
  0.45607542  0.10189914 -0.29949392 -1.04527391 -0.21046845 -0.38808766
  0.46828257  0.79690674 -1.09120301]
[ 1.          0.14459892  0.42044919 -1.47786213  1.09074976  2.3719685
  3.86602067 -0.12782372  1.32449337 -0.96477034 -0.49848397 -3.47507857
  0.49799034 -2.2952398  -0.41515141  0.07442448 -0.05179181 -0.96242507
 -2.85545108 -0.45348899 -1.47094457]
[ 1.          0.92208493  0.95632402  1.03407194  0.46824143  0.479052
 -1.28929179 -0.40464897  0.31385363 -0.75870772  0.17033841 -0.21682808
 -0.80216318 -0.09466657 -0.08024626  0.25741533 -0.32918139  0.0846886
  0.39141899 -0.54850612 -0.47145428]
[ 1.         -0.85448346 -0.89131312  0.31467737 -0.71104473 -0.30250608
  0.73255362  0.27146922  0.12229736  0.04264417  1.08792835 -0.39815186
 -0.24425823 -0.69126758  0.21071721 -0.85033585  0.05024617  0.50826926
  0.98203044 -0.55942618 -0.44850875]
[ 1.          1.34227226  0.84324431 -1.97082375 -1.02158646 -1.92044128
  1.31767427 -0.75306629 -1.58829167 -0.75357994  0.38086363  3.19533986
  0.16787433  2.31010872 -0.64408768  0.1874435  -0.79966512 -0.798817
 -0.47674765 -1.31743925 -0.26146554]
[ 1.         -0.42328788 -0.50415494 -0.12134193 -1.36021749 -0.45719935
 -0.38225291  0.04475956 -0.02789665  0.24480321  0.63656468 -0.97325715
 -1.02662298 -1.08219917 -0.67523996  0.47073084  0.82536882 -1.19961093
  1.15515729  0.55175568 -0.23404419]
[ 1.          1.27192638 -0.90577232  1.00072424  0.55554712  0.07534193
  0.03996767 -0.06332374 -2.73437569  0.37396005 -0.62543818 -0.57778817
  1.47545882 -2.09796896  0.37888954  0.26645884 -1.75612805  0.69352275
  0.67075418  1.67333456  1.9097046 ]
[ 1.         -1.50782417 -1.11419249 -0.18879563 -1.32876164 -1.55244406
  0.59856999 -0.13242618  0.68544526  0.48560408  0.15833474  0.03637096
 -1.1972804  -0.69630767  0.3141298   0.19938678 -1.24166268 -0.70398393
 -0.14677738  0.43001288 -1.3599133 ]
[ 1.          1.204       0.60965366  0.20876275 -0.08913464 -0.71089084
 -0.73511351  1.25997961  1.05483388  1.34774703 -1.5940744   0.15129923
 -1.45669716  0.95252658  0.09858498 -0.62326977  0.80131015  0.06236534
 -1.19460841 -0.04635584  0.74352137]
[ 1.          0.72958694  0.25687381  0.56472139 -1.69418358  0.52802628
 -0.2949336  -0.03174484 -0.59360851 -0.63009612  0.59042722  1.06073874
  0.39796433  0.0112026  -0.44674024  0.66635576  0.51159095 -0.50793074
 -0.03688341  0.59403272  0.40369478]
[ 1.          1.46808573 -0.09861286  0.71980783 -1.03259334 -1.08459782
 -0.57170605  3.71824095  0.31199341  1.67681519 -2.07904754 -0.01353287
 -0.107942   -0.64780242  1.19798774  0.73736295  1.19717986 -1.05245167
 -0.31760545 -1.60285899 -0.03414489]
[ 1.         -0.5646398  -0.12426712  1.1498248  -0.29574559 -1.18291713
 -0.12121469  0.17541702  1.70228017  1.02171015 -2.15384092  1.1379847
 -0.49553779 -1.13668504 -1.11495474  0.91939627 -1.05018276  0.30126923
 -0.62358098 -0.12833741 -1.52995731]
[ 1.         -2.36656956  2.21112512  2.12383799 -1.47228074  3.13174746
 -3.00762872  0.30214111 -1.74236567 -0.76417199  2.10398238 -0.06228337
  1.05667197  0.35184904 -1.78780797  0.0410799  -4.03970794 -0.12799857
  1.93225184 -6.82112197  1.50354466]
[ 1.          0.74136905  1.77135831  1.74849001  2.07416268  0.4919617
  2.74877556 -1.25609902  3.34286476 -1.10523991  1.36449523  0.30349822
  0.0314335  -0.07116578  2.10328572  0.5235964   0.03305123 -0.55747012
  1.98176119  0.01405615  1.57379771]
[ 1.          0.68826072  0.84151056 -0.79435496  0.32156929  1.79347701
 -0.10051864  0.52818407 -0.52583933  0.84723389  0.26991866 -0.87380977
 -1.43201181  1.22138382 -0.65878605  0.13729057 -0.79858283  1.4453961
 -0.12458397 -1.71193407 -1.57754124]
[ 1.         -0.30135058 -3.87475382 -0.44198662  0.72897304 -1.8793133
 -1.2222634  -0.72528466  2.11214628 -2.06380712  0.81297922 -1.60704828
  4.01560684  1.98083204 -1.59644305  1.70733603  1.88192626 -0.11895366
 -2.03960364 -4.02686454  3.53284638]
[ 1.          0.46077493 -0.92349818  0.55065057  1.12758417 -1.78515503
  1.46014946  0.72969992 -1.73392344  0.22880193 -0.61204127 -1.17556805
  1.03565835 -1.79493365 -0.24087663 -0.95833616 -1.7722245   1.32731913
  1.87598495 -1.31334217  1.37347456]
[ 1.         -1.22249424  1.06330491 -5.03384927  1.11230441  2.57751354
 -0.08659953  1.62789995 -1.16292989 -5.02164246 -2.7796827   4.17878584
  0.13671137 -3.18012856  3.07367382  1.59135677  1.9332488   2.59056557
  0.23915913  0.74714804 -1.20785902]
[ 1.         -1.62047869  0.25630052  4.69516682 -4.15911245  1.64314874
  3.34690923  3.36761293 -1.00135507 -2.81832004 -0.12641476  1.86495138
  3.22735968  2.30917321 -1.80504505 -1.65435589  2.85456862  2.67888612
 -0.93927174  1.35644561 -1.18761118]
[ 1.          0.67436301  1.45636438  1.21031624  2.62194066 -0.22167959
  1.63215543 -0.66128423  2.19089303 -0.29504358  0.98597831  0.79283417
 -0.83847688  0.36535663  1.21038627  0.27052279  1.48540711 -0.29289677
  2.67990522 -0.22302288  0.81096857]
[ 1.          1.22066213  0.36803723 -0.30117955  0.25567886  0.586986
 -0.77120691  0.49785784 -0.51768403  1.0838324   0.39684116  0.01491527
  1.25396631 -0.0504926  -0.2408447  -0.22390873 -0.55183086  0.28781958
 -0.10670933 -0.92951848 -1.12814943]
[ 1.          0.42625271 -0.13783932 -0.14246383  1.42732906  0.21284996
  0.31420763 -0.49710991 -0.67271166  1.21000422  0.60866485  1.92883154
 -0.41844885 -0.50063077 -1.73114202 -1.50864808  1.24320821 -2.2750106
 -1.48638046  0.57800236  0.12496913]
[ 1.          0.52946143  1.90376606  1.78803637  0.85596288 -0.83181518
  0.29893303 -0.9172021   0.75233321 -1.05765257  0.75855801  0.68251545
 -1.18372074  0.14853503 -0.11451798  0.58711275 -0.55217147 -1.10356229
 -0.03513945 -0.45020115 -0.23658265]
[ 1.          0.5316574   0.90514644  0.70892644  0.99811325 -1.24608867
  1.62200444  0.04646597 -0.91185313 -0.7545188  -0.60676817  0.41019606
 -1.07319522 -0.36908587  0.13442778  0.88319087  0.56289625  1.12786655
  1.8224261  -0.2207141   0.88065565]
[ 1.         -0.10762924 -0.31044083  0.02179615  0.71224143  0.92614937
  0.0532068  -0.14285992  0.03351459  0.41165079  0.50656179 -0.76626586
  0.25266739  0.2618748   0.15723139 -0.96197984 -0.63958195  0.27571687
 -0.90916615 -0.22549987  0.76448824]
[ 1.         -1.37430823  0.89241311 -0.51036696  1.03802136 -1.30775178
 -0.49480564  0.16806112  0.44880701  0.27019533  0.16696455 -0.79106771
  0.46469755 -0.26530384  0.63662183 -0.54750854  1.37434695  1.00432961
 -0.24593241  0.33662579 -1.29180148]
[ 1.          0.91582189 -0.10729689 -0.96690277 -1.22964289  0.82233108
 -0.75031569  1.15986638 -0.06639282 -0.81704334  0.71825631  0.90730893
 -1.22125233 -2.11298151  0.01389861  0.49151441  1.42295648  0.12207861
 -0.5842363  -1.23676383  1.33742219]
[ 1.          2.22139145 -1.83275739  1.14353638 -1.85894012  1.82807321
 -2.38287786 -6.21414306 -0.05887366 -0.01675351 -2.03388227  0.19272344
  2.51847653 -0.84931022  2.26444078 -0.87411588  3.20517048  2.69411336
  1.03923267 -1.27317834 -2.32367024]
[ 1.          0.15536094  0.53632039 -0.1439291   1.54139906 -1.0002364
 -0.33169141  0.84673049 -1.66153666  0.88418815  0.0325247   0.1046049
  0.94116909  0.023598   -0.09675832  0.81185805  1.39758407  0.26807187
  0.4968916   0.69463809 -0.8169276 ]
[ 1.         -1.46286316 -0.87824756  0.91882946 -0.02922223  0.78830338
  2.00464106 -0.29382925  0.01836395  0.63603192  0.24262776 -0.26791743
 -0.21376515  0.67215716  0.34747079  1.11266629  0.79036935  0.53244651
 -0.88383588 -0.6018147   0.70829044]
[ 1.          2.36818591 -0.4282478   0.16611617 -4.19419912 -2.66025972
 -0.56506672  6.3043254   1.98118725  2.63333518 -0.4909395  -0.7463021
 -0.82346864 -3.34404353  6.46918644 -0.35283268  2.39979551 -3.2929176
  0.54885399 -5.28037247  1.19649058]
[ 1.         -1.76934634  0.52816234 -0.29772829  0.17374238  1.09406744
 -0.53524776  0.33246899  0.17495433  0.27345802 -1.01922324  0.79455286
  0.82911272  0.38015466  0.93980496 -1.68366585 -0.91280452 -1.53191788
  1.16216913  0.24197608  0.19431559]
[ 1.          0.57986973  0.14324085 -0.34181874 -0.15922704 -0.26004553
  0.24942931 -0.35675852  0.80242227  0.38157984  0.40878808  1.23252652
  0.57609732  1.01473251  0.74913643  0.42647418  0.09902322 -0.3288948
 -0.78245524 -0.57062334 -0.01147083]
[ 1.          0.32830716 -2.06818195  0.97481899  1.01844853  1.39771992
 -0.18870886 -0.53155626 -1.90517434  0.27861681 -0.82816352 -0.72064697
 -0.3259626   1.38910739  1.96121731  1.55118073  1.84610748 -1.68007903
  0.97781941 -0.18034809 -0.74894232]
[ 1.          1.32365088  0.97219133 -0.16659043  0.45545209 -1.60520028
  1.57171901  0.04675432 -0.9715399  -0.1202738  -1.86786881  0.3798709
 -0.54784656  0.9249438  -0.68349218 -0.99984985 -0.19144467  0.75250339
  1.02669622 -1.43664768  0.55552747]
[ 1.         -0.68093678 -0.39480489 -0.03270743  0.58160249 -1.39273054
 -0.44958929  0.5073968   1.32364431 -0.14837071 -0.53581501 -0.38223841
 -0.12655237 -0.03657966 -1.34319569  1.14763368 -0.49443899  0.78496957
  0.04369311  0.74843369 -0.3904876 ]
[ 1.          0.07287511  1.10073943 -2.87025655 -2.91795986 -1.92666155
  1.9158982  -1.02228738 -1.62839547  0.81806715  1.78013795 -0.46777125
 -1.02937349  1.34664189  0.6384077   2.0545168  -0.14671619 -1.27097698
 -0.36887558 -0.39089671  0.23134804]
[ 1.          0.27735189 -0.58278207  0.0289743   0.36543145 -0.58792577
 -0.86956645  0.10834457  0.87474767 -0.06634213 -1.67881331  0.83002037
 -1.6169985  -0.04856762 -2.88337365 -1.20595943  0.51876952 -1.15840299
  1.24470182  0.15690043  1.00615994]
[ 1.          0.95289308  0.13711116  0.01010725  0.77598656 -0.30422419
  0.313707    0.81490562  0.7844669  -0.37431104  0.6307232  -1.60377557
  0.96956377  0.11144601  0.52094308 -0.46227143 -1.66272436  0.45587779
 -0.28490248  0.01387394 -1.37358687]
[ 1.         -0.29879912  1.11248941 -0.26636367 -0.34728846  1.72445161
  0.35714841 -1.17332348  3.48079288  1.11268815 -2.07416805  1.76413909
  2.01068481 -2.47523917  0.14239542  3.79587656 -1.38792661  1.11535581
  0.07235022  1.21859343  0.50847138]
[ 1.         -1.32633163  1.5022538   0.36802253  0.62170655 -1.95732468
 -2.12627607  1.01788541  1.99228207  1.70986794 -2.8505509  -0.03600738
 -0.73024469 -0.82032433 -0.13283176 -0.7881368   1.18821271  1.04910712
 -2.3451863  -0.35732701 -1.75556337]
[  1.00000000e+00  -2.57151909e-01   1.83529243e-01  -1.88189567e+00
  -1.20385525e+00   3.14060214e-01   5.10598698e-01   4.21544809e-01
  -4.36138638e-01   1.05803758e+00   2.29389993e+00   1.93455600e-03
  -2.18401538e+00   1.69262712e+00   2.42071582e-02   1.82880646e+00
  -7.68892326e-01   1.89609362e+00   3.70746582e-02  -3.04955863e-01
  -1.55221377e-01]
[ 1.          0.09638632 -3.16798114 -0.17572512  1.20492613 -0.87893322
 -0.85253184  0.90729182  1.093894   -2.40815517 -0.11218838 -1.28971919
  2.53781906  2.77721668 -0.36185834  2.84060897 -0.51451884 -1.66176917
 -1.93442506 -2.20693132  1.8198405 ]
[ 1.         -0.11501765 -0.46532285  0.03574017  1.30958619  1.35413834
  0.48158923  0.17955414 -0.17405251  0.75016623  0.76746437  0.16631442
 -0.74992781 -0.51994906 -0.18630229 -0.56552423  0.59953976 -0.02710666
 -0.91311645 -0.39856037  1.7876774 ]
[ 1.         -2.12340196  4.15593322  1.6924192   0.97894266 -2.50269876
 -3.06294014 -0.94264336 -1.66793228 -2.59572696  1.75744095 -2.43027503
  0.07798385 -1.35614159  1.51318775  0.41089418  2.32275235 -0.7277567
 -3.69270334  0.21626882 -0.20667923]
[  1.00000000e+00  -1.05653248e-02  -7.95678564e-01  -4.61413517e-01
  -2.55095287e-01   3.88304708e-01  -1.05514956e+00  -1.36446225e-01
   1.26201262e-04  -1.22468520e+00  -8.84175119e-01  -1.75112135e-01
  -1.35580467e+00   9.56245030e-01  -1.16157922e+00   6.43937901e-01
   6.92000365e-01  -1.63651485e-01   1.10536856e+00  -4.93842999e-01
   5.91331069e-01]
[ 1.          0.62876397 -0.71238593 -1.62753765  1.5999019   1.46922637
  2.09923742  0.88801033 -1.20148533 -2.14855212 -0.4606328   0.62099433
 -1.13084793 -3.89670446 -1.835893   -1.38312616  0.58622093 -1.68527582
 -2.11447379 -1.38377013  0.79988001]
[ 1.         -0.80573099  1.1049869   0.00374581 -0.33070789 -1.405491
 -0.20233422 -0.54060144 -1.93053873  0.40936309  0.91247093 -0.19648284
  0.30232406 -0.47400796  0.03936186  1.74018256  0.55949499 -0.4624474
  0.30719347  1.2986169   0.88796824]
[ 1.          0.4168887  -2.305213   -0.09944187 -0.09887657  0.33805803
 -1.5810849  -0.98144071  0.03091889 -2.22890683  0.35962883  0.23299393
 -0.39731063  0.68246353 -0.04663412  0.68215433  0.92852542  0.47280451
  0.7897447   0.711572   -1.10698637]
[ 1.          0.75739507 -0.44760908  1.16052017  1.06640131 -1.00533601
  0.28779839  0.93707547 -3.69093685  1.39595663 -1.16866052 -0.30728497
  1.06662747 -1.67642902  1.05777318  2.36958059 -0.40003245  0.21623231
  1.83238745  0.57261376  0.47896213]
[ 1.          0.24451331 -1.58233032 -0.19053401 -0.55416445 -0.39915636
 -0.6461033  -1.216963    0.78018417 -0.06052     0.88098116 -0.12904846
  1.06189855 -0.85532006 -0.89966262 -0.36415629  1.77709362  0.67670384
  0.24840299 -0.81131614  0.23152551]
[ 1.         -0.79555455 -1.63876512 -0.35292796 -0.74228201 -0.75548211
 -0.07890277  0.22236486  0.38605211  0.07308938  1.93736514 -0.38143454
 -1.52673858 -0.30772808 -0.62556377  0.41074195 -0.41737689  0.35189246
  1.43352255  1.38360799 -2.28422699]
[ 1.         -0.01327468  1.14434301 -2.07420301 -2.0119574   1.12831101
  2.05824576 -1.47580418 -0.29260987  0.20802702 -1.89487936 -3.79593887
 -0.0185879   0.40310606 -0.85068688  0.90039758  0.79390469 -2.31528923
 -0.23172695  0.49369091 -0.65897609]
[ 1.         -0.25385987  0.09195434 -0.74618071  0.84567204  0.92548566
  1.74685397  0.56345929  0.29043012 -0.52854248  0.58065888 -1.72099197
  0.05108162 -0.95002062  0.11246202 -1.12002501  0.91711663  2.04651316
 -1.64447199 -0.03327402 -2.61581112]
[ 1.          1.02365777  0.51377438 -0.05118461 -0.25579134  1.68704873
 -0.90500009  0.36298104  0.25089779  0.89366503  0.90586628 -0.03112971
  0.07876862 -1.29458378 -0.33802194  1.37781754 -1.93130241  1.25083135
 -0.35090713  1.46354685  0.85071671]
[ 1.         -0.46850894 -0.62462313 -0.38045814 -0.30701479  0.66723935
  0.41115467  0.06316163 -0.38311389 -0.84927725 -0.36610496 -0.69900134
 -0.52499822 -0.28274194 -0.46451458 -0.79774939 -0.52300451 -3.51192395
  1.50976289  0.5788361  -1.72537808]
[ 1.         -3.42132385  1.60968191 -2.6370356   0.33775263  2.45378615
 -1.29214805  0.49975255  0.56153973 -0.8248551  -3.74543679  2.64659453
  2.66519296  0.26946842  4.08820537 -2.2846846  -1.4873889  -2.32271928
  3.57971301  1.59357593  1.58574043]
[ 1.         -1.41532664  0.1321593  -0.75493823  0.46871265  0.98665274
  0.39893971  0.34285243 -0.18882799  1.02715684  0.57640753 -0.27949548
 -0.65751596  1.2556912  -0.04680002  0.1255315  -0.100547    1.74171193
  0.51394806 -0.94953099  0.77861905]
[ 1.          1.07262665  0.22570573  0.22771006 -0.43782047  0.70488387
 -1.25634424 -0.40209111  0.44764474  0.13446543 -0.60272253  0.08465618
 -1.71158872 -0.08343708 -0.25650099 -0.61528125  0.46420945  0.3325074
 -0.60462106  0.32271667  1.0567358 ]
[ 1.          0.0820544  -0.27460564  0.57891572  1.84860918  1.25362158
  0.37263511  0.07140889 -0.38787859  2.54374513  0.44233356  1.07048188
 -0.87770625  1.95091727  0.89844751 -0.86059249  2.56756923 -1.96922856
 -0.950618    1.36230655 -0.3924969 ]
[ 1.         -0.87503255 -0.05692855 -1.18204261 -0.51919939 -1.9018565
  0.63746751 -1.01399155 -0.43917333  0.62317188  0.60454863  0.70845193
  0.03903916  0.17026622  0.05039801 -0.19828889 -0.36020017  0.49052997
 -0.82135252  0.05732282 -0.06607939]
[ 1.         -2.20339346  0.8223183  -1.51916135 -0.08051495 -0.70712677
 -1.00947379 -0.38116672  0.37893739  0.12285302 -1.17448894 -1.3625356
 -0.10737453  0.09240129 -0.06047981 -0.16420596  0.63170614  0.36964379
 -0.20760007 -0.16082034  0.1359115 ]
[ 1.          0.08666646 -2.0697838  -0.32927107  0.59652286 -1.38780575
 -1.53575294 -0.37544842  1.62640331 -1.26373823 -0.27613888  0.233968
 -0.06672538 -0.24706305 -3.01781773 -0.28096776  1.65592892  0.72153648
  1.85202967  0.93157316 -0.57122277]
[ 1.          0.24339824  0.02638959  0.09592812 -0.56841421  0.99717065
 -0.26427692  0.42092485 -0.47998644 -0.29000328  0.56067163 -0.1355723
 -0.26364486  0.49566361 -0.43609986  1.56271119 -0.36777907 -0.38676533
  0.91609248  0.81426601 -0.45736935]
[ 1.         -0.34773822 -3.63555924  3.29976785 -0.30008628  0.51824965
 -0.38344125 -4.87041328 -2.09605824  0.24937645 -3.91934554  1.25453714
 -2.61616005 -1.18053508  5.44402947  0.52184015 -2.73153767  1.78702648
 -2.15918278 -2.10048918 -5.12541964]
[ 1.         -1.76343481  1.41276076 -0.19389676  0.37949907  0.03164355
 -2.01500568  0.12680325 -0.18571234 -0.02037148 -0.53272551 -0.5370658
  0.34287177 -0.40898717  0.24733592 -0.76799488  0.34476581 -0.21925204
 -0.54518367 -0.52608781  0.55553381]
[ 1.         -1.61694928  0.83139439  1.78401866 -0.92630693  0.68736812
 -0.67822115  0.17874473 -0.60501583 -1.34503282  0.49656798  0.06645584
 -0.12802123  0.11572563 -0.56635138  0.27590365 -0.39996584 -0.21463336
 -0.71261447 -1.31322408  0.67678916]
[ 1.         -1.50894445 -0.37569143  0.89649488 -1.12724892  0.16928796
  0.49305386  0.85199902 -0.38758383  0.16164718  0.21632261  0.23403888
  0.06570244  0.076738   -0.34633201 -0.47204682 -0.31117284 -0.21936704
  0.27684105  0.49616067  1.2081691 ]
[ 1.          0.50909259 -0.18904615 -3.77301992 -0.63000123 -1.9570685
  1.18513048 -0.33967529 -1.55597791 -2.98234284  0.519562    4.77096752
 -0.28163969  1.70271228  1.32804134 -0.02214461 -1.36257435  0.42407707
 -3.02861034 -0.28796872 -0.68752898]
[ 1.          0.34603743 -1.20605873 -0.15324899  0.87265101 -0.7856496
  0.07182867  0.80663188  1.01381544 -1.93041889  0.34835099 -1.08380671
  1.47437462  1.02033595 -0.63068559 -0.04356453 -2.37076204 -1.47517685
  0.15334451  1.20706537 -0.16409595]
[ 1.         -0.85696715  1.2251408   0.09659023 -0.35232256  1.88585787
 -1.70954352  0.05684538 -0.70428     0.80651938  0.99787494 -0.11199387
  0.83480528  0.11028415 -0.54368044 -0.25729666 -1.9820244   0.14577691
  1.77898689 -2.17373784  0.05792193]
[ 1.         -0.79185909 -0.67873502 -0.22573256  0.29852818 -1.01561082
  0.03236108 -0.54135847  0.51361862  0.16423778  0.1039988  -0.27291155
  0.39608258 -0.00195468 -0.23669974 -0.9043297   0.40244409  0.85919928
  0.0283209  -0.08995797  0.56815431]
[ 1.          1.31123997  0.29411106  0.21047537 -1.29031245  0.43217299
 -0.86072185  0.99272098  0.49648348 -0.13773115 -0.95374594 -1.03476449
 -1.79911952  0.87987945  0.493262   -0.28179265  0.06409383 -0.00238401
 -0.58287613  1.67900664  1.58857326]
[ 1.          1.06542799  1.1997963  -0.03569652 -1.02235408 -0.74631931
  0.24223519 -2.17525067 -0.24319166  0.37836928  1.25780561  1.72397893
  1.19246394 -0.35313953 -0.62232309  0.48575871 -0.42118196 -0.10171989
 -0.69702322  0.58616772  0.8011138 ]
[  1.00000000e+00   5.79291398e-01  -1.11229177e-03  -2.42576530e+00
   8.63305820e-01   1.20250611e+00   4.32497956e-01   1.24107822e+00
  -1.14478364e+00  -2.83578379e+00  -3.05259617e-01   1.87664387e+00
  -8.68643317e-01  -1.85757192e+00   2.78683173e-01   6.15339233e-01
   1.09552705e+00   1.26260215e+00  -6.52725097e-01  -2.07071994e-01
  -1.21985452e+00]
[ 1.          1.00900085 -0.30195496 -0.59131945 -2.65305599 -1.08991355
  0.13610728  1.18716656  1.18893185  0.23987491  1.79091711 -0.51588258
 -0.43953834 -1.51408618  2.84480469 -0.97465387  0.19193085 -0.81916406
  0.62705432 -1.08102296  0.63456689]
[ 1.          1.01243309  0.61546775 -0.41039934 -0.57434197 -0.91040138
  0.7243889  -1.15480059 -1.12671611  0.64949718 -1.45225059 -1.57123412
  1.07301727  0.48908657  0.19051335 -1.26825903 -0.64260742  0.81883866
 -0.51135869  0.97604306  1.64115589]
[ 1.          0.10601395 -1.30048131 -0.2857698  -3.80252114 -1.68113475
  1.11702761  1.83277059  1.71339986  0.37751908  4.04522513 -1.30357562
 -1.03124181 -3.40257505  4.82148732 -3.0458884   0.40816625 -0.49176449
  3.00928443 -3.19411842  0.3261647 ]
[ 1.          0.88682595 -2.30130604  1.19489859 -0.07299873  0.83890161
 -1.20666193 -2.70740311 -1.02032165 -0.95330531 -1.18387776 -0.53858332
 -0.42453904  0.26161172  2.52396584 -0.62589034  0.86890834  1.41186699
  0.73437483 -0.00994318 -1.15819347]
[ 1.          1.75366886 -0.50271909 -0.13488824 -0.42507983 -0.91699392
  0.04676158 -0.88980426 -0.46134855 -1.05911264 -2.24319164 -1.63067429
 -0.1561293   2.24854465  2.68033883 -2.40275903 -1.81939945  1.71379213
 -0.56579757  1.51517307  1.43396614]
[ 1.          0.88346032 -0.28410466 -0.37836774  0.91993998 -0.27317426
 -0.13678153  1.17151066  0.09080575 -0.47059573  0.38496292  0.22803204
  0.63432436 -0.25697316 -0.15204298  0.08105472 -0.11238629 -0.41594932
  0.64688252  0.64201637 -1.16523122]
[ 1.          1.06003275 -1.67469219  0.0538613   1.50459193 -0.42157781
 -0.76134249  1.96480923 -0.02635684 -0.22057363 -0.20776155 -1.17268295
  2.76976564  2.27229809  1.10206597  2.51348145  0.23902978 -1.89821697
 -1.49117458 -2.47492026 -0.38225205]
[ 1.         -1.27529531  0.07278649  2.66253902 -2.61357215  0.66016415
  0.96742897  3.62274167  0.18618387  0.03361415 -2.16553408  1.87439117
  1.60881899  0.72232236 -0.86878255 -0.39390675  0.64245441 -0.15362377
  0.32565143  0.82140254 -1.17736646]
[ 1.          1.2697605   0.11492768  0.0103427   0.44133867  0.66572521
 -0.54263304  1.05154988  0.45549721  1.075348    0.29671518 -0.68625577
  0.43411652 -0.24461631 -0.08880194 -0.47054956  0.48997233  0.97920945
 -1.27585522  1.18744913 -0.45739088]
[ 1.          1.11441881  1.07341629  1.05356659 -0.16850208 -0.36208115
  1.16186938 -0.0321333  -0.13207828 -1.45437154 -0.28206522 -0.94571985
  0.61767559  0.44186567  0.51325944 -1.58073496 -0.67252844  0.61311213
  0.26680813  1.20933012 -0.14945236]
[ 1.          1.28921213  0.24627911 -0.49519539 -0.70283755  0.67099868
 -0.7401673   1.30914294  0.76613229 -0.25346229  0.66080608 -0.13427043
 -1.17686301  0.26951634  0.43951258  0.37853168 -1.09529604  1.1753764
 -0.88762138  2.61355299  1.03682604]
[ 1.          1.79554297  2.01226757 -0.86673483 -1.95009543 -0.0213154
  2.63085989 -2.39727461 -0.30086044 -0.24151176 -3.11593599 -2.82780105
  1.56689226  0.75210167 -1.73002733 -1.17606092  0.89154332 -0.90453276
  0.78965503 -0.35952719 -0.32301561]
[ 1.          0.57143333  0.55039629 -1.10770791  0.55988696 -0.27742571
 -0.17832536 -0.13611661 -0.85381821  1.41634198  1.15099499  2.1648195
  1.79011142  1.13749893 -1.08434621 -2.03796558 -1.33186858 -1.56077488
 -0.16630303 -0.54886183 -2.16452566]
[ 1.          0.04838987 -1.67798609  0.37263813  1.04650562 -0.11918793
  0.53535708  0.18626485 -0.59381735 -0.64209526 -0.04172545 -0.27226933
  0.38585724 -2.12651941 -1.3453515  -0.93674514 -1.33025269 -0.53472828
 -0.59062956 -0.53404628  2.24515961]
[ 1.          0.95729549  1.31925433  1.55644969  0.0408522   0.02752607
  0.42131384 -0.86712917 -0.25081783 -1.04949997 -0.63863926  0.45913481
 -2.33552727  0.4021339  -0.40833313 -0.2625277  -1.74816177 -1.29590314
  0.20602464 -1.14887862 -1.59795252]
