Cluster centers 

[-1.02584145 -1.30460545 -0.66822189  0.05214844]
[ 0.87777736  1.392998   -0.07157425 -1.3249339 ]
[ 1.12047019 -0.49516127  0.2259965   0.69285193]
[-0.9575213   1.61746466  1.32468972 -0.32457713]
[-1.01859274 -0.49155661 -0.81236901  0.84721503]
[-1.02689868 -0.31549298  0.21642614 -0.96311168]
[ 0.8039287   1.17025853 -1.15676342  0.0880166 ]
[ 1.03683178  0.28404028 -0.48990326 -1.15025631]
[ 1.08432756 -1.31017903  0.51321826 -1.12348129]
[-1.01499844  0.32861308 -0.26027616  2.3000328 ]
[ 1.07642858 -0.64646144  0.88070347  1.57040134]
[-0.80395572  1.13873052 -1.09847037  1.6362643 ]
[-1.01854936  0.57820547  0.95727461 -0.66032816]
[-0.97527952 -0.34444473 -1.07623675 -0.68869634]
[-0.99672767 -0.03422704  2.18365752 -0.3142791 ]
[ 1.04878491  0.31738218 -0.61009047 -0.04001995]
[ 1.0627688   1.53116391  1.69563724 -0.89980136]
[-0.78351497 -2.58055098  0.30835522 -0.63802216]
[ 1.07592571 -1.41125838  0.32038435 -0.21564015]
[-0.75099688  0.60776302 -1.59182499 -0.50878482]
[-0.89685971  1.90747385  0.06554538  3.53449192]
[-1.0263376   1.29581054  1.97318128 -0.08435057]
[ 1.05295155 -0.18143277  1.4582066   2.57170269]
[ 1.10999208 -0.90782633  0.23737484  0.29350624]
[-0.9557473   0.18108673 -1.04694211  1.03452728]
[ 1.12335316 -0.52953251  0.26956719 -1.274403  ]
[-0.92326449  0.05021262 -1.32093122  0.2544076 ]
[ 1.10540483  0.00436612 -0.22621205  0.38410929]
[-1.01567376 -0.67270828  0.1141531   2.08480816]
[ 1.11789549 -0.46321481 -0.24916646 -0.68798952]
[-1.02600434 -0.22035498 -0.40548096  1.73425078]
[ 0.97064266  0.5409119  -0.87154225 -0.67172319]
[-1.02803099 -1.30849064 -0.67770975 -0.39800446]
[ 1.11939953  0.01214325  0.16778427  1.04437233]
[-0.84985597  0.81590437 -0.54611006 -1.03267042]
[-1.03750479  1.53947295  2.69758871  0.34555278]
[ 1.11470483 -0.05611723  0.734235    1.7658663 ]
[-0.78990845  0.84909137 -1.40848367  0.88837105]
[ 1.01078768  0.29309694  3.35464171 -0.43587125]
[-0.94003652 -1.70612031  0.10892141  1.21882724]
[ 0.1784407   2.21287797 -1.43559384  1.22756248]
[ 0.89951741 -1.82599379  1.57882632 -1.21532324]
[-0.97460689  1.12529382  0.96479131 -0.56950389]
[-1.025461    0.76517863  0.34602866  3.25872448]
[-0.99571551 -1.15673514  0.64276249 -0.95905038]
[-1.03375925  0.79048619  2.32483294 -0.0404143 ]
[ 0.96458813 -1.82793127  0.73199749  0.41426695]
[ 0.69207697  1.30506495 -1.06365951 -1.16508694]
[ 0.93811369  0.76488331 -0.94345219 -0.1384243 ]
[-1.02682241  0.11912998  0.69846371 -0.8106049 ]
[-1.02743716 -1.04932909 -0.08170942 -0.97197303]
[ 0.72754247  2.44766135  0.71880172 -0.96874461]
[ 1.10489579  0.8763367   0.89189313  2.55855745]
[-0.42945891  1.41472894 -1.77972909  0.40148209]
[ -1.01418044e+00  -7.00175513e-01  -1.01370095e+00   3.24379572e-04]
[ 1.08105047  0.39110762 -0.24506715  0.75556864]
[ 0.32206405  1.79906934 -1.59080032  0.44338099]
[-1.01948609 -0.50016528 -0.34096762 -0.99133823]
[-0.4574348   1.36757499 -1.46034425 -1.03457056]
[-0.99850076 -1.58984714 -0.39021403  0.41743902]
[ 1.06396311  0.75012637  0.61634357 -1.32906744]
[ 1.10059793 -0.0991817  -0.060246   -1.24912444]
[-0.98467545  2.10809228  2.17932422  0.2138654 ]
[ 1.02255235 -1.22019154  0.84484307  1.12201465]
[ 0.41290291  2.05436993 -0.46163132 -1.24682189]
[ 1.12414725 -0.50943632 -0.0227907   0.19306193]
[-0.94614923 -0.17644436 -1.28681923 -0.34593009]
[-0.81193904  2.33426765  1.11292662 -0.30826992]
[ 1.09806634  0.60182907  0.26070768  1.635449  ]
[-1.00751581 -0.06571191 -0.71127848  1.40166148]
[-1.01650731 -0.55807494  1.11004469 -0.79495856]
[-1.03509587  0.48608976  1.70401939 -0.38669996]
[-1.01848157 -1.44837879 -0.33564144 -0.7871246 ]
[-0.84679798  0.29307835 -1.5063603  -0.32799829]
[-0.98562942  0.51206325  0.33017003 -0.86831479]
[ 1.07427708  0.02812095 -0.54778107 -0.59891938]
[-1.02482425 -0.81568272 -0.83893478  0.40040504]
[-0.97530218  2.99246848  3.55408465  1.25573764]
[-1.02639072 -0.86791763 -0.39044355  1.22823792]
[ 0.73373152  1.73841438 -0.90603263  1.15466667]
[-0.99248478 -0.44188377  1.69603354 -0.59284808]
[-0.97188249  0.47821634  3.17986612  0.27959927]
[-1.01970984 -0.84408841 -0.91503497 -0.47821877]
[-0.97250217  0.18909098 -0.28699876 -1.00643977]
[ 0.66853978  1.24999303 -1.39838937 -0.59400796]
[ 0.98719644  0.69163457 -0.32175009 -1.33217091]
[ 1.1189681  -0.93170892  0.04487098 -0.33989679]
[ 0.28123277  1.64314564 -1.72094467 -0.03910399]
[-0.9059321   1.13564461 -0.57941984  2.37386811]
[ 0.96980059 -1.01746483  1.34612189  1.97464603]
[ 1.1087757  -0.56330448  0.48525241  1.05495501]
[ 0.97718047  0.92335999 -0.61912475  0.71373858]
[-0.61218081  2.1076202   0.15251141 -0.79551207]
[-0.98060576 -1.89386478 -0.22599327 -0.52514693]
[-0.86512098  0.44982549 -0.95797498 -0.99993227]
[-0.92749863  0.66565404 -0.87231805  1.68291834]
[ 1.06845379 -1.21896881  0.50499411  0.52531472]
[-1.01467986 -0.68878185 -0.78014491 -0.80630412]
[-0.96396605 -0.08845501 -0.79639932 -0.96145706]
[ 1.11408345 -0.33173241 -0.28712834 -0.26803834]

Populations

0.00890826147148
0.00966342262571
0.0133503573235
0.0107261689056
0.0167854580056
0.0142179312243
0.0105820297432
0.0104470820898
0.0093207155819
0.00509855141939
0.00604921090783
0.00775409689161
0.00871021751134
0.0068643144706
0.00866206672223
0.0212695751875
0.00447220642749
0.00511145331882
0.0116080998954
0.00430621392827
0.00186609950133
0.0121218382528
0.00984930533215
0.0114948811154
0.0197020474886
0.0152560327911
0.0111898001736
0.0213245930412
0.00432363346517
0.0133832318785
0.00942425115167
0.0159878216027
0.00842117462691
0.0220746834561
0.00762546455122
0.00409341067571
0.014367106431
0.00750736232832
0.00534672255995
0.00350547362465
0.000889745056812
0.00528583439988
0.0102114092631
0.00422447304154
0.0149365696242
0.00666059223087
0.00712773663817
0.0142890827971
0.00795191073585
0.0125826205383
0.0109102904782
0.0125286123054
0.00261047896801
0.00550077942756
0.00938483658735
0.0124182840948
0.00599856712638
0.00750649696068
0.00256659393298
0.00698183523828
0.00718854727868
0.0226022028217
0.00783849511196
0.0134374093713
0.00447036406137
0.0191750432041
0.0125441803731
0.00183769546481
0.00877024803353
0.0106869124169
0.00962070370618
0.015644139829
0.011020979305
0.00597486820439
0.0122499488315
0.0191220642747
0.0204282573664
0.00168460714922
0.0119973919358
0.00434212389681
0.011401170124
0.00466274832562
0.00863333517818
0.0128687233184
0.0131575557928
0.0135141738202
0.0208313607386
0.00614210092625
0.00673753400987
0.00360758716133
0.0133140391795
0.00538542382534
0.00497704914353
0.0110863359395
0.0060587909234
0.0111463066763
0.0194467483684
0.00781058292138
0.00836944104651
0.0168736927993

State labels

0
1
2
3
4
5
6
7
8
9
10
11
12
13
14
15
16
17
18
19
20
21
22
23
24
25
26
27
28
29
30
31
32
33
34
35
36
37
38
39
40
41
42
43
44
45
46
47
48
49
50
51
52
53
54
55
56
57
58
59
60
61
62
63
64
65
66
67
68
69
70
71
72
73
74
75
76
77
78
79
80
81
82
83
84
85
86
87
88
89
90
91
92
93
94
95
96
97
98
99

Eigen values

1.0
0.572507498571
0.383417013205
0.373174071629
0.354583554635
0.352777598413
0.332844669305
0.318306458286
0.307455295403
0.29918242992
0.281733816296
0.278346000113
0.273498766105
0.264232662751
0.257605680393
0.249690105593
0.242174186738
0.233672628452
0.22914562017
0.211329691426
0.205152388626

Left eigenvectors

[ 0.00890826 -0.01158089  0.01858241 -0.01025918 -0.0027783   0.00792612
  0.00974953  0.02997662  0.00057041  0.00943968  0.01111549  0.00094499
  0.00154795  0.00658307  0.00114766 -0.0022564  -0.01911625  0.00307033
 -0.01059766  0.00484173  0.00800266]
[  9.66342263e-03   9.71359705e-03  -1.40435048e-03  -9.58030862e-03
   4.07743538e-03  -3.02908631e-03  -3.88326054e-03   9.76446201e-03
  -4.61162919e-03  -3.75720882e-03  -7.33334355e-05   9.72675616e-03
   1.14099551e-02   3.03582176e-03  -4.39439384e-03  -1.29709542e-02
   2.37912284e-03  -8.42721544e-03   4.48191821e-03  -1.64061533e-02
  -7.46930765e-03]
[ 0.01335036  0.0132845  -0.00106502 -0.00426047  0.02373334 -0.00658174
  0.00307897 -0.00235352 -0.01387125  0.00836674 -0.0052906  -0.01350535
 -0.00309551 -0.01161327 -0.00162713 -0.00332858  0.01880034  0.00045253
 -0.0057     -0.00384803  0.01140084]
[ 0.01072617 -0.01455119  0.0160103  -0.02006774 -0.00567469 -0.00269037
  0.00155149  0.02867245 -0.0140398   0.014058   -0.00819929  0.01136592
 -0.01644334  0.00659408  0.00857766  0.01639752  0.01041614 -0.0062349
 -0.00862823 -0.00998531  0.0060785 ]
[ 0.01678546 -0.0173834   0.00974794  0.00092056 -0.00545973 -0.0050256
 -0.00977996 -0.01453364 -0.00306332  0.00851926  0.00693702  0.01843903
 -0.00048025 -0.0116249  -0.01614068 -0.01011236 -0.00819569  0.01434737
  0.02845321 -0.0146215   0.00200452]
[ 0.01421793 -0.01575997 -0.00351212 -0.00101345  0.01428428 -0.00274071
 -0.00228269 -0.0059319   0.01406349  0.008842    0.00171391  0.00027698
  0.00792495  0.00359876  0.0101773  -0.00613755 -0.02490105 -0.00948471
 -0.00363399  0.00343485  0.01217474]
[ 0.01058203  0.00385522  0.00494518 -0.00962848 -0.00880843  0.01466589
  0.0175107  -0.01269779  0.00977229 -0.00771885 -0.00238623  0.01079064
  0.0193348  -0.00264799 -0.00263328  0.00147232  0.01169372  0.00785161
  0.01905053  0.00171217 -0.00301853]
[ 0.01044708  0.00934147 -0.00459696 -0.00350412 -0.00913517  0.01033417
  0.00493328  0.00113122 -0.0054552   0.00465479  0.01156884  0.00259542
 -0.00704409  0.00628422 -0.00247897  0.0176412  -0.00351686  0.00366816
  0.01458876  0.00991623  0.00742495]
[ 0.00932072  0.00199041  0.00539398  0.00140326 -0.00756062 -0.01523608
 -0.00430355  0.00246399  0.00109176 -0.01151518  0.00066692  0.0103217
  0.00244646 -0.00121959  0.01121145 -0.0039016  -0.00147852  0.01099636
 -0.00839088  0.01359451 -0.00595824]
[  5.09855142e-03  -2.36063479e-03   1.47172659e-03   6.38010103e-03
  -5.55047854e-03   1.37417392e-02   7.90099284e-06   4.19983152e-03
  -1.51054996e-03   5.88187650e-03   1.58416557e-02  -2.94362330e-03
   4.68389839e-03  -1.13922714e-02   1.35266377e-04   2.83774721e-03
  -1.06011250e-02   5.94899125e-03  -1.11437601e-02  -7.50337531e-03
  -1.05513070e-02]
[ 0.00604921  0.00767551 -0.00173812 -0.00360874 -0.00559527  0.00273578
  0.00217852 -0.00522886 -0.00304649  0.00090211  0.01723663 -0.00985711
 -0.00963507  0.00757464  0.0027952   0.01255451 -0.00458085 -0.00512893
  0.01143907 -0.00382801  0.00055894]
[ 0.0077541  -0.00848865 -0.00903549  0.00881924  0.0063769   0.0110058
  0.00633424 -0.00120755 -0.01493348 -0.01435026  0.00362668 -0.01111001
 -0.00634338  0.00953564 -0.00374202 -0.01592639  0.00950582  0.01232356
 -0.00166996 -0.00499703  0.00660644]
[ 0.00871022 -0.00182668  0.00177312 -0.01439329  0.00286236 -0.01180199
  0.00872024  0.0071986  -0.02619285 -0.00814687  0.01178203 -0.0233072
 -0.0111125  -0.00854138 -0.00354775 -0.00398563  0.00348627 -0.00091025
 -0.00472375 -0.00503786 -0.01713887]
[ 0.00686431 -0.00728302 -0.00471964  0.00798979  0.00953585  0.00179426
 -0.002423   -0.00148549 -0.00025192 -0.01343131  0.00086021 -0.001224
  0.00785344  0.01704358 -0.00248299  0.00267661  0.00773388 -0.00084943
 -0.00665114 -0.00671991 -0.00285174]
[ 0.00866207 -0.01474929  0.00496818 -0.00724857 -0.0006429  -0.00778449
 -0.00595765 -0.00229133  0.00210874  0.02001795 -0.00046737  0.00218592
 -0.00992482 -0.0087407   0.01667442  0.00514085  0.00983513 -0.01356135
  0.00892124 -0.0037433  -0.00773713]
[  2.12695752e-02   2.22603424e-02  -2.83594008e-03  -1.95725675e-02
   1.29802039e-02   4.59705726e-03  -1.26941466e-02  -1.95348098e-02
  -7.34500734e-03   5.51614589e-03   3.43056066e-03  -5.57681328e-03
  -9.12595937e-04   5.20604827e-03   2.03138107e-03  -4.01272252e-04
   1.63249810e-02  -1.31049340e-02   5.05245553e-03  -4.04810121e-05
   1.07326113e-02]
[ 0.00447221  0.00394602 -0.00539589 -0.00308405 -0.00066082 -0.00950931
 -0.0141368   0.00406058  0.00484802 -0.00270254 -0.00174606 -0.00099305
 -0.00406571  0.00240447 -0.0017542   0.00078504 -0.00582872  0.01139286
  0.00069429 -0.0044908   0.00141909]
[ 0.00511145 -0.00197642  0.00211862 -0.00961908 -0.00385953  0.00394172
  0.00675806  0.00929657 -0.01023924 -0.00647806  0.00274002 -0.01580935
 -0.0056387   0.00755137 -0.00895148 -0.00741387 -0.00692102  0.0021918
 -0.00096816  0.01419591 -0.00058696]
[ 0.0116081   0.01200834  0.01656056 -0.01077815  0.00936629  0.01193236
 -0.00040415  0.00059288 -0.00792324 -0.01265819 -0.01283418 -0.00346205
 -0.01483731 -0.01762251 -0.01289455 -0.0015406  -0.01688219 -0.0086933
 -0.00881187  0.01311588 -0.012931  ]
[ 0.00430621 -0.00373443 -0.00270147  0.00216594 -0.00847431  0.00224129
  0.00627097  0.00115565  0.00281657  0.00127558 -0.01111005 -0.00674722
 -0.00658861  0.00077556  0.00195499  0.00661899  0.00127291  0.0042923
 -0.00556594 -0.01347022  0.00945312]
[ 0.0018661   0.00034013 -0.00644682 -0.0030363   0.00200684 -0.00797157
  0.00101674  0.00679319 -0.00635506 -0.00552279  0.00399563 -0.0025144
  0.00413178 -0.00341778 -0.00047194  0.00104822 -0.00081875  0.00038094
  0.00338612 -0.00210507 -0.00957769]
[ 0.01212184 -0.01069239 -0.00884517  0.01272043  0.00232241  0.01078419
  0.00358393 -0.00024191 -0.00461878 -0.00043967 -0.01229865 -0.01569033
 -0.00473312  0.00571737 -0.00672328 -0.00550698 -0.00719408 -0.01169183
  0.01410494  0.00443936 -0.01458826]
[ 0.00984931  0.00721201  0.00054936  0.01117779  0.00787293 -0.02509538
  0.01086469  0.00815008  0.00579416 -0.00893445 -0.00036664 -0.00158655
  0.01196366  0.00453477  0.00164312 -0.0024203  -0.01038804  0.00432295
 -0.00884614 -0.02461515 -0.00399043]
[ 0.01149488  0.01186245  0.00841139 -0.01209294  0.00061989  0.00569155
  0.00303024 -0.01599477  0.0029449  -0.00633922  0.00586632  0.00915419
  0.01097279  0.00465998  0.00492086 -0.01381251 -0.01225088 -0.00463441
  0.00425869 -0.01427674 -0.00254156]
[ 0.01970205 -0.02161434 -0.01231065 -0.00608159 -0.00398812 -0.01294662
  0.00098168 -0.01881582 -0.02899118  0.01904689 -0.01139417  0.01007917
 -0.02512702 -0.00456671 -0.0065159   0.00796354 -0.01372968 -0.01256351
 -0.01437161 -0.01029095  0.01576517]
[  1.52560328e-02   1.43435476e-02   4.78281344e-03  -6.46710691e-03
  -7.22925620e-04   5.42442014e-03  -8.74243797e-04  -2.16757252e-02
  -4.60998592e-03  -7.34336720e-03   1.34577054e-02   7.26764538e-03
  -3.30714584e-03  -4.50794533e-03  -1.06422833e-02  -3.04177470e-04
  -9.57672366e-03   2.26613896e-03   6.46383528e-03  -1.88092351e-02
   1.07200871e-05]
[ 0.0111898  -0.00173766  0.01758623  0.0361904  -0.02219991 -0.01587311
 -0.00413628  0.00387346 -0.00511197 -0.01470532  0.00144065 -0.0024575
  0.00157292 -0.01811296  0.00038763 -0.00964658  0.00305819 -0.02405056
  0.00441191  0.00896402  0.01938959]
[ 0.02132459  0.02403953  0.00703565 -0.00168796  0.02803051 -0.0014173
 -0.01606648 -0.0065355   0.00531135 -0.00377192 -0.0121883   0.01024976
 -0.01484613 -0.01286061 -0.00521268  0.01356464 -0.01403285  0.0249932
  0.00971097  0.02260917  0.00203612]
[  4.32363347e-03  -3.45368434e-03   5.09184474e-03   2.39501412e-03
  -2.85601039e-03  -6.83616513e-03   2.13873049e-04  -4.57716154e-03
  -5.01233436e-05  -2.24397176e-03  -4.64472564e-03   6.39904922e-03
   4.56954124e-04   4.52828067e-03   1.29709602e-02  -8.29641305e-03
  -5.93575957e-03  -3.38892856e-03   5.58082520e-03   2.29626034e-03
  -3.39052746e-04]
[ 0.01338323  0.01719931 -0.00253791  0.03146908 -0.02921698  0.00746665
  0.00429235  0.00533346 -0.0100049   0.02540412  0.02273259 -0.00105326
 -0.00035766  0.00319668 -0.00185348  0.02187484  0.00220675  0.00756856
 -0.01630514  0.00442081 -0.0078566 ]
[ 0.00942425 -0.00651878  0.01188502 -0.00497358  0.00546388 -0.00571511
  0.00508815 -0.00479707  0.00587141  0.00982985  0.00528721  0.00027431
  0.00932682 -0.00416528  0.00676569 -0.00956067  0.00474261  0.00869939
  0.00629307  0.00582228 -0.00377471]
[  1.59878216e-02   1.20679758e-02   4.33157582e-05  -6.67315389e-03
  -2.29965629e-02  -6.24121324e-03   7.86991370e-03   9.98851566e-03
   4.64379562e-02  -1.90927742e-02  -1.20083648e-02  -2.22128167e-02
  -1.69429914e-02  -3.22546968e-03  -9.73575037e-04   4.16695965e-03
   7.10813161e-03  -1.25810697e-02  -1.58539466e-03  -3.14475275e-02
   1.72622752e-02]
[ 0.00842117 -0.00675353  0.01229901 -0.01922565 -0.00948833  0.00048033
  0.01405174  0.02051943  0.00614326 -0.00200173 -0.00314459 -0.01503017
 -0.00019186  0.00862996 -0.00325348  0.00632069  0.00211432  0.00812416
 -0.00348289  0.00573061  0.00888867]
[ 0.02207468  0.01259854  0.00430166 -0.00628992 -0.01071771 -0.00809536
  0.00385384 -0.02144723  0.02536078 -0.01416893  0.00139903 -0.01552497
 -0.02658189  0.03126734  0.00257845  0.00215001  0.00386156 -0.01972131
  0.00403076  0.01391176 -0.01524705]
[ 0.00762546 -0.0056654  -0.00270414 -0.00493324 -0.00339593 -0.01817172
 -0.00487966 -0.00298373 -0.00010258 -0.01094296  0.00066113  0.00815702
 -0.00934437 -0.00849393  0.01889212  0.00210828  0.00694188  0.00895674
 -0.00192471  0.01342123 -0.01210647]
[ 0.00409341 -0.00483037 -0.00217013 -0.00224956 -0.00105146 -0.00421973
 -0.0013911  -0.00354116  0.00043252  0.01133336  0.00015464 -0.00646151
  0.00318084 -0.00052154  0.00605103 -0.00115169 -0.00232148 -0.00185817
 -0.00837316  0.00407718 -0.00208246]
[ 0.01436711  0.01718473  0.00348197 -0.01531615  0.00228137  0.01273296
  0.00511231 -0.00609336  0.00436735 -0.00316415 -0.00545525  0.01570319
  0.00367395 -0.00287174 -0.00984897 -0.00549347  0.01078707 -0.01237139
 -0.00723707 -0.01542052 -0.00279172]
[  7.50736233e-03  -9.99488401e-03  -6.84933976e-03   3.99507070e-04
  -1.11712597e-03  -3.41872461e-03  -2.26785165e-03  -2.88395739e-03
   1.54168512e-02  -4.19415376e-03  -5.27152123e-03  -7.91730349e-03
   6.43352343e-03  -6.79101081e-03   6.72561312e-03   1.60310828e-02
   4.11384024e-03  -1.44534557e-02   4.34987215e-03   4.89325112e-03
   2.31335120e-05]
[ 0.00534672  0.00172244 -0.01449714 -0.0033905   0.00534271 -0.0221157
 -0.00644607  0.01213667 -0.00328292 -0.00945717  0.00138537  0.00327156
  0.00748585 -0.004181    0.00099714  0.00284714 -0.00907673  0.00530025
  0.00847052 -0.00558905 -0.01109839]
[ 0.00350547  0.00098111  0.00215587  0.00827361  0.00144887 -0.00343448
 -0.00073324 -0.0033009  -0.00222837 -0.00307842  0.00215074 -0.00081111
 -0.00871416  0.00065356 -0.00749139 -0.00328069  0.00374762  0.00863627
  0.0062406  -0.00044044  0.00281892]
[  8.89745057e-04   1.78103825e-03   8.72636235e-04   3.43031518e-03
   4.49313531e-03  -1.49474552e-03   1.19594074e-03   1.43932538e-03
   3.13351223e-03   1.77858821e-03  -8.99028859e-04  -6.78029036e-04
  -5.78581449e-03   6.08579474e-05  -4.38172609e-03   1.76981215e-03
  -2.80402634e-04   3.42769739e-03   3.95529190e-03   1.37843797e-03
  -9.27432864e-04]
[ 0.00528583  0.00511525  0.00704198  0.00761433 -0.00602612 -0.00413866
  0.00757351  0.00693788  0.00531505  0.00091446  0.0084253  -0.0044351
 -0.01171449  0.00526718 -0.00447487  0.00126344 -0.01225858 -0.00523424
  0.00104826 -0.00530379  0.00091034]
[  1.02114093e-02  -5.13714234e-03   5.13662890e-03  -1.06831134e-02
  -8.53845011e-06   5.43172024e-04   3.20124623e-03   3.71232618e-03
  -6.83345160e-03   2.04532223e-02  -1.58804902e-02   1.47582894e-02
  -9.83902949e-03  -2.63185913e-03  -1.22215732e-02   1.63142861e-03
   9.15302795e-03  -1.10643236e-02  -1.04648931e-03  -1.79830500e-02
  -4.59472592e-03]
[ 0.00422447 -0.00309517  0.00515437 -0.00178518  0.0062129   0.00637394
 -0.00582683  0.00637517 -0.00489356 -0.00797939 -0.00278597  0.00523742
  0.00101498  0.00827648 -0.00051986  0.0062659   0.00282796 -0.00483612
 -0.00249891 -0.00445216  0.00074818]
[  1.49365696e-02  -1.80301107e-02  -5.80894974e-03  -5.69304409e-03
   1.12894572e-02  -1.55752175e-02  -1.58888280e-03   7.94881691e-03
   6.12176640e-03  -1.75241911e-04   5.50751780e-03   1.38858408e-02
   5.03462128e-03  -9.16273370e-05   1.05226216e-02   1.41229672e-02
  -2.55381824e-03   1.28871595e-02  -1.26753064e-02  -6.90095347e-03
   7.49160739e-03]
[ 0.00666059 -0.00858436  0.01601941  0.00037065 -0.00402875  0.00034553
 -0.00891136  0.00230633 -0.00549906  0.00268474 -0.00912196  0.00285275
  0.00124957  0.01362508  0.00618375  0.00041837  0.00574247 -0.00513941
  0.01873171 -0.0005243  -0.01284679]
[  7.12773664e-03   8.30154490e-03   3.00857532e-03   2.10591664e-02
   1.61522396e-02  -7.96971416e-03   1.17362221e-02   9.51687174e-03
   1.36523430e-02   9.77883744e-03   1.29758874e-05  -6.44297951e-03
  -2.03804908e-02   4.55022492e-03  -1.63325771e-02   2.54757209e-03
   3.59679480e-03   4.48163582e-03   1.12699261e-02  -2.88266058e-03
  -3.72596886e-03]
[ 0.01428908  0.01794582 -0.00107125 -0.00636798 -0.01672929  0.00713998
 -0.00456696  0.00348719  0.02394705 -0.01503768 -0.01916799  0.00672907
 -0.00688857 -0.01599608  0.00323377 -0.00897267 -0.00195281  0.00124702
 -0.02196207 -0.0083176  -0.0053899 ]
[ 0.00795191  0.00779966 -0.00660626  0.00547792 -0.01663181  0.00327689
  0.01393674 -0.00717535 -0.00025053 -0.0013432   0.00251795  0.01694056
  0.00226484  0.01021419  0.01059624  0.01227297 -0.00382662  0.00546119
 -0.00218461  0.00916705 -0.0055908 ]
[ 0.01258262 -0.01522758  0.0120362  -0.0099206  -0.00954903  0.00455447
 -0.00335085 -0.0048739   0.00135288  0.00284849 -0.00263754 -0.00211517
  0.01960536 -0.00254141 -0.01938866 -0.00419896  0.0125384   0.00456715
  0.03362522  0.00330975 -0.00744303]
[ 0.01091029 -0.01212207 -0.00390701 -0.00404235 -0.00217923  0.00688479
  0.00117154 -0.00570744  0.01842522  0.01006705  0.00764894 -0.00857753
 -0.00074491 -0.02211263  0.00156012  0.00254471  0.00409475  0.00335303
  0.0183422  -0.0174938   0.00354445]
[ 0.01252861  0.01108373 -0.00120364  0.01211374 -0.01833605 -0.01035669
  0.00061345 -0.00072895  0.00222801 -0.00939778  0.00428221  0.01003938
  0.00140835 -0.00393547  0.00685576 -0.00654155  0.00117572 -0.01131119
 -0.00956966  0.00528248  0.01137381]
[  2.61047897e-03   3.12211560e-03  -3.71259219e-03  -3.64428164e-03
  -4.67483779e-05  -7.90955088e-05  -5.42807814e-03   8.38476903e-03
  -3.59898251e-03   3.99442278e-03  -8.30534714e-04  -1.02344863e-04
   8.04957026e-04   3.85571297e-03   2.38925594e-03  -1.70525611e-03
   7.17027764e-03  -3.29165617e-03   1.74178992e-03  -3.12320177e-03
   5.07743496e-03]
[ 0.00550078 -0.0024452   0.0108086   0.01076729 -0.00653064 -0.00685409
 -0.00678612 -0.00646033 -0.00655855  0.01177952 -0.0020327  -0.00805592
  0.00718306  0.0019771   0.00835658 -0.00345472  0.00898567 -0.00469279
 -0.00044587  0.00311755  0.00241492]
[ 0.00938484 -0.01252432  0.00352797  0.00276892  0.00031259  0.00836624
  0.00022942  0.00439187  0.00366193  0.00082926  0.01172792  0.00253261
  0.00259759 -0.01286477 -0.01110098 -0.00155082 -0.01185428  0.00034775
  0.00474297  0.00519412 -0.00278346]
[ 0.01241828  0.01159148 -0.00098502 -0.00197064 -0.00986057  0.01491462
  0.00474255 -0.00192207 -0.00429889 -0.00367741 -0.01219953  0.00360374
  0.00528779 -0.01245948 -0.00253112 -0.01536207  0.00907644 -0.01529206
 -0.00330073  0.00159472 -0.01484922]
[  5.99856713e-03   4.71708102e-03  -2.11092133e-02   1.94772988e-04
  -5.08502533e-03   4.14982329e-04  -3.86110182e-03   1.46598902e-02
  -2.89652722e-03  -8.31702130e-04  -2.37339594e-03  -1.68465397e-03
   8.20639905e-03  -6.24284788e-05   6.57414545e-03   7.27973489e-03
   4.18963974e-03  -6.99709538e-03   1.33601461e-02  -1.57562337e-03
   6.22844119e-03]
[ 0.0075065  -0.01040674  0.00747192  0.01642662 -0.00342265  0.00885529
 -0.01589129  0.00077309 -0.00213519 -0.01259167  0.00161001 -0.00732922
  0.01170112  0.01144267 -0.00704132  0.00629927  0.00462207  0.00805392
 -0.00551621 -0.0055191  -0.01713869]
[ 0.00256659 -0.00246551 -0.00066606  0.00010829  0.00304301  0.0051971
  0.00762735  0.00526346  0.00168003 -0.00082105  0.00815889  0.004072
  0.00344018  0.00574873 -0.00026543 -0.0073334   0.00151815  0.00488263
  0.00048311  0.0052511   0.00646196]
[ 0.00698184 -0.00587019 -0.01800247  0.01205631 -0.00262441  0.02549945
  0.00393572  0.01051536 -0.00217527 -0.00905557 -0.00486168 -0.00150927
 -0.01032774 -0.02160967  0.01821881 -0.01769453 -0.00313312  0.00930145
  0.00437564 -0.00639553 -0.00320804]
[ 0.00718855  0.00630366 -0.00060289  0.00058289 -0.0008859  -0.00382705
 -0.02287843 -0.00083135  0.00819502  0.00161872 -0.00541101 -0.00417542
  0.00196276  0.00776931 -0.00031245 -0.00997365 -0.01477576  0.01792968
 -0.00719643 -0.0064162   0.00010547]
[ 0.0226022   0.02049965  0.00269402 -0.00440243  0.02725278  0.01836542
 -0.04208696 -0.00804372 -0.01760067 -0.00075566 -0.00282922 -0.02388351
 -0.00139285  0.01797795  0.02492847  0.01356232 -0.01462697  0.00794125
  0.0206     -0.00681546  0.04200869]
[ 0.0078385  -0.00687303 -0.01468483  0.00883949 -0.00623058  0.00606992
  0.00954765 -0.00857348 -0.01357545 -0.00246977 -0.02089773 -0.00121453
 -0.00782212  0.00698489  0.01074311 -0.00873855 -0.0080993   0.00199874
 -0.00106004 -0.00379167  0.00924352]
[ 0.01343741  0.01381569 -0.00442437 -0.007368    0.00046422  0.0074654
  0.00824982 -0.00661547  0.00792568 -0.00372631  0.00545871  0.00899547
  0.01371103 -0.00893568  0.0084564   0.01069673 -0.01111283  0.00514117
 -0.00732053 -0.00210617 -0.00823536]
[ 0.00447036  0.00070488 -0.00408377  0.00274687  0.00151959 -0.00325506
  0.00941022 -0.00723035  0.00536847  0.00125549 -0.00775087  0.00153824
 -0.00305861  0.00868867  0.0009164   0.00577362 -0.00438319  0.0013645
 -0.00402135  0.00923693 -0.002827  ]
[ 0.01917504  0.01552135  0.00198485 -0.00443944 -0.00922668 -0.00242716
 -0.0336471  -0.01406445  0.00287827  0.02525409  0.01169561 -0.02113485
  0.00911694  0.01555416  0.01767713 -0.01926287  0.00590298  0.02874209
 -0.01055885  0.00674527  0.00735772]
[ 0.01254418 -0.02037181  0.00388398 -0.00060515 -0.00180227  0.00903883
 -0.00483461 -0.01194799  0.00531258  0.00986621  0.0036982  -0.00923723
  0.01920692 -0.00308286 -0.0167337   0.00256551 -0.00017675  0.01253738
  0.00036532 -0.02366473 -0.00036414]
[  1.83769546e-03   1.51801034e-03   4.31616352e-03   4.53567796e-03
   2.02462094e-03  -7.22780520e-03   4.08118399e-03   2.13650241e-03
  -5.94601346e-03  -3.62760845e-03   1.77404098e-04  -6.51296360e-03
   3.03454522e-03  -7.69002170e-03   1.05790463e-05   4.44824854e-04
  -8.11150892e-04  -1.59099327e-03  -2.45278159e-03  -2.86901583e-03
   1.05934475e-03]
[ 0.00877025  0.01482548 -0.01579584  0.00101514 -0.00740236  0.0053986
 -0.02204824  0.01612485  0.00207562  0.02407851 -0.00932179  0.00471316
  0.000198   -0.00129976 -0.01411583 -0.00743497  0.02042351  0.00904929
 -0.01401005  0.01088057 -0.00606485]
[ 0.01068691 -0.00900047  0.00284628 -0.00672748 -0.00562783 -0.00344008
  0.01489677 -0.00051177  0.02057021 -0.00264943 -0.02025693 -0.01885984
  0.02483461  0.00188336  0.00314615  0.02364475  0.00726564  0.02747355
 -0.01184947  0.00174803  0.00226135]
[ 0.0096207  -0.00593776 -0.00137622 -0.00663944  0.00355023 -0.0050872
 -0.00260215 -0.00698941 -0.01040578 -0.00849052  0.00321984  0.02174582
 -0.0179966   0.00085509  0.00617694  0.02307804  0.01048634  0.00634096
 -0.01703323  0.00738694 -0.00082004]
[ 0.01564414 -0.00222853  0.02220844  0.00823337 -0.00559601 -0.01581656
  0.00773054  0.00420469 -0.00520563  0.01111933 -0.0103346   0.03076828
  0.0101778   0.0134253   0.00350656 -0.02322267 -0.02936766 -0.00157314
  0.00147122 -0.00919533  0.00413135]
[  1.10209793e-02  -1.26202086e-02  -4.37866609e-03  -3.63574059e-03
   5.51856515e-03  -3.11046121e-03  -3.48875576e-04  -1.32320213e-02
   1.80271740e-02   3.48647306e-03   1.02476439e-02  -1.11080963e-02
  -9.17884780e-03  -8.97735346e-03   1.19476265e-02   8.90234195e-05
   1.23203925e-02  -9.29933014e-03   2.70124645e-03   7.34408702e-03
  -1.37429929e-02]
[ 0.00597487 -0.00522222 -0.00060872  0.00525464  0.01762707 -0.00047018
  0.00878292  0.003118    0.01028902  0.003964    0.01324813  0.00752178
  0.00460213  0.01424113  0.00702454 -0.01438097  0.0056144  -0.00617503
 -0.00921727  0.00225101  0.00516729]
[ 0.01224995 -0.01113512 -0.02568962 -0.00187239 -0.00627709 -0.00189997
  0.00360099 -0.00569399 -0.01303668  0.01421856 -0.0326232  -0.0143699
  0.01394752  0.01172896 -0.02224441 -0.00568934 -0.01796043 -0.01292479
 -0.00374688  0.01477587  0.00042964]
[ 0.01912206  0.02169289 -0.02905084  0.00623533  0.00089779 -0.00021654
  0.01803812  0.0073082  -0.01705611  0.00153405  0.00090755  0.00650391
  0.02727411  0.00707986  0.00358852  0.00593224  0.01089972 -0.01736306
  0.00307532 -0.0188307  -0.01533126]
[ 0.02042826 -0.01868005 -0.02272123 -0.01040275  0.00199535 -0.00621485
  0.0019594   0.0219593   0.00587073 -0.01778437  0.01674354  0.00183821
  0.01531038 -0.01131431 -0.00549044  0.00257153  0.00909331  0.00325501
  0.00710819  0.03678756  0.01534803]
[ 0.00168461 -0.00047337  0.00470213  0.01100959 -0.00694958 -0.00106113
 -0.0042276  -0.00035899 -0.00365031  0.00143918  0.00259256 -0.00406745
  0.00450604  0.0007544   0.00069578  0.0017523   0.0045832  -0.00242716
 -0.00305889  0.00192323 -0.00143812]
[ 0.01199739 -0.01449241 -0.01070737  0.01053359  0.0022262   0.01032161
  0.00874321 -0.00424135 -0.00558031 -0.01140342 -0.00891853  0.00983104
 -0.01796483 -0.01247666  0.0120183  -0.01130299  0.00462532  0.02020046
  0.0005933   0.0030977   0.01511858]
[  4.34212390e-03  -1.42632705e-03   8.34648657e-04   1.67498013e-03
  -8.30008517e-03  -5.30194471e-03  -4.74139614e-03   2.66190170e-03
   8.01772363e-03  -7.89157004e-03   2.49124274e-03   3.24249133e-03
   3.75535022e-06  -4.61086884e-03  -1.53702581e-02  -2.94221243e-03
   6.41290549e-03  -8.89682651e-03   2.70825147e-03   9.90016541e-03
   1.08008889e-02]
[ 0.01140117 -0.01037362 -0.00782551 -0.00462331  0.00882252  0.00582099
  0.00250815  0.00662609  0.01123863  0.01948408  0.01548588 -0.00448341
 -0.0050178  -0.0137582   0.01755408 -0.01663289  0.00282035 -0.00809792
 -0.00976273  0.00641121 -0.00807045]
[  4.66274833e-03  -6.78314577e-03  -7.29527426e-04  -2.98721454e-03
   2.90294529e-04  -8.46296570e-04  -9.59812832e-04  -7.14861562e-03
  -2.47648163e-03   5.02733321e-03   1.28054435e-02  -7.31620035e-03
  -5.25466979e-04  -7.91093176e-03  -4.81971735e-03  -3.50805823e-05
  -4.47743672e-03  -7.23167404e-04  -7.81236742e-03  -5.87840960e-03
  -8.17195113e-03]
[ 0.00863334 -0.00644457 -0.01887202 -0.00062101  0.00442743 -0.00429516
 -0.00180491 -0.00844903  0.00597363  0.00733663 -0.01061663 -0.00677744
  0.00626097  0.00522037 -0.01132469  0.00124904 -0.02970658 -0.01549441
 -0.00264454  0.01591715 -0.00556569]
[  1.28687233e-02  -1.72241060e-02  -7.14439433e-04   4.16354983e-03
  -6.57938035e-03   2.03718844e-03   6.60621168e-03  -7.52061045e-03
  -1.08638286e-02  -4.97237015e-03  -1.60655706e-02  -3.74720979e-03
  -5.43274583e-03   2.15219955e-03   1.86102812e-03  -5.48713494e-03
   1.54649536e-02   1.15283683e-02  -5.75459570e-04  -2.36457290e-03
  -9.75477082e-06]
[ 0.01315756  0.00621758 -0.00935173  0.00813919 -0.00258292  0.01262493
  0.01048609  0.00552082  0.00173784  0.01557474  0.01153105  0.02081766
 -0.00676058  0.00031123 -0.0059062   0.00213452 -0.01024125  0.01114049
  0.01297199  0.00488008  0.00060749]
[ 0.01351417  0.01962971  0.02408227  0.01305125  0.03079446 -0.00293659
  0.01580766 -0.00679473 -0.01607967  0.00999545 -0.01706343 -0.01269398
  0.02183295 -0.03137609  0.00258808  0.0234147   0.00012918  0.01210119
 -0.00194695  0.01390392  0.01491844]
[ 0.02083136  0.01788558  0.00493663 -0.0228419  -0.01955644 -0.00396397
 -0.00797771 -0.01479796 -0.00790979 -0.01096825  0.02430004 -0.02199133
 -0.02011696  0.01846879  0.00678126 -0.01894073 -0.00588279 -0.00239376
 -0.00817625 -0.00204202 -0.00579465]
[ 0.0061421   0.0053812  -0.00609988  0.00338357  0.00169358  0.00233611
 -0.01240185  0.01529795  0.01036793  0.0084581  -0.00556959  0.00864683
 -0.00380504 -0.00327047 -0.01494636 -0.00663527  0.00846241  0.00077644
 -0.0041724   0.00443003 -0.00755072]
[  6.73753401e-03  -1.01093840e-02  -7.24631239e-03  -2.81304407e-03
   5.04890864e-03  -1.39647184e-04  -6.26213348e-03  -1.39534447e-02
   5.12301499e-03  -6.25795840e-03   1.44221788e-02   3.68159756e-03
   1.74147226e-03  -5.23381600e-03  -1.98527372e-02   9.25517712e-03
  -9.86821135e-05  -1.46426891e-02  -1.50280989e-02   3.96371813e-03
   1.19374711e-02]
[ 0.00360759  0.00471034 -0.01024902  0.00045514 -0.00403928  0.0038134
  0.00357533  0.00326818 -0.00483936  0.00097169  0.00777518  0.00271277
  0.00365694  0.00635563  0.00539081  0.01286474 -0.0011702  -0.00245223
  0.01342492  0.00200581  0.00403427]
[ 0.01331404  0.01088613  0.01916577 -0.00325284  0.00362686  0.02191894
 -0.00570081  0.00942822 -0.00750889 -0.00745586 -0.00666483  0.00598589
  0.01070929 -0.01657088  0.00706018  0.01186764 -0.01294049 -0.01738802
 -0.00301926  0.00071466  0.01666988]
[ 0.00538542  0.00336908  0.00188428  0.01062237  0.00864735 -0.0043117
  0.01512644  0.00024697  0.00168319  0.00867476 -0.00493667  0.00572713
  0.0007509   0.0095429  -0.00477987  0.00215258  0.00147209 -0.00203733
 -0.00432673 -0.00669666 -0.01029102]
[ 0.00497705 -0.00671967  0.00122266  0.00888396  0.0147005   0.00521275
 -0.00500366  0.00530247  0.00913986  0.00053406  0.00208284 -0.0007344
 -0.00777471  0.00288991  0.00902579  0.00234251 -0.00330549 -0.00766134
  0.00500786  0.0018405  -0.00477763]
[ 0.01108634 -0.00679372  0.0067115   0.00133064  0.0032979   0.00096681
  0.01046341 -0.0148756  -0.00342919 -0.00762548 -0.0046137   0.00593493
 -0.00808433  0.01292797 -0.00092205  0.00577881  0.01618979  0.0101638
  0.00178786  0.00081324 -0.02393726]
[ 0.00605879 -0.01016567 -0.00414599  0.00275869  0.00959276  0.00604291
 -0.00446183 -0.00783366 -0.00311099 -0.01348161  0.01071573  0.00962429
  0.00196784  0.00812703 -0.01477854  0.00377901  0.01068621 -0.00254377
 -0.01795024 -0.00665854  0.01181029]
[ 0.01114631 -0.01014089 -0.00352798  0.00389385 -0.01209656 -0.02139099
 -0.01241784 -0.00106043 -0.01021527 -0.00294055  0.00343736  0.01795962
 -0.00765347 -0.01066385 -0.01703038  0.00546764 -0.00479108  0.00893545
  0.01100169 -0.00223002  0.01160798]
[ 0.01944675  0.01646755 -0.00356239  0.00621526  0.02801246 -0.01617014
  0.01650467  0.00635225  0.00394035  0.00496951  0.01059725 -0.0049096
  0.01059145  0.00542386  0.00783627 -0.02596867  0.0264568  -0.01425017
  0.00476273  0.0051189   0.02060668]
[ 0.00781058 -0.00220508  0.01381655 -0.01018827 -0.0058624   0.00165016
  0.00239558  0.00906    -0.00098932 -0.00840433 -0.00341413  0.00068913
  0.00655103  0.00783201 -0.00760763 -0.01078694  0.00182323  0.00669587
  0.00663784  0.01452029  0.00195215]
[ 0.00836944 -0.00870969  0.01070968  0.01548089  0.01460191  0.01963489
 -0.02366281  0.01644701  0.00470068 -0.01669218 -0.00672288  0.00090127
 -0.00103588  0.00625103  0.00890445  0.0148892  -0.0062668  -0.01329179
 -0.00023497  0.00026166 -0.01669864]
[ 0.01687369  0.01648115  0.00661361 -0.00516952  0.00528279  0.00724868
  0.00540891 -0.01029379 -0.00484565 -0.00241048 -0.00389463  0.00670889
 -0.00057859 -0.0082437  -0.00083967 -0.00422522  0.00744736 -0.00431532
 -0.01089053  0.02516698 -0.0210516 ]

Right eigenvectors

[ 1.         -1.30001695  2.08597492 -1.15164818 -0.31187937  0.8897499
  1.09443708  3.36503548  0.06403115  1.0596547   1.24777268  0.10608045
  0.17376557  0.73898499  0.12883143 -0.2532928  -2.14590146  0.34466141
 -1.18964453  0.54351036  0.89834114]
[ 1.          1.0051922  -0.14532641 -0.99139911  0.42194526 -0.31345895
 -0.40185146  1.01045586 -0.47722524 -0.38880725 -0.00758876  1.00655394
  1.18073643  0.31415595 -0.45474507 -1.34227331  0.24619878 -0.87207357
  0.46380236 -1.69775803 -0.77294639]
[ 1.          0.99506709 -0.07977484 -0.31912802  1.77773054 -0.49300129
  0.23062832 -0.17628872 -1.03901689  0.62670502 -0.39628926 -1.01160967
 -0.23186714 -0.8698848  -0.12187949 -0.24932544  1.40822748  0.03389619
 -0.42695511 -0.2882343   0.85397253]
[ 1.         -1.35660672  1.49263881 -1.87091375 -0.52905117 -0.25082302
  0.14464497  2.67313029 -1.30892941  1.31062668 -0.76441945  1.05964356
 -1.53301146  0.61476589  0.79969453  1.52873972  0.9710962  -0.58127951
 -0.80440947 -0.93093003  0.56669804]
[ 1.         -1.03562238  0.58073727  0.05484249 -0.3252654  -0.29940184
 -0.58264494 -0.86584701 -0.18249831  0.50753832  0.4132756   1.0985124
 -0.02861126 -0.69255758 -0.96158704 -0.60244782 -0.4882612   0.85475024
  1.6951105  -0.87108163  0.11941997]
[ 1.         -1.10845745 -0.24702019 -0.07127996  1.00466629 -0.19276431
 -0.16054987 -0.41721254  0.98913785  0.62189109  0.12054572  0.01948105
  0.55739103  0.25311433  0.71580732 -0.43167697 -1.75138329 -0.66709492
 -0.25559196  0.24158562  0.856295  ]
[ 1.          0.36431765  0.4673186  -0.90988939 -0.83239475  1.38592455
  1.65475779 -1.19993898  0.92347991 -0.72942985 -0.22549789  1.01971399
  1.82713486 -0.25023501 -0.24884433  0.13913356  1.10505435  0.74197561
  1.80027167  0.16179973 -0.28525059]
[ 1.          0.89417043 -0.44002289 -0.33541603 -0.87442336  0.98919155
  0.47221602  0.10828131 -0.52217466  0.44555864  1.10737512  0.24843533
 -0.67426431  0.60152869 -0.23728822  1.68862415 -0.33663528  0.35111823
  1.39644325  0.94918679  0.71072023]
[ 1.          0.2135473   0.57870854  0.1505527  -0.81116279 -1.63464748
 -0.46171852  0.26435644  0.11713298 -1.23543903  0.07155209  1.10739381
  0.26247543 -0.13084698  1.20285248 -0.41859401 -0.1586277   1.17977669
 -0.90024002  1.45852593 -0.63924722]
[  1.00000000e+00  -4.63001076e-01   2.88655829e-01   1.25135563e+00
  -1.08863834e+00   2.69522421e+00   1.54965444e-03   8.23730344e-01
  -2.96270417e-01   1.15363679e+00   3.10708953e+00  -5.77345026e-01
   9.18672384e-01  -2.23441336e+00   2.65303546e-02   5.56579111e-01
  -2.07924255e+00   1.16680029e+00  -2.18567181e+00  -1.47166807e+00
  -2.06947153e+00]
[ 1.          1.26884538 -0.28732965 -0.59656444 -0.92495857  0.45225468
  0.36013292 -0.86438772 -0.50361734  0.14912905  2.8494021  -1.62948623
 -1.5927806   1.25217023  0.46207616  2.07539712 -0.75726363 -0.84786795
  1.89100259 -0.63281114  0.09239827]
[ 1.         -1.09473133 -1.16525318  1.13736557  0.82239072  1.41935313
  0.8168899  -0.15573013 -1.92588245 -1.85066832  0.46771135 -1.43279182
 -0.81806878  1.22975553 -0.48258603 -2.05393206  1.22590976  1.58929704
 -0.21536532 -0.64443771  0.85199297]
[ 1.         -0.20971637  0.20356834 -1.65246036  0.32862112 -1.3549596
  1.00115097  0.82645504 -3.00714026 -0.93532389  1.35266729 -2.67584594
 -1.27580089 -0.98061569 -0.40730914 -0.45758144  0.40025015 -0.10450367
 -0.54232295 -0.57838471 -1.96767406]
[ 1.         -1.06099683 -0.68756135  1.16396102  1.38919259  0.2613898
 -0.3529845  -0.21640724 -0.03669926 -1.95668697  0.1253168  -0.17831323
  1.14409651  2.48292558 -0.36172378  0.38993139  1.12667871 -0.12374512
 -0.96894387 -0.97896239 -0.41544384]
[ 1.         -1.70274492  0.57355577 -0.83681796 -0.07421974 -0.89868794
 -0.68778583 -0.26452425  0.24344506  2.31098951 -0.05395639  0.2523553
 -1.14577955 -1.00907797  1.92499323  0.59348988  1.1354255  -1.56560173
  1.02992066 -0.43214817 -0.89321997]
[ 1.          1.04658143 -0.13333318 -0.92021431  0.61027095  0.21613301
 -0.59682182 -0.91843911 -0.34532929  0.25934443  0.16128957 -0.26219674
 -0.04290617  0.24476503  0.09550642 -0.01886602  0.76752737 -0.6161352
  0.23754379 -0.00190324  0.50459923]
[ 1.          0.88234331 -1.20653871 -0.6896046  -0.14776124 -2.12631295
 -3.16103469  0.90795999  1.08403307 -0.6042965  -0.39042511 -0.22204992
 -0.90910596  0.53764764 -0.39224489  0.17553672 -1.30332068  2.54748039
  0.15524648 -1.00415681  0.31731321]
[ 1.         -0.3866649   0.41448547 -1.88186832 -0.75507465  0.77115529
  1.32214031  1.81877228 -2.00319606 -1.26736225  0.53605575 -3.09292704
 -1.10314987  1.47734271 -1.75125912 -1.45044243 -1.35402103  0.42880121
 -0.18941041  2.77727555 -0.11483148]
[ 1.          1.03447957  1.42663867 -0.92850234  0.80687557  1.02793417
 -0.03481589  0.05107483 -0.68256109 -1.09046171 -1.10562247 -0.29824471
 -1.2781859  -1.51812196 -1.11082316 -0.1327176  -1.45434546 -0.74889969
 -0.75911403  1.12988996 -1.11396315]
[ 1.         -0.86721961 -0.6273416   0.50297973 -1.96792491  0.52047707
  1.45625959  0.26836789  0.65407167  0.29621857 -2.58000446 -1.56685703
 -1.53002472  0.18010333  0.45399303  1.53707933  0.29559835  0.99676954
 -1.29253657 -3.12808863  2.19522818]
[ 1.          0.18226597 -3.45470523 -1.6270827   1.07541868 -4.27178077
  0.54484643  3.64031564 -3.40553155 -2.95953575  2.14116872 -1.34740855
  2.21412761 -1.83150922 -0.25290155  0.56171632 -0.43874929  0.20413948
  1.81454617 -1.12805711 -5.13246255]
[ 1.         -0.88207646 -0.72968842  1.0493813   0.19158853  0.88964959
  0.29565889 -0.01995669 -0.38102983 -0.03627118 -1.01458616 -1.29438568
 -0.39046206  0.47165841 -0.55464215 -0.45430262 -0.59348104 -0.96452652
  1.16359773  0.366228   -1.20346949]
[ 1.          0.73223578  0.05577625  1.13488071  0.7993384  -2.54793374
  1.10309164  0.82747743  0.58828097 -0.90711425 -0.0372246  -0.16108248
  1.21467075  0.46041562  0.16682588 -0.24573307 -1.05469814  0.43890942
 -0.89814901 -2.49917634 -0.40514846]
[ 1.          1.03197685  0.73175121 -1.05202825  0.05392718  0.49513773
  0.26361623 -1.39146915  0.25619258 -0.55148197  0.51034214  0.79637093
  0.95458044  0.40539611  0.42809144 -1.20162235 -1.06576854 -0.4031715
  0.3704857  -1.24200826 -0.2211039 ]
[ 1.         -1.09706067 -0.62484118 -0.30867823 -0.20242144 -0.65712037
  0.04982621 -0.95501843 -1.47148065  0.96674692 -0.5783244   0.5115796
 -1.27535079 -0.23178863 -0.33072176  0.40419875 -0.69686588 -0.63767521
 -0.72944775 -0.52232883  0.80017941]
[  1.00000000e+00   9.40188566e-01   3.13503091e-01  -4.23904890e-01
  -4.73862131e-02   3.55559024e-01  -5.73047927e-02  -1.42079697e+00
  -3.02174620e-01  -4.81341860e-01   8.82123524e-01   4.76378458e-01
  -2.16776267e-01  -2.95486080e-01  -6.97578684e-01  -1.99381762e-02
  -6.27733552e-01   1.48540515e-01   4.23690442e-01  -1.23290474e+00
   7.02678554e-04]
[ 1.         -0.15528979  1.57163002  3.23423075 -1.98394151 -1.41853348
 -0.36964741  0.34615962 -0.45684154 -1.31417176  0.12874635 -0.21961975
  0.14056705 -1.6187027   0.03464171 -0.86208646  0.27330177 -2.14932905
  0.39427986  0.80108871  1.73279149]
[ 1.          1.12731488  0.32993134 -0.07915556  1.31446867 -0.06646336
 -0.75342487 -0.30647722  0.24907156 -0.17688117 -0.57156095  0.48065442
 -0.69619749 -0.60308817 -0.24444442  0.6361031  -0.65805949  1.17203654
  0.45538852  1.060239    0.09548202]
[ 1.         -0.79879212  1.17767724  0.55393551 -0.66055793 -1.58111579
  0.04946605 -1.05863774 -0.01159288 -0.51900139 -1.07426443  1.48001658
  0.10568753  1.04733223  3.00001384 -1.91885207 -1.37286373 -0.78381495
  1.29077204  0.53109505 -0.07841848]
[ 1.          1.28513875 -0.18963392  2.35138153 -2.18310364  0.55791113
  0.32072597  0.39851811 -0.74756996  1.89820523  1.69858769 -0.07869983
 -0.02672485  0.23885681 -0.13849234  1.63449604  0.1648889   0.56552526
 -1.21832596  0.33032492 -0.58704827]
[ 1.         -0.69170271  1.26111029 -0.52774285  0.57976852 -0.60642604
  0.53989932 -0.50901286  0.62301064  1.04303813  0.56102198  0.02910722
  0.98966178 -0.44197446  0.7179025  -1.0144749   0.50323506  0.92308506
  0.66775291  0.61779775 -0.40053186]
[  1.00000000e+00   7.54823020e-01   2.70929707e-03  -4.17389815e-01
  -1.43838000e+00  -3.90372960e-01   4.92244278e-01   6.24757763e-01
   2.90458309e+00  -1.19420736e+00  -7.51094496e-01  -1.38935856e+00
  -1.05974359e+00  -2.01745413e-01  -6.08947898e-02   2.60633359e-01
   4.44596630e-01  -7.86915815e-01  -9.91626436e-02  -1.96696763e+00
   1.07971402e+00]
[ 1.         -0.80197059  1.46048585 -2.28301291 -1.12672255  0.0570381
  1.66861995  2.43664719  0.72950128 -0.23770199 -0.37341437 -1.78480711
 -0.02278331  1.02479318 -0.38634495  0.75057111  0.25107142  0.96472958
 -0.41358682  0.68050056  1.05551389]
[ 1.          0.57072359  0.19486837 -0.28493817 -0.48552035 -0.36672578
  0.17458186 -0.97157598  1.14886272 -0.64186335  0.06337716 -0.70329317
 -1.20417972  1.41643431  0.11680586  0.09739702  0.17493177 -0.89339029
  0.18259634  0.63021337 -0.69070315]
[ 1.         -0.74295786 -0.35461957 -0.64694284 -0.44534088 -2.38303119
 -0.63991582 -0.39128452 -0.01345169 -1.43505426  0.08670048  1.06970741
 -1.2254159  -1.11389069  2.4775047   0.27647912  0.91035541  1.17458311
 -0.25240518  1.76005397 -1.58763691]
[ 1.         -1.18003578 -0.53015103 -0.54955761 -0.25686655 -1.0308583
 -0.33983834 -0.86508856  0.1056621   2.76868466  0.03777659 -1.57851611
  0.77706296 -0.12741023  1.4782356  -0.2813515  -0.56712724 -0.4539425
 -2.0455228   0.99603384 -0.50873381]
[ 1.          1.19611638  0.24235732 -1.0660564   0.15879126  0.8862577
  0.35583417 -0.42411856  0.30398251 -0.22023586 -0.37970431  1.0929961
  0.25571952 -0.19988323 -0.68552248 -0.38236414  0.75081723 -0.86109146
 -0.50372519 -1.07332093 -0.19431319]
[ 1.         -1.3313443  -0.9123497   0.05321537 -0.14880406 -0.45538292
 -0.30208368 -0.38415055  2.0535643  -0.55867208 -0.70218021 -1.05460522
  0.85696189 -0.90458013  0.89586899  2.13538153  0.54797412 -1.92523753
  0.57941417  0.65179365  0.00308144]
[ 1.          0.32214865 -2.71140722 -0.63412615  0.99924864 -4.13630896
 -1.20561208  2.26992741 -0.61400541 -1.7687795   0.25910617  0.61188176
  1.40008116 -0.78197515  0.18649572  0.53250263 -1.69762461  0.99130866
  1.58424461 -1.04532222 -2.0757371 ]
[ 1.          0.27987954  0.61500038  2.36019617  0.41331707 -0.97974649
 -0.20916873 -0.941642   -0.63568197 -0.87817633  0.6135385  -0.23138349
 -2.48587321  0.18643867 -2.13705469 -0.93587725  1.06907681  2.46365198
  1.78024494 -0.12564237  0.80414761]
[ 1.          2.00173997  0.9807711   3.85539111  5.0499132  -1.67997059
  1.34413867  1.61768292  3.52180909  1.99898634 -1.01043423 -0.76204867
 -6.5027779   0.06839931 -4.92469844  1.98912277 -0.31514941  3.85244893
  4.4454216   1.5492505  -1.04235798]
[ 1.          0.96772761  1.33223645  1.440517   -1.14005037 -0.78297144
  1.43279315  1.3125417   1.00552712  0.17300145  1.59393917 -0.83905465
 -2.21620494  0.9964714  -0.84657695  0.23902354 -2.3191374  -0.99023977
  0.1983146  -1.00339779  0.17222261]
[  1.00000000e+00  -5.03078685e-01   5.03028404e-01  -1.04619383e+00
  -8.36167652e-04   5.31926603e-02   3.13497006e-01   3.63546899e-01
  -6.69197700e-01   2.00297743e+00  -1.55517126e+00   1.44527450e+00
  -9.63532969e-01  -2.57737111e-01  -1.19685470e+00   1.59765275e-01
   8.96353061e-01  -1.08352562e+00  -1.02482359e-01  -1.76107425e+00
  -4.49960021e-01]
[ 1.         -0.73267689  1.22012183 -0.42257947  1.47069312  1.50881218
 -1.37930417  1.50910472 -1.15838464 -1.88884961 -0.65948283  1.23977994
  0.24026192  1.95917392 -0.12305938  1.4832384   0.6694221  -1.1447859
 -0.59153193 -1.05389699  0.17710587]
[ 1.         -1.20711188 -0.38890789 -0.38114803  0.75582664 -1.04275733
 -0.10637535  0.53217152  0.40985089 -0.01173241  0.36872709  0.92965394
  0.33706677 -0.00613443  0.70448717  0.9455295  -0.17097756  0.86279245
 -0.84860893 -0.46201729  0.50156144]
[ 1.         -1.28882771  2.40510361  0.0556484  -0.60486325  0.05187734
 -1.33792326  0.34626527 -0.82561122  0.40307756 -1.36954151  0.42830251
  0.18760569  2.0456255   0.92840784  0.06281314  0.86215536 -0.77161402
  2.81231935 -0.07871675 -1.92877595]
[  1.00000000e+00   1.16468177e+00   4.22094064e-01   2.95453767e+00
   2.26611061e+00  -1.11812691e+00   1.64655665e+00   1.33518846e+00
   1.91538263e+00   1.37194146e+00   1.82047795e-03  -9.03930636e-01
  -2.85932152e+00   6.38382863e-01  -2.29141142e+00   3.57416697e-01
   5.04619487e-01   6.28760018e-01   1.58113671e+00  -4.04428605e-01
  -5.22742218e-01]
[ 1.          1.2559112  -0.07496959 -0.44565386 -1.17077426  0.49968073
 -0.31961159  0.24404591  1.67589856 -1.05238912 -1.34144268  0.47092358
 -0.48208634 -1.11946176  0.22631076 -0.62793895 -0.13666424  0.08727101
 -1.53698261 -0.58209445 -0.37720438]
[ 1.          0.980854   -0.83077677  0.68888138 -2.09154937  0.41208872
  1.75262753 -0.90234339 -0.03150548 -0.1689149   0.31664707  2.13037554
  0.28481676  1.28449473  1.33254069  1.54339877 -0.48122072  0.68677666
 -0.27472763  1.15281111 -0.70307632]
[ 1.         -1.21020737  0.95657374 -0.78843702 -0.75890645  0.36196492
 -0.26630766 -0.38735156  0.1075199   0.22638261 -0.20961766 -0.1681028
  1.55812986 -0.20197773 -1.54090797 -0.33371076  0.9964859   0.36297303
  2.67235466  0.26304139 -0.59153279]
[ 1.         -1.11106734 -0.35810366 -0.37050766 -0.19974115  0.63103652
  0.10737966 -0.52312442  1.68879304  0.92271146  0.70107589 -0.78618746
 -0.06827592 -2.02676793  0.14299523  0.2332396   0.37531043  0.30732698
  1.68118363 -1.60342224  0.32487238]
[ 1.          0.88467345 -0.09607129  0.96688635 -1.46353431 -0.82664269
  0.04896387 -0.0581825   0.17783349 -0.75010574  0.34179422  0.80131645
  0.11241041 -0.31411857  0.54720835 -0.52212886  0.09384279 -0.90282894
 -0.76382416  0.42163306  0.90782668]
[ 1.          1.19599339 -1.42218812 -1.3960203  -0.01790797 -0.03029923
 -2.07934184  3.21196575 -1.3786675   1.53014938 -0.31815415 -0.0392054
  0.30835607  1.47701361  0.91525577 -0.65323495  2.74672875 -1.26093955
  0.66723001 -1.19640947  1.94502044]
[ 1.         -0.44451948  1.96492233  1.95741084 -1.18722069 -1.24602229
 -1.2336645  -1.17443878 -1.1922942   2.14142664 -0.36952976 -1.46450512
  1.30582504  0.35942149  1.51916318 -0.62804127  1.63352609 -0.85311427
 -0.08105663  0.56674616  0.43901383]
[ 1.         -1.3345274   0.37592237  0.29504213  0.03330802  0.89146401
  0.02444529  0.4679749   0.39019666  0.08836188  1.24966683  0.26986213
  0.2767856  -1.37080422 -1.1828633  -0.1652478  -1.26313095  0.03705393
  0.50538644  0.55345905 -0.29659148]
[ 1.          0.93342018 -0.07932016 -0.15868839 -0.79403632  1.20102131
  0.3819003  -0.15477719 -0.34617429 -0.29612897 -0.98238446  0.29019658
  0.42580649 -1.00331706 -0.20382182 -1.23705271  0.73089329 -1.23141459
 -0.26579596  0.12841716 -1.19575491]
[ 1.          0.78636797 -3.51904261  0.03246992 -0.84770666  0.06918024
 -0.64367069  2.44389867 -0.48286985 -0.13865013 -0.39566048 -0.28084273
  1.36805988 -0.01040723  1.09595263  1.21357897  0.69844009 -1.16646113
  2.22722291 -0.26266662  1.0383215 ]
[ 1.         -1.38636489  0.99539422  2.1883208  -0.45595868  1.17968306
 -2.11700445  0.10298879 -0.28444544 -1.67743627  0.21448181 -0.97638409
  1.55879853  1.52436884 -0.9380298   0.8391759   0.61574314  1.07292695
 -0.7348575  -0.73524358 -2.28318138]
[ 1.         -0.96061503 -0.25951068  0.04219189  1.18562365  2.0249006
  2.97178029  2.05075844  0.65457681 -0.31989875  3.17888003  1.5865373
  1.34036806  2.23983016 -0.10341829 -2.85725145  0.59150211  1.90237633
  0.18823021  2.04593932  2.51771663]
[ 1.         -0.84077989 -2.57847234  1.72681121 -0.37589079  3.65225547
  0.56370799  1.5061023  -0.31156179 -1.29701844 -0.69633247 -0.21617082
 -1.47923063 -3.09512739  2.60945849 -2.53436643 -0.44875293  1.33223549
  0.62671735 -0.91602373 -0.45948357]
[ 1.          0.87690253 -0.08386879  0.0810854  -0.1232374  -0.5323813
 -3.1826225  -0.11564989  1.14001107  0.22517973 -0.75272677 -0.58084344
  0.27303996  1.08079005 -0.04346489 -1.38743564 -2.05545904  2.49420046
 -1.00109683 -0.89255819  0.01467253]
[ 1.          0.90697573  0.11919299 -0.19477885  1.20575752  0.81255016
 -1.86207329 -0.35588203 -0.77871473 -0.03343308 -0.1251747  -1.05668928
 -0.06162467  0.7954071   1.10292225  0.600044   -0.64714794  0.35134872
  0.91141569 -0.30153951  1.85861045]
[ 1.         -0.87683069 -1.87342471  1.12770194 -0.79486916  0.77437352
  1.21804586 -1.09376663 -1.73189476 -0.31508274 -2.66603888 -0.15494381
 -0.9979106   0.89110105  1.37055808 -1.1148246  -1.0332721   0.2549899
 -0.13523457 -0.48372448  1.17924627]
[ 1.          1.02815149 -0.32925771 -0.5483197   0.03454658  0.55556819
  0.6139446  -0.49231763  0.58982171 -0.27730858  0.40623217  0.66943454
  1.02036287 -0.66498515  0.62931796  0.79604109 -0.82700666  0.38260123
 -0.54478706 -0.15673908 -0.61286809]
[ 1.          0.15767783 -0.91352006  0.6144613   0.33992467 -0.7281429
  2.10502268 -1.61739546  1.20090129  0.28084699 -1.73383374  0.34409712
 -0.68419603  1.94361595  0.20499375  1.29153351 -0.98050053  0.30523308
 -0.89955798  2.06625988 -0.63238802]
[ 1.          0.80945571  0.10351238 -0.23152177 -0.48118146 -0.12657918
 -1.75473397 -0.73347685  0.15010475  1.31702926  0.609939   -1.10220627
  0.47545854  0.81116709  0.92188219 -1.00458038  0.30784718  1.49893212
 -0.5506558   0.35177336  0.38371357]
[ 1.         -1.62400493  0.30962426 -0.04824153 -0.14367381  0.72055976
 -0.38540695 -0.95247263  0.4235099   0.78651712  0.29481394 -0.7363761
  1.53114157 -0.24576006 -1.33398153  0.20451773 -0.01409026  0.99945761
  0.0291226  -1.88651091 -0.02902894]
[ 1.          0.82604021  2.34868268  2.46813362  1.10171733 -3.93308105
  2.22081627  1.16259873 -3.2355815  -1.97399869  0.09653618 -3.54409298
  1.65127753 -4.18460069  0.00575669  0.2420558  -0.44139571 -0.86575458
 -1.33470514 -1.56120308  0.57645283]
[ 1.          1.69042874 -1.8010715   0.11574792 -0.84403068  0.61555808
 -2.51398134  1.83858547  0.23666656  2.74547677 -1.06288785  0.53740275
  0.02257679 -0.14820094 -1.60951315 -0.84774943  2.32872614  1.03181695
 -1.59745159  1.24062255 -0.69152536]
[ 1.         -0.84219536  0.26633284 -0.62950671 -0.52661    -0.32189688
  1.39392657 -0.0478873   1.92480423 -0.24791367 -1.89548904 -1.76476016
  2.32383413  0.17623049  0.29439242  2.212496    0.67986307  2.57076631
 -1.10878293  0.16356703  0.21159973]
[ 1.         -0.61718517 -0.14304763 -0.69012045  0.36901943 -0.52877637
 -0.27047355 -0.72649717 -1.08160318 -0.88252598  0.33467798  2.26031449
 -1.8706115   0.08887983  0.64204655  2.39878904  1.08997593  0.65909474
 -1.77047656  0.7678166  -0.08523734]
[ 1.         -0.14245145  1.41960145  0.52629078 -0.35770639 -1.01102143
  0.49414921  0.26877079 -0.33275277  0.71076655 -0.66060546  1.96676087
  0.65058236  0.85816781  0.22414511 -1.48443262 -1.87723092 -0.1005577
  0.09404279 -0.58778087  0.26408282]
[ 1.         -1.14510773 -0.39730281 -0.3298927   0.50073274 -0.28223093
 -0.03165559 -1.20062119  1.63571435  0.31634875  0.92983061 -1.00790466
 -0.83285229 -0.81456949  1.08408029  0.00807763  1.11790361 -0.84378438
  0.2451004   0.66637336 -1.24698473]
[ 1.         -0.87403155 -0.10188077  0.87945768  2.9502025  -0.07869355
  1.46997724  0.52185187  1.72204904  0.66344509  2.21730931  1.25890369
  0.77024869  2.38350535  1.17568174 -2.4069101   0.93966941 -1.0335004
 -1.54267326  0.37674561  0.86483729]
[ 1.         -0.90899322 -2.09712059 -0.15284869 -0.51241747 -0.1551001
  0.29395984 -0.46481731 -1.0642229   1.16070387 -2.66312955 -1.1730582
  1.13857804  0.95747041 -1.81587748 -0.46443779 -1.46616328 -1.05508946
 -0.3058691   1.20619838  0.03507253]
[ 1.          1.13444306 -1.51923152  0.32608039  0.04695033 -0.01132427
  0.94331452  0.3821868  -0.89195975  0.08022396  0.04746078  0.34012604
  1.42631625  0.3702457   0.18766385  0.31023028  0.5700075  -0.90801167
  0.16082554 -0.984763   -0.80175743]
[ 1.         -0.91442218 -1.11224518 -0.50923332  0.0976761  -0.30422822
  0.09591633  1.07494737  0.28738294 -0.87057682  0.81962654  0.08998367
  0.74947084 -0.55385577 -0.26876705  0.12588113  0.44513368  0.15933859
  0.34795887  1.80081749  0.75131391]
[ 1.         -0.28099883  2.79123218  6.53540655 -4.12534019 -0.62989872
 -2.50954523 -0.21309754 -2.16686241  0.85431042  1.5389722  -2.41448278
  2.67483118  0.44781827  0.41302495  1.04018468  2.72063541 -1.44078542
 -1.81578781  1.14164995 -0.85368166]
[ 1.         -1.20796345 -0.89247469  0.87799028  0.18555684  0.8603209
  0.72875919 -0.35352256 -0.46512709 -0.95049196 -0.7433722   0.81943117
 -1.49739456 -1.03994745  1.00174288 -0.94212077  0.38552672  1.68373768
  0.04945267  0.25819806  1.26015566]
[  1.00000000e+00  -3.28486031e-01   1.92221290e-01   3.85751343e-01
  -1.91152656e+00  -1.22104869e+00  -1.09195321e+00   6.13041397e-01
   1.84649812e+00  -1.81744470e+00   5.73738289e-01   7.46752373e-01
   8.64864824e-04  -1.06189251e+00  -3.53980182e+00  -6.77597530e-01
   1.47690523e+00  -2.04895731e+00   6.23715844e-01   2.28002831e+00
   2.48746676e+00]
[ 1.         -0.90987338 -0.68637819 -0.40551178  0.77382567  0.5105606
  0.21999076  0.58117633  0.98574332  1.70895427  1.3582713  -0.3932415
 -0.440113   -1.20673545  1.53967382 -1.45887603  0.24737403 -0.71027116
 -0.85629181  0.56232891 -0.70786152]
[ 1.         -1.45475271 -0.15645868 -0.64065532  0.06225825 -0.18150166
 -0.20584702 -1.53313349 -0.53112059  1.07819099  2.74632955 -1.56907468
 -0.11269469 -1.69662423 -1.03366449 -0.00752358 -0.960257   -0.15509467
 -1.67548554 -1.26071775 -1.75260395]
[ 1.         -0.74647503 -2.18594779 -0.07193149  0.51282937 -0.49750853
 -0.209063   -0.97865233  0.69192613  0.849803   -1.22972482 -0.78503121
  0.72520861  0.60467646 -1.31174011  0.14467628 -3.44091609 -1.79471921
 -0.30631743  1.84368447 -0.64467413]
[  1.00000000e+00  -1.33844714e+00  -5.55175067e-02   3.23540240e-01
  -5.11269081e-01   1.58305404e-01   5.13354085e-01  -5.84409989e-01
  -8.44204066e-01  -3.86391877e-01  -1.24841992e+00  -2.91187377e-01
  -4.22166651e-01   1.67242662e-01   1.44616375e-01  -4.26393109e-01
   1.20174731e+00   8.95843980e-01  -4.47176893e-02  -1.83745726e-01
  -7.58021645e-04]
[ 1.          0.47254821 -0.71074974  0.61859419 -0.19630689  0.95951947
  0.79696355  0.419593    0.13207904  1.18371087  0.87638204  1.58218282
 -0.51381767  0.02365431 -0.44888292  0.16222754 -0.77835468  0.8466993
  0.98589669  0.3708955   0.04617035]
[ 1.          1.45252769  1.78200093  0.96574558  2.27867876 -0.21729737
  1.16970943 -0.5027856  -1.18983767  0.7396275  -1.26263225 -0.93930873
  1.61555961 -2.3217175   0.1915087   1.73260312  0.00955861  0.89544416
 -0.14406757  1.02884001  1.10391077]
[ 1.          0.85858926  0.2369805  -1.09651518 -0.93879811 -0.19028871
 -0.38296628 -0.71036936 -0.37970581 -0.52652587  1.16651261 -1.05568365
 -0.9657054   0.88658586  0.32553145 -0.90924124 -0.28240088 -0.11491149
 -0.39249732 -0.09802637 -0.27816937]
[ 1.          0.87611742 -0.9931266   0.55088144  0.27573249  0.38034384
 -2.01915432  2.49067105  1.68801059  1.37706913 -0.90678831  1.40779634
 -0.61950127 -0.53246758 -2.43342846 -1.08029284  1.37777052  0.12641274
 -0.67931133  0.72125617 -1.22933819]
[ 1.         -1.50045758 -1.07551403 -0.41751835  0.74937041 -0.02072675
 -0.92943998 -2.07100175  0.76036944 -0.92882031  2.14057232  0.54643102
  0.25847324 -0.77681478 -2.94658805  1.37367427 -0.01464662 -2.17330096
 -2.23050434  0.58830399  1.7717864 ]
[ 1.          1.30567683 -2.84096312  0.1261611  -1.11966145  1.05704884
  0.99105874  0.90591907 -1.34143877  0.26934707  2.15523049  0.75196235
  1.01368138  1.76174106  1.49429668  3.56602459 -0.32437154 -0.67974282
  3.72130142  0.55599649  1.11827487]
[ 1.          0.81764326  1.43951576 -0.24431645  0.27240904  1.6463027
 -0.42818021  0.70814117 -0.56398299 -0.55999977 -0.50058647  0.44959225
  0.80436093 -1.24461736  0.5302808   0.89136262 -0.97194317 -1.3059913
 -0.22677229  0.05367729  1.25205264]
[ 1.          0.62559266  0.34988584  1.97242914  1.60569573 -0.80062443
  2.80877474  0.0458584   0.31254485  1.61078438 -0.91667256  1.06344977
  0.13943226  1.77198724 -0.88755764  0.39970449  0.27334684 -0.37830361
 -0.80341489 -1.24347838 -1.91090333]
[ 1.         -1.35013064  0.24566031  1.78498614  2.95365831  1.04735696
 -1.00534588  1.06538376  1.83640042  0.10730358  0.41848946 -0.14755713
 -1.56211189  0.58064709  1.81348302  0.47066152 -0.66414679 -1.53933283
  1.00619004  0.3697976  -0.95993156]
[ 1.         -0.61280149  0.60538522  0.12002506  0.297474    0.08720706
  0.94381108 -1.34179545 -0.30931702 -0.68782693 -0.41616133  0.5353373
 -0.72921543  1.16611753 -0.08317019  0.52125511  1.46033754  0.91678646
  0.16126708  0.0733552  -2.15916743]
[ 1.         -1.67783857 -0.68429374  0.45532016  1.58328028  0.99737842
 -0.73642306 -1.29294065 -0.51346747 -2.22513182  1.76862519  1.58848329
  0.32479044  1.341361   -2.43918963  0.6237239   1.76375213 -0.41984861
 -2.96267675 -1.09898783  1.94928169]
[ 1.         -0.90979784 -0.31651578  0.34934012 -1.08525319 -1.91911021
 -1.11407696 -0.09513691 -0.91647137 -0.26381397  0.30838551  1.61126193
 -0.68663717 -0.95671581 -1.52789456  0.49053392 -0.42983527  0.80165097
  0.98702578 -0.20006837  1.04141914]
[ 1.          0.84680249 -0.18318671  0.31960406  1.44046992 -0.83150877
  0.84871128  0.32664847  0.20262253  0.25554429  0.54493673 -0.25246358
  0.5446388   0.27890848  0.40296034 -1.33537356  1.36047424 -0.73277895
  0.24491163  0.26322648  1.05964655]
[ 1.         -0.28231927  1.76895184 -1.30441849 -0.75057149  0.21127171
  0.30670958  1.15996474 -0.1266643  -1.07601807 -0.43711598  0.08823086
  0.83873787  1.00274346 -0.9740161  -1.38106784  0.23343033  0.85728203
  0.84985193  1.85905281  0.24993711]
[ 1.         -1.04065343  1.27961753  1.84969238  1.74466938  2.34602149
 -2.82728725  1.96512612  0.56164815 -1.99441998 -0.80326479  0.10768551
 -0.12376975  0.74688692  1.06392356  1.77899633 -0.74877124 -1.58813385
 -0.02807432  0.03126346 -1.99519164]
[ 1.          0.97673636  0.39194817 -0.30636552  0.31307863  0.42958472
  0.32055312 -0.61004966 -0.2871716  -0.14285457 -0.23081072  0.39759453
 -0.0342897  -0.48855327 -0.04976187 -0.2504029   0.44135904 -0.25574264
 -0.64541465  1.49149231 -1.2475987 ]
