Cluster centers 

[ 1.26157572 -0.17204554 -0.25418377  0.64204154]
[-0.87338434 -0.61824728 -0.74684981  0.88687546]
[-0.75885498  1.2871602   0.86835581 -0.05096605]
[ 0.85663854 -0.51709301 -0.37056805 -0.87248625]
[-1.05855761 -1.05597385  0.43713916  0.46853175]
[ 1.10578781 -0.62168992  1.20043028  0.6256328 ]
[ 0.89005898  0.22385955 -1.37138624 -1.06559051]
[-0.26923357  0.76453498 -1.79450859  1.80392151]
[-0.66690218  2.51850766  0.4892553  -0.46399898]
[ 1.26987708  1.63061931  1.77827507  1.54474361]
[ 0.21154192 -1.0246447   0.18866754 -2.28856913]
[-1.20641827 -0.7481192  -0.98590076 -0.01979025]
[-0.79975254  0.04461756  1.07552252  0.45248908]
[-1.24068427 -0.97138708  0.54559994 -0.10846731]
[-1.26590861  0.25175415  0.65215601 -1.09623914]
[ 0.7096604   0.72401825 -2.09276832 -1.57056288]
[ 0.90753526 -0.57682011  0.74174804  2.14814297]
[ 0.93125556 -0.76891249  0.7669764  -0.48854418]
[ 1.07987717 -0.0392137  -0.80389208 -0.40081887]
[-0.76333245  0.30199196 -1.80689391  0.83421294]
[ 0.07958448  4.37208339  0.27003511  0.56881657]
[ 1.0483489  -0.1829591   1.37473872 -0.44098127]
[ 0.75764344 -0.31201071  1.10051783 -1.45802547]
[ 1.12577755 -0.49086142  0.05553418  0.17681977]
[-0.09589059 -0.07552503 -0.72474815  2.15971879]
[-1.59819198 -1.11224939  0.18940106 -1.62439887]
[-0.95282688  1.34039969  0.67293605 -0.67154687]
[-0.54662361 -0.91450208  0.29053729  1.51730943]
[-0.88750842 -0.21571358 -1.32810747  0.71614675]
[ 1.16507039  0.271118   -1.09831629 -0.29195684]
[-1.13768001 -0.99601211 -0.39014197  0.32294804]
[ 0.45318599  2.19528728 -2.49459126  2.66260477]
[-0.95167346  0.63246623  0.87616345 -0.23365068]
[ 0.96244784 -0.26062788  1.65576713  1.69416901]
[ 0.5809648  -0.41357968 -0.87930891 -1.57791886]
[ 0.64804619  0.55454909  1.00805607 -2.20049142]
[ 0.19842661  3.1287358   0.91825227  1.15197164]
[-1.16636849 -0.39962407  0.80116781 -0.25523131]
[ 0.98706133  0.73722592 -1.84348061 -1.0119338 ]
[-0.87647466  2.73253282  0.13172751 -1.52198512]
[ 1.19168697 -0.5256439   0.39333037  0.89542287]
[-0.5249208   1.65216428  0.9435106   0.34762717]
[ 1.29539375  1.16620852 -1.95062885 -0.37139757]
[ 1.24994707  0.46636301  1.63538288  0.23516984]
[-1.05499178 -0.54186617 -1.09139489  0.36946107]
[ 0.25799797  1.16588908  1.54734482  1.64563202]
[ 0.85618844 -0.67112071 -0.05362336 -0.80593887]
[ 0.96374277 -0.60509597 -0.02084386 -0.4702717 ]
[ 1.09183815 -0.33371944 -0.31987333 -0.14776346]
[-1.32249647 -1.1814963  -0.09818638 -0.20178704]
[-1.30396997  0.77755413  0.41235822 -1.9882926 ]
[ 1.12791181 -0.67138382  0.74548251  0.66661959]
[-0.56677097 -0.53715395 -0.52250937  1.50110807]
[-1.47551751 -1.12300936  0.26822261 -0.87138021]
[ 0.97765733  1.53712799 -2.62903396 -1.27321328]
[-0.23093101 -0.74031632  1.11332783  1.72784232]
[ 1.1786915   0.10656047 -0.22637757  2.37714729]
[-0.08419541 -0.93552592  0.36754744 -2.87086164]
[-0.86394588 -0.9267975  -0.13607592  0.96820428]
[ 1.49171795  0.58744459 -0.89994311  1.26898651]
[-0.5030274   1.25489702 -2.50248515  1.12980739]
[ 1.18931961  0.01706386  1.63864513  0.6227373 ]
[-0.87916349  1.85695489  0.55413986 -0.75949418]
[ 0.22905108  0.59808815 -1.22229786  2.52219181]
[-0.50475749  2.98219227  0.43705172 -0.23249566]
[ 0.53186713 -0.59249651 -0.65347332 -1.64670987]
[ 0.76429194 -0.35081522 -0.76349192 -1.1820461 ]
[ 0.87996115 -0.61469601  1.04987522 -0.8318973 ]
[ 0.7198604  -0.82272179  0.12996753 -1.15663865]
[-1.04580683 -0.54546163  0.86850523  0.16995698]
[-1.32993263 -0.50155492  0.64224542 -0.75276698]
[ 1.10398321 -0.61816063  0.86314808  1.5153295 ]
[-1.14889817  0.67102925  0.67818486 -0.92926547]
[ 0.52806631  0.3384155  -1.85442772 -1.7977121 ]
[-1.33980375 -0.68908408 -1.32664594 -0.69052788]
[ 1.27394769  0.2861719  -0.95156592  0.13797002]
[ 1.09875085 -0.66075266  0.48168515  0.2770166 ]
[-1.01074754  0.16911067  0.90752356 -0.14219243]
[-0.74205599 -0.96510948  0.67900585  1.0923415 ]
[ 0.91695644 -0.7745174   0.4198182  -0.54027524]
[-1.04235204 -1.06465652  0.01105604  0.57690403]
[ 1.09386469 -0.49005175  1.31824582  0.22753162]
[-0.56464705  0.58425958  1.1779677   0.7014001 ]
[ 1.30344325 -0.15205118 -0.07557092  1.34418948]
[-0.49271246  0.56860029 -1.80471544  1.40833618]
[ 0.34505276 -0.83725878  0.58562436 -2.1713315 ]
[ 1.24183373  0.74797318  1.53255394 -0.30807419]
[-0.75848229 -0.02961143 -1.41098792  0.98313963]
[ 0.96811949 -0.0642302  -0.91685453 -0.74060242]
[-0.29565473  2.40852735  0.85361788  0.52992507]
[-0.64735747  2.94291944  0.31390726 -0.66174546]
[ 1.43400475  1.70243989  1.72941999  1.08077829]
[ 0.96861057 -0.30110224 -0.57196693 -0.62581986]
[-0.21388003 -0.78704902  0.333206    1.96530098]
[-1.59199919 -1.30992744 -0.19120546 -1.39787404]
[ 1.01547218 -0.62796609  1.12142282 -0.19026569]
[-1.13306914 -0.8157599  -0.75497555  0.25887484]
[-0.82769107 -0.2669165   1.04794048  0.5333768 ]
[ 0.61828308 -0.66065449  0.87045676 -1.63216301]
[-1.24196152 -0.54336948 -1.37448677 -0.32569966]

Populations

0.0279917698997
0.0122711055576
0.0200866297591
0.00342270931459
0.0105038673537
0.00647667680185
0.00616905806266
0.00717180837583
0.0134874806029
0.00704726265087
0.00449588619904
0.00894601894527
0.0052996198289
0.00548918765561
0.00238244722065
0.0174055102931
0.00873075924218
0.0233166060076
0.0222540134437
0.00626770408682
0.00198375840813
0.00543955096996
0.00772533055704
0.0254836436381
0.00642226356088
0.00304920212614
0.0174141206773
0.00401822727385
0.00953489822497
0.0182357107171
0.0105707763752
0.0090390368324
0.0235466427182
0.0121347711105
0.0137391675673
0.0105317498657
0.0074612571181
0.0102575274878
0.010075680394
0.00438239596433
0.014370737593
0.0128595764588
0.00901939061359
0.0140164802403
0.0184385342293
0.00281245628067
0.0117806839139
0.0149629671948
0.0136327701968
0.000576727404957
0.0259698529765
0.0178073191827
0.00386505438588
0.00330369696689
0.00329790149108
0.00289650537921
0.00544921487585
0.015680276399
0.00289476287672
0.00377369145426
0.00452933691611
0.0128664968558
0.00474168271165
0.00213784814006
0.00199919989517
0.00829041571025
0.0145758319062
0.0070843675377
0.0178493173332
0.00124467025698
0.0112612581686
0.00413357652931
0.00544693930196
0.0169257223825
0.0335798815539
0.020340665821
0.0071694197812
0.0184541288842
0.0170623361671
0.0101727240475
0.00277979398176
0.00389720647867
0.00913095121033
0.00900534402511
0.00258293476529
0.0240441054425
0.0206251392023
0.00390529955027
0.00364777269779
0.0116216076086
0.00188042587489
0.0040414974998
0.00403189853571
0.0250068917441
0.0153023321322
0.00795723808694
0.00300330826047

State labels

0
1
2
3
4
5
6
7
8
9
10
11
12
13
14
15
16
17
18
19
20
21
22
23
24
25
26
27
28
29
30
31
32
33
34
35
36
37
38
39
40
41
42
43
44
45
46
48
49
50
51
52
53
54
55
56
57
58
59
60
61
62
63
64
65
66
68
69
70
71
72
73
74
75
76
77
78
79
80
81
82
83
84
85
86
87
88
89
91
92
93
94
95
96
97
98
99

Eigen values

1.0
0.857199155579
0.769228249411
0.757437311455
0.737082057564
0.686222819684
0.679537162729
0.654587366383
0.645452678151
0.623183877174
0.607058053191
0.588666674757
0.571778382808
0.552058779848
0.536560852374
0.519272763386
0.506805702987
0.497698010275
0.465795358195
0.459863005601
0.436564478912

Left eigenvectors

[ 0.02799177  0.01398089  0.01150095  0.00613154  0.03283378 -0.00610454
  0.02278478 -0.04723263  0.02076146  0.02292426 -0.00304257  0.03909817
  0.02641408 -0.0230119  -0.03272701 -0.00289416  0.02292464  0.01231157
 -0.00750505 -0.01750012  0.01734033]
[ 0.01227111  0.00538027  0.00938827  0.00416759  0.00849791 -0.00260488
  0.00181008  0.00087968 -0.00182477 -0.00609804 -0.00585126 -0.0094294
 -0.00753932  0.0104976  -0.01887916  0.02188513 -0.00021077 -0.00222236
  0.00296804 -0.00040278 -0.0010153 ]
[ 0.02008663  0.00365784  0.00105666  0.00905488  0.00914853  0.0088312
 -0.0012026   0.00819776  0.01283071 -0.00645423  0.01669892  0.01842732
 -0.00559212  0.01187033  0.00790285  0.02180099 -0.00322808  0.05255343
  0.00250325  0.00012498  0.04226117]
[ 0.00342271  0.00020198  0.00030808  0.00260818 -0.00539582  0.00310189
 -0.00112309  0.00370204 -0.01132909  0.00029708 -0.00924343  0.00925797
  0.00535672  0.00589596 -0.00601124 -0.00537939 -0.01279308 -0.00162964
 -0.00529813 -0.00338617  0.00360246]
[ 0.01050387  0.00208598  0.00137791  0.00604839  0.00184584  0.01021184
 -0.00313504  0.00387563 -0.01588936 -0.01168432 -0.00985582  0.00040589
 -0.01564405 -0.03109209 -0.00593131  0.00444592  0.01833941 -0.00579563
  0.01337086  0.01157435 -0.00346615]
[ 0.00647668  0.00121489 -0.00689136 -0.00102498 -0.00013912  0.01138117
 -0.01782442 -0.00715012  0.00355919  0.00166308 -0.011608   -0.00333648
  0.00522812  0.00332486  0.01851658  0.00689646  0.00675026 -0.01584735
  0.00345658 -0.01754523  0.01636338]
[ 0.00616906  0.0026143  -0.0226036  -0.00600419  0.00159328 -0.00614128
 -0.01018041 -0.0014832  -0.00147572  0.00967427  0.00577748 -0.01318655
  0.00699388 -0.01006833 -0.01245818  0.00060777 -0.0200219   0.00540629
  0.01170255  0.01373073  0.00764516]
[ 0.00717181  0.00524319  0.00442742 -0.03386305 -0.0028613   0.00287019
  0.01046144  0.00093669  0.00501194 -0.00561768 -0.00935391  0.00203087
 -0.00199757 -0.00482331  0.00691845  0.00556916 -0.0083924   0.00166067
 -0.01445232  0.00613592 -0.00180926]
[  1.34874806e-02   4.77108704e-03   5.74506572e-03  -1.00211279e-04
   1.36240501e-03   4.95555843e-03   2.50390570e-03  -3.97999614e-03
  -8.58017859e-03   1.03828956e-02  -1.37351360e-02   6.99618345e-04
  -1.26854524e-02  -1.70913246e-02   5.75794678e-04  -1.09401282e-02
  -2.58919420e-05   4.53968168e-03   6.73146513e-03  -2.43359315e-03
  -4.91254174e-03]
[ 0.00704726  0.00150499 -0.0377735  -0.0004868   0.00918731 -0.01421441
  0.0091226   0.00057273 -0.00086835 -0.00373239 -0.00388798 -0.00368933
 -0.00434056  0.0001822  -0.00430042  0.00093027 -0.00747402  0.00068072
  0.00144295  0.00186661  0.00518658]
[  4.49588620e-03   1.65415627e-03   4.70616344e-03   1.97081977e-03
   4.79387312e-03  -1.04376197e-02  -5.25275586e-03   6.05416629e-03
  -7.03846920e-04  -3.31651184e-03  -2.08255217e-03  -2.07149189e-03
  -4.95353358e-03  -3.68626123e-05   5.88438996e-03  -8.89387480e-05
   1.59745038e-03  -3.92940951e-03   2.01332241e-03   1.02334509e-02
   1.70271922e-03]
[ 0.00894602  0.00379148  0.00039026 -0.02316664 -0.00842535  0.00059181
 -0.00126014 -0.00258292  0.00433521  0.01944325 -0.02694058 -0.00902101
 -0.01490058 -0.01877601  0.01777575  0.00642607 -0.00884141  0.02121372
 -0.02800285  0.01701341 -0.00464916]
[ 0.00529962  0.00347859  0.00885108  0.00330215  0.01417499 -0.02075969
 -0.00570236 -0.00631517  0.00516422  0.00073482 -0.00564479  0.01827945
  0.012582   -0.01087782  0.007449   -0.0077992  -0.00758761 -0.00725224
  0.00348036  0.00713361 -0.00410939]
[ 0.00548919 -0.00072991 -0.00653001  0.00034678 -0.00450287  0.00617635
 -0.01288229  0.01024986  0.02291941  0.00613823  0.00700274  0.01145456
 -0.00393487 -0.00118518 -0.01020822  0.00538663 -0.00879074 -0.00952981
  0.00443198  0.00424238 -0.0147307 ]
[ 0.00238245  0.00194462 -0.00051328 -0.01363382 -0.00219795 -0.00265593
 -0.00410458 -0.00212562 -0.00615813 -0.00260686  0.00859695  0.00496597
 -0.00058348  0.00317704 -0.0034526  -0.0028141   0.00484888 -0.00092197
  0.0070889  -0.00330384  0.00115634]
[ 0.01740551  0.00285748  0.00669679  0.00713298 -0.01890536 -0.00448022
  0.01284254 -0.02681831  0.00967964 -0.00561782  0.01364572 -0.01497002
 -0.0093312   0.00707665  0.01284091 -0.01348091 -0.0152956  -0.00912582
  0.01050676  0.00400996  0.00786846]
[ 0.00873076  0.00502147  0.00789898 -0.00305854  0.0083581  -0.00028287
  0.00950493 -0.00543861  0.00726763  0.00409863 -0.01432077 -0.00810659
  0.00658047  0.00659625 -0.02663638  0.01155907  0.01021238 -0.00406128
  0.00408932 -0.00324786  0.00012691]
[ 0.02331661 -0.04698749  0.00318173  0.0003913  -0.00970934 -0.01176604
  0.0145776   0.01507177 -0.00282825  0.02093713  0.00849962  0.0079861
  0.0023521  -0.0023822   0.00946096  0.01425543  0.00777403 -0.01505353
  0.00324325 -0.00686957  0.0062327 ]
[ 0.02225401  0.00986491  0.01875544  0.00158386  0.01727729 -0.01920044
 -0.0106269   0.01264521  0.0008013  -0.01468144 -0.00459757 -0.02620055
  0.0046819   0.01571531 -0.00412804  0.01976862 -0.0181087  -0.00882512
 -0.00202345 -0.01646576 -0.00879503]
[ 0.0062677   0.00162971 -0.00208377 -0.00071375 -0.00532007  0.00221801
 -0.00649114  0.00043002 -0.01326411  0.00223163  0.00136577  0.00284659
  0.00604024  0.00359938 -0.00625571 -0.00891971  0.00349229 -0.00643537
 -0.00446951  0.00666229  0.00598618]
[ 0.00198376  0.0006141   0.00066545  0.00085073  0.00038641  0.00205809
 -0.00026312  0.00025214 -0.00348988 -0.0009626  -0.0031788   0.00014941
 -0.00434784 -0.00801882 -0.00112136 -0.00041239  0.00388988 -0.00067548
  0.004003    0.00237287 -0.00156643]
[ 0.00543955  0.00142827 -0.00962298 -0.00147394 -0.00172604  0.00011755
 -0.01022369  0.00453743  0.00493548  0.00306781  0.00994658 -0.00318062
  0.00658175 -0.00878658 -0.01271082  0.00300531 -0.01157102 -0.00173646
 -0.00086437  0.01100261 -0.00616799]
[ 0.00772533  0.0013412  -0.00269609  0.00267864  0.00272698  0.00661711
  0.00623983 -0.0014871  -0.00073753  0.00635709  0.00286052  0.00448308
  0.00122758  0.00786913  0.00784857  0.0013571   0.00131873  0.00594424
  0.00924223  0.00311775 -0.0186645 ]
[ 0.02548364  0.00252384  0.0020544   0.00871098 -0.00136732  0.01024131
  0.00391452  0.02553451 -0.00428104 -0.00621121  0.00875171  0.01034777
  0.00219848  0.00858468  0.00137252  0.00660258  0.00199719  0.0163805
 -0.01477161 -0.01249615  0.00198619]
[  6.42226356e-03  -3.57650155e-02   2.55819416e-03  -5.82396542e-03
   1.13838268e-02   3.58157366e-03  -3.46014246e-03  -7.90186022e-03
  -2.71935515e-03  -6.36896851e-03  -1.32787697e-03  -5.49997840e-03
   5.05735113e-04   8.68372829e-06  -4.52633101e-03  -6.15528895e-03
  -4.27213937e-03   7.69023539e-03  -1.76584001e-03   4.36910367e-03
  -3.80772761e-03]
[ 0.0030492   0.00126071  0.00243463  0.00220531  0.00225681  0.00285737
  0.00012352  0.00232406 -0.00400035 -0.00513294 -0.00036617 -0.00135897
 -0.01138004 -0.01112561 -0.0040463  -0.00033282 -0.00794344  0.00071686
  0.00763351 -0.01392514 -0.00318728]
[ 0.01741412  0.00309446  0.00596906  0.00264175  0.00136474  0.00774882
  0.00781065  0.03046028  0.01287214 -0.00401274  0.01036253 -0.00829153
 -0.00550265 -0.00776765  0.00242817 -0.02541579  0.00978162 -0.00940825
  0.00593646  0.00903135  0.03098615]
[ 0.00401823  0.00319656  0.00464783 -0.01622889  0.00147626  0.00174272
  0.00934101  0.00407855  0.00712602 -0.00458851 -0.01115868 -0.00776996
  0.00643287  0.0021962  -0.0049405   0.0047257  -0.0048187  -0.00509813
 -0.00701805  0.00440187  0.00022775]
[ 0.0095349   0.00212431 -0.00436022 -0.00040821 -0.00460534 -0.00358083
 -0.01212076  0.00491609 -0.00751143 -0.00527226  0.01317239 -0.00357667
  0.01078001 -0.00487276 -0.01051391  0.00318113  0.00986508 -0.00020014
 -0.0102875   0.01565223  0.00082916]
[  1.82357107e-02  -2.54550996e-03  -2.84275336e-03   5.64101995e-03
  -3.05599049e-05   1.66123776e-02   1.20243542e-02   1.76125529e-02
  -1.13011523e-02   9.54434342e-03  -4.87856352e-03   1.22802818e-02
   1.93736386e-02   1.58655312e-02   2.26394474e-02  -2.13348845e-03
   7.36532122e-03   1.62654370e-02   3.40576640e-02   8.60908030e-03
  -3.32899645e-02]
[ 0.01057078  0.0040078   0.0051058  -0.00042871 -0.00056308  0.00180167
  0.0022241  -0.01139161 -0.00126462  0.01642928 -0.01587813 -0.00672653
 -0.00891847  0.00680691 -0.01897615  0.00793809  0.01863807  0.00210894
  0.00801315 -0.00168907 -0.01025813]
[ 0.00903904 -0.03825268  0.00362245 -0.00445403  0.00426596 -0.0046385
  0.00709149  0.00219989 -0.00675621  0.01146623  0.00780185 -0.00195413
  0.00568058 -0.00545689  0.0042282   0.0146013  -0.00062983 -0.01209463
  0.00096589 -0.0081497   0.00374277]
[ 0.02354664  0.01042391  0.01079218  0.01087849  0.01115668  0.01215018
  0.01296097 -0.03584233 -0.00235376  0.01240018  0.0097916   0.00152358
 -0.02473738  0.02507326 -0.01388565  0.01711754 -0.00464017 -0.00350523
  0.00556293  0.00958137 -0.00296089]
[ 0.01213477 -0.00314597 -0.00152622  0.00331255 -0.00188181  0.00395165
  0.00070254  0.00545634 -0.00493683 -0.00131126  0.01425747  0.00172257
  0.00652509 -0.00836586 -0.00209433  0.00150817  0.00838019 -0.0100093
 -0.02457274  0.00443528 -0.00166786]
[ 0.01373917 -0.01063972  0.001078    0.00253252 -0.02285717 -0.00820216
 -0.00192897  0.02053141  0.02125954  0.0186966  -0.00136557  0.01773161
 -0.01835597  0.00344393 -0.01204944  0.00272873  0.00571617  0.00174176
 -0.00229073 -0.00011499 -0.0001174 ]
[ 0.01053175  0.0042049   0.00650754 -0.00674034  0.00488186  0.01022057
  0.01756193  0.02029934  0.01420893 -0.00335789 -0.00469811 -0.0171816
  0.02021366  0.00610387 -0.00175311 -0.02280707  0.00560583 -0.00724308
  0.01718011  0.00408168  0.00781544]
[  7.46125712e-03  -1.93549630e-03  -5.45064496e-04   7.35384764e-03
  -2.90042722e-02  -1.36866414e-02   5.43416814e-03  -1.46304086e-02
   8.37292745e-03  -2.21265759e-02   1.96695980e-05  -7.83954554e-03
   1.17992247e-02  -6.77693333e-03   3.50734882e-03   3.12131330e-03
   1.17722145e-03   6.66757246e-03   7.61498299e-03  -2.97443485e-03
  -5.55703095e-03]
[ 0.01025753  0.0054269  -0.00525802 -0.01803141 -0.00428225 -0.00952543
 -0.02150761 -0.00502284 -0.01684436  0.0071044   0.02195905 -0.0068719
  0.00673324  0.00827055 -0.01703085 -0.0167224   0.01486138  0.00269437
  0.00755581 -0.00746026  0.00383754]
[  1.00756804e-02   4.36632903e-03  -1.17917104e-02  -8.93265956e-03
  -2.40283719e-03   7.12945260e-03  -1.43938824e-02  -9.41675767e-03
   5.62157680e-05   2.11097672e-02  -1.18411386e-02  -1.54388534e-02
   5.84006442e-03  -1.26333038e-02   1.73188515e-02   8.50165952e-03
  -1.50792807e-02   7.94591108e-03   6.89673606e-03   2.13312427e-03
   6.14374635e-03]
[ 0.0043824   0.00078991  0.00151789 -0.00120806  0.00149966  0.00602505
  0.00780089  0.00997983  0.00308832  0.00044807 -0.00263485 -0.00435153
  0.01172735  0.00564807  0.00386369 -0.01042332  0.00409842  0.00026225
  0.01635775  0.0040593  -0.00425797]
[ 0.01437074 -0.00581281  0.00316089  0.01132517 -0.05154666 -0.02448734
  0.01291159 -0.02445136  0.01641351 -0.02162688 -0.00257422 -0.0097785
  0.00548877 -0.00256035  0.00669696 -0.00847124 -0.00642725  0.00613902
  0.0184555  -0.00757271  0.0016654 ]
[ 0.01285958 -0.0008217   0.00057899  0.00715926 -0.02354913  0.00569619
 -0.00382071  0.00661308 -0.03263757  0.00596942 -0.03008148  0.02639655
  0.0120498   0.01423214 -0.01726057 -0.02189888 -0.02803305 -0.00871268
 -0.01084335 -0.00414174  0.01688582]
[ 0.00901939  0.0034843   0.00046741  0.00113253  0.00048607  0.01056404
  0.0058882  -0.00570088  0.00196591  0.00355409  0.01316323 -0.00262877
 -0.00235925  0.00167705  0.01012657 -0.01195531 -0.00702069 -0.00716081
 -0.01222374  0.00564493 -0.00792754]
[ 0.01401648 -0.06542117  0.00587394 -0.00875672  0.01178417 -0.00355759
  0.00664024 -0.0021698  -0.01002655  0.01010932  0.00878537 -0.00603003
  0.0073728  -0.00676042  0.00211897  0.01381293 -0.00382789 -0.0095179
 -0.00010973 -0.00689613  0.00175148]
[ 0.01843853  0.00433505 -0.00172228  0.00448367 -0.00077039  0.013807
  0.00391514 -0.00066106 -0.00998682  0.00442954  0.01449199 -0.00213782
 -0.00296474  0.00251171  0.00972623 -0.01980203  0.00943757 -0.02282447
 -0.02029678  0.01493766  0.00490206]
[ 0.00281246  0.00155516 -0.00790111 -0.00500333 -0.00024425 -0.0039493
 -0.00771138 -0.00154374 -0.00395784  0.00519269  0.00699975 -0.00686833
  0.00445678 -0.00239002 -0.00968748 -0.00393205 -0.00558627  0.00329829
  0.00811238  0.00499877  0.00532552]
[ 0.01178068  0.00283463 -0.00296013  0.00566522  0.00414144  0.00639255
  0.00347968 -0.00896068 -0.00092638 -0.00623898  0.00827079  0.00532162
  0.00076645 -0.01537536 -0.00654282  0.00412771  0.00916314 -0.01074877
 -0.01940007  0.0053534  -0.00098656]
[ 0.01496297  0.00478614 -0.00490171 -0.00056995  0.00070462  0.01608693
 -0.00213252 -0.00042042  0.01134967  0.01446351  0.01357905  0.0002592
  0.00824088 -0.00091346  0.01629856 -0.00212442 -0.01463499  0.01570985
  0.004654   -0.00334384 -0.03250819]
[  1.36327702e-02   5.33797404e-03   5.08004334e-03   8.65460890e-03
  -1.98165414e-03   1.07500286e-02   1.02068112e-02  -2.92283507e-02
  -4.01495447e-03   3.40397450e-03   1.26076846e-02  -4.77575277e-03
  -2.04627617e-02   1.79197882e-02   3.18719853e-03   2.26663731e-03
  -1.25706561e-02  -2.14592939e-02   2.32026633e-03   2.36096707e-02
   3.31766416e-05]
[  5.76727405e-04  -1.95195371e-03  -4.08562153e-04  -2.26376594e-04
   1.52050171e-03   2.17051208e-03  -2.90804266e-03  -1.91920674e-03
   1.78503585e-03  -4.48164476e-03  -2.67377043e-03   2.95189392e-04
  -1.95705556e-03   1.76442742e-03  -1.42341320e-03  -4.63266295e-03
   4.29004150e-04   3.82385343e-03   4.39439323e-05   2.33165251e-03
  -4.72784981e-04]
[ 0.02596985 -0.0008558  -0.02801306  0.00677433  0.01181076 -0.00096672
  0.02640709  0.00626437 -0.00483973  0.00295625 -0.0022182   0.01538567
  0.00012296  0.00706656  0.01650231 -0.00482341  0.02516798 -0.00215354
 -0.00285429  0.0007818  -0.01009548]
[  1.78073192e-02  -1.56108431e-03   1.16581134e-02   5.81139212e-03
   3.95874007e-03  -1.44382057e-02   4.28140247e-06   1.39173542e-02
   5.78660613e-03  -4.76311496e-03   6.37173841e-03  -9.24470662e-03
  -1.22545210e-02   2.11466477e-03   1.57863052e-02  -2.49737857e-03
  -3.23815186e-03  -4.55363750e-03   1.27315359e-02   1.18623123e-02
   3.18853058e-02]
[  3.86505439e-03  -2.24360470e-03  -8.30083782e-03   7.44361158e-05
   1.76604348e-03   9.36421506e-03  -1.54207326e-02  -4.44069065e-03
   1.41646294e-02  -9.26997584e-03  -8.40044085e-03   5.19431174e-03
  -3.57941994e-04   5.14776347e-03   4.44596261e-03   1.41252562e-03
   5.33905770e-03  -1.29110752e-02   2.21511293e-07  -8.53789391e-03
   3.94569161e-03]
[  3.30369697e-03   3.03650552e-04  -1.02000923e-03   6.28987399e-04
   9.63776663e-05   4.76133109e-03   1.35273468e-03   2.49028863e-03
   1.80913019e-04   3.89145453e-03   1.58345425e-03   2.02924871e-03
   4.73338064e-03   2.55824457e-03   7.19856782e-03  -8.19889045e-04
  -1.64889873e-03   6.41911950e-03   7.99896525e-03   1.01652898e-03
  -1.50629576e-02]
[ 0.0032979   0.00119876 -0.00479171 -0.00228902 -0.00058599  0.00589988
 -0.01011546 -0.00513144  0.00140551  0.00626748 -0.00804533 -0.00576118
  0.00399353 -0.00225985  0.01403662  0.00605435 -0.00155359 -0.00539622
  0.00431735 -0.00885915  0.01178005]
[  2.89650538e-03   1.51981243e-03   1.56648443e-03   5.42352851e-04
   3.17310624e-03  -7.78498048e-05   2.55636004e-03  -5.36587447e-03
   1.22011533e-03   3.72858771e-03  -1.99856714e-03   4.61636877e-03
   1.52575366e-03  -5.10959936e-03  -4.08086626e-03  -1.92280519e-03
   3.08093210e-03   2.35483920e-03  -4.05486366e-05  -2.98264788e-03
   1.88469155e-03]
[ 0.00544921  0.00211115  0.00286319  0.00257635  0.00229537  0.00680439
  0.00102593  0.00509245 -0.00637837 -0.00703592 -0.00155303 -0.00274448
 -0.01604488 -0.02678894 -0.00508281 -0.00696337 -0.00377832 -0.00078406
  0.01119424 -0.01849547 -0.00404603]
[ 0.01568028  0.00253724  0.00505098  0.00417435  0.00254873 -0.01061403
 -0.00327404  0.01737586 -0.00181151 -0.00428691 -0.00355721 -0.00753702
 -0.01740212 -0.00667108 -0.00039742 -0.00017609  0.02191173 -0.00658985
  0.00332542  0.02660787  0.01501449]
[ 0.00289476 -0.00177627 -0.00155287  0.00052514 -0.00525099  0.00029522
 -0.00423829  0.00724719  0.01150436  0.00588478  0.0020656   0.00786273
 -0.00554991  0.00036688 -0.00678475  0.00279703 -0.00208654 -0.00345892
  0.00130842  0.00185188 -0.00692618]
[ 0.00377369  0.0006191  -0.02515052  0.00051823  0.00752743 -0.01157209
  0.01239752  0.00190387 -0.00199514 -0.00350906 -0.00586195  0.00037528
 -0.00824799  0.00545951  0.00116921 -0.00313646 -0.00019475 -0.00195409
 -0.00192022 -0.0065999  -0.00326732]
[ 0.00452934  0.00214495  0.0049476  -0.00073329  0.00360146 -0.01410655
 -0.01103887  0.0033081  -0.00244279  0.00144657  0.00021301 -0.00411942
 -0.00409795  0.00710587  0.0062092  -0.00725361  0.00574045  0.00018456
 -0.00653024 -0.0044762  -0.00908967]
[ 0.0128665  -0.00176551  0.00430662 -0.00533923 -0.0181129  -0.01409441
 -0.00541143  0.00532622  0.00615168  0.02072826 -0.01740045 -0.0028952
 -0.02250712  0.001701   -0.00523508 -0.00433913  0.02002271  0.01117996
 -0.01468368  0.00442773 -0.00489416]
[ 0.00474168  0.00166261  0.00072325 -0.0001261   0.00179435  0.00399678
  0.00307191  0.00157199  0.00442309 -0.00120649  0.00557455  0.00212607
  0.00105651 -0.00015789  0.0043968  -0.00178753 -0.00190387  0.01248345
 -0.00451849 -0.00454223  0.00980814]
[  2.13784814e-03  -3.92475990e-03   5.23882194e-04   2.52519292e-04
   2.98104884e-03   2.91534809e-03  -2.76413513e-03  -1.72253367e-03
   2.27054936e-05  -5.89192658e-03  -2.25298016e-03   2.34092669e-04
  -4.09877132e-03   1.35054580e-04  -2.49679562e-03  -2.95586291e-03
  -5.71273012e-04   7.13808710e-03   1.46052034e-03   3.29059172e-03
   4.82141071e-04]
[  1.99919990e-03  -1.20577084e-02   1.59581066e-06  -2.25283902e-03
   5.24515043e-03   3.80639190e-03  -4.98271060e-03  -5.36726864e-03
   1.82281190e-03  -7.58683962e-03  -3.99506906e-03  -1.83177548e-03
  -1.41822173e-03   2.75094059e-03  -3.30213606e-03  -8.98809410e-03
  -1.08902490e-03   6.78030812e-03  -1.47535926e-03   4.48022033e-03
  -3.04736823e-03]
[ 0.00829042  0.00331321  0.00283906  0.00423798  0.0074962   0.00327402
  0.00431239 -0.00895682  0.00606112  0.00308315  0.00615633  0.01166608
 -0.00192361  0.00467075 -0.00489673  0.01035417  0.00181695  0.02091714
  0.00073828 -0.00123705  0.02059565]
[ 0.01457583  0.00230466  0.0013407   0.008693   -0.00777428  0.01151471
 -0.00223511  0.01297251 -0.02564259 -0.00482631 -0.0143153   0.01690513
  0.01246611  0.01172881 -0.00826083  0.0002452  -0.02370014  0.00257762
 -0.00883656 -0.00845057 -0.00498906]
[ 0.00708437  0.00125044 -0.00021742  0.00350306  0.00118752  0.00503455
 -0.00211398  0.00510588 -0.00515427 -0.00075854  0.00033734  0.00613832
  0.00530391  0.00712574  0.00961053  0.00892606  0.00486885  0.0157135
  0.00928616  0.00727031  0.00318804]
[ 0.01784932  0.00667523  0.00574498  0.0105319  -0.00037781  0.01419239
  0.01299676 -0.03040686 -0.0033062   0.00036746  0.02280191 -0.00622093
 -0.02458935  0.01540221  0.00581714 -0.00426574 -0.01858135 -0.02927042
 -0.01164654  0.02539131 -0.00244727]
[ 0.00124467 -0.00483992 -0.00158947 -0.00084923  0.0030518   0.00462045
 -0.00672567 -0.00429447  0.0047786  -0.00843435 -0.00553368  0.00059625
 -0.00244154  0.00397746 -0.00182866 -0.00840813  0.0012123   0.00406221
 -0.0007029   0.00268314 -0.00111838]
[ 0.01126126  0.00389129  0.00367437  0.00421597  0.00492933 -0.0048222
 -0.01132528  0.00831236 -0.00552937 -0.00760286  0.00652122  0.0015108
  0.00589093  0.00810953  0.00788928  0.01363566  0.00438789  0.01759936
 -0.00298017  0.00443081  0.00615597]
[ 0.00413358  0.00441024  0.00240166 -0.04084531 -0.00514693 -0.00170607
  0.00340091 -0.00325366 -0.00712956 -0.01504947  0.00949763  0.02195194
 -0.00766605  0.00241919  0.00464097  0.00651353  0.00054993 -0.00484738
  0.01150717 -0.00183885 -0.00056774]
[ 0.00544694  0.0036655   0.00730672  0.00300811  0.01414092 -0.0162108
 -0.00094627 -0.01200663  0.00722778  0.0042258  -0.00520737  0.02228976
  0.01570965 -0.01409834  0.0010208  -0.00816238 -0.00312699 -0.00494586
  0.002198    0.00410922 -0.00085348]
[  1.69257224e-02  -1.39417793e-02   3.81331585e-03   6.49436453e-03
  -4.58013736e-02  -2.13889556e-02   6.82359018e-03  -2.17131213e-05
   8.84752389e-03   7.69389572e-03  -1.53042556e-02   9.40266748e-03
  -7.66663158e-03   4.34389957e-03  -5.60754193e-03  -1.03349439e-02
  -1.27149139e-03   2.64884835e-03   3.46066134e-03  -7.87052710e-03
   7.99676849e-03]
[ 0.03357988  0.01290157  0.00547447 -0.01184148  0.00518112  0.02271311
  0.02664003  0.00275643  0.01934822 -0.00146592  0.02117603 -0.00662893
  0.01389893 -0.01506375  0.01917509 -0.03694643 -0.00784753  0.01303517
 -0.02838316 -0.02538414  0.00185191]
[ 0.02034067  0.00591787 -0.00279919  0.00343898 -0.00168025  0.00955628
 -0.00474527  0.00773872 -0.00043789 -0.01092547  0.01914407 -0.00734894
  0.01837613 -0.02004632 -0.00581898 -0.00098646 -0.00918335 -0.00256035
 -0.03315576 -0.01357721 -0.02070175]
[ 0.00716942 -0.00117734 -0.00056243  0.0020645  -0.00458141  0.00278311
 -0.00328891  0.01504732  0.01690808  0.00485261  0.00675956  0.00960798
 -0.0082848   0.0005017  -0.00564006  0.00044782 -0.00026995  0.00298099
  0.00346512  0.00452204  0.00988943]
[ 0.01845413  0.0086531   0.00232822 -0.00491806  0.00196814 -0.00078767
 -0.00862482 -0.02144388  0.0009527   0.02039778  0.00417145 -0.01655828
  0.00596644  0.00153777 -0.00333589 -0.00435609  0.00185052  0.00916151
  0.01169147 -0.02372742 -0.00995503]
[ 0.01706234  0.00554389  0.01183272  0.01049067  0.01120334  0.00173833
 -0.00198099  0.00187133 -0.00951277 -0.01420775  0.00198984 -0.00079771
 -0.02405363  0.00987252 -0.00878323  0.01765117 -0.03208476  0.00597401
  0.00635489 -0.01610376 -0.00342328]
[ 0.01017272  0.00066335 -0.02000537  0.00427753  0.00328211  0.00062459
 -0.00119932 -0.00363159  0.00733059 -0.01555361 -0.00079217  0.00567532
  0.00338227 -0.00219225  0.00173963  0.01154119  0.00954149 -0.00098489
 -0.00987343 -0.00109093  0.00700318]
[ 0.00277979  0.00134847  0.00341874  0.00091901  0.00339114 -0.00577433
 -0.00320017  0.00144786 -0.00120709 -0.00060035 -0.00261097 -0.00018608
 -0.00227006 -0.00104912  0.0045769  -0.00155378 -0.00314455 -0.00096664
  0.0018403   0.0015025  -0.00298598]
[ 0.00389721  0.00176415  0.00391679  0.00167211  0.00380932 -0.00234232
 -0.00177099  0.00210851 -0.00145564 -0.0046307  -0.00035761 -0.00430017
 -0.00372125  0.0045648  -0.00246384  0.00717915 -0.01008676 -0.00037567
  0.00104918 -0.00707722 -0.00271714]
[ 0.00913095  0.00324927  0.00249543  0.00079174  0.00157468  0.00891375
  0.00459398  0.01085599  0.00218672 -0.00652481  0.00786256 -0.00575864
 -0.00483267 -0.02330846 -0.00055664 -0.01734135 -0.00267172 -0.00169163
 -0.00306448 -0.01730208  0.00284208]
[ 0.00900534  0.00574575  0.01020184 -0.01418782  0.00782114  0.00185572
  0.0151981   0.0102732   0.01389089 -0.00583248 -0.0182476  -0.02167427
  0.01783801  0.0105469  -0.01899527  0.00416681 -0.00095324 -0.01262202
  0.00233058  0.00170946  0.00244908]
[ 0.00258293  0.0002242   0.00191631  0.00069496  0.00062297 -0.00142353
  0.00025967  0.00152408 -0.00011178  0.00046993 -0.00062747 -0.00135798
 -0.00352731 -0.00182528  0.00277609 -0.00192286 -0.00059008 -0.00019847
  0.00352509  0.00199569  0.00591295]
[ 0.02404411  0.00523315 -0.0078908   0.008815   -0.00969722  0.02539093
 -0.00945237 -0.00607964 -0.03333614  0.00510451 -0.0248276   0.00799541
  0.00895376  0.00056442  0.01339962  0.01062463  0.01803833 -0.01562745
  0.01705851  0.02436665  0.00075559]
[ 0.02062514  0.00926672  0.02529503  0.00803175  0.02742084 -0.04933555
 -0.02689783  0.01410413 -0.00182373 -0.01283212 -0.00677692 -0.0018277
 -0.00436443  0.00747624  0.02756958 -0.00019465 -0.01817788 -0.00923651
  0.00423949  0.00989664 -0.01083643]
[  3.90529955e-03   3.82554489e-04  -1.57859834e-02   5.38091728e-04
   4.54290429e-03  -5.55591064e-03   6.60059975e-03   9.86498321e-04
  -9.46361470e-04  -1.19922681e-03  -1.97227517e-03   4.18830022e-04
  -1.97833757e-03   1.09864220e-03   3.24664612e-04  -2.63417608e-04
   4.94841521e-05   1.74440339e-05   3.29829643e-04   1.20129151e-03
   1.29464105e-03]
[ 0.00364777  0.00073063 -0.002191    0.0025095  -0.00472841  0.00162366
 -0.00180399 -0.00205701 -0.00403415 -0.00696117 -0.00192689 -0.00059394
  0.00742832 -0.00375001  0.00127879  0.00791279  0.0066793  -0.00050365
 -0.00167154  0.00585347 -0.00492743]
[ 0.01162161  0.00149246 -0.00683429  0.00774614 -0.01714589 -0.00466398
 -0.0032811  -0.00556225 -0.00093485 -0.02915842  0.00406401 -0.00580181
  0.02219872 -0.01306319 -0.00185417  0.02058176  0.0127302   0.00556199
 -0.01258028  0.00556118 -0.01365075]
[ 0.00188043 -0.00078926 -0.00409509  0.00010158 -0.00044127  0.00488547
 -0.00879848  0.0009726   0.01141039 -0.00200392 -0.00146336  0.00546322
 -0.00131701  0.00193662 -0.001171    0.00242328 -0.00033271 -0.00963168
  0.0016076  -0.00301956 -0.00347193]
[ 0.0040415   0.00029315 -0.01983885  0.00107359  0.00657076 -0.00883404
  0.01256202  0.00227425 -0.00220193 -0.00253014 -0.00528768  0.00243309
 -0.00744242  0.00614427  0.00360202 -0.00387108  0.00379781 -0.00237863
 -0.00262501 -0.00728502 -0.00573135]
[ 0.0040319   0.0020086   0.00153357 -0.0008577   0.00017543  0.00033319
 -0.0008976  -0.00691502 -0.00017643  0.0085057  -0.00385143 -0.00531209
 -0.00155792  0.00251803 -0.00701579  0.00174117  0.00696733  0.00289991
  0.00598651 -0.00666903 -0.00683833]
[ 0.02500689  0.01001536  0.0027898  -0.00352     0.00390614  0.00247432
 -0.02056776 -0.0041479  -0.00665944  0.00610774  0.01642309 -0.01641827
  0.00638804  0.01659078  0.00839421 -0.00759897  0.01613732 -0.00111207
 -0.02177514 -0.03428499  0.00024697]
[  1.53023321e-02   4.29719400e-03   4.46287498e-03   8.17982218e-03
   2.44241598e-05   1.20587587e-03  -4.81543437e-03   1.23084812e-02
  -1.18056469e-02  -1.89016372e-02  -2.48561084e-03  -1.33965599e-03
   6.13929914e-03   1.07480728e-03  -7.68380592e-03   2.46294140e-02
   2.24587951e-03   9.57752138e-03  -8.10769949e-03  -2.74135956e-03
  -6.96494388e-03]
[ 0.00795724  0.0028375   0.00318813 -0.0056142  -0.00207064 -0.01469848
 -0.01636746  0.00194056 -0.0051224   0.00902262  0.00346225 -0.00830742
 -0.00688581  0.01145387  0.00040757 -0.01406497  0.01891351  0.0044018
 -0.01328934 -0.01207985 -0.0101485 ]
[ 0.00300331  0.00073141 -0.00044468  0.00184063 -0.00054272  0.00445061
 -0.00154231  0.00017076 -0.00672527 -0.00195492 -0.00489094  0.00099709
 -0.00260574 -0.00744381  0.00018981  0.00250547  0.00719837 -0.00364566
  0.00626924  0.0068881  -0.00094364]

Right eigenvectors

[ 1.          0.49946436  0.41086903  0.21904804  1.17297981 -0.21808343
  0.81398131 -1.68737576  0.74169879  0.81896436 -0.10869502  1.39677371
  0.94363742 -0.82209508 -1.16916543 -0.10339327  0.81897781  0.43982812
 -0.26811619 -0.62518806  0.61947974]
[ 1.          0.43845047  0.76507098  0.33962604  0.69251384 -0.21227739
  0.14750756  0.07168704 -0.14870475 -0.49694277 -0.47683252 -0.76842327
 -0.61439583  0.85547281 -1.53850489  1.7834683  -0.01717613 -0.1811054
  0.24187205 -0.0328232  -0.08273869]
[ 1.          0.18210308  0.05260516  0.45079122  0.45545392  0.43965575
 -0.05987044  0.40812032  0.63876851 -0.32131956  0.8313451   0.9173921
 -0.27840034  0.5909569   0.39343854  1.08534818 -0.16070778  2.6163389
  0.1246226   0.00622209  2.10394517]
[ 1.          0.05901085  0.09000947  0.76202083 -1.57647654  0.90626863
 -0.32812947  1.08161142 -3.30997872  0.08679794 -2.70061859  2.704865
  1.56505395  1.72259987 -1.75628151 -1.57167727 -3.73770563 -0.47612591
 -1.54793363 -0.98932539  1.05251634]
[ 1.          0.19859117  0.13118168  0.57582484  0.17572914  0.97219855
 -0.29846498  0.36897203 -1.51271482 -1.11238296 -0.93830423  0.03864169
 -1.48936119 -2.96006147 -0.56467893  0.4232651   1.74596707 -0.55176115
  1.27294635  1.10191281 -0.3299884 ]
[ 1.          0.18757864 -1.06402738 -0.15825653 -0.02147967  1.75725467
 -2.75209408 -1.10397902  0.5495391   0.25677932 -1.79227705 -0.51515365
  0.80722213  0.51335969  2.85896285  1.06481485  1.04224091 -2.44683327
  0.53369592 -2.70898596  2.52650878]
[ 1.          0.42377672 -3.66402773 -0.97327534  0.25826956 -0.995497
 -1.65023794 -0.2404253  -0.23921257  1.56819215  0.93652562 -2.13753048
  1.13370355 -1.63206929 -2.01946211  0.09851936 -3.24553597  0.87635628
  1.89697536  2.22574145  1.23927553]
[ 1.          0.73108299  0.61733713 -4.72168885 -0.39896527  0.40020516
  1.45868925  0.13060722  0.69883953 -0.78329992 -1.30426166  0.28317416
 -0.2785312  -0.67253745  0.9646736   0.77653565 -1.17019332  0.23155499
 -2.01515715  0.855561   -0.25227362]
[ 1.          0.3537419   0.42595544 -0.00742995  0.10101256  0.36741913
  0.18564666 -0.29508818 -0.63615873  0.76981728 -1.01836187  0.05187168
 -0.94053536 -1.2671992   0.04269105 -0.81113208 -0.0019197   0.33658485
  0.49908988 -0.18043349 -0.36422975]
[ 1.          0.2135568  -5.36002389 -0.06907691  1.3036708  -2.01701127
  1.29448797  0.08126967 -0.12321851 -0.52962269 -0.55170085 -0.52351185
 -0.61592167  0.02585373 -0.61022518  0.13200389 -1.06055627  0.09659381
  0.2047531   0.26487     0.73597139]
[ 1.          0.36792663  1.04677103  0.43836069  1.06627991 -2.3215934
 -1.16834716  1.34660132 -0.15655354 -0.737677   -0.46321283 -0.46075274
 -1.10179248 -0.00819919  1.30883873 -0.01978225  0.35531379 -0.87400111
  0.44781436  2.27618104  0.37872827]
[ 1.          0.4238175   0.04362416 -2.58960344 -0.94179906  0.06615367
 -0.14086018 -0.28872302  0.48459641  2.17339694 -3.01146004 -1.00838224
 -1.66561069 -2.09881226  1.98700124  0.71831561 -0.98830615  2.37130304
 -3.13020274  1.90178559 -0.51968995]
[ 1.          0.65638455  1.6701353   0.62309134  2.67471735 -3.91720288
 -1.07599479 -1.19162762  0.974451    0.13865589 -1.06513201  3.44920058
  2.37413172 -2.05256659  1.40557304 -1.47165193 -1.43172774 -1.3684445
  0.6567182   1.34606072 -0.77541289]
[ 1.         -0.13297279 -1.18961396  0.06317502 -0.82031687  1.12518541
 -2.34684821  1.8672821   4.1753733   1.11823961  1.27573255  2.08674967
 -0.71684059 -0.21591084 -1.85969601  0.98131576 -1.60146416 -1.73610499
  0.80740191  0.77286128 -2.683584  ]
[ 1.          0.81622601 -0.21544047 -5.72261253 -0.92255841 -1.11479024
 -1.72284279 -0.89219971 -2.58479114 -1.09419608  3.60845518  2.084398
 -0.24490783  1.33351973 -1.44918379 -1.18117853  2.03525315 -0.38698452
  2.97546823 -1.38674065  0.48535683]
[ 1.          0.16417122  0.38475125  0.40981185 -1.08617074 -0.25740266
  0.73784331 -1.54079446  0.55612499 -0.32276123  0.78398823 -0.86007344
 -0.5361062   0.40657535  0.73774949 -0.7745197  -0.87877934 -0.52430651
  0.60364578  0.23038459  0.45206736]
[ 1.          0.57514667  0.90473004 -0.35031753  0.95731668 -0.03239951
  1.08867193 -0.62292567  0.83241635  0.46944715 -1.64026641 -0.9285093
  0.75371057  0.75551869 -3.05086681  1.32394822  1.16970159 -0.46516902
  0.46838071 -0.37200165  0.01453588]
[ 1.         -2.01519442  0.13645777  0.01678215 -0.41641308 -0.5046205
  0.6252023   0.64639618 -0.12129754  0.89794948  0.36453081  0.34250701
  0.10087661 -0.10216751  0.4057604   0.61138533  0.33341157 -0.64561417
  0.13909602 -0.29462154  0.26730716]
[ 1.          0.443287    0.84278888  0.07117198  0.77636719 -0.86278568
 -0.47752756  0.56822138  0.03600721 -0.65972093 -0.20659498 -1.17734041
  0.21038437  0.70617888 -0.1854966   0.88831692 -0.81372756 -0.39656325
 -0.09092511 -0.73990087 -0.39521109]
[ 1.          0.26001698 -0.33246082 -0.11387674 -0.84880614  0.35387904
 -1.03564883  0.06860916 -2.11626234  0.35605243  0.21790651  0.4541674
  0.96370815  0.57427422 -0.99808678 -1.4231221   0.55718778 -1.02675074
 -0.71310174  1.06295572  0.95508368]
[ 1.          0.30956523  0.33544687  0.42884844  0.19478897  1.03747142
 -0.13263646  0.12710148 -1.75922411 -0.48523902 -1.60241083  0.07531446
 -2.19172046 -4.04223573 -0.56527068 -0.20788277  1.9608658  -0.34050478
  2.01788916  1.19615043 -0.78962881]
[ 1.          0.2625708  -1.76907685 -0.27096697 -0.31731282  0.02161028
 -1.87951028  0.83415512  0.90733279  0.56398225  1.82856697 -0.58472175
  1.20997949 -1.61531373 -2.33674014  0.5524922  -2.12720054 -0.31922847
 -0.15890525  2.02270635 -1.13391593]
[ 1.          0.17361054 -0.34899344  0.34673406  0.35299259  0.85654702
  0.80771051 -0.19249669 -0.09546924  0.82288957  0.37027755  0.58030965
  0.15890348  1.01861449  1.01595264  0.17566879  0.17070203  0.76944817
  1.1963541   0.40357502 -2.41601287]
[ 1.          0.09903767  0.0806163   0.34182632 -0.05365489  0.40187781
  0.15360927  1.00199598 -0.16799158 -0.24373335  0.34342451  0.4060552
  0.08627006  0.33687004  0.05385877  0.25909089  0.07837137  0.64278486
 -0.57965046 -0.49035958  0.07793963]
[  1.00000000e+00  -5.56891121e+00   3.98332167e-01  -9.06839990e-01
   1.77255678e+00   5.57680890e-01  -5.38773040e-01  -1.23038554e+00
  -4.23426277e-01  -9.91701517e-01  -2.06761519e-01  -8.56392508e-01
   7.87471751e-02   1.35212892e-03  -7.04787489e-01  -9.58429826e-01
  -6.65207732e-01   1.19743379e+00  -2.74956017e-01   6.80305881e-01
  -5.92894946e-01]
[ 1.          0.41345611  0.79844865  0.72324275  0.7401305   0.93708726
  0.04050966  0.76218491 -1.31193229 -1.68337281 -0.1200876  -0.44567938
 -3.73213682 -3.64869687 -1.32700237 -0.10915008 -2.60508904  0.23509913
  2.50344534 -4.56681379 -1.04528467]
[ 1.          0.17769837  0.34277153  0.15170147  0.07836983  0.44497317
  0.44852409  1.74917148  0.73917848 -0.23043039  0.59506494 -0.4761383
 -0.31598763 -0.44605481  0.13943712 -1.4594932   0.56170609 -0.54026578
  0.34089909  0.51862234  1.77936937]
[ 1.          0.79551585  1.15668634 -4.03881919  0.36739082  0.43370467
  2.32465849  1.01501251  1.77342363 -1.14192386 -2.77701653 -1.93367938
  1.60092328  0.5465602  -1.22952287  1.17606522 -1.19921159 -1.26875207
 -1.74655477  1.0954766   0.05667991]
[ 1.          0.22279324 -0.45729018 -0.04281237 -0.48299846 -0.37554947
 -1.27120021  0.51558929 -0.78778273 -0.55294366  1.38149283 -0.3751141
  1.13058502 -0.51104523 -1.10267691  0.33363021  1.03462893 -0.02099027
 -1.07893099  1.64157301  0.08696053]
[  1.00000000e+00  -1.39589293e-01  -1.55889365e-01   3.09339188e-01
  -1.67582747e-03   9.10980538e-01   6.59385006e-01   9.65827608e-01
  -6.19726451e-01   5.23387520e-01  -2.67528017e-01   6.73419425e-01
   1.06240107e+00   8.70025381e-01   1.24148972e+00  -1.16995081e-01
   4.03895485e-01   8.91955202e-01   1.86763568e+00   4.72100070e-01
  -1.82553699e+00]
[ 1.          0.37913915  0.48301081 -0.04055618 -0.05326798  0.17043861
  0.21040053 -1.07765076 -0.11963402  1.55421689 -1.50207758 -0.63633238
 -0.84369091  0.64393641 -1.79515219  0.75094698  1.76316957  0.19950686
  0.75804755 -0.15978632 -0.97042364]
[ 1.         -4.23194192  0.40075582 -0.49275476  0.47194804 -0.51316322
  0.78454093  0.24337644 -0.74744849  1.26852334  0.86312859 -0.21618737
  0.62844973 -0.6037021   0.46777123  1.61536068 -0.06967885 -1.33804387
  0.10685786 -0.90161147  0.41406719]
[ 1.          0.44269203  0.45833189  0.46199738  0.4738119   0.51600466
  0.55043807 -1.52218426 -0.09996158  0.52662215  0.41583865  0.06470475
 -1.05056948  1.06483386 -0.58970815  0.72696306 -0.19706304 -0.14886314
  0.23625143  0.40691012 -0.1257458 ]
[ 1.         -0.25925263 -0.12577213  0.27298004 -0.15507561  0.32564698
  0.05789449  0.4496454  -0.40683378 -0.10805781  1.17492684  0.14195348
  0.53771803 -0.68941191 -0.17258951  0.12428472  0.6905935  -0.82484464
 -2.02498612  0.36550151 -0.13744465]
[ 1.         -0.77440819  0.07846147  0.18432882 -1.66365004 -0.59699072
 -0.14039949  1.49437042  1.54736747  1.36082448 -0.09939244  1.2905884
 -1.336032    0.25066493 -0.87701416  0.1986095   0.41604917  0.12677368
 -0.16673011 -0.00836981 -0.00854486]
[ 1.          0.39925973  0.61789693 -0.64000238  0.46353759  0.97045331
  1.66752283  1.92744258  1.34915225 -0.31883473 -0.44609026 -1.63140957
  1.91930677  0.57956806 -0.16645981 -2.1655533   0.53227911 -0.68773795
  1.63126834  0.38755997  0.74208405]
[  1.00000000e+00  -2.59406193e-01  -7.30526354e-02   9.85604373e-01
  -3.88731707e+00  -1.83436131e+00   7.28318037e-01  -1.96085035e+00
   1.12218723e+00  -2.96552920e+00   2.63623109e-03  -1.05070036e+00
   1.58139902e+00  -9.08283044e-01   4.70074782e-01   4.18336113e-01
   1.57777897e-01   8.93625880e-01   1.02060321e+00  -3.98650630e-01
  -7.44784808e-01]
[ 1.          0.5290649  -0.51260095 -1.75787095 -0.41747398 -0.92862874
 -2.09676348 -0.48967398 -1.64214665  0.69260329  2.14077372 -0.66993716
  0.65641975  0.80629098 -1.66032665 -1.63025641  1.44882651  0.26267268
  0.73661122 -0.72729611  0.37411959]
[ 1.          0.43335327 -1.17031406 -0.88655646 -0.2384789   0.70759019
 -1.42857671 -0.93460266  0.00557935  2.09512076 -1.17521975 -1.53228892
  0.57961986 -1.25384126  1.71887662  0.84378019 -1.49660173  0.78862278
  0.68449333  0.2117102   0.60975995]
[ 1.          0.18024522  0.34636151 -0.27566182  0.3422012   1.37483019
  1.78005102  2.27725443  0.70470955  0.10224242 -0.6012349  -0.99295598
  2.67601366  1.28880901  0.88163896 -2.37845331  0.9352011   0.05984243
  3.73260502  0.92627457 -0.97160836]
[ 1.         -0.40448908  0.21995336  0.78807162 -3.58691845 -1.70397272
  0.89846391 -1.70146837  1.14214834 -1.50492498 -0.17912929 -0.68044547
  0.38194094 -0.17816391  0.4660134  -0.58947833 -0.44724546  0.4271891
  1.28424186 -0.5269534   0.11588833]
[ 1.         -0.06389796  0.04502422  0.55672597 -1.83125229  0.44295296
 -0.29710984  0.51425301 -2.53799705  0.46420015 -2.33922776  2.05267665
  0.93702939  1.10673455 -1.34223458 -1.70292355 -2.17993577 -0.67752503
 -0.84321216 -0.3220747   1.31309325]
[ 1.          0.38631242  0.05182313  0.12556565  0.05389164  1.17125873
  0.65283737 -0.63206946  0.21796521  0.39404953  1.4594365  -0.29145732
 -0.26157519  0.18593859  1.1227558  -1.32551142 -0.77839973 -0.79393458
 -1.35527323  0.62586606 -0.87894417]
[ 1.         -4.66744638  0.4190738  -0.62474489  0.84073657 -0.2538145
  0.47374515 -0.15480335 -0.71534017  0.72124561  0.62678878 -0.43021011
  0.5260096  -0.48231972  0.15117695  0.98547768 -0.27309949 -0.67905077
 -0.00782873 -0.49200168  0.12495847]
[ 1.          0.23510819 -0.09340653  0.24316839 -0.04178156  0.74881233
  0.21233457 -0.03585231 -0.5416277   0.24023302  0.78596228 -0.11594323
 -0.16079045  0.13622069  0.52749488 -1.07394836  0.51183948 -1.23786792
 -1.10078037  0.81013253  0.26585944]
[ 1.          0.55295428 -2.80932737 -1.77899008 -0.08684734 -1.40421655
 -2.74186608 -0.54889506 -1.4072536   1.84631944  2.48883793 -2.44211113
  1.58465595 -0.84979937 -3.44449133 -1.39808554 -1.98626029  1.17274213
  2.88444587  1.77736781  1.89354771]
[ 1.          0.2406166  -0.25126977  0.48089053  0.35154498  0.54262963
  0.29537143 -0.76062491 -0.07863545 -0.52959378  0.70206351  0.45172397
  0.06506014 -1.30513291 -0.55538566  0.35037988  0.77781094 -0.91240653
 -1.64676982  0.454422   -0.08374398]
[ 1.          0.31986562 -0.32758953 -0.03809051  0.04709072  1.07511602
 -0.14251983 -0.02809724  0.75851729  0.96662075  0.90751039  0.01732264
  0.55075205 -0.06104788  1.08925967 -0.14197853 -0.97808044  1.0499151
  0.31103442 -0.2234743  -2.17257619]
[ 1.          0.39155461  0.37263471  0.63483861 -0.14535961  0.78854323
  0.74869678 -2.14397736 -0.2945076   0.24969059  0.92480724 -0.35031418
 -1.50099807  1.31446419  0.2337895   0.16626388 -0.9220911  -1.57409636
  0.17019771  1.73183222  0.0024336 ]
[ 1.         -3.38453434 -0.70841467 -0.39251922  2.63643048  3.76349738
 -5.04231745 -3.32775367  3.0951119  -7.77081984 -4.63610781  0.51183521
 -3.39338055  3.0593785  -2.46808663 -8.03267352  0.74385949  6.63026136
  0.07619533  4.04290224 -0.81977201]
[ 1.         -0.03295345 -1.07867594  0.26085344  0.45478717 -0.03722463
  1.01683621  0.24121701 -0.18635943  0.11383392 -0.08541443  0.59244358
  0.00473455  0.27210612  0.63544121 -0.18573122  0.9691231  -0.08292468
 -0.1099078   0.03010408 -0.38873847]
[  1.00000000e+00  -8.76653186e-02   6.54680991e-01   3.26348512e-01
   2.22309716e-01  -8.10801756e-01   2.40429367e-04   7.81552467e-01
   3.24956613e-01  -2.67480743e-01   3.57815702e-01  -5.19152070e-01
  -6.88173268e-01   1.18752562e-01   8.86506556e-01  -1.40244500e-01
  -1.81843871e-01  -2.55717183e-01   7.14960843e-01   6.66148125e-01
   1.79057305e+00]
[  1.00000000e+00  -5.80484638e-01  -2.14766391e+00   1.92587499e-02
   4.56925907e-01   2.42278998e+00  -3.98978411e+00  -1.14893355e+00
   3.66479434e+00  -2.39840761e+00  -2.17343406e+00   1.34391686e+00
  -9.26098209e-02   1.33187349e+00   1.15029756e+00   3.65460735e-01
   1.38136677e+00  -3.34046404e+00   5.73113003e-05  -2.20899709e+00
   1.02086315e+00]
[ 1.          0.09191235 -0.30874782  0.19038895  0.02917267  1.44121302
  0.40946088  0.75378846  0.05476078  1.17790904  0.47929767  0.61423573
  1.43275267  0.77435812  2.17894313 -0.2481732  -0.49910714  1.94301099
  2.42121639  0.30769438 -4.55942473]
[ 1.          0.36349289 -1.45295626 -0.69408371 -0.17768445  1.78898127
 -3.06724205 -1.55597121  0.42618266  1.90044424 -2.43953086 -1.74692364
  1.21093062 -0.68524009  4.25622754  1.83581823 -0.47108452 -1.63625991
  1.30911935 -2.68630023  3.5719831 ]
[ 1.          0.52470554  0.54081875  0.18724386  1.09549468 -0.02687715
  0.88256699 -1.85253392  0.42123703  1.28727112 -0.68999255  1.59377186
  0.52675672 -1.76405658 -1.40889304 -0.66383622  1.06367215  0.81299321
 -0.01399916 -1.02974015  0.65067773]
[ 1.          0.38742228  0.5254308   0.47279277  0.42122859  1.24869229
  0.18827037  0.93452944 -1.17051106 -1.29118004 -0.28500094 -0.50364643
 -2.94443803 -4.91610988 -0.93276066 -1.27786621 -0.69336917 -0.14388436
  2.0542849  -3.39415229 -0.74249735]
[ 1.          0.16181096  0.32212284  0.26621657  0.16254355 -0.67690317
 -0.20880017  1.10813509 -0.11552778 -0.27339524 -0.22685916 -0.48066853
 -1.10980977 -0.42544431 -0.02534519 -0.01122999  1.39740739 -0.42026356
  0.21207675  1.69690038  0.95754001]
[ 1.         -0.61361388 -0.53644192  0.18141126 -1.81396219  0.10198412
 -1.464123    2.50355253  3.97419855  2.03290685  0.71356288  2.71618984
 -1.91722515  0.12673779 -2.34380311  0.96623709 -0.72079954 -1.19488719
  0.45199568  0.63973396 -2.39265876]
[ 1.          0.16405655 -6.66469853  0.13732839  1.99471238 -3.06651781
  3.28525025  0.50451107 -0.52869585 -0.92987571 -1.55337362  0.09944769
 -2.1856552   1.4467286   0.30983095 -0.83113744 -0.05160733 -0.51781942
 -0.50884292 -1.74892405 -0.86581546]
[ 1.          0.47356911  1.09234604 -0.16189705  0.7951398  -3.11448436
 -2.43719347  0.73037153 -0.53932568  0.31937696  0.04702896 -0.90949643
 -0.90475804  1.56885407  1.3708849  -1.60147318  1.26739194  0.04074662
 -1.44176498 -0.9882682  -2.00684329]
[ 1.         -0.13721764  0.3347161  -0.41497158 -1.40775724 -1.09543507
 -0.42058292  0.41396023  0.47811651  1.61102566 -1.35238441 -0.22501888
 -1.74928108  0.13220352 -0.40687675 -0.33724215  1.55618985  0.86892021
 -1.14123397  0.34412885 -0.38038024]
[ 1.          0.35063788  0.15252991 -0.02659304  0.37841948  0.84290287
  0.64785259  0.33152681  0.93281014 -0.25444274  1.17564855  0.44837836
  0.22281258 -0.03329812  0.92726543 -0.37698184 -0.40151695  2.63270554
 -0.95292927 -0.95793699  2.06849416]
[ 1.         -1.83584597  0.24505117  0.11811844  1.39441562  1.36368343
 -1.29295205 -0.80573247  0.01062072 -2.756008   -1.05385416  0.1094992
 -1.91724157  0.06317314 -1.1679013  -1.38263465 -0.26721871  3.33891214
  0.6831731   1.53920742  0.22552634]
[  1.00000000e+00  -6.03126702e+00   7.98224660e-04  -1.12687032e+00
   2.62362480e+00   1.90395763e+00  -2.49235237e+00  -2.68470835e+00
   9.11770708e-01  -3.79493798e+00  -1.99833397e+00  -9.16254292e-01
  -7.09394659e-01   1.37602077e+00  -1.65172881e+00  -4.49584562e+00
  -5.44730371e-01   3.39151084e+00  -7.37974858e-01   2.24100669e+00
  -1.52429391e+00]
[ 1.          0.3996433   0.34245075  0.51119076  0.90420065  0.39491629
  0.5201653  -1.08038256  0.73109962  0.37189285  0.74258353  1.40717694
 -0.23202777  0.56339194 -0.59064967  1.24893209  0.21916311  2.5230508
  0.08905176 -0.14921507  2.48427178]
[ 1.          0.1581151   0.09198126  0.59639797 -0.53336801  0.78998629
 -0.15334364  0.89000112 -1.75925371 -0.33111757 -0.98212596  1.15980581
  0.85525878  0.80467532 -0.56674874  0.01682203 -1.62598868  0.17684201
 -0.60624752 -0.57976561 -0.34228296]
[ 1.          0.17650647 -0.03069017  0.49447678  0.16762493  0.71065623
 -0.29840088  0.72072521 -0.72755503 -0.1070728   0.04761755  0.86645945
  0.74867825  1.00583995  1.3565826   1.25996578  0.68726647  2.21805265
  1.31079542  1.02624691  0.45001045]
[ 1.          0.37397694  0.32185985  0.59004488 -0.0211669   0.79512201
  0.72813747 -1.70353047 -0.18522839  0.02058662  1.27746689 -0.34852459
 -1.37760721  0.86290187  0.32590239 -0.2389861  -1.04101174 -1.6398622
 -0.65249217  1.42253683 -0.13710738]
[ 1.         -3.88851823 -1.2770225  -0.68229135  2.45189321  3.7121842
 -5.40357968 -3.45028976  3.8392495  -6.77637209 -4.44589868  0.47904535
 -1.96159469  3.19559511 -1.46919595 -6.75530673  0.97399228  3.26368498
 -0.564725    2.15570571 -0.89853794]
[ 1.          0.34554685  0.32628434  0.37437859  0.43772432 -0.42821127
 -1.00568545  0.73813814 -0.49100845 -0.67513443  0.57908436  0.13415938
  0.52311498  0.72012641  0.70056782  1.21084693  0.38964479  1.56282383
 -0.26463956  0.3934558   0.54665013]
[ 1.          1.06693106  0.58101164 -9.88134848 -1.24515138 -0.41273429
  0.82275135 -0.78712981 -1.72479139 -3.64078723  2.29767893  5.31064136
 -1.85458012  0.58525406  1.12274935  1.57576203  0.13303936 -1.1726833
  2.78382986 -0.44485765 -0.1373478 ]
[ 1.          0.67294617  1.34143646  0.55225728  2.59612245 -2.97613015
 -0.17372464 -2.20428892  1.32694398  0.77581138 -0.95601704  4.09216179
  2.8841237  -2.58830565  0.18740813 -1.49852688 -0.57408201 -0.90800808
  0.40352903  0.75440918 -0.15669075]
[  1.00000000e+00  -8.23703648e-01   2.25297081e-01   3.83697924e-01
  -2.70602179e+00  -1.26369529e+00   4.03149125e-01  -1.28284754e-03
   5.22726516e-01   4.54568233e-01  -9.04201029e-01   5.55525328e-01
  -4.52957422e-01   2.56644855e-01  -3.31302960e-01  -6.10605779e-01
  -7.51218391e-02   1.56498393e-01   2.04461662e-01  -4.65003911e-01
   4.72462463e-01]
[ 1.          0.38420526  0.16302824 -0.35263608  0.1542923   0.67639037
  0.79333297  0.08208589  0.57618499 -0.04365469  0.63061668 -0.19740777
  0.41390634 -0.44859461  0.57102911 -1.10025505 -0.23369738  0.38818386
 -0.84524305 -0.75593308  0.05514935]
[ 1.          0.29093765 -0.13761551  0.16906929 -0.08260536  0.4698117
 -0.23328957  0.38045562 -0.02152805 -0.53712466  0.94117208 -0.36129294
  0.90341842 -0.98552901 -0.28607612 -0.04849718 -0.45147713 -0.12587333
 -1.63002328 -0.66749087 -1.01775195]
[ 1.         -0.16421711 -0.07844833  0.28795936 -0.63902073  0.38819116
 -0.45874163  2.09881937  2.35836111  0.67684891  0.94283211  1.34013424
 -1.15557504  0.06997763 -0.78668331  0.06246217 -0.03765235  0.41579212
  0.48331973  0.63074052  1.37939085]
[ 1.          0.46889786  0.12616276 -0.26650172  0.10665034 -0.04268255
 -0.46736536 -1.16200971  0.05162504  1.10532322  0.2260445  -0.89726703
  0.32331171  0.08332929 -0.18076657 -0.23604981  0.10027656  0.4964475
  0.63354246 -1.28575145 -0.53944705]
[ 1.          0.32491996  0.69349917  0.61484344  0.65661233  0.101881
 -0.11610332  0.10967579 -0.5575302  -0.83269676  0.11662202 -0.04675264
 -1.40975007  0.57861464 -0.51477301  1.03451062 -1.88044331  0.35012846
  0.37245162 -0.9438191  -0.20063371]
[ 1.          0.06520832 -1.96656941  0.42049005  0.32263809  0.06139867
 -0.11789589 -0.3569928   0.72061259 -1.52895215 -0.07787229  0.55789561
  0.33248397 -0.21550285  0.1710091   1.13452321  0.93794865 -0.09681642
 -0.97057848 -0.10724101  0.6884269 ]
[ 1.          0.48509575  1.22985231  0.33060342  1.21992531 -2.07725068
 -1.15122543  0.52085136 -0.43423748 -0.21596753 -0.93926616 -0.06694186
 -0.81662942 -0.37740807  1.6464903  -0.55895365 -1.13121561 -0.34773938
  0.66202633  0.54050888 -1.0741732 ]
[ 1.          0.45266986  1.0050256   0.42905332  0.97744953 -0.60102658
 -0.45442595  0.54103207 -0.3735074  -1.18821017 -0.09175977 -1.10339837
 -0.95485148  1.17130001 -0.63220576  1.84212698 -2.5882028  -0.09639528
  0.26921457 -1.81597254 -0.69720302]
[ 1.          0.35585268  0.27329348  0.08670944  0.1724548   0.97621262
  0.50312217  1.18892238  0.23948445 -0.71458114  0.86108877 -0.63067207
 -0.52926237 -2.55268651 -0.06096213 -1.89918373 -0.29260088 -0.18526307
 -0.33561456 -1.89488246  0.31125807]
[ 1.          0.638038    1.13286483 -1.57548898  0.86849956  0.20606832
  1.68767569  1.14078893  1.54251637 -0.64766831 -2.02630783 -2.40682306
  1.98082507  1.17118188 -2.10933262  0.46270412 -0.10585292 -1.40161403
  0.25880004  0.18982679  0.27195798]
[ 1.          0.08680005  0.74191304  0.26905991  0.24118533 -0.55112958
  0.10053242  0.59005927 -0.04327724  0.18193837 -0.24292826 -0.52574894
 -1.36562062 -0.70667014  1.07478058 -0.74444962 -0.22845366 -0.07684038
  1.36476265  0.7726456   2.28923836]
[ 1.          0.21764773 -0.32818018  0.36661792 -0.40330959  1.05601468
 -0.39312638 -0.25285379 -1.38645775  0.21229762 -1.03258564  0.33253092
  0.37238889  0.02347431  0.55729353  0.44188068  0.75021842 -0.64994931
  0.70946758  1.01341475  0.03142536]
[ 1.          0.44929244  1.2264173   0.38941566  1.32948617 -2.39201045
 -1.30412843  0.68383202 -0.08842256 -0.62215926 -0.32857559 -0.0886152
 -0.21160721  0.36248178  1.33669787 -0.00943743 -0.88134568 -0.44782773
  0.20554954  0.47983385 -0.52539915]
[ 1.          0.09795778 -4.04219529  0.13778501  1.16326654 -1.42265928
  1.69016478  0.25260503 -0.2423275  -0.30707678 -0.50502532  0.10724658
 -0.50657768  0.28132085  0.08313437 -0.06745132  0.01267103  0.00446676
  0.08445694  0.30760547  0.33150877]
[ 1.          0.20029584 -0.60064077  0.68795282 -1.29624637  0.4451096
 -0.49454476 -0.56390715 -1.10592195 -1.90833426 -0.52823679 -0.16282327
  2.03639815 -1.02802693  0.35056633  2.16921004  1.8310617  -0.13807152
 -0.4582361   1.60467003 -1.35080625]
[ 1.          0.12842121 -0.58806744  0.66652917 -1.47534548 -0.40131927
 -0.28232726 -0.47861301 -0.08044099 -2.50898366  0.34969426 -0.49922602
  1.91012449 -1.12404314 -0.1595454   1.77099038  1.09539091  0.47859018
 -1.08249077  0.47852065 -1.17460091]
[ 1.         -0.41972298 -2.17774695  0.05402011 -0.23466745  2.59806738
 -4.67898022  0.51722209  6.06798236 -1.06567304 -0.77820559  2.9053082
 -0.70037689  1.02988311 -0.62273367  1.28868811 -0.17693083 -5.12207339
  0.85491129 -1.60578345 -1.84635061]
[ 1.          0.07253395 -4.90878755  0.26564226  1.62582329 -2.18583266
  3.10825816  0.56272526 -0.54483027 -0.62604043 -1.30834681  0.60202571
 -1.8415017   1.52029417  0.89125955 -0.95783214  0.93970285 -0.58855108
 -0.64951298 -1.80255567 -1.41812471]
[ 1.          0.49817808  0.38035922 -0.21272962  0.04351014  0.08263936
 -0.22262395 -1.71507728 -0.04375788  2.10960219 -0.95523912 -1.31751484
 -0.38639746  0.62452594 -1.74007166  0.43184968  1.72805142  0.71924284
  1.48478697 -1.65406726 -1.69605659]
[ 1.          0.40050417  0.11156107 -0.140761    0.15620235  0.09894551
 -0.82248352 -0.16587027 -0.26630414  0.24424219  0.65674257 -0.65654985
  0.25545127  0.66344843  0.33567602 -0.3038751   0.64531479 -0.04447053
 -0.87076537 -1.37102169  0.00987612]
[  1.00000000e+00   2.80819548e-01   2.91646720e-01   5.34547421e-01
   1.59610703e-03   7.88034048e-02  -3.14686306e-01   8.04353293e-01
  -7.71493315e-01  -1.23521284e+00  -1.62433466e-01  -8.75458707e-02
   4.01200228e-01   7.02381356e-02  -5.02132999e-01   1.60952029e+00
   1.46767139e-01   6.25886388e-01  -5.29834238e-01  -1.79146521e-01
  -4.55155712e-01]
[ 1.          0.35659325  0.4006584  -0.70554599 -0.26022095 -1.84718352
 -2.05692711  0.24387353 -0.64374151  1.13388897  0.43510721 -1.04400758
 -0.86535169  1.43942801  0.0512198  -1.76756878  2.37689363  0.55318186
 -1.67009438 -1.51809528 -1.27537992]
[ 1.          0.24353518 -0.14806427  0.61286868 -0.18070889  1.4819032
 -0.51353829  0.05685721 -2.23928834 -0.65092296 -1.62851784  0.33199822
 -0.86762245 -2.47853577  0.06320124  0.83423749  2.39681448 -1.21388089
  2.08744333  2.29350408 -0.31419959]
