Cluster centers 

[-0.70197066 -0.32499609 -0.01797153 -1.64203193]
[ 0.83090075  0.93533795 -0.26455412 -0.40664745]
[-0.04024853 -1.5321351  -0.96393794  0.12746579]
[-0.58323584 -0.62723532  1.07498401 -0.21148551]
[-1.94081554  0.62030315  1.13569443  2.44951312]
[ 1.29225142  0.26598274  0.26614745 -0.3003369 ]
[-1.00768315 -0.39800109 -1.20376115 -0.49304561]
[-0.64839501  2.37634845 -1.34607017 -0.07545117]
[-1.50538155  0.48728233  1.28552477  0.60268441]
[ 0.80316942 -0.77205802  1.24246045  2.41660348]
[-0.94977137 -0.89431656 -2.10965537  1.42465118]
[ 1.41878602 -0.29296656 -0.03218904  0.15084513]
[ 0.76613712  0.71283967 -0.82937963  0.36388074]
[ 0.1225996  -1.46519837  0.35349727 -0.65258562]
[ 1.38209353 -0.47057076  1.1144733   0.84294886]
[-0.41932861  2.0748026  -1.6237546   0.76042493]
[-0.61745803  2.3215789  -0.25726978 -1.91603255]
[ 0.53692139  1.56883635  1.42746591 -0.1918746 ]
[-1.20300742  0.71989209  1.19919607 -1.35168449]
[-1.83989349 -0.27356767 -3.07984744  3.18625083]
[-0.292922   -1.17641846 -0.58133949 -0.64918741]
[ 1.16941546 -0.22656471 -0.74836343  0.7084154 ]
[ 1.48718655 -1.20208725 -0.29671873  0.60333829]
[ 0.32293044  1.6750235  -0.18274596 -1.07600643]
[-1.15124376 -0.49431375 -1.74430344  0.42243155]
[ 0.23712864  1.46642159 -1.0650987   0.22710242]
[ 0.92362919 -1.85593961 -0.87525264  0.8966198 ]
[ 0.27382118  0.74698059  1.3650523   3.24794937]
[-0.07281816  1.86495187 -1.08348747 -0.04940531]
[-0.94225093 -0.32002365 -0.89074139 -0.94652458]
[-0.64885321 -0.34984376  0.83129747 -1.31562197]
[-0.27787043 -0.96652221  0.36889594 -1.17153817]
[-0.93974536  0.45390436  0.74074536 -2.07799334]
[ 1.20336699  0.55210213  0.95952672 -0.30065062]
[-0.87529128 -0.225637    1.15572317 -0.29653856]
[-1.72493821  0.7210558   1.28663821  0.96359292]
[ 1.58772227 -0.73821572  0.61543888  0.29941752]
[-0.77680537 -0.59538364 -0.87190569 -0.78866982]
[ 0.86816687  0.7267495  -0.51843653 -0.01429869]
[-0.48122474 -1.2587988  -1.67674672  0.93285151]
[ 0.81367945  1.07241462 -0.01158833 -0.7116793 ]
[-1.71118743  0.46033472  1.20526942  1.80184776]
[ 0.81792574  1.23535407  1.20997355 -0.53100026]
[-1.35931696 -0.11881598  1.09035585  2.91123937]
[-0.57496865 -0.73038929 -0.45748642 -1.10940042]
[-0.47195184 -1.16805936 -1.27311909  0.18607529]
[ 1.2367248  -0.89785228  1.15616963  1.42909598]
[-1.19794397  0.3472862   1.2389296  -0.51353007]
[ 1.43702807 -1.7224283   0.55141385  0.55456097]
[-0.01586108 -1.28478124  0.94916503  0.12167693]
[-1.08822374 -0.03987767  1.22594462  0.24847888]
[ 0.41946348  1.79287367  1.20833551 -1.16503893]
[ 1.31005122  0.0836285   0.00829081 -0.08538047]
[ 0.56135242 -1.83635527  0.28954807 -0.20439794]
[-0.53878577 -1.00268021 -1.01056243 -0.32086168]
[-0.18093927  1.63551084 -1.83692611  1.4890495 ]
[ 0.01421525 -1.45696366 -0.28850177 -0.60094531]
[ 0.50994801  1.22136786 -0.7387844  -0.07017179]
[-1.08350989 -0.33384062  1.15785392  2.15017933]
[-0.75143074 -0.56091125  1.17691003  0.80845179]
[ 1.10517471  0.55102932 -0.0040298  -0.35277162]
[ 1.31062387 -1.42523559 -0.70371012  0.94086481]
[ 1.13375767  0.40504423  1.2683061   0.52745399]
[-0.25998754 -0.97761875  0.72605939 -0.85093219]
[-1.14443569 -0.60309408 -1.93581243  0.84091355]
[ 0.39676241  0.88546501 -1.50101968  1.27946762]
[-0.90775703  0.04624432 -0.21245968 -1.78913653]
[-1.3318909   0.43366118  1.27951996 -0.08305846]
[-0.46204513 -0.69606764  0.25265318 -1.41558213]
[ 0.04553436  2.13627281  1.58066179  0.03179928]
[ 0.07254447 -1.64439508 -1.3634759   0.87608123]
[ 0.92700935  0.22745998 -0.96445149  0.78058178]
[ 0.03137268  1.52504915 -1.50494133  0.92757347]
[-1.38180237  0.20082174  1.24812072  0.97713478]
[ 0.62550456 -1.93138577 -0.31660006  0.04354198]
[-2.00913724  1.31287951  1.3414226   0.7845802 ]
[ 1.40883858  0.05346763  0.77852589 -0.09121765]
[-1.91552426  0.70594157  1.193298    1.98141341]
[-0.16017025  2.00373507 -0.93144528 -0.42092668]
[-0.24173653 -1.28009749 -0.73926771 -0.3962827 ]
[-0.74420246 -0.09166888  0.66310509 -1.74044474]
[ 1.10220411  0.67577493  0.26933462 -0.5735573 ]
[ 0.93160845  0.38690758 -0.79378612  0.48951171]
[-0.96936128  0.2052025   1.07226004 -1.28280102]
[-0.21095931 -1.16326511 -0.14733657 -0.95063935]
[ 1.4223194  -0.334307    1.03882935  0.55110182]
[-1.21777604 -0.01307474 -1.20529829 -0.71762565]
[ 1.53494013 -0.78506661  0.86814471  0.54585793]
[ 0.96969158 -0.66000317  1.2574265   2.08063607]
[-1.482756   -0.3215654  -2.27314603  1.31219013]
[-1.10668768  0.08078494 -0.80098791 -1.27805474]
[ 0.42135536  1.04691571 -1.25134614  0.78349012]
[-0.94580985  0.42571682  0.25217046 -2.19336565]
[ 0.06439015  1.87114653 -0.52799712 -0.87479365]
[-0.84437906 -0.33603839  1.16914327  0.0512757 ]
[-0.06810999 -1.23029005  0.85885178 -0.27303832]
[-0.05407443  2.03803344 -0.16859942 -1.48503117]
[-1.63593228  0.28236998  1.16302906  2.19367844]
[-0.13425878  1.87075351 -1.26851032  0.26008013]
[ 1.09901876  0.27801961 -0.4485916   0.15983701]

Populations

0.0232909548197
0.0102826917844
0.0092608398688
0.0119266946884
0.0015382438263
0.015965951196
0.0259242260993
0.00946179488771
0.0091493285824
0.00581588497705
0.00567558109654
0.0120591006566
0.0162471307886
0.0107018892455
0.0113790920204
0.00364450658394
0.00380884471536
0.0158479822621
0.00257190809775
0.0037608195943
0.0384978629841
0.00470842941063
0.0127126427745
0.00762182611707
0.00471094782532
0.00376987871762
0.0115799969796
0.0493409537009
0.00956682700326
0.00241275885546
0.0192696149065
0.00608194469896
0.0101553570385
0.0179874011414
0.0210650385461
0.00308764906944
0.0127895642828
0.018395481057
0.0119055864136
0.039429935064
0.0109351760449
0.00798160823055
0.00902527909027
0.0211025087871
0.0186087829778
0.0225526759489
0.00746511324611
0.0166606063701
0.0101894130165
0.00923208356552
0.0194771130162
0.00346901862007
0.0128939852457
0.00389912703477
0.00321631413025
0.00104760409408
0.00543192351272
0.00556065635488
0.0147607956673
0.0112575095362
0.00551392583023
0.00336767021759
0.00717546708464
0.00769223070439
0.00644101950821
0.00459277537815
0.00325130420436
0.0448030463459
0.00883662992361
0.0105778345197
0.00642876086536
0.0190855674056
0.00877591538182
0.0118761193449
0.014072240125
0.00292971349257
0.00139243155275
0.00984900345436
0.0224311316925
0.00510769065667
0.0032939057892
0.012059753947
0.00308973596184
0.00531027943659
0.0285731150402
0.00608741167183
0.00921486359717

State labels

0
1
2
3
4
5
6
7
8
9
10
11
12
13
14
15
16
17
18
21
22
23
24
26
27
28
29
30
31
32
33
35
36
37
38
39
40
42
43
44
46
47
48
49
50
52
53
54
55
56
57
59
60
61
62
63
64
66
67
68
69
70
72
73
74
76
77
78
79
80
81
83
84
85
87
88
89
90
91
92
93
94
95
96
97
98
99

Eigen values

1.0
0.92144007959
0.870348418495
0.829967719557
0.753242013634
0.741224791419
0.67746463406
0.647912154008
0.629374775692
0.60612401646
0.596682433019
0.580441360519
0.56639492792
0.543916406559
0.5337186774
0.504451282388
0.486129130197
0.475848533253
0.436861186437
0.432108318929
0.408500949005

Left eigenvectors

[ 0.02329095  0.03588682  0.03959842 -0.00265644 -0.00434636  0.00616788
 -0.00163186 -0.0115416   0.00799307 -0.00917038 -0.02189569 -0.00368135
  0.01090315 -0.00130793 -0.02671624  0.01224937  0.01160947  0.01769687
  0.00356298 -0.0031917   0.00775217]
[  1.02826918e-02   5.19785137e-05  -6.77495679e-03  -1.62055431e-02
   8.21265800e-03   8.11605357e-03   4.11199199e-03  -2.13044437e-03
  -3.72718625e-03  -2.34738995e-02   1.24547749e-02   4.15549613e-03
  -1.04142236e-02   2.17075971e-03  -6.72351764e-03   1.03279929e-02
  -1.07478702e-02  -8.62101014e-04   4.05532662e-03   2.03585043e-03
  -2.38533183e-03]
[ 0.00926084  0.00271652 -0.00984115  0.00790062 -0.00848568 -0.00812638
  0.0068113  -0.0060063   0.0012984  -0.00505761 -0.00147288  0.01360758
  0.01625732 -0.00870111  0.01105264 -0.00295147 -0.00456122 -0.00142758
 -0.00728385 -0.02505495  0.01224352]
[ 0.01192669  0.00398364 -0.01237345 -0.00492785 -0.0055273  -0.00688269
  0.00370365  0.00061176  0.01558265  0.00526869 -0.00456326 -0.02386604
  0.01175494 -0.00484259  0.0072692  -0.02860118 -0.02924785  0.01466749
  0.00225439 -0.02596533  0.00354812]
[  1.53824383e-03   6.52032074e-04  -1.60464572e-03   1.29734571e-03
  -8.57501809e-04  -7.19995431e-04   6.28844056e-04   4.06403645e-04
   3.45506913e-05  -2.17628104e-03  -1.61368137e-03   4.13569481e-03
   3.27556831e-03  -9.36792668e-04   1.41489175e-03  -2.87614953e-03
  -9.04852455e-04  -1.40591743e-03  -1.14791731e-03   2.27633023e-03
  -1.45098580e-02]
[  1.59659512e-02   6.56475685e-03  -8.06161692e-03   1.80649090e-04
   2.50410366e-02  -3.09443311e-03  -8.91163537e-03  -2.63273434e-02
   2.28863232e-02   1.72529561e-02  -1.33807242e-02   4.52265763e-03
  -2.47004968e-02   1.25103403e-02  -3.33133849e-04   1.03330646e-02
   2.66707069e-03  -2.24785446e-02  -1.22507185e-02  -1.60589059e-02
  -8.83841930e-05]
[  2.59242261e-02  -2.27587788e-02  -8.60749612e-04  -5.07657064e-02
  -2.23430915e-02   5.48396129e-03   6.40999650e-03   1.06156796e-03
  -6.96271834e-03   1.49465418e-02  -7.70675054e-05   5.54460129e-03
   2.86134497e-02   6.56321223e-02   7.58224090e-03   2.17528088e-02
   3.06142028e-03  -2.70638428e-03   4.94967751e-03  -5.80628026e-03
  -1.43940771e-02]
[  9.46179489e-03   1.58134889e-02   1.90666536e-02  -3.98947761e-04
  -1.32449093e-03   1.39910497e-03   5.47582454e-03   5.61855676e-03
   1.17878940e-03   8.29775268e-03   2.40364332e-02   1.25319804e-03
  -1.40691655e-02   2.39440283e-03   3.41976740e-02  -5.53069141e-03
  -9.92110079e-05  -5.10855908e-03  -6.73427323e-03   5.17157139e-04
  -2.97083331e-03]
[ 0.00914933  0.00528625 -0.01013046  0.0066547  -0.0086991  -0.01485557
 -0.00650243 -0.00476485 -0.01574016 -0.00414586 -0.00010127  0.00698526
  0.00977454 -0.01107817  0.01253558  0.00414541  0.00905508 -0.00756512
  0.01283268 -0.01147707 -0.00685781]
[ 0.00581588  0.00211263 -0.00651049  0.00420957 -0.00324233 -0.00772171
  0.00951359 -0.00576769  0.00417834  0.00051314  0.00603366  0.01898739
  0.00691769 -0.00402139 -0.00095693  0.00995347 -0.00197389 -0.00216991
 -0.0082764  -0.01972577  0.00680885]
[  5.67558110e-03   1.70290863e-03  -5.79887628e-03   5.90423255e-03
  -2.58107241e-03  -7.19323125e-03   1.26234729e-02  -3.10183783e-04
   7.11635446e-03  -1.66074813e-04   7.50863990e-03   1.41086876e-02
   4.84846451e-03   9.66774393e-05  -3.88199327e-03   3.78937791e-03
   2.17095642e-03   4.82506995e-03  -9.41064654e-03  -6.58083261e-03
   3.55325942e-03]
[  1.20591007e-02   1.07938632e-03  -9.66560836e-03   1.24882333e-02
  -5.54609367e-03   8.29336585e-03  -2.14221682e-03  -2.69568014e-03
   7.78629775e-05  -5.97149350e-05  -6.06217879e-03   4.43670429e-03
   1.56109827e-02  -8.63474113e-03   9.04889033e-03   4.25920126e-03
  -1.93965318e-02  -1.82712317e-02  -8.05303230e-03   8.32200167e-05
   1.92667811e-02]
[  1.62471308e-02   8.60250361e-03  -1.40882278e-02   8.67175817e-03
   1.44669755e-03  -1.60845690e-02   1.20353478e-02  -7.67665123e-03
   1.19236171e-02   1.13132552e-02   2.12446539e-02   4.02887173e-03
   4.35773914e-03   7.17304583e-05   4.86690471e-03   1.35502828e-02
  -6.86466686e-04   1.25707245e-02   8.18691639e-03   1.44559420e-02
   1.60145076e-02]
[ 0.01070189  0.00512068 -0.01039266  0.01072664 -0.00765173 -0.01389221
  0.00922259 -0.00505021 -0.00927876  0.00436909  0.00593966  0.01859984
  0.01201642 -0.0053714  -0.00449551  0.00287002 -0.0027994  -0.01281503
  0.00526171  0.00477126 -0.0160895 ]
[ 0.01137909 -0.00156357 -0.01153836  0.02232655 -0.01522636  0.02165351
  0.01462558 -0.00339679 -0.00088533  0.00726364  0.01304253 -0.00191714
 -0.00733175  0.01272279 -0.01150842 -0.00701934  0.02564683  0.02079634
  0.00393362  0.00015131  0.00310784]
[ 0.00364451  0.00253141 -0.00012416 -0.00032213  0.00831259  0.0010279
 -0.00116487 -0.00694106  0.00587142 -0.0009268  -0.01068127  0.00106191
  0.0013515   0.00284677  0.00136961 -0.00429495  0.01237058 -0.0023828
  0.00762796  0.00059016 -0.00219076]
[ 0.00380884  0.00191473 -0.00248869 -0.00114621  0.01687787  0.00028846
  0.01308712  0.00594733 -0.02055822  0.00182707 -0.00588476 -0.00801738
  0.00013671  0.00019333  0.00112975  0.00374176  0.00033598  0.00764222
 -0.01470312 -0.0071839   0.00176903]
[ 0.01584798  0.02649863  0.02761218  0.00135985 -0.01180061  0.00160882
  0.00072051  0.00150915 -0.01129549 -0.00239093 -0.00834471  0.00108998
  0.00788277 -0.00121081 -0.02211881 -0.00406157 -0.01026911 -0.00887804
  0.00763621  0.00332688 -0.0022984 ]
[  2.57190810e-03   1.87727185e-03  -2.09414579e-03   1.96987075e-03
   7.31290748e-05  -3.42741812e-03   2.61122303e-03  -1.30973190e-04
  -9.22113816e-04   6.64741276e-03   1.67184544e-03  -1.56724246e-03
   2.23422084e-03   1.15601651e-03  -7.71803234e-03  -2.36303019e-03
  -9.50435469e-03  -7.68595694e-03   7.52559142e-03   1.10241046e-02
   3.87912910e-03]
[ 0.00376082  0.0021149  -0.00244323  0.00073557 -0.00055326 -0.00381541
 -0.00367016 -0.00206445  0.000986    0.00330351  0.00132173 -0.00212863
 -0.00381563 -0.00025844 -0.00333823  0.00447163 -0.0024934   0.0083013
  0.00126606 -0.00015791  0.00161674]
[ 0.03849786  0.0716658   0.08773646 -0.00161045 -0.0258208   0.0131734
  0.0088659  -0.00734195 -0.00787705 -0.00535626 -0.00687046 -0.00280109
  0.00727667  0.00216074 -0.03100257 -0.00223369 -0.00436769 -0.00603952
 -0.01050533 -0.01119046  0.00036376]
[  4.70842941e-03   1.12448405e-03  -3.74318465e-03   3.62981059e-04
   1.46397981e-03   5.21930375e-03  -1.67022184e-03  -5.13520414e-05
   1.69370645e-05  -3.52435074e-03  -2.76487458e-03   9.23434484e-04
  -5.28747687e-04   1.19175475e-04   4.00663555e-04  -1.14640669e-02
  -3.45606322e-03   1.79801408e-04   1.12261069e-02  -8.72837896e-03
  -1.50960920e-02]
[ 0.01271264  0.00657398 -0.01628456  0.00812348 -0.01532186 -0.01871747
 -0.01708182 -0.01811712 -0.0221786   0.00237905  0.01043979 -0.01943652
 -0.01666245  0.0057902  -0.00654679  0.00066244  0.01691539 -0.00323844
 -0.01496221  0.00604322 -0.0168081 ]
[ 0.00762183  0.00224852 -0.00651787 -0.00237282  0.00214624 -0.00456955
  0.0050227  -0.00972959  0.00780008  0.00308446  0.00579466  0.01436142
 -0.00610791 -0.00085985 -0.00368565  0.01944864 -0.0020745  -0.0025248
 -0.00306235 -0.0155124   0.0081154 ]
[  4.71094783e-03   1.84744363e-04  -2.31794861e-03  -2.92644868e-03
   1.03325677e-02   5.46353410e-03   4.06098657e-04  -1.72997275e-03
  -1.83822651e-03  -1.14056920e-02   8.06097548e-03   1.24612925e-03
   5.56343481e-05  -2.71880066e-04  -2.07741082e-03  -1.15185158e-02
  -4.07017115e-03  -3.63935399e-03  -5.15865453e-03   3.18958790e-03
   3.70023400e-04]
[ 0.00376988  0.00099498 -0.00353415  0.00413891 -0.00250683 -0.00168567
  0.00395994  0.00719314  0.00428211 -0.00348856 -0.00361457  0.00836634
  0.00158736  0.00135944 -0.00068327 -0.00349727 -0.00287423  0.00431066
 -0.01257327  0.00846249 -0.01837642]
[ 0.01158    -0.00253145 -0.00834418  0.01811509 -0.01393011 -0.00534041
  0.02596562 -0.00037564  0.00544712 -0.00829736  0.00155823  0.02407623
 -0.00364385  0.00653453 -0.00465272 -0.01316958  0.01092672  0.01865632
 -0.01495176 -0.00622587 -0.00459742]
[ 0.04934095 -0.08722278  0.05308707  0.02226049 -0.00587037 -0.0340606
  0.01419493  0.0010399  -0.00118148 -0.01782959 -0.02316454 -0.02373187
 -0.02226495 -0.00236871  0.00732933  0.00963662 -0.01346442 -0.02143865
  0.01693779  0.00669717  0.00123239]
[ 0.00956683  0.00252747 -0.00333205 -0.00070404  0.02207149  0.00464206
 -0.00690844 -0.00712291  0.00203902  0.01128327 -0.01820375  0.01610244
 -0.01037014  0.0081636   0.00163367 -0.02187244  0.01392942 -0.01443118
  0.01445283 -0.00697895 -0.00515215]
[  2.41275886e-03   1.49459824e-03  -2.51732799e-03   2.76115404e-04
   9.16129106e-04  -4.18683371e-03  -2.63924899e-04   1.91663367e-02
   9.35414894e-03  -2.74630085e-03   1.99418673e-03  -4.69580521e-03
   1.47121369e-03   1.28660495e-03  -1.05230739e-02   2.59956310e-06
   1.18212061e-02  -1.26837717e-02  -5.53387878e-03  -6.10598880e-03
   1.12141360e-03]
[ 0.01926961 -0.00665027 -0.01459437  0.03576362 -0.01696247  0.06496615
  0.00650112  0.00528119 -0.00437613  0.00901707  0.00640077 -0.01269661
 -0.00121319  0.00557603 -0.00256919  0.00271708  0.01930955  0.0058122
  0.02111841 -0.00965049  0.00073854]
[ 0.00608194  0.00385278 -0.00501846  0.00152346 -0.00645223 -0.00589382
 -0.01242133  0.00155802 -0.01043226 -0.00741846 -0.0051377  -0.0008542
 -0.00154383 -0.00577204  0.00439028  0.00197699  0.00032277  0.00167753
  0.00964775 -0.00842067 -0.01004919]
[ 0.01015536  0.00567331 -0.00778072 -0.00019902  0.01257248 -0.00588054
  0.01272074 -0.00475365  0.02126496 -0.00867476  0.00258538 -0.02136973
  0.01744718 -0.00193197  0.00438412  0.00013369 -0.00277504  0.01737811
  0.00155089  0.01409369 -0.00789013]
[ 0.0179874   0.00859109 -0.01164266 -0.00584265 -0.00424909 -0.01041688
 -0.02133766  0.04832235  0.01117336 -0.00617794 -0.00487514 -0.00640633
 -0.01107942  0.00016794  0.00864838 -0.00052926 -0.00268997  0.01472225
  0.01317027 -0.00628803  0.0072574 ]
[ 0.02106504  0.01018906  0.00288332 -0.00622582  0.00239547 -0.00254344
 -0.02434728  0.0111003   0.0053772   0.00527826 -0.01513721  0.01283074
 -0.00646066 -0.01064354 -0.01745905  0.02309185 -0.00333705  0.04202673
  0.01555316  0.00084634  0.01603054]
[ 0.00308765  0.00148256 -0.00376412 -0.00014091 -0.00213154 -0.00383261
 -0.00276523 -0.00296133  0.00186883  0.00291279 -0.00046826 -0.01065727
 -0.0021752   0.00021959 -0.00072862 -0.0078859  -0.01022332  0.00465649
 -0.00259351 -0.01127647 -0.00398776]
[ 0.01278956  0.00699773 -0.01386133  0.00415077 -0.00734904 -0.01600314
 -0.01908838 -0.01625571 -0.0065597   0.00891914  0.00245051 -0.02565253
 -0.02220408  0.00598719 -0.01069387 -0.00277224 -0.010178    0.00285247
 -0.01155962 -0.01278581 -0.01693784]
[ 0.01839548 -0.01650224  0.00132067  0.02095012  0.0009445   0.02935538
  0.00188487  0.00057425 -0.00329523 -0.00033568  0.00925549 -0.02470589
  0.01269726 -0.02123775  0.00731472  0.02573309 -0.00466249 -0.02696105
  0.00472086 -0.01237639 -0.00240702]
[ 0.01190559 -0.00923407 -0.0035697  -0.03181202 -0.01752199  0.00502624
  0.00994905  0.00071937 -0.00086191  0.01699162 -0.00601046 -0.0031241
  0.02083305  0.03335756  0.01096328 -0.00066678  0.00365605 -0.00415601
 -0.00118746 -0.00473196 -0.00888714]
[  3.94299351e-02  -5.03272492e-02   3.14874505e-02  -1.12654608e-04
   2.59394250e-02  -5.66586256e-03  -4.98387952e-02  -1.85221637e-03
   9.21298431e-05   3.73621413e-02   3.28478409e-02   1.97493234e-02
   3.52337782e-02  -2.79056262e-02  -1.92110944e-02  -1.46599146e-02
   1.58493695e-02   3.30088994e-02  -2.98339211e-02   1.92442829e-03
  -6.47781304e-03]
[ 0.01093518 -0.00392865 -0.00827681 -0.03042892 -0.01799718  0.00583607
  0.01378348  0.00038524  0.00481202  0.01632936 -0.01039591 -0.01038493
  0.00815623 -0.00733023  0.01011276 -0.02096143  0.00237518 -0.00328591
 -0.00606022 -0.00063448  0.00262552]
[ 0.00798161  0.00339926 -0.00800949 -0.0023488  -0.00696128 -0.00787528
 -0.01306633  0.00028138 -0.00838332 -0.00373189  0.00139611 -0.00800127
 -0.01472483 -0.00109    -0.00367594  0.00708326  0.00059142  0.00484322
  0.00349829 -0.0087647  -0.01473643]
[ 0.00902528 -0.01309709  0.00560263  0.01149844 -0.00832514 -0.01172249
  0.02159866  0.00017383  0.0037276  -0.01760755 -0.01273369  0.00891614
 -0.02234634  0.00717598  0.00103896 -0.01537243  0.00120355  0.00896162
  0.00026562  0.00117307  0.00763358]
[ 0.02110251 -0.03831249  0.02278097  0.01773851 -0.01007614 -0.02484299
  0.02860776  0.00066872  0.00358611 -0.02915915 -0.02657766 -0.00148872
 -0.03941059  0.00793634  0.00547732 -0.01562203 -0.00656303 -0.00030533
  0.01204054  0.00654444  0.01399261]
[ 0.01860878 -0.00349374 -0.01118045 -0.03248616 -0.0085673   0.00827204
 -0.00517287  0.00638822 -0.00788793 -0.01979148  0.0045334   0.00438514
  0.00292361  0.02152043  0.00368468 -0.00748511 -0.00244779 -0.00403031
  0.00095447  0.01079897  0.02726786]
[ 0.02255268  0.0073575  -0.010586   -0.00844127  0.04630165  0.00979987
  0.02165582 -0.00506709  0.00116109 -0.03109428  0.01740011 -0.02190364
 -0.00198963 -0.0032415   0.00937278  0.01387678 -0.00824675 -0.00270524
 -0.01739603  0.0060342  -0.01752553]
[ 0.00746511  0.00278988 -0.00321965  0.0019268   0.00799062  0.00577658
 -0.01000972 -0.00137557  0.00818042  0.00998893 -0.01894352  0.01203531
 -0.01115376  0.00428938  0.00133482  0.0064172  -0.00547504 -0.00214522
 -0.00739014  0.00268967  0.00244881]
[ 0.01666061  0.01477216  0.00298989 -0.00121968  0.02218314  0.00046348
  0.00192032 -0.02590977  0.02564856 -0.01714845 -0.02745088 -0.01373595
  0.0176474   0.00239379  0.00366757  0.00859288  0.02961298  0.00790791
  0.00871322  0.00990675 -0.00088771]
[ 0.01018941 -0.00748258  0.00670953 -0.00125946  0.00639107 -0.00186782
 -0.01845661  0.00233667  0.00143309  0.01193684  0.00519759  0.00943996
  0.008718   -0.01196584 -0.01152381  0.00259364  0.00442311  0.02637461
 -0.00576678  0.00108155  0.0037662 ]
[ 0.00923208 -0.00025545 -0.00633643  0.00780673 -0.00250305  0.01955076
 -0.00624245  0.00141126 -0.00548124 -0.00685285  0.00187599  0.00241546
  0.00435664 -0.00163664 -0.00101171 -0.01317632 -0.00373044 -0.00532958
  0.00598701 -0.00208268  0.01161873]
[ 0.01947711  0.01281418 -0.00780173  0.00356329 -0.0134885  -0.00307749
 -0.03107306  0.01086934 -0.01523187 -0.01949458 -0.02044904 -0.00146261
  0.00072406 -0.00683524  0.00564712 -0.00590426 -0.00902604  0.00741946
  0.00903749 -0.00105631 -0.00213261]
[ 0.00346902  0.00165733 -0.00312193  0.00136376  0.00346906 -0.00232694
 -0.00081421 -0.00665577  0.00622416  0.00772493 -0.00048809 -0.00294759
 -0.00529997  0.00446769 -0.0042991   0.00045685 -0.00678053 -0.00918759
 -0.00292961  0.00048295  0.00579398]
[ 0.01289399  0.00843633 -0.00662978  0.00278809  0.00727045 -0.013611
  0.00210148  0.01843403 -0.00750418  0.01230099  0.00339248  0.0073879
  0.00160047 -0.00504774  0.00628181  0.00553456  0.00112838  0.00593541
  0.03053461  0.01364956  0.00536988]
[ 0.00389913  0.00191228 -0.00487068  0.00077764 -0.00580585 -0.00544102
 -0.00874904 -0.00612134 -0.01075013 -0.00541993  0.00127657 -0.00708505
 -0.00311558  0.00380293  0.00261173 -0.00161093  0.01262879 -0.00509299
 -0.01336046  0.01304661  0.00567487]
[ 0.00321631  0.00201157 -0.00220726 -0.00032902  0.01562877 -0.0012607
  0.01269548  0.007963   -0.02406089  0.00729399 -0.00941506 -0.00488406
  0.00047884  0.00074139 -0.0004708   0.00113783  0.00169401  0.00716423
 -0.00890925 -0.00674463  0.00429271]
[  1.04760409e-03   5.23597899e-04  -1.19738442e-03   1.19922568e-03
  -9.22404078e-04  -1.44916596e-03   1.10243579e-03  -3.71900278e-04
  -9.56643563e-04  -3.29798132e-04   4.89887033e-05   3.70058789e-03
   2.68859222e-03  -1.03447972e-03   3.97087064e-05  -9.02066936e-04
  -7.95026251e-04  -2.43117311e-03   2.03521098e-04   1.90464288e-03
  -1.05377755e-02]
[ 0.00543192  0.00360373 -0.00288356  0.00092844  0.01492178 -0.00393428
  0.00962458  0.00898782 -0.02114159  0.01322303 -0.01078475  0.00308268
  0.00076958  0.00116106 -0.00283492 -0.00420199  0.00247039 -0.00033101
  0.01047415  0.00138178  0.00348105]
[ 0.00556066 -0.00131413 -0.00484397 -0.01833194 -0.00912739  0.00525052
  0.01028405 -0.00264751  0.00225616  0.00734384 -0.00483269  0.00107806
 -0.01378522 -0.03274529 -0.00451064  0.00095214  0.0087375  -0.00234372
 -0.00182115  0.00721745 -0.00196274]
[ 0.0147608  -0.00356657 -0.00573964 -0.00960711  0.01871962  0.01869687
 -0.01188344 -0.00369929 -0.00782342 -0.02291558  0.01859625  0.01816236
  0.00144008  0.00112433 -0.01267385 -0.04433371 -0.00696762 -0.00892626
 -0.00292071  0.00467182  0.01190962]
[ 0.01125751  0.00615296 -0.00885829  0.00551776 -0.00482257 -0.00708958
 -0.00604688 -0.00985548 -0.00319363 -0.01480381 -0.00993384  0.00570634
  0.02185811 -0.00840938  0.02036894  0.0023133   0.0101452  -0.00894557
 -0.00196047  0.0029845   0.01675624]
[ 0.00551393 -0.00178048 -0.0051585  -0.02020153 -0.01203162  0.00550353
  0.01266596 -0.00188522  0.00370431  0.01279605 -0.00840664 -0.003567
 -0.00850267 -0.03335779  0.00054908 -0.00949231  0.01017552 -0.00418591
 -0.00555824  0.00794756 -0.00077865]
[ 0.00336767 -0.00070857 -0.00296825  0.00566127 -0.00255623  0.01265481
  0.00078601  0.00104089 -0.00089545  0.00084939  0.00053079 -0.002538
 -0.00045032  0.00136819 -0.00048432 -0.00351243  0.00382691  0.00165177
  0.01102063 -0.00663416 -0.00661174]
[ 0.00717547  0.00273411 -0.00629029 -0.00250458 -0.00739552 -0.00400614
 -0.01228353 -0.00411738 -0.01237785 -0.01407525 -0.00347886 -0.00387011
  0.00344444  0.00439167  0.00936904 -0.00352711  0.01319999 -0.00732034
 -0.01323621  0.01794268  0.019213  ]
[ 0.00769223  0.00136426 -0.00657691  0.00946267 -0.00250841  0.01710439
 -0.00863859  0.00902969  0.00615375  0.00691833 -0.02169881  0.0107833
 -0.00439936  0.00276753  0.00939751  0.01188591 -0.01933019 -0.00188556
 -0.02259213  0.01655975  0.0005431 ]
[ 0.00644102 -0.00274883 -0.00111822  0.00400179  0.00748876  0.00971085
  0.00433303 -0.0007374  -0.00086119 -0.00614836  0.00662451 -0.01320407
  0.0042033  -0.0087418   0.00488802  0.01374075 -0.00397054 -0.01233656
 -0.00245863 -0.00425564 -0.00625987]
[  4.59277538e-03   2.96408393e-03  -1.12320451e-03  -8.99440721e-04
   2.38956605e-03  -3.10659304e-03  -3.45322822e-03   1.28058374e-02
   4.24340930e-03   2.33440778e-03   7.25308110e-03  -4.00908284e-04
  -7.53465871e-03  -1.09985623e-04   1.65146922e-02   5.21648707e-05
   7.98847615e-04   5.99553690e-03   9.08555154e-03   2.96226651e-03
   2.78778884e-03]
[ 0.0032513   0.00137566 -0.00141987 -0.00090917 -0.00032901  0.00036172
 -0.00257786 -0.00034037  0.0018006  -0.00259214 -0.00432763 -0.00173728
  0.00360793 -0.00074915  0.00146967 -0.00168844 -0.00445435  0.00385893
  0.00232862 -0.00255542  0.00747952]
[ 0.04480305 -0.07144174  0.04221852  0.02318827  0.00876827 -0.00809333
 -0.01441763  0.0001389  -0.00301452  0.00717394  0.00707369 -0.02530085
  0.01219126 -0.036084   -0.00027714  0.02016246 -0.00583952 -0.02085945
 -0.00077754 -0.00295948 -0.00651457]
[ 0.00883663  0.00489153 -0.00768622  0.00400703  0.00559031 -0.00950162
  0.01146755  0.01616414  0.01270633 -0.0008955   0.00640515 -0.00223586
  0.00929979  0.000942   -0.01324398  0.00040662  0.00051632 -0.00791143
 -0.00583388  0.01264994 -0.00871256]
[ 0.01057783 -0.00237564  0.00245444 -0.00014031  0.01674616 -0.00175131
 -0.01084744 -0.00435839  0.00789752  0.01765939  0.00625063  0.01054846
 -0.00821059  0.00027509  0.01212969 -0.00742156  0.01076717 -0.00237864
  0.00013065 -0.00246188 -0.00329684]
[ 0.00642876  0.00280216 -0.00513729  0.00378943 -0.00387976  0.00272719
 -0.008146    0.01583486  0.00421327 -0.00294502 -0.01388058  0.00741264
 -0.00281728  0.00093607  0.00617057  0.00209849 -0.01303119  0.00647029
 -0.01598581  0.01317686 -0.01245713]
[ 0.01908557  0.03725179  0.04805743 -0.00096449 -0.01253727  0.00715249
  0.00974138  0.00204179 -0.00289604  0.00622354  0.02311546 -0.00015602
 -0.01234873  0.00425977  0.02358466 -0.00879754 -0.00311433 -0.01138412
 -0.0182762  -0.00778332 -0.00456696]
[ 0.00877592  0.00794895 -0.00215708  0.00503349  0.00230814 -0.01012451
  0.01002325  0.00735538 -0.01231786  0.01279368 -0.00066882  0.00752203
  0.01021236 -0.00156263 -0.01614593 -0.00264456 -0.01124707 -0.01589144
  0.02344861  0.02207198 -0.00341518]
[ 0.01187612  0.00011647 -0.00749747 -0.01471915  0.01370072  0.0120768
  0.00247404 -0.00405304 -0.00435977 -0.02767769  0.015938    0.00796612
 -0.01151138 -0.00120114 -0.01074477 -0.00140558 -0.01377989 -0.00233079
  0.00682209 -0.00147792 -0.00987571]
[  1.40722401e-02   9.98137272e-03   2.99022669e-03  -5.13470498e-05
   1.41695152e-02  -5.98414692e-03   2.15827069e-03   1.32984541e-02
   7.63629954e-03   1.33124897e-02   2.99780227e-02   3.49612475e-03
  -1.73918337e-02  -4.91408466e-04   4.68246122e-02   5.64985125e-04
   4.41542769e-03   6.02315467e-03   1.39803430e-02   1.25786593e-02
   1.34660404e-03]
[ 0.00292971  0.00178841 -0.00319875  0.00215721 -0.00270254 -0.00449284
 -0.0027057  -0.00314065 -0.00473153 -0.00423137 -0.00215056  0.00321901
  0.00773931 -0.00529781  0.00870225  0.00192684  0.0057032  -0.00499358
  0.00422527 -0.0034572   0.00248853]
[  1.39243155e-03   5.47600088e-04  -1.35382701e-03  -6.21863382e-04
  -6.43535012e-04  -6.72450278e-04  -8.36902334e-05   3.52194316e-06
   2.36044895e-03   1.08737095e-04  -1.59743201e-03  -3.68030081e-03
   2.52011918e-03  -8.96324597e-04   1.45933798e-03  -4.96852716e-03
  -6.03734601e-03   3.55868168e-03   1.13738644e-03  -5.58843052e-03
   3.18745492e-03]
[ 0.009849   -0.00995817  0.00456031 -0.00259563  0.01126048  0.00433375
 -0.0161532  -0.00174534 -0.00273874  0.00186371  0.01609765  0.01262299
  0.01092707 -0.00808644 -0.01127416 -0.02437635  0.00224476  0.00738501
 -0.01286152  0.00314512  0.00383922]
[ 0.02243113 -0.00254595 -0.01306153 -0.04074414 -0.00669979  0.00906574
  0.00487961 -0.00617623 -0.00353493 -0.01585686  0.01074514  0.01941612
 -0.02842883 -0.0085274  -0.02155586  0.04214978 -0.00692262  0.00792569
  0.01602971 -0.00700418 -0.00330044]
[ 0.00510769 -0.00082533 -0.00346904 -0.01097104 -0.00254803  0.00291759
 -0.00014067  0.00015403 -0.00230904 -0.00738957  0.00313999  0.00497461
 -0.00530593  0.00330827 -0.00390964  0.00801569 -0.00235574  0.0008767
  0.00465841  0.00133811  0.0077705 ]
[ 0.00329391  0.00192173 -0.0030834  -0.00055206  0.00010577 -0.00474581
 -0.003554    0.02495787  0.01045523 -0.00369261  0.00106548 -0.00583621
 -0.00056833  0.00139798 -0.00966769 -0.00010792  0.01345098 -0.01211517
 -0.00412508 -0.00969441  0.00346238]
[ 0.01205975  0.00571201 -0.01330829  0.00830541 -0.00222711 -0.01020584
  0.00362116 -0.00935975  0.00939698  0.02001197  0.00945186 -0.01672211
 -0.00097598  0.00729526 -0.01686517 -0.00725751 -0.02696184 -0.01314997
  0.00107859  0.01551709  0.01777235]
[  3.08973596e-03   1.16368146e-03  -1.54986614e-03  -9.57948829e-05
   7.75553810e-03   4.27134996e-04  -2.87191791e-03  -5.98165151e-03
   4.42315140e-03   5.72820437e-03  -6.74535134e-03   4.75924688e-03
  -7.33714099e-03   4.62396733e-03   3.63252336e-04  -3.87563503e-03
   4.63628983e-03  -9.42656518e-03   1.60309879e-03  -6.32988756e-03
  -1.80090524e-03]
[ 0.00531028  0.00418582 -0.00172526 -0.00030073  0.00906469 -0.00192592
  0.00526121 -0.00839099  0.01527599 -0.00826783 -0.00638847 -0.01326598
  0.01295004 -0.00019079  0.0032192   0.00284319  0.00846625  0.01204224
  0.00415714  0.01207213 -0.0052909 ]
[ 0.02857312 -0.04150417  0.02094466 -0.01573803 -0.00505399 -0.00929501
 -0.00738905  0.00034192 -0.00432131  0.01510636  0.00280265  0.00136174
  0.02219129  0.03111523  0.00056882  0.01350475  0.00286801  0.00243664
 -0.00161613 -0.00035843 -0.01517325]
[ 0.00608741 -0.00094355 -0.00556165  0.01183541 -0.00537995  0.02403843
 -0.00204935  0.00584827  0.00164984  0.00637735 -0.00906602  0.0014577
 -0.00279463  0.00354369  0.00446319  0.00826231 -0.00449413  0.00115047
 -0.00648725  0.0074189   0.00075737]
[ 0.00921486  0.00278148 -0.01127876  0.01219004 -0.00957947 -0.000591
  0.00473522 -0.00993888 -0.00204598  0.01131371  0.0159074  -0.01030572
 -0.00819687  0.01063221 -0.01205007 -0.00280599  0.01270006  0.01033634
 -0.00078079  0.01187956  0.00622063]

Right eigenvectors

[ 1.          1.54080516  1.70016291 -0.11405472 -0.18661162  0.26481872
 -0.07006423 -0.49553991  0.34318348 -0.39373151 -0.94009404 -0.15805915
  0.46812793 -0.05615622 -1.14706495  0.52592809  0.49845387  0.75981732
  0.15297707 -0.13703602  0.33284042]
[ 1.          0.00505495 -0.65886997 -1.57600203  0.79868756  0.7892927
  0.39989451 -0.20718742 -0.36247184 -2.2828555   1.21123682  0.40412532
 -1.01279157  0.21110812 -0.65386747  1.00440557 -1.04523897 -0.08384001
  0.39438376  0.19798808 -0.23197543]
[ 1.          0.29333365 -1.06266293  0.85312154 -0.91629694 -0.87749881
  0.73549495 -0.64856967  0.14020342 -0.54612875 -0.15904361  1.46936748
  1.75549095 -0.93955903  1.19348156 -0.31870425 -0.49252757 -0.15415195
 -0.78652117 -2.70547266  1.32207495]
[ 1.          0.33401073 -1.03745811 -0.41317808 -0.4634392  -0.57708268
  0.3105347   0.05129332  1.30653529  0.44175576 -0.38260875 -2.00106057
  0.98559886 -0.40602933  0.6094903  -2.39808114 -2.45230107  1.22980348
  0.18902041 -2.17707667  0.29749418]
[ 1.          0.42388083 -1.04316734  0.84339406 -0.55745506 -0.46806327
  0.40880649  0.26419976  0.02246113 -1.41478289 -1.04904134  2.68858209
  2.12942074 -0.60900142  0.91980981 -1.86976179 -0.58823734 -0.91397567
 -0.74625185  1.47982406 -9.43274258]
[ 1.          0.4111723  -0.50492556  0.01131465  1.56840243 -0.19381452
 -0.55816501 -1.64896805  1.43344564  1.08060935 -0.83807873  0.28326891
 -1.5470733   0.78356373 -0.02086527  0.6471938   0.1670474  -1.40790513
 -0.76730277 -1.00582206 -0.00553579]
[ 1.         -0.87789617 -0.03320252 -1.95823421 -0.86186146  0.21153809
  0.24725893  0.04094888 -0.2685796   0.57654727 -0.0029728   0.21387722
  1.103734    2.53169071  0.29247704  0.83909193  0.1180911  -0.10439595
  0.19092865 -0.22397121 -0.55523652]
[ 1.          1.67129907  2.01512016 -0.04216407 -0.13998305  0.14786888
  0.57873     0.59381511  0.12458412  0.87697448  2.54036718  0.13244824
 -1.48694468  0.25306011  3.61429036 -0.58452878 -0.01048543 -0.53991438
 -0.71173317  0.0546574  -0.313982  ]
[ 1.          0.5777751  -1.10723521  0.72734249 -0.95079122 -1.62367841
 -0.71070023 -0.52078716 -1.72036245 -0.45313274 -0.01106828  0.76347242
  1.06833415 -1.21081778  1.37010887  0.45308405  0.9896993  -0.82684957
  1.40258173 -1.25441712 -0.74954252]
[ 1.          0.3632525  -1.11943219  0.72380538 -0.55749547 -1.32769231
  1.63579453 -0.99171364  0.7184364   0.08823134  1.03744493  3.26474601
  1.18944803 -0.69144922 -0.16453659  1.71142898 -0.33939646 -0.37310031
 -1.42306811 -3.39170651  1.17073315]
[ 1.          0.30004128 -1.0217238   1.04028688 -0.45476796 -1.26739996
  2.22417276 -0.05465234  1.25385477 -0.02926129  1.32297288  2.4858578
  0.85426751  0.01703393 -0.68398164  0.66766342  0.38250822  0.85014554
 -1.65809393 -1.15949935  0.6260609 ]
[ 1.          0.08950803 -0.80151983  1.03558579 -0.45990939  0.68772673
 -0.17764317 -0.22353907  0.00645678 -0.00495186 -0.50270571  0.36791336
  1.29453955 -0.71603525  0.75037854  0.35319394 -1.60845592 -1.51514049
 -0.66779709  0.00690101  1.59769635]
[ 1.          0.52947833 -0.86712097  0.5337409   0.08904326 -0.98999443
  0.74076758 -0.47249273  0.73389063  0.69632327  1.3075942   0.24797435
  0.26821592  0.00441496  0.29955472  0.83401081 -0.04225156  0.77371966
  0.50389921  0.88975353  0.9856822 ]
[ 1.          0.47848347 -0.97110548  1.00231274 -0.71498862 -1.29810855
  0.86177257 -0.47189907 -0.86702104  0.40825389  0.55501062  1.73799577
  1.12283168 -0.5019113  -0.42006737  0.26817847 -0.26158024 -1.19745526
  0.49166154  0.44583355 -1.50342611]
[ 1.         -0.13740712 -1.0139965   1.96206795 -1.33810008  1.90292038
  1.28530296 -0.29851121 -0.0778033   0.63833243  1.1461839  -0.16847939
 -0.64431808  1.11808503 -1.01136515 -0.61686288  2.25385588  1.82759262
  0.34568835  0.01329677  0.2731186 ]
[ 1.          0.69458286 -0.03406728 -0.0883888   2.28085579  0.28203999
 -0.31962312 -1.90452783  1.61103188 -0.25429992 -2.93078509  0.29137216
  0.37083255  0.78111185  0.37580172 -1.17847135  3.39430994 -0.65380517
  2.09300341  0.16193075 -0.60111297]
[ 1.          0.50270627 -0.65339779 -0.30093361  4.4312301   0.07573413
  3.43598252  1.56145182 -5.39749497  0.47969236 -1.54502522 -2.10493756
  0.03589211  0.05075701  0.2966125   0.98238781  0.08820975  2.00644095
 -3.86025672 -1.8861105   0.46445227]
[ 1.          1.67205102  1.74231505  0.08580607 -0.74461286  0.10151565
  0.04546382  0.09522676 -0.71273969 -0.15086639 -0.52654732  0.0687773
  0.49739897 -0.07640179 -1.39568616 -0.25628325 -0.64797565 -0.56019992
  0.48184128  0.20992465 -0.14502805]
[ 1.          0.72991405 -0.81423819  0.76591802  0.02843378 -1.33263631
  1.01528629 -0.05092452 -0.35853296  2.58462298  0.6500409  -0.60936954
  0.86870166  0.44947816 -3.00089741 -0.91878485 -3.6954488  -2.98842597
  2.92607322  4.28635246  1.50826894]
[ 1.          0.56234987 -0.64965438  0.19558729 -0.14711212 -1.01451623
 -0.97589341 -0.54893495  0.26217707  0.87840208  0.35144863 -0.56600208
 -1.01457301 -0.06872002 -0.88763319  1.18900312 -0.66299386  2.20731096
  0.33664342 -0.04198842  0.42988958]
[ 1.          1.86155263  2.27899554 -0.04183228 -0.67070726  0.34218517
  0.23029587 -0.19071053 -0.20460995 -0.13913143 -0.17846343 -0.07275956
  0.18901503  0.05612636 -0.80530625 -0.05802126 -0.11345291 -0.15687932
 -0.27288096 -0.29067738  0.00944894]
[ 1.          0.2388236  -0.79499645  0.07709175  0.31092742  1.10850207
 -0.35473014 -0.01090641  0.00359718 -0.7485194  -0.58721802  0.19612368
 -0.1122981   0.02531109  0.08509495 -2.43479639 -0.73401615  0.03818713
  2.38425724 -1.85377717 -3.20618421]
[ 1.          0.51712137 -1.28097343  0.6390082  -1.20524619 -1.47235114
 -1.34368778 -1.4251262  -1.74460971  0.18714011  0.82121282 -1.52891265
 -1.31069929  0.45546814 -0.51498253  0.05210914  1.33059607 -0.25474178
 -1.17695516  0.47537072 -1.32215588]
[ 1.          0.29501062 -0.85515862 -0.31131881  0.28159165 -0.59953457
  0.65898895 -1.27654357  1.02338674  0.40468754  0.76027252  1.88424986
 -0.8013704  -0.1128141  -0.48356573  2.55170311 -0.27217823 -0.33125893
 -0.40178703 -2.0352608   1.0647573 ]
[ 1.          0.03921596 -0.49203445 -0.62120168  2.19330973  1.15975262
  0.08620317 -0.36722392 -0.39020311 -2.42110345  1.71111542  0.26451774
  0.01180959 -0.05771239 -0.44097513 -2.44505272 -0.86398137 -0.77253116
 -1.09503538  0.67705863  0.07854543]
[ 1.          0.26392841 -0.93747145  1.09788913 -0.66496386 -0.44714111
  1.05041535  1.90805561  1.13587571 -0.92537717 -0.9588019   2.2192585
  0.42106329  0.36060641 -0.18124447 -0.92768899 -0.76241863  1.14344815
 -3.33519156  2.24476415 -4.87453979]
[ 1.         -0.21860546 -0.72056803  1.56434289 -1.20294586 -0.4611756
  2.24228216 -0.03243856  0.4703907  -0.71652496  0.1345621   2.0791225
 -0.31466761  0.56429445 -0.40178944 -1.13726952  0.94358593  1.61108168
 -1.29117138 -0.53763995 -0.39701416]
[ 1.         -1.76775618  1.07592306  0.45115645 -0.11897554 -0.69031094
  0.28769053  0.02107586 -0.02394531 -0.36135475 -0.46947904 -0.48097709
 -0.45124681 -0.04800689  0.14854451  0.19530682 -0.27288518 -0.43450009
  0.34328046  0.13573253  0.02497706]
[ 1.          0.264191   -0.34829242 -0.07359203  2.30708615  0.48522471
 -0.72212469 -0.74454211  0.21313409  1.17941574 -1.90279943  1.68315327
 -1.08396902  0.85332413  0.17076399 -2.28627918  1.45601256 -1.50846018
  1.51072375 -0.72949467 -0.53854299]
[  1.00000000e+00   6.19456119e-01  -1.04334007e+00   1.14439702e-01
   3.79701894e-01  -1.73528892e+00  -1.09387185e-01   7.94374318e+00
   3.87695145e+00  -1.13824092e+00   8.26517214e-01  -1.94623893e+00
   6.09764084e-01   5.33250537e-01  -4.36142794e+00   1.07742350e-03
   4.89945611e+00  -5.25695790e+00  -2.29358967e+00  -2.53070828e+00
   4.64784785e-01]
[ 1.         -0.34511672 -0.75737723  1.85595909 -0.88027045  3.37142983
  0.33737674  0.27406829 -0.22710005  0.46794229  0.332169   -0.65889277
 -0.0629589   0.28936908 -0.13332879  0.14100325  1.00207263  0.301625
  1.09594335 -0.50081384  0.03832686]
[ 1.          0.63347788 -0.82513988  0.25048879 -1.06088252 -0.96906915
 -2.04232804  0.25617068 -1.71528383 -1.21975137 -0.84474564 -0.14044804
 -0.25383897 -0.94904449  0.72185399  0.32505913  0.05307012  0.27582083
  1.58629295 -1.38453565 -1.65229894]
[ 1.          0.55865186 -0.76616882 -0.01959721  1.23801448 -0.57905818
  1.25261414 -0.46809281  2.09396517 -0.85420521  0.25458239 -2.10428174
  1.71802686 -0.19024174  0.43170558  0.0131643  -0.27325873  1.71122555
  0.1527169   1.38780798 -0.77694271]
[ 1.          0.47761724 -0.64726747 -0.32481929 -0.2362261  -0.57912083
 -1.18625605  2.68645557  0.62117704 -0.3434595  -0.27103076 -0.3561564
 -0.61595473  0.00933656  0.48080219 -0.02942399 -0.14954771  0.81847571
  0.73219413 -0.34957981  0.4034714 ]
[ 1.          0.48369548  0.13687708 -0.29555204  0.11371798 -0.12074235
 -1.15581469  0.52695358  0.25526656  0.25056968 -0.71859417  0.60910112
 -0.30670038 -0.50527031 -0.82881648  1.09621699 -0.15841668  1.99509393
  0.73833994  0.04017733  0.76100194]
[ 1.          0.48015908 -1.21909069 -0.04563645 -0.69034447 -1.24127006
 -0.89557755 -0.95908748  0.605261    0.9433673  -0.15165539 -3.45158156
 -0.70448481  0.07111835 -0.235978   -2.5540145  -3.31103665  1.50810082
 -0.83996277 -3.65212305 -1.29151836]
[ 1.          0.54714343 -1.08380003  0.32454329 -0.57461254 -1.25126581
 -1.49249652 -1.27101361 -0.51289453  0.69737606  0.19160234 -2.00573913
 -1.73610884  0.46813065 -0.83614013 -0.21675834 -0.79580545  0.22303073
 -0.90383256 -0.99970669 -1.32434842]
[ 1.         -0.89708141  0.07179315  1.13887318  0.05134405  1.59579278
  0.10246354  0.03121683 -0.17913249 -0.01824817  0.50313958 -1.3430413
  0.690238   -1.15450909  0.39763665  1.39888116 -0.2534585  -1.46563425
  0.2566314  -0.67279489 -0.13084831]
[ 1.         -0.77560797 -0.29983365 -2.67202457 -1.47174514  0.42217454
  0.83566225  0.06042327 -0.07239543  1.42719734 -0.50484401 -0.26240617
  1.74985541  2.80184071  0.92085156 -0.05600593  0.30708698 -0.34908086
 -0.09973994 -0.39745739 -0.74646834]
[ 1.         -1.2763716   0.79856714 -0.00285708  0.65786122 -0.14369444
 -1.2639837  -0.04697488  0.00233655  0.94755777  0.8330686   0.50087132
  0.89357941 -0.70772691 -0.48722105 -0.37179657  0.40196286  0.83715328
 -0.75663125  0.04880628 -0.16428668]
[ 1.         -0.35926753 -0.7568975  -2.78266405 -1.64580657  0.53369731
  1.26047184  0.03522971  0.4400494   1.4932874  -0.95068526 -0.94968129
  0.74587058 -0.67033501  0.92479207 -1.91688052  0.21720582 -0.30049013
 -0.55419507 -0.05802213  0.24009887]
[ 1.          0.4258868  -1.00349349 -0.29427684 -0.87216533 -0.98667865
 -1.6370554   0.03525295 -1.05033013 -0.46756094  0.17491607 -1.00246357
 -1.84484522 -0.13656416 -0.46055096  0.88744832  0.07409761  0.60679752
  0.43829358 -1.09811249 -1.84629814]
[ 1.         -1.45115597  0.62077053  1.27402627 -0.92242491 -1.29885027
  2.39312882  0.01925987  0.41301819 -1.9509144  -1.4108914   0.98790709
 -2.4759726   0.7950974   0.1151172  -1.70326368  0.13335364  0.99294605
  0.02943088  0.12997629  0.8457996 ]
[ 1.         -1.81554218  1.07953843  0.84058784 -0.4774855  -1.17725285
  1.35565679  0.03168925  0.16993748 -1.38178609 -1.25945512 -0.07054708
 -1.86757859  0.37608536  0.25955772 -0.74029249 -0.31100708 -0.01446868
  0.57057393  0.31012629  0.66307821]
[ 1.         -0.18774685 -0.60081571 -1.7457436  -0.46039002  0.44452365
 -0.27798016  0.34329048 -0.42388199 -1.06355579  0.24361598  0.23564872
  0.15710927  1.15646618  0.19800738 -0.40223539 -0.13153942 -0.21658101
  0.0512912   0.58031594  1.46532211]
[ 1.          0.32623622 -0.46939011 -0.37429114  2.0530445   0.43453263
  0.96023291 -0.2246779   0.0514835  -1.37874006  0.77153173 -0.97122138
 -0.08822125 -0.14373031  0.41559522  0.61530511 -0.36566599 -0.11995219
 -0.77135117  0.2675601  -0.77709329]
[ 1.          0.37372254 -0.43129318  0.25810728  1.07039555  0.7738096
 -1.34086668 -0.18426581  1.09581964  1.3380809  -2.53760675  1.61220778
 -1.49411854  0.57459021  0.17880736  0.85962478 -0.73341661 -0.2873663
 -0.98995727  0.36029929  0.32803379]
[ 1.          0.88665189  0.17945836 -0.07320748  1.33147263  0.02781873
  0.11526085 -1.55515154  1.53947341 -1.02928121 -1.64765174 -0.82445667
  1.05922932  0.14367975  0.22013416  0.5157606   1.77742503  0.47464713
  0.52298307  0.59462122 -0.05328205]
[ 1.         -0.73434883  0.65848045 -0.12360475  0.62722682 -0.18330998
 -1.81135202  0.22932362  0.14064463  1.17149432  0.51009663  0.9264481
  0.8555944  -1.17434082 -1.13095897  0.25454247  0.43408834  2.58843293
 -0.56595791  0.10614493  0.36961923]
[ 1.         -0.02766979 -0.68634834  0.8456082  -0.27112535  2.11769754
 -0.67616954  0.15286432 -0.59371667 -0.74228619  0.203203    0.2616379
  0.4719016  -0.17727756 -0.10958649 -1.42723149 -0.4040736  -0.57728929
  0.64850071 -0.22559139  1.25851708]
[ 1.          0.65790985 -0.40055886  0.18294742 -0.69253075 -0.15800519
 -1.59536258  0.55805682 -0.78203925 -1.00089668 -1.04990115 -0.07509381
  0.03717468 -0.35093724  0.28993597 -0.30313845 -0.46341779  0.38093229
  0.46400582 -0.05423325 -0.10949309]
[ 1.          0.47775214 -0.89994616  0.39312685  1.00001056 -0.67077818
 -0.23470906 -1.91863156  1.79421325  2.22683549 -0.14069902 -0.84969119
 -1.52780124  1.28788211 -1.23928296  0.13169399 -1.95459733 -2.64847075
 -0.84450674  0.1392176   1.67020791]
[ 1.          0.65428397 -0.51417643  0.21623206  0.56386354 -1.05560864
  0.16298112  1.42966128 -0.58199068  0.95400979  0.26310542  0.5729729
  0.1241256  -0.39148023  0.48718906  0.42923605  0.08751231  0.4603242
  2.36812812  1.05859873  0.41646416]
[ 1.          0.49043713 -1.24917149  0.19943879 -1.48901301 -1.39544639
 -2.24384567 -1.56992557 -2.75706032 -1.39003695  0.32739919 -1.81708578
 -0.79904482  0.97532974  0.66982418 -0.413152    3.23887743 -1.30618752
 -3.42652665  3.34603453  1.45542125]
[ 1.          0.62542609 -0.68626989 -0.10229824  4.8592169  -0.39197132
  3.94721461  2.47581579 -7.48088892  2.26781121 -2.92728375 -1.51852618
  0.14887734  0.23051045 -0.14637917  0.35376949  0.52669392  2.22746709
 -2.77001714 -2.09700527  1.33466609]
[  1.           0.49980513  -1.14297417   1.14473176  -0.88048919
  -1.38331452   1.05234009  -0.35500079  -0.9131728   -0.3148118
   0.04676261   3.53242977   2.56642011  -0.98747201   0.03790431
  -0.86107618  -0.75889953  -2.32069837   0.19427291   1.81809416
 -10.05892925]
[ 1.          0.66343563 -0.5308542   0.17092349  2.7470521  -0.72428908
  1.77185474  1.65462944 -3.8920994   2.43431847 -1.98543862  0.56751207
  0.14167695  0.21374706 -0.52189976 -0.77357384  0.45479179 -0.06093826
  1.92825772  0.25438149  0.64085062]
[ 1.         -0.2363271  -0.87111396 -3.29672164 -1.64142271  0.94422632
  1.84943056 -0.4761154   0.40573548  1.32067877 -0.86908557  0.19387199
 -2.47906408 -5.88874636 -0.81117028  0.17122764  1.57130766 -0.42148219
 -0.3275059   1.29794861 -0.35296941]
[ 1.         -0.24162445 -0.38884324 -0.65085296  1.2681988   1.2666574
 -0.80506801 -0.25061607 -0.53001369 -1.55246228  1.25984077  1.2304461
  0.09756138  0.07616974 -0.85861581 -3.00347723 -0.47203529 -0.60472771
 -0.19786935  0.31650158  0.80684104]
[ 1.          0.54656527 -0.78687789  0.49014038 -0.4283867  -0.62976413
 -0.53714152 -0.87545841 -0.28368877 -1.31501678 -0.88241916  0.50689184
  1.94164687 -0.74700207  1.80936448  0.20548949  0.90119391 -0.79463174
 -0.17414796  0.2651121   1.48844974]
[ 1.         -0.32290535 -0.93554109 -3.66372973 -2.18204158  0.99811551
  2.29708492 -0.34190081  0.67180965  2.3206784  -1.52461881 -0.64690767
 -1.54203491 -6.04973577  0.0995812  -1.72151596  1.84542251 -0.75915214
 -1.00803694  1.44136101 -0.14121517]
[ 1.         -0.21040423 -0.88139494  1.68106363 -0.759049    3.75773533
  0.23339895  0.30908391 -0.26589715  0.25221909  0.15761441 -0.75363623
 -0.13371918  0.40627103 -0.14381465 -1.04298378  1.1363685   0.49047963
  3.27247995 -1.96995584 -1.96329683]
[ 1.          0.3810354  -0.87663832 -0.34904792 -1.03066704 -0.55831103
 -1.71187817 -0.57381373 -1.72502413 -1.9615792  -0.48482693 -0.53935308
  0.48002941  0.61203968  1.30570387 -0.49155117  1.83959974 -1.02018955
 -1.84464854  2.50055965  2.67759546]
[ 1.          0.17735584 -0.85500638  1.23016004 -0.32609647  2.22359246
 -1.12302842  1.17387177  0.79999614  0.89939207 -2.82087377  1.40184299
 -0.5719228   0.35978289  1.22168832  1.54518315 -2.51295005 -0.24512489
 -2.93700578  2.15278964  0.07060352]
[ 1.         -0.42676969 -0.17360859  0.62129823  1.16266681  1.50765764
  0.67272385 -0.11448562 -0.13370476 -0.95456344  1.02848721 -2.04999623
  0.65258316 -1.35720703  0.75888877  2.13331906 -0.61644642 -1.9153116
 -0.38171421 -0.66070908 -0.97187635]
[ 1.          0.64537969 -0.24455899 -0.19583817  0.52028803 -0.67640866
 -0.75188267  2.78825685  0.92393138  0.50827824  1.57923706 -0.08729107
 -1.64054588 -0.02394753  3.59579793  0.01135803  0.1739357   1.30542785
  1.97822684  0.64498397  0.60699438]
[ 1.          0.42310875 -0.43670856 -0.27963191 -0.1011918   0.11125228
 -0.79287086 -0.10468857  0.55380782 -0.79726099 -1.33104348 -0.53433414
  1.10968807 -0.2304159   0.45202607 -0.51931009 -1.37002051  1.18688575
  0.71620995 -0.78596759  2.30046804]
[ 1.         -1.59457324  0.94231352  0.51756015  0.19570697 -0.18064243
 -0.32180028  0.00310021 -0.06728376  0.16012178  0.15788419 -0.56471277
  0.27210777 -0.8053916  -0.00618574  0.45002434 -0.13033764 -0.46558108
 -0.01735456 -0.06605537 -0.14540471]
[ 1.          0.55355198 -0.86981366  0.45345711  0.63262966 -1.07525402
  1.29772838  1.82921981  1.43791569 -0.10133955  0.72484092 -0.25302181
  1.05241374  0.10660121 -1.49875939  0.0460157   0.05842979 -0.89529961
 -0.66019326  1.43153431 -0.9859596 ]
[ 1.         -0.22458645  0.232036   -0.01326411  1.58313642 -0.16556417
 -1.02548814 -0.41203012  0.74661073  1.66947107  0.59091745  0.99722291
 -0.77620685  0.02600658  1.14670868 -0.70161388  1.01789891 -0.22487006
  0.01235083 -0.23273997 -0.31167407]
[ 1.          0.43587855 -0.79911045  0.58944899 -0.60350081  0.42421736
 -1.26711777  2.46312721  0.65537843 -0.45810045 -2.15913831  1.1530433
 -0.43822998  0.14560678  0.95983839  0.32642288 -2.02701416  1.00645924
 -2.48660895  2.04967304 -1.93771818]
[ 1.          1.95183023  2.51799866 -0.0505348  -0.65689772  0.3747589
  0.51040536  0.10698088 -0.15173981  0.32608632  1.21114883 -0.00817495
 -0.64701923  0.22319326  1.23573284 -0.46095227 -0.16317714 -0.59647809
 -0.95759254 -0.40781193 -0.23928869]
[ 1.          0.90576872 -0.24579575  0.57355681  0.26300829 -1.1536695
  1.14213188  0.83813293 -1.40359865  1.45781762 -0.07621056  0.85712248
  1.16368085 -0.17805924 -1.83980027 -0.30134305 -1.28158378 -1.8108016
  2.67192713  2.51506272 -0.38915388]
[ 1.          0.00980701 -0.63130673 -1.2393903   1.15363615  1.01689779
  0.20832056 -0.34127672 -0.36710351 -2.3305329   1.34202092  0.67076806
 -0.96928772 -0.10113944 -0.90473779 -0.11835389 -1.16030257 -0.19625833
  0.57443731 -0.12444459 -0.83155996]
[ 1.          0.70929522  0.21249116 -0.00364882  1.00691255 -0.4252448
  0.1533708   0.9450133   0.54264989  0.94601069  2.13029499  0.24844124
 -1.2358966  -0.03492042  3.32744551  0.04014891  0.31376864  0.42801676
  0.99346962  0.89386332  0.09569223]
[ 1.          0.6104396  -1.09183031  0.73632121 -0.92245739 -1.5335425
 -0.92353651 -1.07200033 -1.61501413 -1.44429492 -0.73405169  1.0987468
  2.64166004 -1.80830439  2.97034151  0.65768988  1.94667445 -1.70445857
  1.44221219 -1.18004646  0.84941097]
[  1.00000000e+00   3.93268945e-01  -9.72275448e-01  -4.46602478e-01
  -4.62166353e-01  -4.82932376e-01  -6.01036606e-02   2.52934742e-03
   1.69519927e+00   7.80915187e-02  -1.14722480e+00  -2.64307484e+00
   1.80986935e+00  -6.43711783e-01   1.04805007e+00  -3.56823799e+00
  -4.33582965e+00   2.55573186e+00   8.16834723e-01  -4.01343284e+00
   2.28912862e+00]
[ 1.         -1.01108447  0.46302232 -0.26354253  1.14331164  0.44001919
 -1.64008497 -0.17720972 -0.27807236  0.18922832  1.6344446   1.28165124
  1.1094596  -0.82104149 -1.14470096 -2.47500649  0.22791739  0.74982266
 -1.3058705   0.31933394  0.38980779]
[ 1.         -0.11350078 -0.58229479 -1.81641034 -0.29868257  0.40415869
  0.21753758 -0.27534196 -0.15759054 -0.70691287  0.47902799  0.86558816
 -1.26738267 -0.38015921 -0.96097949  1.87907483 -0.30861643  0.35333451
  0.71461876 -0.31225264 -0.14713652]
[ 1.         -0.16158542 -0.6791798  -2.14794617 -0.49886071  0.57121571
 -0.02754145  0.030156   -0.4520714  -1.44675352  0.61475806  0.97394526
 -1.03881101  0.64770294 -0.76544272  1.56933731 -0.46121496  0.17164234
  0.91203744  0.26197949  1.52133304]
[ 1.          0.58341965 -0.93609138 -0.16759935  0.03210948 -1.44078405
 -1.07896329  7.57698289  3.17411457 -1.12104194  0.32347002 -1.77182069
 -0.17253842  0.42441384 -2.93502306 -0.0327645   4.08359468 -3.67805576
 -1.2523365  -2.9431363   1.05114687]
[ 1.          0.4736425  -1.10352886  0.68868789 -0.18467267 -0.84627283
  0.30026804 -0.77611425  0.77920192  1.65940116  0.78375246 -1.38660416
 -0.08092837  0.60492648 -1.39846693 -0.60179579 -2.23568753 -1.09040151
  0.08943695  1.28668343  1.47369104]
[ 1.          0.37662812 -0.50161767 -0.03100423  2.51009737  0.1382432
 -0.9295027  -1.93597498  1.43156291  1.85394624 -2.18314815  1.54034097
 -2.3746822   1.49655744  0.11756744 -1.254358    1.50054564 -3.05092904
  0.51884653 -2.04868236 -0.58286704]
[ 1.          0.78824883 -0.32489089 -0.05663178  1.70700766 -0.36267718
  0.99075877 -1.580141    2.87668244 -1.55694757 -1.20303779 -2.4981691
  2.43867365 -0.03592925  0.60622046  0.5354122   1.59431299  2.26772157
  0.78284678  2.27335202 -0.9963514 ]
[ 1.         -1.45256037  0.73301994 -0.55079859 -0.17687919 -0.32530609
 -0.25860136  0.01196647 -0.15123697  0.52869148  0.09808679  0.04765802
  0.77664943  1.08896869  0.01990761  0.47263828  0.10037427  0.08527751
 -0.05656138 -0.01254434 -0.53103234]
[ 1.         -0.15499981 -0.91363158  1.94424298 -0.88378295  3.94887508
 -0.33665319  0.96071503  0.27102527  1.04762932 -1.48930599  0.23946219
 -0.45908291  0.58213406  0.73318377  1.35727879 -0.73826553  0.18899185
 -1.0656821   1.21872763  0.12441564]
[ 1.          0.3018466  -1.22397425  1.32286753 -1.03956692 -0.06413592
  0.51386733 -1.07857094 -0.22203049  1.22776708  1.72627631 -1.11838029
 -0.88952667  1.15381043 -1.30767719 -0.30450705  1.37821451  1.12170255
 -0.08473208  1.2891738   0.67506464]
