Cluster centers 

[ 0.1459713   0.61478506 -0.24937061  2.11284626]
[ 1.11365887 -0.15653178  0.13553096  0.17305801]
[-0.9980377   0.77330165 -0.74482354 -0.44255125]
[-1.73769759 -2.21027232 -1.04001285 -0.33949875]
[-0.65654913 -0.23837558  1.83153815 -0.51887486]
[ 0.6125641  -0.51866467 -1.7404642   0.33246294]
[-0.51995359  0.94225695  1.03821899 -0.75094902]
[ 1.27895751  0.47474608 -0.7600463  -0.69528841]
[ 1.31282162 -0.62834814  0.23163714 -1.06471863]
[ 0.63925593  0.35678797  0.06620742  1.4713766 ]
[-1.45433792 -0.78492768 -0.95658383 -0.10044272]
[-0.11976864 -0.31152361  1.47599362  2.07590053]
[-0.65414136  1.30013118  0.78047926  0.18133097]
[-0.19421939  0.90087352  0.73803142 -1.94485029]
[-0.51280947  1.6209928  -0.25051539 -1.17187087]
[ 1.1964298  -1.18781414  0.62848699 -0.62107153]
[-1.18240716 -0.14417591 -1.05977996 -0.76805787]
[-0.06737825 -1.08622965 -1.37458503  1.73453116]
[ 0.5811709   0.47030649 -0.61745916  1.42181229]
[-0.85453524  0.98615818 -0.77984143 -0.85187004]
[-0.67810085  0.3695363   1.59135976  0.91705128]
[ 1.23066368  0.32110224 -0.46905737 -0.31851198]
[-0.7497876   1.31101856  0.33283149  1.35140325]
[ 0.59664415 -0.05753316 -1.37998548  0.87223321]
[-0.85816314 -1.78546107  2.527844   -0.43829891]
[ 1.21919568  0.58318027 -1.28107308 -0.91070718]
[-1.19805839 -2.01688682 -1.57949432 -2.02567305]
[-1.15593974  0.53959432 -0.62042212  0.36138853]
[-2.05207003 -4.09451457 -0.97768522 -0.69978497]
[ 0.86174731 -1.57421388  1.13912705  0.5361356 ]
[ 0.78461782  0.29893844 -0.003512    1.16510561]
[-0.7096508  -0.0172917   1.81157145  0.22274465]
[-1.04013937 -0.64036581 -0.69146939  2.34069021]
[ 1.19268777 -1.59949518  0.78438803 -0.89218722]
[-0.56552201  1.44680309  0.5319491  -0.52509671]
[ 0.42357351 -0.19106396  0.87119789  1.74490533]
[-0.94115654  0.33886447 -1.10375166 -1.21835577]
[ 1.1253124   0.26796969 -0.31467304  0.15124807]
[-1.54839007 -0.94270209 -0.78669838  0.81207936]
[-1.52133006 -1.38131152 -1.09275126 -0.52600778]
[-0.31462058  1.371148    0.4167205  -1.53530211]
[-0.78951593  1.47775134 -0.12824142 -0.03830018]
[  1.31216776e+00   1.09551708e-03  -1.94276500e-01  -7.87849326e-01]
[-1.79394302 -2.03899908 -0.83764709  0.67729358]
[ 1.00930186 -2.22315445  1.19394374 -0.29506692]
[-0.52348166  0.10494216  1.53241638 -1.06390757]
[-0.80957591 -1.19732286  2.33462593 -0.1875726 ]
[ 1.0571149   0.50179147 -0.86229686  0.18273504]
[ 1.11569808 -0.67527392  0.47074665  0.01263028]
[-0.60157238  0.50520178  1.41162513 -0.41952432]
[-1.64478487 -1.81790813 -1.05708096 -0.37310835]
[ 0.78253351 -0.08764008 -1.62363862  0.16359495]
[-0.62635817  0.9932886   0.07401834  2.11434652]
[-0.62739524  1.12627685 -0.91646783 -1.50475739]
[ 1.20600882 -0.5421908   0.30134758 -0.33824219]
[-1.23140743 -0.98669874 -1.31375605 -1.33101607]
[ 0.74020477 -0.06003539  0.43897797  1.238262  ]
[-0.63889936  1.04347265  1.05776232  0.11639036]
[ 0.81398288  0.45168676 -0.77450253  0.88636962]
[ 1.35786417 -0.54747938  0.12844676 -1.64801368]
[-0.73838444  1.40741574 -0.43382749 -0.68253332]
[ 1.08443815  0.64299279 -1.8155885  -2.29912943]
[ 0.27692424  0.13429787 -0.95129939  1.72244083]
[-1.30539978 -0.15751271 -0.87768885 -0.0630713 ]
[-1.89805817 -2.62356782 -0.88844417  0.29026978]
[-0.40924761  0.67642999  1.10766713 -1.30900223]
[ 0.15782647 -0.52741401 -1.30879309  1.59151371]
[-1.35093974 -0.22348697 -0.64288587  1.19583533]
[ 0.87482183 -0.62066638  0.68913793  0.80737514]
[-0.31647759  1.64908646 -0.24195722 -1.68615703]
[ 1.00574638  0.18632565 -1.72116309 -0.68436374]
[-0.6147687   1.60784144 -0.07662367 -0.70694425]
[ 0.32950435 -0.6463572  -1.51747897  1.12895697]
[-0.03925832  0.38710564 -0.56758649  2.21063397]
[ 1.28418418 -0.95849073  0.4247916  -1.08486482]
[-0.67791027 -0.95415347  2.09815112 -0.91313862]
[ 0.99512916  0.17307389 -0.05568617  0.61288508]
[ 1.09144397 -1.23803692  0.76626836 -0.12583687]
[-0.46668659  1.16784961  0.79247313 -0.96668111]
[-1.57071068 -1.13321021 -0.89798571  0.27423397]
[ 1.28635114 -0.51264922  0.1970326  -0.78800647]
[ 1.35853496 -0.22533567 -0.06474912 -1.26724319]
[ 0.57240758  0.26971289 -1.02588971  1.23191884]
[-0.64827519  1.43544871  0.5696892  -0.01943591]
[-0.67891257  0.41999258  1.55447697  0.32905731]
[-0.76275362 -0.58795402  2.11078997  0.2855818 ]
[-0.9194991   1.15060868 -0.47686687 -0.14605381]
[-1.18033088  0.32536027 -0.78092487 -0.06121852]
[ 1.18729434 -0.91421704  0.51761432 -0.40978018]
[ 0.90348989  0.04153268  0.1792196   0.86370308]
[-0.61996503  0.18980734 -0.52258404  2.40663425]
[ 0.17878048  0.294772    0.72429528  2.06404695]
[-0.95960472  1.12425895 -0.4098344   0.17356306]
[ 1.02833202 -0.41113999  0.40390297  0.41268499]
[ 1.2241033   0.06884575 -0.1672471  -0.25613819]
[-0.49736049  1.45456338 -0.67161802 -1.53761433]
[-0.43987046  1.43434467  0.46010442 -1.09074919]
[ 1.2094523  -0.36986201  0.19053882 -0.29120426]
[ 1.13904099 -2.32709013  1.05899118 -1.16971058]
[-0.0978867   1.2050979   0.38275708 -2.14062887]

Populations

0.0118190464924
0.0179349581674
0.00800819171814
0.0016210777622
0.0126920779299
0.0126273247862
0.0165174570164
0.00659389845396
0.00965768853118
0.0132575188784
0.0217556792761
0.0230204341615
0.00447110147402
0.00300710315112
0.00582614279838
0.00786193033458
0.00448411737857
0.00938498985216
0.00800897428888
0.0135268887659
0.0234032449227
0.0236029365504
0.00887990598961
0.0127870253474
0.0132402676639
0.0006801672622
0.010080809906
0.00418849947894
0.0035876093142
0.0116823876281
0.0184128114511
0.00361199214158
0.0111970100398
0.0179981820728
0.00328936060131
0.0144892865554
0.0076950685907
0.00404078472358
0.00761276833332
0.0100339609994
0.0123561050548
0.019301575289
0.00526806072274
0.00393847260145
0.0137987770973
0.00857012451525
0.0176645689293
0.010659688879
0.0108508924304
0.00215382857862
0.0123339713691
0.00742093382291
0.0095141021542
0.0130986800559
0.0089351262098
0.0105608510682
0.0179814421876
0.0192833958568
0.0123687167946
0.00863525264371
0.00873797056862
0.00580338372691
0.0066520895183
0.0130138561162
0.00291953502706
0.00418615182268
0.00425454757743
0.00397165914756
0.00411056811421
0.0140402438814
0.0111705554444
0.00600274099109
0.0160720267013
0.00428665243194
0.00750676358936
0.0109931818312
0.0012061495698
0.0119936381467
0.0169870705444
0.00767782532676
0.012329437779
0.0179145024331
0.0130324495737
0.00841016912842
0.0139904614012
0.0144452698626
0.0129185490381
0.0112919237582
0.0135721226243
0.00406345298207
0.00788519241205
0.0105710214817
0.00761636889307
0.00406226406482
0.0282599530591
0.00446093696786
0.0063040674131

State labels

0
1
2
3
4
5
7
8
9
10
11
12
13
14
15
16
17
18
19
20
21
22
23
24
25
26
27
28
29
30
31
32
33
34
35
36
37
38
39
40
41
42
43
44
45
46
47
48
49
50
51
52
53
54
55
56
57
58
59
60
62
63
64
65
66
67
68
69
70
71
72
73
74
75
76
77
78
79
80
81
82
83
84
85
86
87
88
89
91
92
93
94
95
96
97
98
99

Eigen values

1.0
0.742515139334
0.722576413742
0.704015047441
0.66213542723
0.657401948023
0.642572542053
0.637019010884
0.610186466529
0.595409559347
0.569851904988
0.56053645994
0.528814121885
0.510231029343
0.50500988081
0.486994840402
0.469578285101
0.449794250147
0.434490165929
0.420377762657
0.401467921845

Left eigenvectors

[ 0.01181905 -0.01012355  0.00328495  0.00658548  0.02801785 -0.01432222
  0.00813838 -0.02034027  0.00350938 -0.0058447   0.01320177 -0.0053413
  0.00457269  0.01285772 -0.00421094 -0.01421185  0.00172423 -0.0062305
  0.00517969 -0.01700972 -0.00091787]
[ 0.01793496 -0.00037343  0.02237108 -0.00532248  0.00123453 -0.00785654
  0.00481508  0.00601564  0.01235188 -0.01215092 -0.00360631 -0.00692643
 -0.00464048 -0.02385061  0.03614789 -0.01669922  0.01718557  0.00511568
  0.00673512  0.01675312  0.02491645]
[ 0.00800819 -0.0061737  -0.00083871  0.00104741  0.015734   -0.01417659
 -0.0116281  -0.00917881 -0.00041039  0.00129699 -0.01484751 -0.00800057
 -0.00141064 -0.00172234 -0.00673153 -0.00312069 -0.00171989 -0.00035819
 -0.00058575  0.00053083 -0.00084215]
[  1.62107776e-03  -2.23175225e-03  -6.12812685e-04  -6.92118399e-04
  -3.95073416e-04  -6.88574279e-05   2.22435037e-03   6.91595382e-04
   4.03640896e-04  -5.27909523e-04  -2.55502433e-03  -4.18059787e-03
  -3.79970800e-03  -2.66790810e-03  -1.10346582e-03   3.13534468e-03
  -3.31938135e-03  -1.39591101e-03  -4.07625648e-03  -1.98066552e-03
  -2.57716715e-03]
[ 0.01269208 -0.00082102 -0.01830205  0.01316667  0.0062989  -0.01601061
  0.04103612 -0.00598403 -0.00184222  0.02701936  0.00035575  0.01295752
  0.00552611  0.00138378  0.00965795  0.00801387  0.00807492  0.01318783
 -0.01392328  0.00097678  0.00535604]
[ 0.01262732 -0.00539197  0.00582035  0.01689413  0.00403356  0.00456548
 -0.01268742  0.00749281  0.00093954  0.00486074  0.00484899  0.00673976
 -0.00525642 -0.00079171  0.00766857  0.00539409 -0.00255569  0.0142279
  0.00721555 -0.01434988 -0.01236401]
[  1.65174570e-02   6.62465204e-03   1.01322131e-02   8.41936974e-03
  -3.29651907e-03   1.06181736e-02  -7.96519901e-04  -1.57346405e-02
  -1.34025680e-02  -1.15129573e-02  -3.33146261e-03   1.54869060e-02
  -1.21245658e-02  -7.58156082e-03  -6.39228000e-03   3.12951228e-02
  -6.75915220e-05   1.83111435e-02  -2.21391666e-03  -4.38419877e-03
   1.32397278e-02]
[ 0.0065939  -0.00514527  0.00551657  0.00170056  0.01601048 -0.00686818
  0.00246773 -0.01512233  0.00123756 -0.01058058  0.01236262 -0.00496292
  0.00203288  0.0087553  -0.00113906 -0.01278446  0.00169296 -0.00465548
  0.00103557 -0.006972   -0.01138012]
[  9.65768853e-03  -3.05190269e-03  -1.78958233e-05   4.09429459e-04
  -1.00852127e-02  -1.33977091e-02  -9.78954071e-03  -2.77460823e-03
  -9.75641298e-05   1.02774509e-02  -1.64497136e-02  -2.56048095e-02
  -8.95766524e-03   1.20629410e-02  -5.13301920e-03  -1.54162878e-03
   3.53580935e-03   2.60460754e-03   9.66318125e-03   5.77851912e-03
   4.19061699e-03]
[ 0.01325752 -0.02163079 -0.01203626 -0.0093538   0.00395725  0.01320453
  0.01753043  0.01522599  0.00863211 -0.0072848  -0.00564114  0.00172296
 -0.0062451   0.00787796 -0.00715226  0.00152707 -0.00437219 -0.01182795
 -0.00465147 -0.01052788  0.0064668 ]
[ 0.02175568  0.01936103  0.00032188  0.03390105 -0.01084202  0.01809227
  0.00105787 -0.00255539 -0.00189215  0.0125782  -0.00542219  0.0116548
 -0.02712163 -0.00521044 -0.01212931 -0.021284   -0.00690642 -0.01228136
  0.02097323 -0.0050739  -0.01028256]
[ 0.02302043  0.01002351  0.01088711  0.00867527 -0.01062148  0.00782833
 -0.01995298 -0.01129111  0.01731413 -0.0033478   0.00476113 -0.00343828
  0.00069836  0.01133273  0.01106116  0.02466441  0.02040316  0.00690856
 -0.02561164 -0.02505064  0.0226486 ]
[  4.47110147e-03   2.13532897e-02  -5.34150800e-03  -6.52472970e-03
   1.67280608e-02   4.65050971e-03   6.34037434e-04   1.48055316e-02
  -1.18222340e-02   5.31627647e-05  -8.10072237e-04  -1.06942564e-02
  -5.94028646e-03  -2.34870795e-03  -4.74867322e-03  -8.37105625e-03
   5.27422054e-03   1.12022870e-03   7.86063256e-03  -1.39332385e-02
   1.16468521e-04]
[ 0.0030071  -0.00260215 -0.00087254  0.00096142  0.00179579 -0.00917917
 -0.00452867 -0.00456776 -0.00115466  0.00581407 -0.01657611 -0.01699503
 -0.00874158  0.00251006 -0.00532643 -0.001083   -0.00974163  0.00215042
 -0.0081469  -0.00033525  0.00862519]
[ 0.00582614  0.00053417  0.02095751 -0.01519988 -0.00146297  0.00222654
  0.00447031 -0.00282309 -0.00354207  0.01882651 -0.00854922  0.00431513
  0.0168141  -0.01110842 -0.00202318  0.00084114  0.00083511 -0.00451334
  0.01256335 -0.0022532   0.00452439]
[ 0.00786193 -0.00977101 -0.01059054  0.00543415  0.01760081 -0.01078134
  0.02125709 -0.00321366  0.00834221  0.01257251  0.00505983  0.00788835
  0.00626748  0.0077777  -0.00501268  0.00572153  0.00590032  0.0029483
  0.00414631 -0.02106585  0.01735757]
[  4.48411738e-03   2.44907748e-04   3.03213804e-03   4.01092630e-03
  -2.20429982e-03   3.77176421e-03  -2.40339955e-03  -1.02170648e-03
   1.58407978e-03   1.05649772e-03   1.46138737e-03   1.45805845e-03
  -7.01420521e-03   4.18635150e-03  -3.49587090e-03   9.39642711e-05
   5.20936382e-03   1.35169502e-02   6.14476415e-05  -8.50158700e-03
  -1.16861692e-02]
[ 0.00938499 -0.00524027  0.00907283  0.00402881  0.01963307 -0.00780606
  0.00282625 -0.02163921 -0.00226075 -0.01119755  0.02178982 -0.01262896
  0.00513848  0.01022544 -0.0014723  -0.01006599  0.00341957 -0.01296535
  0.00112808  0.00014909 -0.01142969]
[ 0.00800897 -0.00071347 -0.00102027  0.01705358 -0.00331642 -0.00029998
  0.00269451  0.00640538 -0.00561491  0.0112445  -0.00793745 -0.00372912
 -0.00248839 -0.00165472  0.01664619 -0.00689368 -0.01622168 -0.00168279
  0.00742653  0.00111368 -0.01435114]
[ 0.01352689  0.01078272 -0.00622816 -0.01631285 -0.01683369 -0.00905503
 -0.0084684  -0.01030244 -0.00316852  0.00460333  0.01881504  0.01062943
  0.00858892 -0.01074225 -0.00750725 -0.01474764 -0.03614475  0.00926727
 -0.01137951 -0.01752863  0.0095255 ]
[ 0.02340324 -0.00247092  0.00986311  0.03209656  0.00636312  0.00555649
  0.00838503  0.00144673 -0.00600913  0.00928786  0.01644076 -0.00676842
  0.00333869  0.00203957  0.01040907 -0.01131114 -0.01229421 -0.01742356
  0.01949917  0.01632982  0.01635249]
[ 0.02360294  0.00482885  0.00259569  0.0098364  -0.01961208  0.01721334
 -0.01678213 -0.01126596  0.0016174   0.02411635  0.00769179 -0.01785913
 -0.00756915  0.04056627 -0.00961308 -0.00082753  0.02691317  0.02160037
 -0.01282254  0.0040318  -0.00501108]
[ 0.00887991  0.00224108  0.00567484  0.00036148  0.00198652  0.00215663
 -0.00151579 -0.00682541 -0.00123619 -0.00939814  0.00335056  0.00187581
 -0.01185647 -0.0041397   0.00374934  0.01815553 -0.00014788 -0.00332698
 -0.00448815  0.0009474   0.01122039]
[ 0.01278703  0.01104402  0.00555811  0.02352457 -0.01008077  0.00448882
  0.00792757  0.00176478  0.01179752 -0.00640154 -0.00396524  0.01466363
 -0.00137569  0.00233433 -0.03141929 -0.02747349 -0.01327439 -0.01514496
  0.00942577  0.01644269  0.00868578]
[ 0.01324027 -0.01445702 -0.01111973 -0.00794541 -0.01209188  0.00737555
 -0.00368377  0.00644382 -0.00876434 -0.00917877  0.01760734 -0.01198301
  0.01613785 -0.02143313 -0.0213612  -0.01140756 -0.00824852  0.02263806
 -0.01033066 -0.0066536   0.00453735]
[ 0.00068017 -0.00057734 -0.0001273   0.00016602  0.00069728 -0.00250251
 -0.00133967 -0.00165326 -0.00054468  0.00141358 -0.00497771 -0.00491772
 -0.002876    0.00064736 -0.00172449 -0.00035323 -0.00411791  0.00072672
 -0.00328737 -0.00077976  0.00473711]
[ 0.01008081  0.00708698 -0.02157213 -0.01015345  0.0041585   0.02010754
 -0.00210059 -0.01122251  0.02377667 -0.00108446 -0.00872145 -0.00636053
  0.01734756 -0.00069122  0.00938365  0.0079272  -0.00659362 -0.00634293
  0.01004979  0.00990952 -0.0110667 ]
[ 0.0041885   0.00030659 -0.00649229 -0.00732927 -0.01161875 -0.00836316
 -0.00255913 -0.00192622 -0.00297805  0.00321689  0.00627746 -0.00079365
 -0.00624633  0.01198923  0.00091354 -0.0017621   0.00342248  0.00466279
  0.01912674  0.00375252  0.00175817]
[  3.58760931e-03  -2.78039783e-03  -1.50416983e-03  -1.37623991e-03
   4.32859515e-03  -4.84007236e-05  -1.87589019e-03  -8.14706513e-03
  -1.18991010e-02  -1.31930470e-02  -8.56425243e-03   6.89469355e-03
   3.19115733e-03   2.66832641e-03   1.22027088e-03   8.15394339e-04
   2.72467064e-03   4.97063175e-03   2.62526528e-03   4.32763002e-03
   5.79125657e-03]
[ 0.01168239  0.00114302  0.0156156   0.00087603  0.00619373  0.00185311
  0.00181817 -0.01567603 -0.00652606  0.00533629  0.02003841 -0.01040431
 -0.00010477  0.01050382 -0.01480477  0.01493609 -0.0074278  -0.0112376
 -0.00035451  0.01811007 -0.01443814]
[  1.84128115e-02   3.06892927e-03  -1.42904676e-05  -1.14752459e-02
  -1.79729822e-02  -2.81513922e-02  -4.17522507e-03  -3.01123355e-03
   8.19408195e-03  -1.54564402e-02   1.90539490e-03   3.03491897e-03
   6.04691535e-03  -5.62810736e-03   1.08468974e-02  -1.56158631e-02
  -1.17040937e-03  -4.16929086e-03  -4.29543285e-03  -1.65616549e-02
  -3.61422759e-03]
[ 0.00361199  0.00215756  0.00034449  0.00335526 -0.00284275  0.00212469
 -0.00114089  0.00054427 -0.00221334  0.00205034 -0.00044159  0.00461027
 -0.00976113 -0.00110673 -0.00238445 -0.00098685 -0.00065419 -0.01281112
  0.00365189 -0.00284296 -0.00159551]
[ 0.01119701  0.00316169  0.00702167 -0.01342203  0.00265736 -0.00577011
  0.00132205  0.01298286  0.00741143 -0.00659023  0.00621322  0.00745915
 -0.01828448  0.00036081  0.01352633 -0.00274798  0.00176075 -0.00308679
 -0.01485588  0.01066701  0.00494595]
[ 0.01799818 -0.02169087 -0.00645309  0.01374559 -0.00429515  0.01751038
 -0.02106126  0.02145881 -0.0164968   0.00978715  0.02923541 -0.02472102
  0.0259546  -0.0057527   0.00033123 -0.00880015  0.00446524  0.01350372
 -0.01599721  0.01941329  0.0097792 ]
[ 0.00328936 -0.0002785   0.01189303 -0.00696302 -0.00062727  0.00285884
  0.00226198 -0.00176683 -0.0023754   0.01073496 -0.00478225  0.00395805
  0.01074216 -0.00375004  0.00030283  0.00060585 -0.00053546 -0.00126059
  0.00744373 -0.00686324  0.00502993]
[ 0.01448929 -0.00515169  0.00499873 -0.00038939  0.02157635 -0.01403482
 -0.00140963 -0.02736799 -0.00526782 -0.02565771  0.00179563 -0.00282147
  0.00503088  0.00143438  0.01496861 -0.00844759 -0.00041274 -0.0013405
  0.00670957 -0.00248245 -0.00334916]
[ 0.00769507  0.00293485  0.00796257  0.00200967  0.00363642  0.00397366
  0.00164642 -0.00673472 -0.00270343 -0.00300484  0.0087198   0.00072424
 -0.00704449 -0.00026941 -0.00788221  0.00986406 -0.00094396  0.00273549
 -0.00573729  0.01245685  0.00114243]
[  4.04078472e-03  -6.37527789e-03  -1.32323189e-05   3.81460566e-03
  -7.53071037e-04   8.30272372e-03  -1.53500520e-03   6.16612345e-03
  -1.22334998e-02  -9.44372921e-04  -2.77515235e-03   1.76044481e-03
   2.68656357e-03   1.09162476e-02   1.31135223e-02  -1.44690229e-03
  -1.05019315e-02  -7.46587627e-03  -5.80129595e-04  -4.57187146e-03
  -5.02288736e-04]
[ 0.00761277 -0.00558221  0.00674181 -0.00617404  0.00254751  0.00540245
  0.00517947  0.00034862  0.00808171 -0.00883031  0.00207276 -0.00569944
 -0.0151912  -0.00600359 -0.00022851  0.01902462 -0.01727699  0.00671075
  0.00539333  0.00477485 -0.00851079]
[ 0.01003396  0.01158304 -0.00630782  0.00191259 -0.00481358  0.02000707
 -0.01327018 -0.01343429  0.01770996  0.00730947 -0.00297798 -0.01110529
  0.00754483  0.01601074  0.00487025  0.00979747  0.01747616  0.00174403
 -0.01206498 -0.00692216  0.00635339]
[ 0.01235611  0.0096692  -0.02211179 -0.01078739  0.0080344  -0.00043694
  0.00080631 -0.01554568  0.00573299 -0.00131967 -0.00836277  0.00862283
  0.01610186 -0.00626297  0.017539   -0.00074576 -0.01069584  0.00034424
 -0.00161395  0.01842175 -0.02657279]
[ 0.01930158  0.02036399  0.00703513  0.00780575  0.00805634  0.00723198
  0.00696138 -0.00142387 -0.00444625 -0.00562455  0.01191457 -0.00360971
 -0.01122935 -0.01467765  0.00368417  0.004881    0.00812021 -0.00479986
 -0.00897887  0.02909471  0.03006432]
[ 0.00526806 -0.00141243 -0.00706635  0.00804929 -0.00168386 -0.00590007
  0.01380173 -0.00079483 -0.00391899  0.01198993 -0.00883457 -0.00207471
 -0.00182006 -0.0048118   0.00898098 -0.00024486 -0.00634517  0.00204562
 -0.01054492 -0.00022106 -0.01074787]
[  3.93847260e-03  -6.68006738e-03  -6.18226931e-05  -6.29335075e-03
   1.95936047e-03   5.20562022e-03   6.92797598e-03   7.01284145e-03
   8.40566858e-03  -5.06165574e-03  -2.15251669e-03   6.03640319e-04
  -9.08595221e-03   1.80816087e-03   1.16136867e-03  -4.05174099e-03
  -2.44859309e-03   1.58638246e-03  -3.90426148e-03   2.74473215e-03
   1.89906868e-03]
[ 0.01379878  0.0070537  -0.00600046 -0.01427016 -0.00851021 -0.01853841
 -0.02007035  0.00255824  0.00855986  0.00327598  0.0141971   0.02162696
 -0.01514119  0.00273544  0.01958865 -0.00216861 -0.00335224 -0.01462091
 -0.01670961 -0.00986301  0.00710031]
[  8.57012452e-03  -2.25094638e-03   8.46031651e-03   6.95520174e-03
   7.12887755e-04   3.19764830e-03   4.77112448e-04  -2.55699956e-03
  -4.30824477e-03  -9.29062832e-03   2.23611338e-05  -1.30362635e-03
  -2.39910304e-03  -8.05140441e-03   1.69448872e-02   1.39286339e-02
  -1.01905524e-02   1.14897410e-02   1.22004169e-02  -9.74257854e-03
   5.84382417e-04]
[  1.76645689e-02  -2.16465305e-02  -8.51916516e-03   1.13242007e-02
   2.90294365e-02  -1.99030134e-02  -4.26589787e-02   2.58514746e-02
   1.26333693e-02   2.18108234e-02  -4.46130189e-03   2.36996028e-02
   3.30707426e-03  -1.38297476e-02  -1.49410342e-02   1.32416981e-02
   1.12719837e-02   8.76317591e-05   5.34297436e-03   9.60318459e-03
  -6.13487152e-03]
[ 0.01065969 -0.00771192 -0.00787856 -0.00462379  0.00356339  0.00679198
 -0.00529426 -0.01224711 -0.03348595 -0.02634458 -0.02515068  0.02060974
  0.00589779  0.00605786 -0.00434906  0.00615736  0.00656484  0.01177836
  0.00234783  0.01027323  0.01321671]
[ 0.01085089 -0.00734929 -0.00246559 -0.00180921 -0.01329458 -0.00319209
  0.00362214  0.00271082 -0.00782926 -0.00740504  0.00333344 -0.01618073
 -0.00041687 -0.02521344 -0.00572908  0.00579027  0.02028503 -0.01727169
 -0.00838413 -0.01188094 -0.01592905]
[  2.15382858e-03  -2.38276797e-04   4.46357201e-04  -3.33967211e-04
   1.85058523e-03  -2.19223157e-03  -1.58151350e-03  -3.47486126e-03
  -1.55077940e-03  -6.48666293e-04  -2.59309874e-03  -1.11650978e-03
  -1.62145201e-03  -6.16137111e-04  -4.20563020e-04  -3.41337508e-05
  -4.23500528e-03  -8.15646371e-05  -1.62225085e-03  -2.80173707e-03
   5.67853284e-03]
[ 0.01233397  0.0142204   0.01117701  0.01422314 -0.01580018 -0.02489626
  0.00146997  0.02362397  0.017566   -0.02827188 -0.01538347 -0.00129985
  0.03299657  0.01585487 -0.00524447  0.00860233 -0.00535244 -0.00292391
 -0.00224796 -0.00834137 -0.00767174]
[ 0.00742093 -0.00317251 -0.0031794  -0.00347241  0.00270595 -0.01132911
 -0.01847392  0.00837466  0.00373736  0.00680148  0.00453833  0.01775542
 -0.01075252 -0.00325546  0.00335997  0.00758776  0.00331583 -0.01934405
 -0.00745063 -0.0033087   0.00245152]
[ 0.0095141  -0.01681368 -0.01374927 -0.00072009  0.01668629 -0.00325984
  0.01055272  0.009456    0.01557518  0.00864283  0.00130778  0.00829562
  0.00412776  0.00427651 -0.01238894  0.01165941  0.00227088 -0.00128319
  0.01244803 -0.01918542  0.01917922]
[ 0.01309868  0.00698034 -0.01441777 -0.01695295 -0.02351395 -0.01906078
 -0.00751379 -0.0057719  -0.00419623  0.01279742  0.01957163  0.00606999
 -0.01023851  0.02605371  0.00717129 -0.00439236 -0.00154222  0.01453046
  0.01924293  0.00679252  0.00337637]
[ 0.00893513  0.01333253 -0.01156483 -0.01065797  0.00028614 -0.00285718
 -0.00966443 -0.00620808  0.00216693  0.00239625  0.00470268  0.01124152
  0.00159258 -0.00870076  0.00997859 -0.01179916 -0.01817916 -0.00472354
 -0.00828785 -0.00654021 -0.00465804]
[ 0.01056085 -0.00281198  0.00995642 -0.00714462 -0.00504782 -0.01075182
 -0.00589367 -0.00662165  0.00187743  0.00528921 -0.01084739 -0.01708127
  0.000534   -0.00765582 -0.00404299  0.00352951  0.0089656  -0.0064359
  0.00167969 -0.00190052 -0.00607898]
[  1.79814422e-02   1.89641318e-02  -5.45893880e-03   1.04439952e-02
  -1.10369740e-02   1.50428763e-02  -4.90928102e-04  -1.46217854e-02
   8.93904659e-03   2.82511295e-05  -1.64051611e-04   8.66097671e-03
  -1.31324899e-03  -1.02097765e-02  -1.09797800e-02  -4.08653593e-03
  -6.32349936e-03  -7.01943080e-03  -9.05406952e-03  -6.35538261e-04
   1.71145028e-02]
[ 0.0192834  -0.00383216 -0.02539447  0.00193446 -0.01578954 -0.00752395
  0.02999238 -0.00769443 -0.00906148  0.00226572 -0.0111252   0.00442287
  0.0053158  -0.02290347  0.00116206 -0.00109089  0.01763987 -0.00815132
 -0.01960783 -0.0004364  -0.02378223]
[ 0.01236872 -0.00185158  0.00527493  0.01468743 -0.00244613 -0.01533829
 -0.00815746  0.01383999  0.00625462  0.00441517 -0.01383709 -0.00984583
  0.00567686  0.0018793   0.01013612 -0.00374573 -0.0043611  -0.002778
  0.0155792   0.01087229 -0.00157088]
[ 0.00863525  0.00182341 -0.00999562 -0.00303041  0.01578311 -0.00143605
 -0.01313803 -0.00735902 -0.00787089 -0.00541003 -0.01932288  0.01088993
  0.00429325 -0.00665898 -0.00368268 -0.00273462 -0.00030421  0.0050399
  0.00271327  0.01184841 -0.00843574]
[ 0.00873797 -0.00736923 -0.01204361 -0.00652827 -0.0102925  -0.00073453
  0.00148771 -0.00439265 -0.01821368 -0.0124147  -0.00620494  0.00296075
  0.00549006 -0.00532891 -0.01014231 -0.00157062  0.0082667   0.01169668
  0.00462478  0.00390785  0.00338981]
[ 0.00580338 -0.0001326   0.0101587  -0.00577874  0.00064567 -0.00039152
  0.00120406 -0.00586726 -0.00181522  0.00373169  0.00447597 -0.00671012
 -0.00182797 -0.00137438 -0.0094535   0.01692822 -0.01000462 -0.00613148
  0.00216318  0.00808391 -0.01222308]
[  6.65208952e-03  -4.92225032e-06   1.06177408e-02   1.46886736e-03
  -2.07604014e-05   1.86295929e-03   2.75232936e-04  -2.28851974e-03
   2.18987494e-04   1.80599277e-03  -1.20499125e-03  -6.09521962e-04
   4.57750078e-03  -6.53414382e-03   1.30062317e-02   3.58324021e-03
  -7.52921215e-04   2.36027093e-03   8.83704124e-03  -7.14506346e-03
   1.62291322e-02]
[ 0.01301386 -0.01157576  0.00308484  0.02232466 -0.00085566  0.01364607
 -0.00752292  0.01448661 -0.0191919   0.00637613  0.00617998 -0.00676885
  0.00734937  0.00531684  0.03324192 -0.00257346 -0.02659393  0.00240211
  0.01015642 -0.00445555 -0.00732338]
[ 0.00291954 -0.00403468 -0.00183739 -0.00420618  0.00065969  0.00422261
  0.00326482  0.0020555   0.00633539 -0.00397887  0.00088308 -0.00379428
 -0.00389622 -0.00195763 -0.00215606  0.00839713 -0.00879081  0.00233085
  0.00864666  0.00205143 -0.00130187]
[ 0.00418615  0.00567734  0.00387175  0.00891643 -0.0065275  -0.00524095
  0.00242237  0.00669417  0.00803458 -0.00976097 -0.00568911  0.00393071
  0.01006367  0.00598132 -0.01202211 -0.00634703 -0.00658583 -0.0066544
  0.00271296  0.0031233   0.00035973]
[ 0.00425455  0.00428921  0.00094698  0.00959527 -0.00456734  0.00182967
  0.00601832 -0.00096872  0.00270683 -0.0004602  -0.00184759  0.00716522
 -0.003481   -0.00156513 -0.01344707 -0.00939371 -0.0004028  -0.00293794
  0.00217068  0.01017842  0.00585716]
[ 0.00397166  0.00428118  0.00381079  0.00435359 -0.00526823 -0.00519324
 -0.00225767  0.00457147  0.00712053 -0.00825376 -0.00371324 -0.0008998
  0.01033181  0.00697239  0.00015587  0.00718659  0.00181649  0.00023736
 -0.00584448 -0.00830166  0.00165259]
[ 0.00411057  0.00969816  0.0035204   0.00011513 -0.00057037 -0.00910459
  0.00385417  0.01307345  0.00130643 -0.00857444 -0.00216403 -0.00176227
  0.01146282  0.00896383 -0.00187254  0.00876432 -0.00227451  0.00122362
 -0.00549969  0.00406483 -0.00321912]
[ 0.01404024 -0.01328434  0.01043374 -0.02075018  0.00499025  0.01069809
  0.01360158  0.01575768  0.02597837 -0.01329262 -0.00302509  0.00068577
 -0.02597709 -0.00096439  0.0102246  -0.01431467 -0.00365175  0.01522571
 -0.00699094  0.01695743 -0.0007582 ]
[ 0.01117056  0.0038012   0.0090496   0.01276206 -0.00992345 -0.00401747
  0.00466216  0.00526651  0.00260122 -0.01385174 -0.00513608 -0.0003238
 -0.00104347 -0.01458854  0.00685529  0.01007031  0.01044572  0.01259764
  0.00752136 -0.01555197 -0.01029832]
[ 0.00600274 -0.00182878  0.01397008 -0.00996834 -0.00051031  0.00635484
  0.00243105 -0.00101217 -0.00395906  0.0112472  -0.00379687  0.00765654
  0.00750995  0.00824665 -0.00705059 -0.00225301 -0.00185544  0.00051722
 -0.00444074 -0.00776768 -0.00723424]
[ 0.01607203 -0.00714414 -0.01832438 -0.01875537 -0.03021715 -0.01870859
 -0.00327708 -0.00223392 -0.00887422 -0.0013576   0.00300205 -0.0112504
 -0.01279171  0.01461793 -0.00555684 -0.00110727  0.01456791 -0.00214843
  0.04051709  0.00367491  0.0012133 ]
[ 0.00428665  0.02071912 -0.00265596 -0.00785623  0.01584362  0.00061059
  0.00402872  0.01841389 -0.01304768 -0.00063149  0.00168797 -0.01074306
 -0.00441178  0.00161155 -0.0047474  -0.00247098  0.00511482  0.00357436
  0.00412059 -0.00869707  0.00010673]
[ 0.00750676 -0.00753993 -0.00354569  0.00217842  0.01582627 -0.00682484
 -0.01899951  0.00738793  0.00453613  0.00535577 -0.00700517  0.01489974
  0.00080485 -0.00759225 -0.01061543  0.00198184  0.00516888  0.00579219
  0.00127385  0.00934597 -0.01217184]
[ 0.01099318  0.00415469  0.00730727  0.0177005  -0.00569002  0.00761012
 -0.00356183 -0.00029598 -0.00107376 -0.00221266 -0.00119993  0.00914293
 -0.01628806 -0.00620024 -0.00149365  0.00880438  0.00546671  0.02386387
  0.01205431 -0.02379731 -0.02034749]
[  1.20614957e-03  -1.20723939e-03  -1.23289871e-03   1.08766121e-03
   4.64194194e-05  -2.85302244e-03   1.60055377e-03  -9.51727790e-04
  -7.52830225e-04   3.11763059e-03  -6.39604927e-03  -5.99581068e-03
  -3.94998467e-03  -1.09357444e-03  -2.37280839e-04   7.66725328e-04
  -5.47091449e-03   5.62354219e-04  -6.59400140e-03  -9.91478369e-04
  -5.47157031e-04]
[  1.19936381e-02  -2.74244944e-03   1.80396474e-03  -8.48784996e-03
  -6.66134217e-03  -3.39701781e-03  -6.97798653e-03   5.00612978e-03
  -9.66653092e-03  -2.83873367e-04   2.40730789e-03   1.18271005e-02
  -2.04345938e-02  -3.73183958e-04   4.95339531e-05   1.36696274e-02
   3.17720902e-03  -3.77507269e-02  -4.20819241e-03  -5.73198233e-03
   3.20616112e-03]
[  1.69870705e-02   1.07566844e-02  -1.92814276e-03   2.26835781e-02
  -1.07550022e-02   3.63966255e-03   2.03585897e-02  -7.28094796e-03
  -2.49999082e-03   6.32971726e-03  -3.13780182e-03   1.25858149e-02
  -1.28820733e-02  -9.48952465e-03  -1.24617718e-02   2.82378893e-07
   1.61550526e-02   9.59425658e-03  -5.00649744e-03   1.23154718e-02
   7.23463800e-03]
[ 0.00767783 -0.00268998  0.02199916 -0.01580381 -0.00158465  0.00083327
  0.00428514 -0.00049811  0.00346341  0.01363398 -0.0136805  -0.00084656
  0.00975608 -0.01263085  0.00588784 -0.01222321  0.01213534  0.00100627
  0.00868219  0.00413365  0.00306649]
[  1.23294378e-02   2.89844073e-02   4.08617107e-03  -1.37342340e-02
   1.35315060e-02  -1.10172548e-02   1.33884354e-02   2.63440143e-02
  -1.27802012e-02  -2.36233314e-03   7.98227937e-03  -4.62675067e-03
   3.37635863e-03   1.15872522e-02  -4.29864836e-04   1.70059531e-02
  -1.05633045e-03   6.22533063e-03  -1.20885083e-02   1.85914832e-02
  -8.32016195e-05]
[ 0.0179145  -0.02180253 -0.0237993  -0.02054399  0.00051954  0.01984984
  0.01331888  0.01273733  0.02678624 -0.01046706  0.00192105 -0.0128147
  0.00241946 -0.00091473 -0.01068593  0.01226594 -0.01533822  0.00033229
  0.02980665  0.00141637  0.007758  ]
[ 0.01303245 -0.01895787 -0.01066636 -0.00051671 -0.00443438  0.01586412
  0.00581536  0.01468875 -0.00836173 -0.00385457  0.00518741 -0.01067309
  0.00832601  0.0034958  -0.00173976 -0.00118422  0.00168667 -0.01949851
 -0.0011247   0.00199961  0.00549319]
[ 0.00841017  0.01012698 -0.01167154 -0.00669931  0.00126163 -0.0117253
  0.01242286 -0.00018063 -0.0035749   0.01001311  0.00561038  0.00681092
  0.00477399  0.01056238  0.01120484  0.00688819 -0.00189464  0.01261672
 -0.00339769  0.01786333 -0.00758883]
[  1.39904614e-02   3.23456260e-02  -1.53453908e-02  -3.57118421e-03
   1.83111838e-02   1.68275988e-02  -1.01091254e-02   1.87254911e-04
  -3.38649399e-03   2.16998240e-03  -8.11112418e-03  -3.12497216e-03
  -5.44851189e-03  -1.23876684e-02   1.56692754e-04  -1.72542896e-02
  -8.25040310e-04  -8.09619124e-03   8.03941068e-03  -8.68555888e-03
  -4.73821300e-05]
[ 0.01444527  0.00852682  0.0251102  -0.02088027 -0.00159704  0.00063396
  0.0045287  -0.00621563 -0.01476636  0.01888305  0.00723277  0.00732558
  0.0114191  -0.00258303 -0.01888364  0.02499423 -0.01980541 -0.01193392
 -0.0003932   0.00313003 -0.00692745]
[ 0.01291855 -0.00316251  0.00700429  0.00817093  0.0033591   0.00195256
 -0.00224995 -0.00240563 -0.00346294 -0.00548403  0.01967429 -0.01753363
  0.00597191 -0.00943732  0.00868924 -0.00512405  0.01514411 -0.00887485
 -0.00865934  0.01143744  0.01278189]
[ 0.01129192 -0.01664682 -0.00292892 -0.005234   -0.00209229  0.01891637
  0.00129216  0.00926617 -0.02537703 -0.00919751 -0.01492018  0.01202312
  0.00138628  0.02732157  0.00740904 -0.00168582 -0.00380326 -0.02169607
 -0.01092123 -0.00698617  0.00565323]
[ 0.01357212  0.02258094 -0.02086513 -0.00347772  0.00255073  0.03308244
 -0.0128702  -0.01899016  0.0284936   0.00494729 -0.01112134 -0.01133631
  0.01654553  0.00430929  0.00815834  0.00640416  0.00699357 -0.01001221
 -0.00137531 -0.00146863  0.00168171]
[  4.06345298e-03   4.31043184e-04   3.28651458e-03  -2.71367529e-03
  -2.98362555e-03  -6.28892633e-03   3.43869378e-05   4.49070609e-04
   3.72440964e-03  -5.21069196e-03  -2.80335915e-04  -6.77995715e-04
   4.08161415e-04  -6.25853644e-03   1.01212562e-02  -7.40118337e-03
   3.59555991e-03   1.21663883e-04   4.87853178e-04  -3.84482893e-04
   5.53762623e-03]
[ 0.00788519 -0.00711229  0.01534058 -0.01410877  0.00061584  0.00838514
  0.00548547  0.00471433  0.00796628  0.00451151 -0.00981276  0.00428852
 -0.00453497  0.00635492  0.00258837 -0.02060648  0.00916974  0.01082298
 -0.00876861  0.00479194 -0.00908783]
[ 0.01057102 -0.0087173  -0.0128416  -0.00342262 -0.01655675 -0.00327909
  0.01126173  0.00192816 -0.01020544 -0.00401959 -0.00010152 -0.0118351
  0.00122202 -0.0181637  -0.00456503  0.00230258  0.02353796 -0.02133847
 -0.00356383 -0.00645144 -0.02012652]
[ 0.00761637 -0.00621946  0.01026294 -0.00888105 -0.00316182  0.01299844
  0.00115986  0.00223294 -0.00534224  0.00817091 -0.00927724  0.00644947
  0.00102552  0.02365585 -0.00188519 -0.01242063  0.00745283  0.00243507
 -0.01466494 -0.00429591 -0.00935366]
[ 0.00406226 -0.00046349 -0.00297515  0.00693013  0.0023704  -0.00325797
  0.01153705 -0.00134073 -0.0013303   0.00873596  0.00255501  0.00274779
  0.00224311  0.00078271  0.00487516  0.00071208  0.00058172  0.00149375
 -0.00141657  0.00368228  0.00564161]
[ 0.02825995 -0.01506178  0.01988833 -0.00770298  0.01293516  0.0055338
  0.00108014  0.00242277  0.02097464 -0.01243636  0.01053357  0.01324891
 -0.01776584  0.00868709 -0.01916156 -0.0242382  -0.00162743  0.02538023
 -0.01841418 -0.0079581  -0.02928588]
[ 0.00446094 -0.00085508 -0.00400744 -0.00573223 -0.00727449 -0.00040349
 -0.00314531 -0.00098609 -0.00326753 -0.00130141  0.01065069 -0.00043846
  0.00780589 -0.01052877 -0.00955184 -0.0089451  -0.01570342  0.01184872
 -0.00832568 -0.00956441  0.00582701]
[ 0.00630407 -0.01030291 -0.00357276  0.00638627  0.00510929  0.00103536
 -0.01651097  0.01290456 -0.00252483  0.00877106  0.00941618 -0.00286813
  0.01102869 -0.00630706 -0.0042144   0.0002754   0.00548759  0.00621235
 -0.00577573  0.01287035  0.00277068]

Right eigenvectors

[ 1.         -0.8565452   0.27793706  0.55719196  2.37056766 -1.21179176
  0.68858137 -1.72097345  0.29692575 -0.49451559  1.11699147 -0.45192332
  0.38689174  1.08788098 -0.35628406 -1.20245282  0.14588569 -0.52715781
  0.4382496  -1.43917841 -0.07765996]
[ 1.         -0.02082145  1.24734515 -0.29676562  0.06883365 -0.43805706
  0.2684745   0.33541418  0.68870402 -0.67749945 -0.20107733 -0.38619701
 -0.25873943 -1.32983924  2.01549882 -0.93109874  0.95821618  0.28523503
  0.37553006  0.9341042   1.38926701]
[ 1.         -0.77092366 -0.10473153  0.1307923   1.96473811 -1.77026122
 -1.4520256  -1.14617762 -0.05124565  0.16195765 -1.85404066 -0.9990481
 -0.17614988 -0.21507176 -0.84058052 -0.3896878  -0.21476673 -0.0447284
 -0.07314362  0.06628577 -0.10516164]
[ 1.         -1.37670894 -0.37802794 -0.42694954 -0.24371034 -0.04247633
  1.37214292  0.4266269   0.24899539 -0.32565342 -1.57612694 -2.57890027
 -2.34393938 -1.64576195 -0.68069888  1.93411121 -2.04763857 -0.86110058
 -2.51453482 -1.22182018 -1.58978626]
[ 1.         -0.06468782 -1.44200606  1.03739285  0.49628634 -1.26146504
  3.2332073  -0.47147786 -0.1451476   2.12883665  0.028029    1.02091373
  0.43539871  0.10902685  0.7609429   0.63140748  0.63621735  1.03906002
 -1.09700558  0.07696006  0.42199862]
[ 1.         -0.42700793  0.46093306  1.33790286  0.31943142  0.36155598
 -1.00475899  0.59338073  0.07440556  0.38493821  0.38400788  0.53374401
 -0.41627381 -0.06269818  0.60730004  0.42717612 -0.20239339  1.1267548
  0.57142317 -1.13641507 -0.97914738]
[ 1.          0.40106973  0.61342452  0.50972554 -0.19957788  0.64284554
 -0.04822291 -0.95260672 -0.81141837 -0.69701754 -0.20169343  0.93760837
 -0.73404555 -0.45900291 -0.38700146  1.89466954 -0.00409213  1.10859338
 -0.13403496 -0.26542819  0.80155969]
[ 1.         -0.78030731  0.83661762  0.25789933  2.42807526 -1.04159621
  0.37424398 -2.29338293  0.18768328 -1.60460214  1.8748568  -0.75265265
  0.30829751  1.32778743 -0.17274479 -1.93883172  0.25674689 -0.70602779
  0.1570492  -1.05734185 -1.72585664]
[  1.00000000e+00  -3.16007571e-01  -1.85301309e-03   4.23941461e-02
  -1.04426775e+00  -1.38725835e+00  -1.01365256e+00  -2.87295269e-01
  -1.01022237e-02   1.06417295e+00  -1.70327647e+00  -2.65123579e+00
  -9.27516477e-01   1.24905053e+00  -5.31495624e-01  -1.59627096e-01
   3.66113417e-01   2.69692642e-01   1.00056874e+00   5.98333556e-01
   4.33915111e-01]
[ 1.         -1.63158686 -0.90788206 -0.70554702  0.29849099  0.99600329
  1.32230121  1.14847929  0.65111077 -0.54948453 -0.42550483  0.12996121
 -0.47106137  0.59422618 -0.53948718  0.11518549 -0.32978979 -0.89216952
 -0.35085545 -0.79410635  0.48778393]
[ 1.          0.88993014  0.01479516  1.55826214 -0.4983536   0.83161158
  0.04862508 -0.11745874 -0.08697266  0.57815728 -0.2492311   0.53571292
 -1.24664583 -0.23949788 -0.55752398 -0.9783191  -0.31745346 -0.56451292
  0.9640348  -0.23322206 -0.47263785]
[ 1.          0.43541786  0.47293233  0.37685067 -0.46139374  0.34006015
 -0.86675103 -0.4904821   0.75211987 -0.14542735  0.20682191 -0.14935776
  0.03033638  0.49228981  0.480493    1.07141373  0.88630664  0.30010544
 -1.11256118 -1.08819139  0.98384745]
[ 1.          4.77584547 -1.19467385 -1.45931148  3.74137355  1.04012618
  0.14180788  3.31138349 -2.64414353  0.01189031 -0.18117957 -2.39186171
 -1.32859576 -0.52530858 -1.06208129 -1.87225817  1.17962443  0.25054871
  1.75809755 -3.11628769  0.02604918]
[ 1.         -0.86533376 -0.29016084  0.31971793  0.59718391 -3.05249448
 -1.50599089 -1.51899109 -0.38397755  1.93344532 -5.51231796 -5.65162968
 -2.90697771  0.83471196 -1.77128279 -0.36014864 -3.23954087  0.71511463
 -2.70921845 -0.11148618  2.8682717 ]
[ 1.          0.09168486  3.59715085 -2.60890922 -0.25110509  0.38216298
  0.76728456 -0.48455478 -0.60796195  3.23138553 -1.46738965  0.74065013
  2.88597411 -1.90665143 -0.3472592   0.14437329  0.14333915 -0.77467055
  2.15637569 -0.38673915  0.77656763]
[ 1.         -1.2428263  -1.34706627  0.69119833  2.23873887 -1.37133474
  2.70380018 -0.40876223  1.06108939  1.59916357  0.64358672  1.00335998
  0.79719303  0.98928604 -0.63758846  0.7277519   0.75049251  0.37500954
  0.52739093 -2.67947509  2.20779943]
[ 1.          0.05461671  0.67619507  0.89447398 -0.49157942  0.8411386
 -0.53598052 -0.22785008  0.35326457  0.23560884  0.32590301  0.32516063
 -1.56423318  0.93359543 -0.77961182  0.02095491  1.16173672  3.01440596
  0.0137034  -1.8959332  -2.60612472]
[ 1.         -0.55836664  0.96673828  0.42928235  2.09196465 -0.83176026
  0.30114567 -2.30572504 -0.24088952 -1.19313342  2.32177336 -1.34565535
  0.54752108  1.08955211 -0.15687838 -1.07256295  0.3643658  -1.38149814
  0.12020068  0.01588559 -1.21786885]
[ 1.         -0.0890838  -0.12739085  2.1293089  -0.41408824 -0.03745543
  0.33643674  0.79977573 -0.70107764  1.40398777 -0.99106945 -0.4656172
 -0.31070047 -0.20660769  2.07844244 -0.8607445  -2.0254377  -0.21011268
  0.92727565  0.13905354 -1.7918828 ]
[ 1.          0.79713238 -0.46042841 -1.20595746 -1.2444614  -0.66940993
 -0.62604222 -0.76162704 -0.23423878  0.34030961  1.39093597  0.78579973
  0.63495159 -0.79414028 -0.55498719 -1.09024663 -2.67206679  0.68510002
 -0.84125126 -1.29583587  0.70419028]
[ 1.         -0.1055801   0.4214418   1.37145766  0.27189039  0.23742378
  0.358285    0.06181767 -0.25676474  0.39686202  0.70249917 -0.28920847
  0.14265942  0.08714897  0.4447704  -0.48331497 -0.52532085 -0.74449324
  0.83318224  0.69775882  0.69872731]
[ 1.          0.20458701  0.109973    0.41674481 -0.8309168   0.7292882
 -0.71101875 -0.47731175  0.06852557  1.02175221  0.3258826  -0.75664845
 -0.3206867   1.71869577 -0.40728338 -0.03506067  1.14024664  0.915156
 -0.54326057  0.17081775 -0.21230738]
[ 1.          0.25237637  0.63906544  0.04070787  0.22370928  0.24286654
 -0.17069912 -0.76863586 -0.13921233 -1.05836034  0.37731985  0.21124242
 -1.33520227 -0.46618711  0.42222746  2.04456291 -0.01665286 -0.37466353
 -0.50542766  0.10669009  1.26357113]
[ 1.          0.86368982  0.43466827  1.83972159 -0.78835922  0.35104469
  0.61996968  0.13801317  0.92261677 -0.5006281  -0.31009907  1.14675883
 -0.10758455  0.18255475 -2.45712296 -2.14854427 -1.03811396 -1.18440029
  0.73713544  1.28588837  0.67926537]
[ 1.         -1.09189823 -0.83984178 -0.6000942  -0.91326564  0.55705423
 -0.27822489  0.48668373 -0.66194555 -0.69324678  1.32983268 -0.90504254
  1.21884648 -1.61878398 -1.61335142 -0.86158063 -0.62298757  1.70978887
 -0.78024559 -0.50252777  0.3426933 ]
[ 1.         -0.84882377 -0.18715631  0.24408383  1.02516318 -3.67926127
 -1.96962135 -2.43066314 -0.80080837  2.07827629 -7.31836032 -7.23015837
 -4.22836459  0.95176694 -2.53538954 -0.51932505 -6.05426674  1.0684466
 -4.83318566 -1.14641994  6.96463134]
[ 1.          0.70301676 -2.13991999 -1.00720544  0.4125169   1.99463527
 -0.20837545 -1.11325452  2.3586069  -0.10757625 -0.8651537  -0.63095471
  1.72084978 -0.06856823  0.9308426   0.78636573 -0.6540769  -0.62920813
  0.99692246  0.98300833 -1.09779845]
[ 1.          0.07319837 -1.55002706 -1.74985686 -2.77396541 -1.99669519
 -0.6109893  -0.45988298 -0.71100631  0.76802866  1.49873701 -0.18948278
 -1.49130607  2.86241572  0.21810786 -0.42070026  0.81711436  1.11323749
  4.56648956  0.8959099   0.41976203]
[ 1.         -0.77500017 -0.41926801 -0.38360919  1.20654028 -0.01349108
 -0.52288029 -2.27088973 -3.31672152 -3.67739234 -2.38717533  1.92180724
  0.8894941   0.7437617   0.34013483  0.2272807   0.75946693  1.38549973
  0.73175897  1.20627126  1.61423836]
[ 1.          0.09784167  1.33667866  0.07498726  0.53017677  0.15862428
  0.15563359 -1.34185164 -0.55862343  0.45678039  1.71526681 -0.89059824
 -0.00896825  0.89911593 -1.26727243  1.27851327 -0.63581163 -0.96192687
 -0.03034602  1.55020293 -1.23588937]
[  1.00000000e+00   1.66673584e-01  -7.76115458e-04  -6.23220737e-01
  -9.76112866e-01  -1.52890243e+00  -2.26756521e-01  -1.63540128e-01
   4.45020684e-01  -8.39439442e-01   1.03482019e-01   1.64826484e-01
   3.28408042e-01  -3.05662575e-01   5.89095121e-01  -8.48097702e-01
  -6.35649461e-02  -2.26434234e-01  -2.33285007e-01  -8.99463667e-01
  -1.96288742e-01]
[ 1.          0.59733378  0.09537496  0.92892194 -0.7870322   0.58823108
 -0.31586269  0.15068544 -0.61277513  0.56764898 -0.1222576   1.27637889
 -2.70242226 -0.30640543 -0.66014934 -0.27321614 -0.18111496 -3.54682907
  1.0110465  -0.78708803 -0.44172519]
[ 1.          0.28236882  0.62710235 -1.19871529  0.23732769 -0.51532639
  0.11807163  1.15949327  0.66191178 -0.58857074  0.55489956  0.6661734
 -1.63297871  0.03222423  1.20803032 -0.24542115  0.15725216 -0.27567977
 -1.32677201  0.95266595  0.44172059]
[ 1.         -1.20517014 -0.35854134  0.76372112 -0.23864351  0.97289709
 -1.17018809  1.19227671 -0.91658172  0.54378544  1.62435373 -1.37352859
  1.44206787 -0.31962654  0.01840355 -0.48894682  0.24809399  0.75028236
 -0.88882356  1.07862486  0.54334354]
[ 1.         -0.08466815  3.61560586 -2.11683181 -0.1906981   0.86911813
  0.68766576 -0.53713606 -0.72214622  3.26353908 -1.45385495  1.20328817
  3.26572977 -1.14005152  0.09206269  0.18418525 -0.16278488 -0.38323274
  2.26297026 -2.08649817  1.52915134]
[ 1.         -0.35555171  0.34499516 -0.02687411  1.4891241  -0.96863421
 -0.09728777 -1.88884298 -0.3635665  -1.77080574  0.12392803 -0.19472771
  0.34721412  0.09899592  1.03308153 -0.58302288 -0.02848561 -0.09251653
  0.46307144 -0.17132987 -0.23114747]
[ 1.          0.38139412  1.03476288  0.26116317  0.47256499  0.51639053
  0.21395806 -0.87520006 -0.3513193  -0.3904886   1.13316768  0.09411753
 -0.91545557 -0.03501087 -1.02431938  1.28186793 -0.12267028  0.35548553
 -0.74557987  1.61880906  0.1484629 ]
[ 1.         -1.57773263 -0.00327469  0.94402595 -0.18636752  2.05473053
 -0.379878    1.52597178 -3.02750596 -0.23371028 -0.6867855   0.43566904
  0.66486184  2.70151676  3.24529101 -0.35807458 -2.59898316 -1.84763029
 -0.14356855 -1.13143158 -0.12430475]
[ 1.         -0.733269    0.88559185 -0.81101158  0.33463699  0.70965621
  0.68036675  0.04579367  1.06159932 -1.15993467  0.2722744  -0.7486682
 -1.99549008 -0.7886215  -0.03001623  2.4990414  -2.26947538  0.88151199
  0.7084588   0.62721592 -1.11796232]
[ 1.          1.15438388 -0.62864664  0.1906114  -0.47972846  1.99393504
 -1.32252704 -1.33888173  1.76500231  0.72847319 -0.29679025 -1.10677025
  0.75192889  1.59565498  0.48537634  0.97643072  1.74170121  0.17381236
 -1.20241432 -0.68987332  0.63318868]
[ 1.          0.78254404 -1.78954396 -0.87304152  0.65023709 -0.0353621
  0.06525635 -1.2581372   0.46398053 -0.10680285 -0.67681275  0.69785961
  1.30315036 -0.50687245  1.41946025 -0.06035536 -0.86563186  0.02786011
 -0.13061926  1.49090235 -2.1505798 ]
[ 1.          1.0550429   0.364485    0.40440979  0.417393    0.37468349
  0.36066402 -0.07376966 -0.23035681 -0.29140354  0.61728469 -0.18701626
 -0.58178421 -0.76043817  0.19087409  0.25288113  0.42070188 -0.24867731
 -0.46518852  1.50737484  1.55760946]
[ 1.         -0.26811198 -1.34135606  1.5279415  -0.31963648 -1.11996969
  2.61988897 -0.15087626 -0.74391451  2.2759668  -1.67700585 -0.39382772
 -0.34549023 -0.9133906   1.70479837 -0.04648058 -1.20446063  0.38830514
 -2.00166985 -0.04196177 -2.04019536]
[ 1.         -1.69610609 -0.01569712 -1.5979166   0.49749247  1.3217358
  1.75905146  1.78059927  2.13424579 -1.28518242 -0.5465359   0.15326762
 -2.30697357  0.45910206  0.29487793 -1.02875947 -0.62171134  0.40279129
 -0.99131361  0.69690269  0.48218405]
[ 1.          0.51118296 -0.4348548  -1.03416124 -0.6167364  -1.34348193
 -1.45450227  0.1853964   0.62033473  0.23741117  1.02886628  1.56730956
 -1.09728476  0.19823763  1.41959308 -0.1571595  -0.24293724 -1.0595802
 -1.21094882 -0.71477439  0.51456064]
[ 1.         -0.26265037  0.98718712  0.81156367  0.08318289  0.37311573
  0.05567159 -0.29836201 -0.50270504 -1.08407157  0.0026092  -0.15211288
 -0.27993794 -0.93947345  1.97720431  1.62525456 -1.18907869  1.34067375
  1.42359856 -1.13680712  0.06818832]
[ 1.         -1.22542082 -0.48227416  0.64106861  1.64337079 -1.12671945
 -2.41494592  1.46346479  0.7151813   1.23472152 -0.25255651  1.34164626
  0.18721511 -0.78290886 -0.84581935  0.74961909  0.63811258  0.00496088
  0.30246843  0.54364104 -0.34729812]
[ 1.         -0.72346622 -0.73909827 -0.43376369  0.33428677  0.63716525
 -0.49666206 -1.14891857 -3.14136261 -2.47142153 -2.35942015  1.93342825
  0.55328011  0.56829586 -0.40799107  0.57763083  0.61585652  1.10494397
  0.22025302  0.96374536  1.23987779]
[ 1.         -0.67729845 -0.22722496 -0.16673392 -1.22520588 -0.2941775
  0.33381034  0.24982492 -0.72153178 -0.68243614  0.30720457 -1.49118897
 -0.03841846 -2.32362867 -0.52798234  0.53362168  1.86943386 -1.59172979
 -0.77266725 -1.09492733 -1.46799456]
[ 1.         -0.11062942  0.20723896 -0.15505747  0.8592073  -1.01783011
 -0.73428012 -1.61334161 -0.7200106  -0.30116895 -1.20394852 -0.51838377
 -0.75282315 -0.28606599 -0.195263   -0.01584794 -1.9662685  -0.0378696
 -0.75319404 -1.30081711  2.63648319]
[ 1.          1.15294586  0.90619752  1.15316764 -1.28102916 -2.01851151
  0.11918088  1.91535789  1.42419637 -2.29219567 -1.24724415 -0.10538741
  2.67525916  1.28546361 -0.42520565  0.69745033 -0.43395878 -0.2370617
 -0.18225782 -0.67629271 -0.62200118]
[ 1.         -0.4275081  -0.42843705 -0.46792044  0.3646376  -1.52664252
 -2.4894335   1.12851821  0.50362395  0.91652672  0.61155834  2.39261253
 -1.44894429 -0.43868662  0.45276935  1.0224808   0.44682154 -2.60668634
 -1.00400154 -0.4458602   0.33035228]
[ 1.         -1.76723817 -1.44514604 -0.07568609  1.75384827 -0.3426321
  1.10916638  0.99389276  1.63706267  0.90842283  0.1374569   0.87192904
  0.43385675  0.44949188 -1.30216548  1.2254874   0.23868522 -0.13487225
  1.30837654 -2.01652436  2.01587316]
[ 1.          0.53290375 -1.10070397 -1.29424901 -1.79513877 -1.45516804
 -0.57362928 -0.44064719 -0.32035553  0.97700084  1.49416784  0.46340475
 -0.7816446   1.98903338  0.54748208 -0.33532818 -0.11773881  1.1093073
  1.46907381  0.5185655   0.25776391]
[ 1.          1.49214778 -1.29431114 -1.19281702  0.03202406 -0.31976948
 -1.08162227 -0.69479515  0.2425186   0.26818361  0.52631404  1.25812676
  0.17823819 -0.97377076  1.11678259 -1.32053658 -2.03457192 -0.52864826
 -0.92755842 -0.73196597 -0.5213178 ]
[ 1.         -0.26626482  0.94276689 -0.67651902 -0.47797496 -1.01808234
 -0.55806794 -0.62700005  0.17777249  0.50083184 -1.02713219 -1.61741443
  0.05056453 -0.72492469 -0.38282785  0.33420739  0.8489463  -0.60941072
  0.15904886 -0.17995892 -0.5756146 ]
[ 1.          1.05465021 -0.30358737  0.58082077 -0.61379804  0.83657786
 -0.02730193 -0.81315977  0.49712623  0.00157113 -0.00912338  0.48166196
 -0.07303357 -0.5677952  -0.61061732 -0.22726408 -0.35166809 -0.39037085
 -0.50352299 -0.03534412  0.951787  ]
[ 1.         -0.19872871 -1.31690866  0.10031716 -0.81881547 -0.39017746
  1.55534759 -0.39901853 -0.46991111  0.11749591 -0.57693147  0.22936171
  0.27566732 -1.18773004  0.06026218 -0.05657158  0.91476994 -0.42271187
 -1.01682462 -0.0226307  -1.23330118]
[ 1.         -0.14969851  0.42647333  1.18746555 -0.19776718 -1.24008759
 -0.6595235   1.11895151  0.50568047  0.35696244 -1.11871662 -0.79602672
  0.45896954  0.15193976  0.81949619 -0.30283897 -0.3525912  -0.22459872
  1.25956477  0.87901496 -0.12700468]
[ 1.          0.21115912 -1.15753605 -0.35093471  1.82775359 -0.16630078
 -1.52144088 -0.85220654 -0.91148384 -0.62650508 -2.2376745   1.26110207
  0.49717682 -0.77113847 -0.42647029 -0.31668095 -0.03522901  0.58364217
  0.3142084   1.37209713 -0.97689517]
[ 1.         -0.84335674 -1.37830755 -0.74711491 -1.17790479 -0.08406133
  0.17025818 -0.50270869 -2.08442917 -1.42077655 -0.71011187  0.3388369
  0.6282988  -0.60985619 -1.16071662 -0.17974677  0.94606633  1.33860349
  0.52927344  0.44722606  0.38794006]
[ 1.         -0.02284862  1.75047961 -0.99575412  0.11125802 -0.06746494
  0.20747493 -1.0110061  -0.31278724  0.64301969  0.77126936 -1.15624343
 -0.31498289 -0.23682318 -1.62896354  2.91695679 -1.72392954 -1.05653599
  0.37274489  1.392965   -2.10619918]
[  1.00000000e+00  -7.39955514e-04   1.59615122e+00   2.20812927e-01
  -3.12088426e-03   2.80056256e-01   4.13754108e-02  -3.44030208e-01
   3.29201062e-02   2.71492554e-01  -1.81144774e-01  -9.16286470e-02
   6.88129763e-01  -9.82269376e-01   1.95520996e+00   5.38663859e-01
  -1.13185671e-01   3.54816471e-01   1.32846096e+00  -1.07410813e+00
   2.43970442e+00]
[ 1.         -0.88949528  0.23704298  1.71545281 -0.06575003  1.04858036
 -0.57807005  1.11316852 -1.47472845  0.48994928  0.47487675 -0.52012672
  0.56473409  0.40855228  2.55434789 -0.19774796 -2.04350884  0.18458103
  0.78043132 -0.34236998 -0.56273733]
[ 1.         -1.38195811 -0.62934443 -1.44070183  0.22595713  1.44633104
  1.11826593  0.70405094  2.16999925 -1.36284295  0.30247184 -1.29961871
 -1.3345352  -0.67052833 -0.73849297  2.87618914 -3.01103048  0.79836428
  2.96165687  0.70265483 -0.44591744]
[ 1.          1.35621956  0.92489419  2.12998337 -1.55930745 -1.25197208
  0.57866366  1.59912234  1.91932298 -2.3317287  -1.3590302   0.93897861
  2.40403797  1.42883524 -2.87187726 -1.51619635 -1.5732426  -1.58962154
  0.64808011  0.74610385  0.08593368]
[ 1.          1.00814677  0.22258091  2.2552976  -1.07351906  0.43004939
  1.41456081 -0.22768969  0.63621992 -0.10816718 -0.43426272  1.68413291
 -0.81818427 -0.36787174 -3.16063477 -2.20792267 -0.09467409 -0.69054181
  0.51020227  2.39236321  1.37668296]
[ 1.          1.07793208  0.95949449  1.09616419 -1.32645467 -1.30757505
 -0.56844507  1.15102211  1.79283635 -2.07816339 -0.93493311 -0.22655566
  2.60138359  1.75553666  0.0392447   1.80946723  0.45736271  0.059763
 -1.47154588 -2.09022351  0.41609682]
[ 1.          2.35932251  0.85642582  0.02800908 -0.1387571  -2.21492199
  0.93762474  3.18044951  0.31782302 -2.08595054 -0.52645429 -0.42871705
  2.78862179  2.180678   -0.45554202  2.13214208 -0.55333295  0.29767624
 -1.3379399   0.98887292 -0.78313347]
[ 1.         -0.94616148  0.74313106 -1.47790762  0.35542475  0.7619591
  0.96875689  1.12232262  1.85027908 -0.94675128 -0.2154583   0.04884302
 -1.85018805 -0.0686876   0.72823487 -1.01954537 -0.26009186  1.08443335
 -0.49792182  1.20777353 -0.05400156]
[ 1.          0.34028724  0.81013023  1.14247344 -0.8883578  -0.35964847
  0.41736141  0.47146374  0.23286355 -1.24002292 -0.45978724 -0.028987
 -0.09341257 -1.30598182  0.61369326  0.90150466  0.93511238  1.12775451
  0.67331993 -1.39222861 -0.92191672]
[ 1.         -0.30465823  2.32728418 -1.66063141 -0.08501345  1.05865616
  0.40499062 -0.16861793 -0.6595427   1.87367696 -0.63252344  1.27550711
  1.25108747  1.37381487 -1.17456251 -0.37533041 -0.30909875  0.08616357
 -0.73978563 -1.29402183 -1.20515537]
[ 1.         -0.444508   -1.14014133 -1.16695759 -1.88010804 -1.16404642
 -0.20389936 -0.13899428 -0.552153   -0.08447003  0.18678719 -0.69999885
 -0.79589896  0.90952615 -0.34574593 -0.06889428  0.90641424 -0.13367502
  2.52096928  0.22865267  0.0754913 ]
[ 1.          4.83340237 -0.61958798 -1.83271924  3.69603592  0.1424388
  0.93982861  4.29563343 -3.04379181 -0.14731453  0.39377382 -2.5061655
 -1.02918945  0.37594552 -1.10748392 -0.57643647  1.19319585  0.83383396
  0.96125985 -2.02887134  0.02489828]
[ 1.         -1.00441825 -0.47233329  0.29019467  2.10826761 -0.90915847
 -2.53098617  0.98417044  0.60427288  0.71345988 -0.93318131  1.9848422
  0.10721611 -1.01138746 -1.4141152   0.26400745  0.68856319  0.77159555
  0.1696938   1.24500691 -1.62144966]
[ 1.          0.37793368  0.66470924  1.61013409 -0.51759534  0.69225805
 -0.32400314 -0.02692369 -0.09767527 -0.20127574 -0.10915215  0.83169119
 -1.48165107 -0.56400801 -0.13587039  0.80089448  0.49728155  2.170788
  1.09652612 -2.16473344 -1.85091901]
[ 1.         -1.00090355 -1.0221773   0.90176313  0.03848562 -2.36539689
  1.32699444 -0.78906283 -0.62415992  2.58477942 -5.30286577 -4.97103413
 -3.27487135 -0.9066657  -0.19672588  0.63568014 -4.5358508   0.46623921
 -5.46698483 -0.82201942 -0.45363945]
[ 1.         -0.22865868  0.15041014 -0.70769602 -0.5554063  -0.28323498
 -0.58180733  0.41739877 -0.80597153 -0.02366866  0.2007154   0.9861145
 -1.70378609 -0.03111516  0.00413002  1.13973985  0.26490786 -3.1475626
 -0.35086872 -0.47791856  0.26732181]
[  1.00000000e+00   6.33227749e-01  -1.13506490e-01   1.33534373e+00
  -6.33128717e-01   2.14260755e-01   1.19847561e+00  -4.28617044e-01
  -1.47170215e-01   3.72619708e-01  -1.84717065e-01   7.40905555e-01
  -7.58345784e-01  -5.58632203e-01  -7.33603346e-01   1.66231660e-05
   9.51020518e-01   5.64797595e-01  -2.94724003e-01   7.24990914e-01
   4.25890855e-01]
[ 1.         -0.35035688  2.8652854  -2.05837079 -0.20639265  0.10852905
  0.5581192  -0.06487644  0.45109278  1.77576111 -1.78181998 -0.11026081
  1.27068209 -1.64510749  0.76686354 -1.59201471  1.58056956  0.13106127
  1.13081317  0.53838793  0.39939578]
[ 1.          2.3508296   0.33141585 -1.11393839  1.09749579 -0.89357317
  1.0858918   2.13667604 -1.03655993 -0.19160104  0.64741633 -0.37526047
  0.2738453   0.93980377 -0.03486492  1.37929672 -0.08567548  0.50491602
 -0.98045901  1.50789383 -0.00674821]
[ 1.         -1.21703223 -1.32849369 -1.14678001  0.02900123  1.1080317
  0.74346902  0.71100679  1.49522634 -0.58427868  0.10723447 -0.71532575
  0.13505603 -0.05106095 -0.59649612  0.68469338 -0.85618989  0.01854852
  1.66382798  0.07906293  0.43305697]
[ 1.         -1.45466686 -0.81844622 -0.03964831 -0.34025706  1.21727848
  0.44622158  1.12709029 -0.64160828 -0.29576746  0.39803828 -0.81896254
  0.63886791  0.26823809 -0.13349431 -0.09086722  0.12942113 -1.49615065
 -0.08630031  0.15343316  0.42150087]
[ 1.          1.20413538 -1.38778912 -0.79657219  0.15001272 -1.39418114
  1.47712403 -0.02147775 -0.42506848  1.1905954   0.6670952   0.80984309
  0.56764504  1.25590591  1.3322965   0.81903104 -0.22527975  1.50017391
 -0.40399746  2.12401502 -0.90234031]
[ 1.          2.31197707 -1.09684666 -0.2552585   1.30883345  1.20279084
 -0.72257269  0.01338447 -0.24205735  0.15510442 -0.57976102 -0.22336448
 -0.38944476 -0.88543673  0.01119997 -1.23328953 -0.05897163 -0.57869365
  0.57463514 -0.62082005 -0.00338675]
[ 1.          0.59028434  1.73829941 -1.44547465 -0.11055776  0.04388677
  0.31350764 -0.43028799 -1.02222824  1.30721364  0.50070165  0.50712681
  0.79050823 -0.17881516 -1.30725455  1.730271   -1.37106562 -0.82614725
 -0.02721972  0.2166819  -0.47956518]
[ 1.         -0.2448037   0.54218848  0.63249634  0.26002168  0.15114384
 -0.17416468 -0.18621514 -0.26805925 -0.42450805  1.52294868 -1.35724489
  0.46227431 -0.73052445  0.67261719 -0.39664268  1.17227653 -0.68698489
 -0.67030277  0.88535028  0.98942123]
[ 1.         -1.47422391 -0.25938204 -0.46351702 -0.18529078  1.67521198
  0.11443259  0.82060111 -2.2473607  -0.8145214  -1.32131401  1.0647542
  0.12276741  2.41956742  0.65613661 -0.14929449 -0.33681214 -1.92137977
 -0.96717151 -0.61868748  0.50064334]
[ 1.          1.66377388 -1.53735184 -0.25623961  0.18793894  2.43752861
 -0.94828179 -1.39920311  2.09942125  0.36451876 -0.8194252  -0.83526452
  1.21908175  0.3175107   0.6011099   0.47186118  0.51528938 -0.73770393
 -0.10133332 -0.10820928  0.12390904]
[ 1.          0.10607805  0.80879848 -0.66782495 -0.73425866 -1.54768035
  0.00846249  0.11051453  0.91656275 -1.28233106 -0.06898958 -0.16685211
  0.10044694 -1.54020152  2.49080184 -1.82140249  0.88485333  0.02994101
  0.12005877 -0.09461975  1.36278831]
[ 1.         -0.90198063  1.9454924  -1.78927408  0.07810111  1.06340379
  0.69566665  0.59787134  1.01028348  0.57214933 -1.24445434  0.5438702
 -0.5751248   0.80593124  0.32825723 -2.61331324  1.16290632  1.37256963
 -1.11203536  0.6077141  -1.15251883]
[ 1.         -0.82464082 -1.21479233 -0.32377364 -1.56623971 -0.31019575
  1.06533971  0.18240011 -0.96541628 -0.38024632 -0.00960316 -1.11957935
  0.11560104 -1.71825412 -0.43184421  0.21781985  2.22664948 -2.01858131
 -0.33713249 -0.61029495 -1.90393318]
[ 1.         -0.81659181  1.34748454 -1.16604804 -0.41513488  1.70664505
  0.15228566  0.29317633 -0.70141591  1.07280902 -1.21806644  0.84679011
  0.13464748  3.10592184 -0.24751795 -1.63078067  0.97852749  0.31971507
 -1.92545025 -0.56403636 -1.22809963]
[ 1.         -0.11409694 -0.73238661  1.70597611  0.58351671 -0.80200815
  2.84005405 -0.33004614 -0.32747811  2.15051535  0.62896148  0.67641775
  0.55218233  0.19267757  1.20010989  0.17529173  0.14319992  0.36771308
 -0.34871346  0.90645918  1.38878544]
[ 1.         -0.53297269  0.70376374 -0.27257567  0.45772036  0.1958177
  0.03822142  0.08573171  0.74220349 -0.44007     0.37273825  0.46882293
 -0.62865779  0.30739919 -0.67804651 -0.85768721 -0.05758769  0.89809864
 -0.65159992 -0.28160337 -1.03630311]
[ 1.         -0.19168077 -0.89834012 -1.28498356 -1.63070892 -0.09044872
 -0.70507943 -0.22105064 -0.73247637 -0.2917348   2.38754647 -0.09828962
  1.74983208 -2.36021417 -2.14121751 -2.00520766 -3.52020685  2.65610619
 -1.86635234 -2.14403718  1.30623024]
[ 1.         -1.6343267  -0.5667394   1.01303939  0.81047443  0.16423663
 -2.61909805  2.0470212  -0.40050753  1.39133382  1.493667   -0.45496506
  1.74945576 -1.00047543 -0.66851998  0.04368597  0.87048403  0.98545172
 -0.91619145  2.0415939   0.43950637]
