Cluster centers 

[-0.91105417 -1.13198274 -0.35267494  0.70801664]
[-0.94233981  0.17931148 -0.50375172  0.62025362]
[ 1.50783872 -0.85295567 -0.36325623  0.04063294]
[ 0.36623045 -0.44633679  1.43056872  0.29941768]
[ 0.73004165  2.03862392  0.28743453 -1.14752806]
[-1.31454973 -0.68149379  0.73779043 -1.00245828]
[-0.10396739  1.88069911 -2.2294911  -0.40036311]
[ 0.56480796  1.09059776  1.02143899  0.62121448]
[-0.06079588  0.68155105  1.49513568 -0.88621463]
[ 1.00029369 -0.47803628  0.55334912  1.7286946 ]
[ 2.22067003 -0.69469511 -1.72318623  0.01827552]
[-0.57523489 -1.75816145 -0.72282491 -1.40291419]
[ 1.97877053 -0.80689279 -1.25488743 -0.71509665]
[-0.56843582  1.08598084 -1.2921808   0.235035  ]
[-0.61778387  0.32475918 -0.80297944  1.61755034]
[-1.23458847 -0.48834678  0.15595682 -0.11703024]
[-0.19032337 -1.4558296  -1.43858949  0.93574575]
[-0.34634125  0.83671741  1.27399175 -1.82350088]
[ 0.25446761 -0.97441949  1.20657621 -0.85209253]
[ 0.39683142  1.22859253  1.06774203 -0.3127944 ]
[ 0.5879501   0.58499101  1.13167656  1.40007208]
[ 1.02129363 -0.86846166  0.43658115  0.02932586]
[ 0.86808388  2.41103274 -0.17287393 -1.94947022]
[-0.67628945 -0.82019224  1.61241427 -1.4463019 ]
[-0.32619853  1.25398574 -1.53385862  0.80332466]
[ 0.38821862  0.25567011  1.43743622  0.78354878]
[ 2.1608753  -0.78302817 -1.68543258 -1.68020569]
[-0.75799827  1.09174537 -1.06373759 -0.85064726]
[ 0.02865905 -1.64401534 -1.9961762  -0.34034998]
[ 1.51992906 -0.98561313 -0.61345789 -1.31709486]
[-0.7919781   0.44749581 -0.7585429   0.79744448]
[ 0.10397804 -0.09893245  1.67613886  0.0120824 ]
[ 0.26810011  1.39467453  0.95565603 -1.142802  ]
[ 1.40635591 -0.76147715 -0.15264549  0.83898888]
[-0.84744228  0.13616229 -0.58085257  1.06872028]
[-1.1220256  -0.36975986 -0.11773302  0.42609141]
[-0.74941808 -1.66240864  0.19919972 -1.8824424 ]
[ 0.88786883 -1.05396757  0.38120723 -0.94593312]
[-0.91550194  0.62534143 -0.68128687 -0.21726738]
[-1.30970055 -0.4665708   0.4780592  -0.73409065]
[ 0.31761835 -1.24416231 -1.78511246  1.92908572]
[-0.33379153  1.54611798 -1.7968854  -0.19783866]
[ 0.96055186  2.07045792  0.13169631 -0.11460347]
[-1.23789669 -0.9686417   0.31638777 -0.32895765]
[-0.747623   -1.61054901 -0.56374664 -0.54789811]
[ 0.76617322  1.68132488  0.54654287  0.17244596]
[ 0.92031865 -0.59257989  0.71130727  1.07312554]
[-1.06630219  0.2450729  -0.33422332 -0.11465284]
[-0.70250388  0.47528355 -0.83438458  1.10749733]
[-0.43174977  1.64644213 -1.77454981 -1.22238575]
[-0.90757757 -0.52683557 -0.37316612  1.25909682]
[-0.72384364  0.97521817  0.60668449 -2.64788791]
[-0.54272554  0.79039588 -1.09605019  1.09483683]
[ 1.26940395  2.75602425 -0.66219874 -1.43972865]
[ 1.26820191 -0.94652816 -0.04585571 -0.48758077]
[ 0.3943359   0.57653917  1.36361993  0.64887948]
[ 1.687541   -0.76916756 -0.68928255  0.6889683 ]
[-0.62211423  1.17547026 -1.29803654 -0.35063786]
[ 1.1876947  -0.8268501   0.21088251  0.31999644]
[-0.15586328 -0.5641667   1.72512799 -0.70235272]
[-0.42519643 -1.66315645 -1.19662513 -0.34053421]
[ 0.74550283 -0.15385983  0.98242596  1.75330633]
[ 0.65545608  1.58795279  0.69235871 -0.10301746]
[ 0.74478457 -0.7300098   0.906745    0.33262988]
[ 0.12267051  0.60136038  1.5106572  -0.26962946]
[ 2.05930767 -0.81064004 -1.46708572 -1.33880631]
[-1.16567033  0.25203298 -0.03492822 -0.86744845]
[-0.08356874 -0.40024153 -0.13276437 -0.78570537]
[-0.35436335  0.04277857  1.7551005  -1.00872376]
[-1.25090622 -0.49929051  1.08569161 -1.45992008]
[-0.13995736  1.59342154 -1.89840499  0.54275432]
[-0.75510533  0.71317145 -0.92036529  0.37624468]
[ 0.7072849   1.03805005  0.83867399  1.41298654]
[-0.08026671  1.39633125 -1.67455398  1.35070607]
[ 0.46187169 -0.07865237  1.38972185  0.94179429]
[-1.13441412 -0.14260085 -0.13683515  0.1553477 ]
[-0.56485885 -1.34061473 -0.86640021  0.98531036]
[ 0.39548619  1.74752687  0.60423428 -1.6010723 ]
[ 0.62797862  1.78578567  0.55813367 -0.78235416]
[-1.10186904 -0.74975696 -0.08603626  0.54073937]
[ 0.01711855  1.3720224   0.90126454 -1.90059089]
[-1.09567183 -1.41663295  0.33984514 -0.9689894 ]
[-0.75014006 -0.38473313 -0.52135799  1.74442614]
[-0.9890883   0.32339401 -0.48674209  0.13695331]
[ 1.66043548 -0.86786487 -0.66484961 -0.36340248]
[-1.07813752 -1.17033359  1.13028021 -1.55549511]
[ 0.14830497  1.9925094  -2.37541496  0.35143575]
[ 1.40691761 -0.65800714 -0.24232006  1.6348599 ]
[-1.18016696 -0.02721895 -0.04521823 -0.26853619]
[ 0.37886919 -1.53883502 -2.49762877  0.0073669 ]
[ 0.84070831 -0.91081567  0.64753741 -0.24927497]
[ 1.22709654 -0.6888248   0.17324405  1.17559117]
[-0.46262525 -1.71616954 -1.10361778 -0.77155523]
[-0.85715054 -0.10719091 -0.49664568  1.28183458]
[-0.44349567 -1.78962924 -0.45780288 -2.30346096]
[ 0.43206006  0.84957118  1.23959211  0.48053824]
[-1.29464456 -0.25479913  0.69027509 -1.25503708]
[-1.03190294 -0.2468783  -0.27992728  0.71491801]
[ 0.23280235  0.54155462  1.48898546  0.13586929]
[ 0.59036757  0.06988367  1.21684499  1.455512  ]

Populations

0.0141656054313
0.0165009851287
0.0128379347117
0.00922161002066
0.0107774651014
0.0170459418219
0.00885742313829
0.0134076438002
0.00772030864238
0.000343448686569
0.00387945451067
0.00843851087262
0.0162062651674
0.00382411886289
0.0107953865465
0.0156475088372
0.00559747927472
0.00795637699227
0.0106376412721
0.0155643212786
0.00510651662353
0.0104274661088
0.0115529723215
0.00614475440796
0.00778372787548
0.00357067392893
0.0046517562289
0.00298414929652
0.0181163921388
0.0105247653072
0.0171307575452
0.0180708620018
0.00777511346299
0.018376864563
0.0176435586555
0.00751510603548
0.0104078365577
0.0172755960077
0.0102622201825
0.00555477537579
0.00655348399392
0.00350573463187
0.0153994175837
0.0156184423269
0.00322565267141
0.0110258283597
0.0092402152736
0.0138343142241
0.00343177524207
0.0144764481372
0.00414284032555
0.0159798299609
0.0040462605433
0.0130692032746
0.00433379577372
0.018273750629
0.0214030213636
0.0162417126734
0.00810972980356
0.00286704111526
0.00434485597914
0.0146664699523
0.0250203656332
0.0142565143256
0.00309103817221
0.0104137254987
0.00863632620982
0.00363577141987
0.00417767163176
0.0237280780284
0.0131191548897
0.0137321982379
0.0252686592408
0.026541844096
0.00441718880758
0.00490440821756
0.00842941811154
0.00836110337774
0.00363438490526
0.00410618379379
0.0254879594398
0.00567742536308
0.00446473262958
0.00353411672801
0.0103612066646
0.00928213039397
0.00355044826553
0.00375475003276
0.00728915626308
0.00861292915644
0.015641295784
0.00519090572387
0.0174521600163
0.00987464325641
0.0103812330494
0.0042969665248
0.00558278754838

State labels

0
1
2
3
4
5
6
7
8
9
10
11
12
13
14
15
16
18
19
20
21
22
23
24
25
26
27
28
29
30
31
32
33
34
35
36
37
38
39
40
41
42
43
44
45
46
47
48
49
50
51
52
53
54
55
56
57
58
59
60
61
62
63
64
65
66
68
69
70
71
72
73
74
75
76
77
78
79
80
82
83
84
85
86
87
88
89
90
91
92
93
94
95
96
97
98
99

Eigen values

1.0
0.809485849159
0.763354387619
0.741564199183
0.723271153112
0.703588764568
0.675333231058
0.653003064901
0.641458517146
0.624054620763
0.615116216065
0.583486773294
0.568250722117
0.55817878105
0.540295550363
0.526847704633
0.517577369054
0.503206984924
0.477866485291
0.45239684554
0.44572638631

Left eigenvectors

[ 0.01416561  0.00953683 -0.03062627  0.0264151  -0.0125639  -0.02994099
 -0.04256342 -0.00358696  0.00146845  0.02381681 -0.00423568  0.00651574
 -0.01220799 -0.00257847  0.00023789 -0.01761914  0.00782199 -0.00850571
 -0.0091257   0.00328029 -0.01215642]
[ 0.01650099  0.00754775  0.02754194  0.0096371   0.01397447  0.00184076
  0.00130213  0.01005701  0.02853647  0.02688544  0.01184483  0.00913586
  0.02468218 -0.01667424  0.0056815  -0.00083557  0.01198329 -0.00949756
 -0.0008042   0.00116565  0.01597289]
[ 0.01283793  0.00461134 -0.01197313  0.00521516  0.00319777  0.01071069
 -0.00144213 -0.01080146 -0.0116672  -0.0079035   0.02295097  0.01065011
  0.0084935  -0.00090792 -0.00501808  0.00328348 -0.00873304  0.0097744
  0.01000208 -0.01062692  0.00034316]
[ 0.00922161  0.00035393 -0.0047028  -0.00397764  0.00253361 -0.01110267
  0.01048843  0.01447208  0.0045438  -0.00719178  0.00608388  0.00162539
 -0.00740817  0.01360151 -0.00893064 -0.00939083 -0.00801742  0.00276957
  0.01624681  0.0064647  -0.00549485]
[ 0.01077747  0.00634013  0.01028509  0.00106557 -0.01563079 -0.00447313
  0.01033364 -0.01418817 -0.00984617 -0.01311614  0.00165485 -0.00384059
  0.0011246  -0.01890155  0.00064019 -0.01334431 -0.0080599  -0.00524886
 -0.00490991  0.00584228 -0.00706097]
[ 0.01704594  0.0017776  -0.01481614 -0.01769065  0.00388882 -0.02241563
  0.0037544  -0.00848277 -0.01136741 -0.002141   -0.01634772 -0.01832438
  0.01727901  0.00523699 -0.00503544  0.01210365  0.03808307  0.01037211
  0.00717878 -0.00452007  0.00222001]
[ 0.00885742  0.00075778  0.0102836   0.00662567  0.00930136  0.00558035
 -0.00402227 -0.00187038  0.00530409 -0.00034526  0.00403599  0.00249095
  0.01238404  0.01004516  0.00256015  0.00103565  0.0130298  -0.00242709
 -0.00721659  0.01371915 -0.00980834]
[ 0.01340764  0.00438786 -0.00022887  0.01458953 -0.03167378 -0.01830031
 -0.00563105  0.01243088  0.01123296  0.0040982   0.00612622 -0.00500603
 -0.00207468  0.01920826 -0.01003059  0.0087496  -0.00740327 -0.02295516
 -0.01282569 -0.01214254  0.01690198]
[ 0.00772031 -0.00527916 -0.00815134 -0.01384032  0.00674109 -0.01343974
  0.01269186  0.01312312  0.01066421 -0.00655315 -0.00084264  0.00978742
  0.00533371  0.00469018 -0.00492935 -0.02294045 -0.00549472  0.00202988
 -0.01327935 -0.0030381  -0.00040189]
[  3.43448687e-04   3.14516741e-05  -2.14618637e-04   6.49391678e-06
  -1.00019772e-04  -5.38216123e-05   3.67694407e-04   1.10118094e-04
   5.05140314e-05  -4.84077361e-04   1.19569112e-05  -7.76578945e-04
  -6.73355679e-04   7.28989469e-04  -1.38868603e-03  -4.23914092e-04
   5.21277362e-04  -1.14026164e-03   1.04389097e-04   2.17310628e-03
   2.67326588e-03]
[ 0.00387945 -0.00297032 -0.00100769 -0.00436421 -0.00162751 -0.00249818
  0.00217915  0.00483528  0.00374753 -0.00178751  0.00139118  0.0002667
 -0.00043054  0.00707827 -0.00501984 -0.00745038  0.00178513  0.00581797
 -0.00576042 -0.00067035  0.00767217]
[  8.43851087e-03   4.74583687e-03   1.99510543e-03  -8.10452536e-03
   2.05151942e-03   1.83110995e-03  -6.11009550e-03  -1.13001017e-02
   1.77977527e-02   2.54306662e-05  -5.51392810e-03  -1.01241531e-02
  -1.19608425e-02  -3.84207508e-03   9.66444609e-03   8.43828157e-03
  -8.38578490e-03   9.07090599e-03   2.70218926e-03  -1.22525160e-02
   9.90729362e-03]
[ 0.01620627 -0.01802646  0.00301068 -0.0009087  -0.01898027 -0.00488712
 -0.0089821   0.01232494  0.0049721  -0.01238663  0.01558812 -0.01100208
  0.00324493  0.02391166 -0.00582351  0.01455615  0.01861424  0.01701295
 -0.00017664 -0.0122722  -0.0027133 ]
[  3.82411886e-03   3.47523199e-04  -1.54735054e-03  -3.60833611e-03
   1.77539386e-03   2.59379918e-03   7.78402522e-03  -6.12276054e-03
  -1.12843128e-02   1.31668250e-02   1.80899592e-02   4.02832529e-04
  -9.13393634e-03   5.86259717e-05  -2.51363495e-03   9.55823013e-04
   3.06894660e-03  -6.96809962e-03  -4.37079936e-03  -1.68343459e-02
  -8.98337211e-03]
[ 0.01079539  0.00573102  0.0164172   0.01482141  0.00978659 -0.01056645
  0.00533418  0.02059059 -0.01265261 -0.00010299 -0.00353519 -0.00981096
  0.00023057 -0.00265519 -0.00033862  0.00611947 -0.01680635  0.01349119
 -0.00327709 -0.00497804 -0.01180123]
[  1.56475088e-02   7.69964804e-03  -5.93142232e-03  -2.55732842e-03
   8.64780582e-03  -1.00241568e-02  -5.53274883e-03  -1.86611213e-02
  -1.23003433e-03  -2.03186552e-02  -6.65848784e-05  -1.04552252e-02
  -1.25155146e-02  -1.58902170e-02   1.43375228e-03   1.46959673e-02
   6.73139083e-03   1.04964825e-04   5.82963732e-03   1.89477359e-03
   3.25985586e-02]
[ 0.00559748  0.00219778 -0.00944536  0.00966168 -0.00235524 -0.00965491
 -0.01432366 -0.00230135 -0.00258473  0.00798839 -0.00629264  0.00337434
 -0.00536342  0.00492446  0.00050303 -0.0107715   0.00246783 -0.00521751
 -0.0005501   0.0047776  -0.00772713]
[ 0.00795638  0.00305311  0.0038327   0.00365068 -0.00972117  0.00055171
 -0.00182204  0.00099653  0.01799043 -0.00135692  0.00297198 -0.00145489
 -0.00833451  0.01740387 -0.00942204  0.00240142 -0.00204393 -0.00134907
 -0.00925502 -0.00851401  0.00289079]
[ 0.01063764  0.00493341  0.01035614  0.00090514 -0.0290687  -0.01039225
  0.01256858 -0.00056778 -0.01435692 -0.00392768 -0.00927301 -0.00619627
  0.01397716 -0.0077871   0.00901953  0.01164492  0.00224799  0.00713215
 -0.01166314  0.00481058 -0.00763435]
[  1.55643213e-02  -1.06821981e-02   5.56911634e-05   5.37104432e-03
   8.87138764e-03   7.96142435e-03   3.23778801e-03  -1.91156008e-02
  -4.10983666e-03   1.36553857e-03   1.82023443e-04   2.24155489e-03
   1.44982814e-02   1.39334949e-02  -7.55312112e-03   7.87316804e-04
  -4.82454957e-03  -1.20920957e-02   3.12809407e-04   3.92503122e-02
  -7.57517144e-03]
[ 0.00510652  0.00124554 -0.00225119 -0.01264841 -0.00204386  0.01020646
 -0.01374606  0.01042844 -0.0063454  -0.00100394 -0.00515199  0.00502937
  0.00224561 -0.00848495 -0.00843991  0.00657644 -0.00641132 -0.00846168
 -0.00601148 -0.00273638 -0.00219944]
[ 0.01042747  0.00552098 -0.00397985  0.00908617  0.00802082 -0.01070914
 -0.00979046  0.00415443 -0.00142698 -0.00795944  0.01817768  0.00773198
 -0.01553839 -0.01628816 -0.00397072  0.01374994  0.00194295  0.02004147
  0.00760464  0.0161398   0.00372722]
[ 0.01155297  0.0010088  -0.00085007  0.00233099  0.00080033 -0.01044863
  0.00392361  0.01802148  0.0042528  -0.01284961  0.01921711  0.00447536
 -0.01832966  0.00610438 -0.01006563  0.01298733 -0.0039496   0.01393441
  0.01988316  0.01216162 -0.0065683 ]
[  6.14475441e-03   5.75533279e-04  -1.60136386e-03  -1.00614590e-02
   1.03210791e-03   1.57753996e-03   1.15693142e-03  -1.66960921e-03
   2.97823439e-03   1.23821982e-02   9.90094965e-04  -8.63495023e-03
  -3.99212831e-05   5.05912925e-03   2.81859778e-03  -7.56628556e-04
  -4.80534551e-03   2.80234193e-03  -3.86041420e-04   1.04212955e-02
   6.15248631e-03]
[ 0.00778373 -0.00026258  0.00075904 -0.0053185   0.00394396  0.00374977
  0.01151804 -0.00856858 -0.0136395   0.01841137  0.0214621  -0.00506612
 -0.01628646 -0.00300209  0.00462408 -0.00564889  0.00173831 -0.01035644
 -0.01600326 -0.01053042 -0.00695401]
[  3.57067393e-03   1.28968625e-03   1.02281241e-03  -5.11651981e-04
  -1.79113202e-03  -6.27502249e-04   4.05562760e-03  -2.76088210e-04
   8.62248491e-05   5.25144780e-03   3.80553575e-03  -1.85110418e-03
   2.89115421e-03   2.14728481e-03   4.09174170e-03   4.72003938e-03
  -7.68661660e-03  -5.93724059e-03  -4.96022608e-04   5.67793186e-03
  -4.87106747e-03]
[ 0.00465176  0.00237843 -0.00984268  0.00600752 -0.00282491  0.01283701
  0.00996502  0.01100883  0.008269   -0.00106411 -0.00399667 -0.01261092
 -0.00656881 -0.00277857 -0.00913554  0.00216976  0.00326453 -0.00875783
  0.00224677  0.0076931  -0.00418907]
[ 0.00298415 -0.00094177 -0.00396762 -0.00709094  0.00348301 -0.00746214
  0.00585468  0.00451553  0.00392843 -0.00385428  0.00028071 -0.00056826
  0.00311122  0.00203107  0.0018149  -0.01360514 -0.00125299  0.00120741
 -0.00457379 -0.0029822  -0.00191738]
[ 0.01811639  0.00351932 -0.01265371 -0.02640649  0.004529    0.00943902
 -0.01008583  0.00719612  0.00271582  0.01091932 -0.02736413  0.01335916
 -0.0074593  -0.01895892 -0.01964554  0.03488028 -0.00791882 -0.01657614
 -0.01402004 -0.0005317  -0.01178449]
[ 0.01052477 -0.00111268 -0.01609007 -0.01605633  0.01160424 -0.01590154
  0.0133567   0.00537564  0.00550374 -0.00979218 -0.00749031  0.01343479
  0.01718008  0.0002697   0.00318063 -0.00382678  0.00485418 -0.00260872
 -0.00333299 -0.01448179 -0.00678857]
[ 0.01713076  0.00783364  0.00787453 -0.01185618 -0.00186172  0.01127454
 -0.00456155 -0.01245603  0.0225808  -0.0008629  -0.0263011   0.0124899
 -0.03018969 -0.01043776  0.00666943  0.01902716 -0.00330203  0.01282279
  0.00021643 -0.0196594  -0.0087493 ]
[ 0.01807086  0.00823746  0.03182323  0.02328515  0.0307994  -0.00385704
 -0.0023929   0.019637    0.00262634  0.02612241 -0.00035895 -0.00583434
  0.02663404 -0.01810772 -0.01178233  0.00034371  0.00415023  0.02078076
 -0.00282034 -0.00406747  0.00961466]
[ 0.00777511  0.00331679 -0.00767251  0.00880546 -0.00234996  0.00053083
  0.00438782 -0.00522684 -0.00820857 -0.00734375 -0.00348695  0.00415399
  0.00824576  0.00322653  0.01269446  0.00755704 -0.01308768  0.00437404
 -0.00256887 -0.00046532  0.01827724]
[ 0.01837686  0.0070646  -0.00927944 -0.03289347  0.00888608 -0.00448595
 -0.01912652 -0.00938052  0.02377877  0.01903227  0.00841937 -0.06078012
  0.00825322  0.00144657  0.05187124 -0.00243317 -0.03255344  0.0052293
  0.02606027  0.00789245 -0.00140943]
[ 0.01764356 -0.0017354  -0.00681269 -0.02014867 -0.00350599  0.00228054
  0.00768553 -0.00806035 -0.02171455  0.02271648 -0.00501512 -0.00653587
  0.00292433  0.00895613 -0.02173492  0.01899263  0.02962706  0.01026545
 -0.00395323  0.01509332  0.00745318]
[ 0.00751511  0.00137348 -0.00542941 -0.00538417  0.00121635  0.00355184
  0.00952669 -0.00743411 -0.0152996   0.01449033  0.02303381  0.00590994
 -0.0045778   0.00307959 -0.00992873  0.00754732  0.00459032 -0.00372735
  0.00744278 -0.01985096 -0.00904414]
[ 0.01040784  0.00421941  0.00863377  0.00230419 -0.00024317  0.00757689
 -0.00378734 -0.02363528  0.01837368 -0.01159346  0.00382927 -0.00098191
  0.00155264  0.00891406 -0.0177017  -0.00639002 -0.00698659  0.00665701
 -0.01116346 -0.01026145 -0.00846452]
[ 0.0172756  -0.01205148  0.00321096 -0.00285925  0.00389888  0.01395457
  0.00901093 -0.00426298 -0.01731438  0.0288007  -0.00328907  0.00346718
 -0.01315009  0.00250537 -0.00367334 -0.01542782  0.00543219  0.01927834
 -0.01832211  0.00066141  0.02457818]
[ 0.01026222  0.00408409  0.00301409 -0.00523705  0.00374173 -0.00835057
  0.01081841 -0.00577515 -0.01213441 -0.01067234  0.01617519 -0.01092512
 -0.02021737 -0.01737769  0.01171805 -0.01428521  0.00326834 -0.00985235
 -0.01355157  0.00281987  0.0034243 ]
[ 0.00555478  0.00409011 -0.01671538  0.01410714 -0.00431214 -0.00426199
 -0.01249891 -0.00233953 -0.00062277  0.00748883  0.00020172  0.0058143
  0.00016521 -0.00190776  0.00635748 -0.00942959  0.00169977  0.00294677
 -0.00597238 -0.00434229 -0.00143902]
[ 0.00655348 -0.01292461 -0.00245123 -0.00477429  0.00676908 -0.00622239
  0.00539809  0.00725783  0.00808372 -0.00300316 -0.00220416  0.01300404
  0.00215813 -0.01198264 -0.00086711 -0.00570542 -0.00556165 -0.00582005
 -0.0181552   0.0042567  -0.00360688]
[ 0.00350573  0.00200283  0.00192019  0.00461128 -0.01115541 -0.00655222
  0.00169645  0.00338562 -0.00104659 -0.00044157  0.00033039 -0.00380394
  0.00319601  0.00360634  0.00014498  0.00676909 -0.00807733 -0.00713825
 -0.01114355 -0.00331221  0.00493331]
[ 0.01539942  0.00729802 -0.01798709 -0.00808609  0.00510844 -0.01916781
 -0.02055721 -0.0094467   0.00401007  0.01168786 -0.01187999 -0.01597622
  0.00771364 -0.0155811  -0.00700278  0.01001922  0.00431653 -0.00513742
  0.01124322 -0.00516186 -0.00397868]
[  1.56184423e-02   1.15802807e-03   2.66229831e-03  -1.77009481e-02
  -6.62755839e-03   2.12874081e-02  -3.25323792e-02   1.82311440e-02
  -1.14656741e-02  -1.54972463e-02   2.16497278e-02  -6.79541688e-03
   1.41988269e-02   6.85451707e-03   1.04397865e-02  -8.05528643e-03
  -2.29744694e-05   3.62480865e-03   4.52688188e-03  -3.36432165e-03
  -1.94781800e-03]
[ 0.00322565  0.00097102  0.00174016  0.00202866  0.00201606 -0.00468166
  0.00302722  0.00837995 -0.00094608 -0.00304939  0.00315532 -0.0009604
 -0.00418441  0.00294005 -0.0034419   0.00171009 -0.00601274  0.00613093
  0.00643707  0.00261291 -0.00563422]
[ 0.01102583  0.00291581 -0.00504982 -0.00485406 -0.00066097 -0.00497861
  0.0132913   0.00548043  0.00065234  0.0078804   0.01527509  0.01623031
  0.00184137  0.00555736 -0.0058044   0.00559364 -0.00826097 -0.0078082
  0.03202753 -0.00497077 -0.00339487]
[ 0.00924022 -0.0007204   0.00238913 -0.01031989 -0.00359211  0.00552384
  0.00204571  0.00114677  0.00359898  0.01026086 -0.00352822  0.00094048
 -0.00849622  0.00725166 -0.00749905 -0.01516858 -0.00137927  0.01424991
 -0.00768641  0.0033087   0.02369619]
[ 0.01383431  0.00343069 -0.01067721 -0.00274017  0.00567462  0.01771094
  0.00855184  0.00528739  0.00279502  0.01071692 -0.01612761  0.00174256
 -0.00814979  0.00218647 -0.00316911  0.01949563 -0.01405144 -0.01592361
  0.00021752  0.01435434 -0.01155763]
[ 0.00343178  0.00206726  0.00375849  0.00512964  0.00617136 -0.00275413
 -0.00244211  0.00414937  0.00012582  0.00270554  0.00413559  0.00080355
  0.00117349 -0.00764704 -0.00339766  0.00377837  0.00139874  0.01011543
  0.00162399  0.00409838  0.00351607]
[ 0.01447645  0.0070282   0.01338039 -0.00335121 -0.00125629  0.00850173
 -0.00514812 -0.01587958  0.03741398  0.00280984 -0.00359306  0.00013457
 -0.01264161  0.00645599 -0.00921001  0.00207872 -0.0074982   0.01400238
 -0.01411193 -0.02456421  0.01326458]
[ 0.00414284 -0.00196081 -0.00107122 -0.00235615  0.00099431  0.00185122
  0.00199604 -0.00526843 -0.00492485  0.00468968 -0.00094905 -0.00086104
  0.00391229  0.00516089 -0.00667311  0.00455764  0.00572931 -0.00062779
 -0.00091729  0.01522464 -0.00016628]
[ 0.01597983  0.00202123  0.00573999  0.00105193  0.00807539  0.01249679
  0.00286111  0.00409465 -0.0107533   0.01112092 -0.03026602  0.00254945
 -0.02124221  0.00938283  0.00016604 -0.00184974 -0.0080356   0.00282288
  0.0048282  -0.00586817 -0.00221469]
[ 0.00404626  0.00126968 -0.00582847  0.0037461   0.00116204  0.00241888
  0.00374108 -0.00329658 -0.00403979 -0.00387242 -0.00104516  0.00782097
  0.00625383  0.00448782  0.00814483  0.00636841 -0.00970121  0.00259467
  0.0019812   0.00104785  0.0110454 ]
[ 0.0130692   0.00650341 -0.03227173  0.02492284 -0.00191443  0.01917105
  0.00488883 -0.00395788 -0.00386582 -0.00300201  0.00564702  0.01049462
  0.01486391 -0.00266672  0.01810653 -0.00586538 -0.00449255  0.01794336
 -0.00454145 -0.01437412  0.01086741]
[ 0.0043338   0.00267115  0.00196505  0.00269882  0.00582437 -0.00352988
 -0.0046817  -0.00555002  0.00121965  0.00243423 -0.00111261 -0.00728442
  0.01173118 -0.01069891 -0.01617789 -0.00146592 -0.0038133   0.00168549
  0.0046002  -0.00360759 -0.00126694]
[ 0.01827375 -0.07045243  0.00164809  0.01029097  0.00215922  0.0019653
 -0.00056365 -0.00726854 -0.00011142  0.00457545 -0.00645507  0.00230403
 -0.00246778 -0.0154669   0.00414576 -0.00663096 -0.01010139 -0.00938632
 -0.00030943  0.00907157  0.00164391]
[ 0.02140302  0.00882225  0.03096312  0.02923065  0.03881194 -0.00337385
  0.00101683  0.02813613 -0.03377903  0.00312551 -0.04326508 -0.01775588
 -0.01196217  0.02070417  0.00426922 -0.00808066 -0.01233336 -0.00383643
  0.01396377 -0.03994154 -0.01388143]
[ 0.01624171  0.00258034  0.00363443 -0.00699719  0.00679403  0.00946327
  0.00707242 -0.00798816  0.00937433  0.02720838  0.01305669 -0.01333784
  0.00406368  0.00883299  0.01734916  0.00739046 -0.01529836 -0.01825415
 -0.00709094  0.02573355 -0.01706931]
[ 0.00810973 -0.00328392 -0.00732467 -0.01064831  0.00873407 -0.00515693
  0.00328271  0.00572026  0.00674626 -0.00654601 -0.00837988  0.01711559
  0.00026306 -0.01272037 -0.00174009  0.01100537 -0.00096077 -0.00974149
 -0.01549517 -0.00194596 -0.00516616]
[  2.86704112e-03   2.36865092e-03  -1.26171649e-02   9.57064763e-03
  -2.50889048e-03   1.52380783e-02   1.04634842e-02   9.60110544e-03
   7.34382677e-03  -2.70161778e-03  -2.29655032e-03  -1.42694269e-02
  -4.82450329e-04  -9.43494263e-03  -3.40072809e-03  -2.53112799e-03
   8.05852375e-03  -2.81467804e-03   3.85647308e-04   1.02476158e-05
  -4.34577209e-03]
[ 0.00434486  0.00172667  0.00050403 -0.00266109 -0.00029414 -0.00114186
  0.00144058 -0.00264437 -0.00445551 -0.00472358  0.00203395 -0.00390492
 -0.00867936 -0.00584329  0.00114019 -0.00534023  0.0033621  -0.00176409
 -0.00124262  0.00515032  0.01238496]
[ 0.01466647  0.00867849  0.01223474  0.01272514 -0.03290083 -0.01858667
  0.01526511  0.00509105 -0.01724246 -0.00654137 -0.00474423 -0.01292808
  0.01703234 -0.0036164   0.01113193  0.02003375 -0.02646953 -0.00538693
 -0.03016427  0.00043724  0.00031724]
[ 0.02502037  0.00315308  0.01619349  0.00638338 -0.00548495  0.01778533
 -0.00762277 -0.01666464  0.02525737 -0.01263636  0.00859019  0.00956865
  0.0031391   0.03900405  0.00848191 -0.00292777  0.01787257  0.01320022
 -0.01857029  0.00485437 -0.04122703]
[ 0.01425651  0.00712618  0.0156673  -0.00545734 -0.02060809  0.00898763
  0.00388483 -0.01279498  0.01102826 -0.00448014 -0.01686983  0.01749908
 -0.01267068 -0.01022173  0.01417766 -0.00720547  0.01149439  0.01475759
  0.01122743 -0.00187569 -0.03002358]
[  3.09103817e-03   2.29137165e-04  -1.47447070e-03   4.33409057e-05
  -6.51072741e-04  -3.40814534e-04   2.23484627e-03   6.47167074e-04
   2.91623901e-04  -2.71881642e-03   6.61940097e-05  -4.07811188e-03
  -3.44371365e-03   3.66215807e-03  -6.75270793e-03  -2.01004349e-03
   2.42821228e-03  -5.16408857e-03   4.48956455e-04   8.84795781e-03
   1.07239063e-02]
[ 0.01041373  0.00614713  0.01315302  0.00186087 -0.01600176 -0.00370078
  0.00902705  0.00508172  0.01100487  0.01349115  0.00524186  0.01809111
  0.01069455 -0.01238558  0.00396312 -0.00804593  0.00636824 -0.01929569
  0.03438516 -0.00529626  0.0121454 ]
[ 0.00863633  0.00173767  0.00079024 -0.01973582 -0.00800982  0.02118612
 -0.02858054  0.02107982 -0.01655552 -0.00846833  0.00372862  0.00330104
  0.00891542 -0.00679414 -0.00575713 -0.00687427 -0.00778464 -0.00637248
 -0.00270002 -0.00426975  0.00302476]
[ 0.00363577 -0.00164343  0.00340618  0.00069429  0.0044584  -0.00294009
  0.00189073  0.00577892  0.00528549  0.00086666  0.00443659  0.00518347
  0.00142878 -0.00907436  0.00111109 -0.00127194 -0.00143116 -0.00011316
 -0.00838878  0.00581524 -0.00177199]
[ 0.00417767  0.00244214  0.00379364  0.0032875  -0.01099884 -0.00477856
  0.00181864  0.00437268  0.00624764  0.00572282  0.00327825  0.00571117
  0.00368261 -0.00016566 -0.00094246 -0.00109565  0.0007546  -0.0148626
  0.01229321 -0.0063288   0.0113249 ]
[ 0.02372808  0.01259563  0.02817267 -0.00795218 -0.0500192   0.00369111
  0.01772704 -0.01071305 -0.00747242 -0.00263766 -0.01974659  0.02133142
 -0.0017573  -0.03296251  0.01765173 -0.02891664  0.01498474  0.00886818
  0.02954511  0.01140288 -0.01904284]
[ 0.01311915  0.00428963  0.01421243  0.00427798  0.0134166   0.00998129
 -0.01273147  0.0027254   0.00746824 -0.01456853  0.01011312  0.00583512
  0.00904448  0.01389935  0.01818545  0.00401405  0.03096882 -0.02041131
 -0.00833173  0.00614539 -0.00406862]
[  1.37321982e-02  -6.83738690e-02   2.77596479e-03   1.08929449e-02
  -5.82797723e-03   9.04186928e-05  -5.96064221e-03  -3.37860765e-03
   3.39612673e-03  -1.57780715e-03   9.09598774e-04  -7.37801878e-03
  -2.77932714e-03  -1.30781889e-02   5.47435925e-03   5.38515234e-03
  -2.29413100e-03  -2.41823136e-03   1.06225896e-02  -1.08742883e-02
   8.34846942e-05]
[ 0.02526866  0.00362526 -0.02961025  0.01013032  0.01350236  0.01633084
  0.01674972 -0.0111736  -0.00946096 -0.00947086  0.00067219  0.03810494
  0.01924314  0.01894715  0.01865868  0.01864256 -0.02419719  0.00427116
  0.01504687  0.00582517  0.01239143]
[ 0.02654184 -0.00350026 -0.00483863  0.0143351   0.01148912 -0.00198333
 -0.00299505 -0.00763834 -0.02129129 -0.00291701 -0.03153589  0.00570121
 -0.00379472  0.03563941  0.00235542 -0.019186   -0.00482457 -0.00803635
  0.01881217  0.01543976 -0.00817523]
[ 0.00441719 -0.00062421  0.00568417  0.00339346  0.00594446  0.00182954
  0.0012487   0.00289147 -0.00290596  0.0110073  -0.00074803 -0.0004847
  0.00286765 -0.00344209 -0.00355464 -0.00362096  0.00231773  0.00994675
 -0.00557605 -0.00092641  0.00963629]
[ 0.00490441  0.0023988   0.00894974  0.00305843  0.00630448  0.00291086
 -0.00301903  0.00315529  0.00904139  0.0026554   0.00592267  0.0042223
  0.00962927 -0.0003057   0.00758322  0.00109337  0.01418129 -0.01011311
 -0.00333673  0.00279852  0.00402205]
[ 0.00842942  0.00408153  0.01009459  0.00787186  0.01562431  0.00053442
 -0.00331582  0.00041934 -0.00943666 -0.01553501 -0.00671201 -0.00581926
 -0.00798013  0.00867162  0.00798395 -0.00328137  0.01242736 -0.02349491
  0.00167333 -0.01013155  0.00506171]
[ 0.0083611   0.00266436  0.00575217  0.00432162  0.00653421 -0.00844202
  0.00156523  0.01250875 -0.0031513  -0.00873564  0.01627397 -0.00039562
 -0.0122871  -0.01175325  0.00216264  0.00316881 -0.00562891  0.01343445
 -0.00534251  0.01348758 -0.01116267]
[ 0.00363438  0.00098717 -0.00510814 -0.00406324  0.00234967 -0.00564777
  0.00155161  0.00050921  0.00162176  0.00110179 -0.00060161  0.00299563
  0.00494371 -0.00138885 -0.00152708  0.00188581  0.0002082  -0.0030207
  0.00791442 -0.00572684 -0.00326682]
[ 0.00410618  0.00070648  0.00069922 -0.00954482 -0.00387318  0.01121555
 -0.016487    0.01144495 -0.00858046 -0.00648935  0.0059875  -0.00011364
  0.00702557 -0.00139278 -0.00012078 -0.00513919 -0.00367121 -0.00216319
 -0.00016306 -0.00325312  0.00109385]
[ 0.02548796  0.00383006  0.01103059 -0.01932705 -0.02382163  0.02007144
 -0.00334787  0.00865491 -0.02153035  0.00638194 -0.01496566  0.00681027
 -0.01699658 -0.00107997 -0.00657352 -0.03502972  0.00944072  0.01551115
  0.011347    0.01703606  0.02441178]
[ 0.00567743 -0.00019521 -0.00348348 -0.00987331  0.00139087 -0.0011085
  0.00408499  0.00435773  0.00416344  0.00622077 -0.00159262  0.00483371
 -0.00108293  0.00241212 -0.00600149 -0.00327551 -0.00612702  0.00045017
 -0.00137814  0.00235062  0.00518934]
[  4.46473263e-03   6.55121412e-05  -6.78126277e-03  -7.54057451e-03
   3.78342211e-03  -8.89148848e-03   4.50716740e-03  -3.68707301e-04
  -9.97653876e-04  -3.43213784e-03  -6.17104145e-03  -3.08377727e-04
   1.01032907e-02   1.46631555e-03  -2.68117289e-04   2.01379611e-03
   1.25427148e-02   2.05553116e-03   9.01488130e-04  -7.44070879e-03
  -2.11238260e-03]
[ 0.00353412  0.00281499 -0.01543728  0.01214317 -0.00231033  0.01602532
  0.00963501  0.00721271  0.0054211  -0.00310834 -0.00069068 -0.01081671
  0.00343649 -0.01004557  0.00152825 -0.00431461  0.00730022  0.00223548
 -0.00097331 -0.00473118 -0.00174287]
[ 0.01036121 -0.00207064 -0.00030009 -0.00736015 -0.01399735 -0.00940449
  0.00484166 -0.00086653 -0.01164519 -0.00042168 -0.00490988 -0.01220186
  0.01252894  0.0072067  -0.00455393  0.01848147  0.02636676  0.01504503
 -0.00481054  0.00111351 -0.00216922]
[  9.28213039e-03   2.87024963e-03  -2.62968332e-03   3.55757132e-03
  -1.09783386e-02   8.09308429e-05   5.24893865e-03   1.51044662e-02
   1.14304247e-02  -3.76932111e-03   4.14504054e-03  -5.53345363e-03
  -1.50851069e-02   1.42980573e-02  -1.64999373e-02   1.29421596e-04
  -2.70461921e-03  -4.49428757e-03   5.80301397e-03   5.68420247e-03
   3.46177348e-03]
[ 0.00355045  0.00203847  0.00184901  0.0024126   0.00319561 -0.00072414
 -0.00246373 -0.01129506  0.00045577 -0.0046288   0.00137246 -0.0057962
  0.00988008 -0.00781727 -0.01871512 -0.00472691 -0.00722185 -0.00086441
  0.003468   -0.00208888 -0.00250714]
[  3.75475003e-03   7.70245474e-04   2.45155991e-03  -6.86045657e-04
   5.44621852e-05   2.22543730e-03  -4.21524282e-03   3.44381071e-03
   3.83972318e-05  -4.99867894e-03   7.16849742e-03  -1.41541169e-04
  -5.71276604e-04   1.98457024e-03   2.96204791e-03  -7.37380416e-04
   4.21445390e-04   5.59788285e-03  -2.85134499e-03   3.98171103e-03
  -8.76146208e-03]
[ 0.00728916  0.00381329  0.00248252  0.00065781  0.00949732 -0.00384191
  0.00029634 -0.00473126 -0.0057698  -0.01672109  0.00268512 -0.00388575
 -0.01594396 -0.0070147   0.00982967  0.00299091  0.01031104 -0.01531241
 -0.00257519 -0.00240962  0.01498294]
[ 0.00861293 -0.03711915  0.00220963  0.00541091 -0.00848161 -0.00137335
 -0.00612663  0.00187209  0.00362856 -0.00504053  0.00576124 -0.0087365
 -0.00071547 -0.00025563  0.00169749  0.00959961  0.00565878  0.00507345
  0.00849252 -0.01482206 -0.0011748 ]
[ 0.0156413   0.00505531 -0.00269937 -0.00134094  0.01386783 -0.00259157
 -0.00245353 -0.00154003  0.005852   -0.02331136  0.00359719  0.01729271
 -0.01979078 -0.01018392  0.010701    0.02662907  0.00969291 -0.00476681
  0.0006988   0.00472863  0.01167583]
[ 0.00519091 -0.0137371  -0.00023925  0.00386779  0.00188724  0.00017474
 -0.00052707 -0.00275967 -0.00301337  0.00070384 -0.00622273  0.00148483
 -0.00126693  0.00149568  0.00156908 -0.00520718 -0.00383198 -0.0042978
  0.00344307  0.00614637 -0.00108478]
[ 0.01745216  0.00649645  0.00634274  0.00752858  0.00398019  0.00464258
 -0.00166365 -0.04474176 -0.00068343 -0.02884752  0.00941692 -0.008867
  0.0156082  -0.00824356 -0.04027789 -0.01610956 -0.0202149  -0.00758553
  0.00181177  0.00138636 -0.00573172]
[ 0.00987464  0.00031546 -0.00907265  0.00779063  0.00154432  0.01252639
  0.00466024 -0.00635539 -0.00237322  0.00162669  0.00241966  0.0127687
  0.00580883  0.01041619  0.01037472 -0.00254758 -0.00183495  0.01495981
 -0.00720243 -0.00295356  0.00553252]
[ 0.01038123  0.00118261 -0.01017005 -0.01801878  0.00850415 -0.01843079
  0.01089877  0.00388617  0.0039599  -0.00798431  0.00209582 -0.01349765
  0.00526925  0.0019063   0.01206903 -0.01983724  0.00217006  0.00158252
  0.00123825 -0.0052178  -0.00507092]
[  4.29696652e-03   3.28555364e-03  -8.38596224e-03   8.63168237e-03
  -1.55405109e-03  -1.04026164e-02  -1.41549575e-02  -4.71357252e-05
   8.60575711e-05   5.22083060e-03   3.29819207e-03   4.17021343e-03
  -8.31083151e-03  -5.41271262e-03  -1.06040970e-03  -2.25295846e-03
   3.43736810e-03   3.00592219e-03  -1.12925222e-03   6.92020406e-03
  -3.84800273e-03]
[  5.58278755e-03   1.62104788e-03   2.93261130e-03   4.46422378e-03
   5.83342430e-03   6.34804403e-04  -1.20292447e-03  -7.93379752e-03
  -5.14108132e-03  -1.06878039e-02  -3.81426221e-03  -3.69074000e-03
  -8.59041161e-04   6.26481330e-03  -6.06906233e-03  -7.27128905e-03
   4.24927708e-04  -1.29756602e-02   3.73873015e-03   5.50300061e-06
   2.07010792e-03]

Right eigenvectors

[ 1.          0.67323873 -2.16201635  1.86473504 -0.88692995 -2.11363977
 -3.00470186 -0.25321598  0.10366314  1.6813125  -0.29901151  0.4599692
 -0.86180521 -0.18202341  0.01679325 -1.24379707  0.55218174 -0.60044836
 -0.64421552  0.23156705 -0.8581648 ]
[ 1.          0.4574123   1.66910872  0.58403209  0.84688686  0.1115546
  0.07891242  0.60947932  1.72937982  1.62932358  0.71782574  0.55365562
  1.49580064 -1.01049954  0.3443125  -0.05063759  0.72621687 -0.57557518
 -0.04873677  0.07064136  0.96799616]
[ 1.          0.35919635 -0.93263714  0.40623026  0.24908745  0.83430034
 -0.11233351 -0.84137038 -0.90880693 -0.6156363   1.78774593  0.8295814
  0.66159366 -0.07072152 -0.3908791   0.25576395 -0.68025248  0.76136883
  0.7791037  -0.82777503  0.02673051]
[ 1.          0.03838039 -0.50997611 -0.43133951  0.27474661 -1.20398415
  1.13737555  1.56936574  0.49273415 -0.77988282  0.65974112  0.17625883
 -0.80334894  1.47496068 -0.96844647 -1.01835037 -0.86941663  0.30033446
  1.76181956  0.70103769 -0.59586627]
[ 1.          0.58827651  0.9543147   0.09887022 -1.45032166 -0.4150448
  0.95881935 -1.31646622 -0.91358849 -1.21699655  0.15354686 -0.35635408
  0.10434705 -1.75380287  0.05940113 -1.23816742 -0.7478475  -0.48702168
 -0.45557214  0.54208313 -0.65516023]
[ 1.          0.10428297 -0.86918884 -1.03782203  0.22813756 -1.31501282
  0.22025164 -0.49764133 -0.66686886 -0.12560165 -0.95903871 -1.07499947
  1.01367275  0.30722825 -0.29540426  0.7100605   2.23414299  0.60847946
  0.42114301 -0.2651698   0.13023703]
[ 1.          0.08555318  1.16101529  0.74803588  1.0501207   0.63001959
 -0.45411273 -0.21116524  0.59883007 -0.03898013  0.45566151  0.28122685
  1.39815367  1.1340946   0.28904049  0.1169248   1.47106007 -0.27401706
 -0.81475082  1.54888689 -1.10735822]
[ 1.          0.32726577 -0.01707043  1.08815007 -2.36236727 -1.36491646
 -0.41998823  0.92714886  0.83780297  0.30566144  0.45691985 -0.37337142
 -0.15473858  1.43263482 -0.74812485  0.65258315 -0.55216797 -1.71209475
 -0.95659514 -0.90564292  1.26062302]
[ 1.         -0.68380143 -1.05583145 -1.79271649  0.87316303 -1.74082928
  1.64395778  1.69981857  1.38131949 -0.84881925 -0.1091453   1.2677492
  0.69086767  0.607512   -0.6384911  -2.97144185 -0.71172286  0.26292725
 -1.7200545  -0.39352044 -0.0520566 ]
[ 1.          0.09157605 -0.62489287  0.01890797 -0.29122188 -0.15670933
  1.07059489  0.32062459  0.14707883 -1.40946051  0.03481426 -2.26112073
 -1.96057142  2.12255716 -4.04335811 -1.23428654  1.51777364 -3.32003493
  0.30394379  6.32730991  7.78359618]
[ 1.         -0.76565479 -0.25974976 -1.12495338 -0.4195214  -0.64395214
  0.56171622  1.24638029  0.96599285 -0.46076202  0.35860308  0.06874694
 -0.1109799   1.82455402 -1.293955   -1.92047177  0.46015043  1.49968802
 -1.48485303 -0.17279489  1.97764121]
[ 1.          0.56240218  0.23642861 -0.96042127  0.24311392  0.21699444
 -0.72407272 -1.33911087  2.1091106   0.00301364 -0.6534243  -1.19975589
 -1.41741152 -0.4553025   1.14527862  0.99997283 -0.99375175  1.07494155
  0.3202211  -1.45197608  1.1740571 ]
[ 1.         -1.1123141   0.18577255 -0.05607073 -1.17116848 -0.30155739
 -0.55423652  0.76050451  0.30680103 -0.76431113  0.96185759 -0.67887798
  0.20022673  1.47545755 -0.35933694  0.89818013  1.14858317  1.04977587
 -0.01089936 -0.75725012 -0.16742271]
[ 1.          0.09087667 -0.4046293  -0.94357321  0.46426221  0.67827368
  2.03550818 -1.60109054 -2.95082689  3.44310036  4.73049082  0.10533996
 -2.38850744  0.01533058 -0.65731088  0.24994595  0.80252385 -1.82214514
 -1.14295594 -4.40215028 -2.34913517]
[ 1.          0.5308768   1.52076053  1.3729391   0.90655341 -0.978793
  0.49411663  1.90735049 -1.17203851 -0.00954027 -0.32747195 -0.90881004
  0.0213585  -0.24595616 -0.03136682  0.56685955 -1.5568085   1.24971845
 -0.30356372 -0.46112698 -1.09317387]
[ 1.          0.49206862 -0.37906496 -0.16343358  0.55266342 -0.64062317
 -0.35358656 -1.19259376 -0.07860896 -1.29852332 -0.0042553  -0.66817187
 -0.79984071 -1.01551098  0.09162815  0.93918894  0.4301893   0.00670809
  0.37256009  0.12109107  2.08330661]
[ 1.          0.39263822 -1.68743057  1.72607664 -0.42076774 -1.72486826
 -2.55894907 -0.41114004 -0.46176658  1.42714016 -1.12419201  0.6028314
 -0.95818459  0.87976425  0.08986658 -1.92434801  0.44088324 -0.9321178
 -0.09827637  0.85352721 -1.38046636]
[ 1.          0.38373134  0.48171443  0.45883687 -1.22180886  0.06934173
 -0.22900422  0.12524896  2.2611332  -0.17054491  0.37353384 -0.18285774
 -1.04752533  2.18741129 -1.18421184  0.30182351 -0.25689227 -0.16955837
 -1.16322074 -1.07008647  0.36333056]
[ 1.          0.46376942  0.97353743  0.08508823 -2.73262642 -0.97693186
  1.18151967 -0.05337477 -1.34963372 -0.36922444 -0.87171643 -0.58248569
  1.31393416 -0.73203242  0.84788841  1.09468968  0.21132427  0.67046301
 -1.09640267  0.45222217 -0.71767349]
[ 1.         -0.68632598  0.00357813  0.34508696  0.5699823   0.51151761
  0.20802629 -1.22816796 -0.26405499  0.08773518  0.01169492  0.1440188
  0.93150746  0.89522021 -0.48528432  0.05058472 -0.30997494 -0.77691121
  0.02009785  2.52181328 -0.48670105]
[ 1.          0.24391155 -0.44084698 -2.47691583 -0.40024513  1.99871265
 -2.69186645  2.0421835  -1.24260881 -0.19660005 -1.0089042   0.98489331
  0.43975386 -1.66159353 -1.65277312  1.28785216 -1.25551795 -1.6570359
 -1.17721667 -0.53586089 -0.43071154]
[ 1.          0.52946554 -0.38166974  0.87136926  0.76920086 -1.02701305
 -0.93891111  0.39841222 -0.1368481  -0.76331448  1.74325029  0.74150144
 -1.49014068 -1.56204377 -0.38079447  1.31862699  0.1863299   1.92198805
  0.729289    1.54781618  0.35744248]
[ 1.          0.08731948 -0.07358005  0.20176528  0.06927474 -0.90441013
  0.33961948  1.5599      0.36811344 -1.11223396  1.66339073  0.38737751
 -1.58657514  0.52838158 -0.87125876  1.12415481 -0.34186896  1.20613169
  1.7210424   1.05268318 -0.56853732]
[ 1.          0.09366254 -0.26060665 -1.63740621  0.16796569  0.25672954
  0.18827952 -0.27171293  0.48467916  2.01508432  0.16112848 -1.40525555
 -0.00649681  0.82332489  0.45869983 -0.12313406 -0.78202402  0.45605434
 -0.06282455  1.69596615  1.00125829]
[ 1.         -0.03373498  0.09751588 -0.68328483  0.50669346  0.48174418
  1.47975904 -1.10083239 -1.75230928  2.3653663   2.75730289 -0.65086022
 -2.09237277 -0.38568855  0.59407023 -0.7257307   0.22332666 -1.33052417
 -2.05598945 -1.3528765  -0.89340376]
[ 1.          0.36118847  0.286448   -0.14329283 -0.50162296 -0.17573776
  1.13581573 -0.07732104  0.02414806  1.47071615  1.06577521 -0.51841871
  0.80969427  0.60136682  1.14592981  1.32189034 -2.15270751 -1.66277871
 -0.13891568  1.59015692 -1.36418714]
[ 1.          0.51129743 -2.11590605  1.29145243 -0.60727918  2.75960605
  2.14220592  2.36659685  1.77760798 -0.22875455 -0.85917469 -2.71100102
 -1.41211295 -0.5973173  -1.96389132  0.46643857  0.70178503 -1.88269243
  0.48299353  1.65380542 -0.90053436]
[ 1.         -0.31558968 -1.32956528 -2.37620074  1.16716851 -2.50059304
  1.96192469  1.51317045  1.31643377 -1.29158466  0.09406858 -0.19042616
  1.04258244  0.6806205   0.6081788  -4.55913501 -0.41988029  0.40460735
 -1.53269504 -0.99934574 -0.64252242]
[ 1.          0.19426145 -0.69846755 -1.45760189  0.2499946   0.52102108
 -0.55672424  0.39721617  0.14990945  0.60273167 -1.51046248  0.73740705
 -0.41174289 -1.04650633 -1.08440691  1.92534362 -0.43710801 -0.91497995
 -0.77388713 -0.02934892 -0.65048751]
[ 1.         -0.1057204  -1.52878195 -1.52557588  1.10256541 -1.51086866
  1.26907385  0.51076129  0.5229326  -0.930394   -0.71168384  1.2764932
  1.63234756  0.02562551  0.30220429 -0.36359737  0.46121472 -0.24786475
 -0.31668084 -1.37597312 -0.64500901]
[ 1.          0.45728523  0.45967225 -0.6920989  -0.10867711  0.65814602
 -0.26627831 -0.72711518  1.3181439  -0.05037136 -1.53531437  0.72909181
 -1.76230915 -0.60929916  0.38932489  1.11070147 -0.19275438  0.7485244
  0.01263383 -1.14760812 -0.51073617]
[ 1.          0.45584205  1.7610242   1.28854682  1.70436818 -0.21343979
 -0.13241784  1.08666629  0.14533568  1.44555397 -0.01986346 -0.32285882
  1.47386641 -1.00203952 -0.65200706  0.01902039  0.22966422  1.14995937
 -0.15607108 -0.22508433  0.53205314]
[ 1.          0.42659073 -0.98680298  1.13251912 -0.30224183  0.06827298
  0.56434099 -0.67225219 -1.0557487  -0.94451961 -0.44847584  0.53426765
  1.06053179  0.4149815   1.63270356  0.97195242 -1.68327881  0.56256949
 -0.33039683 -0.05984794  2.35073564]
[ 1.          0.38442898 -0.50495255 -1.78993922  0.48354736 -0.24410842
 -1.04079355 -0.51045276  1.29395161  1.03566454  0.45815043 -3.30742604
  0.44910925  0.07871686  2.82263803 -0.13240387 -1.77143585  0.28455888
  1.41810228  0.42947767 -0.07669589]
[ 1.         -0.09835892 -0.38612898 -1.14198449 -0.19871212  0.12925632
  0.4355998  -0.45684393 -1.23073543  1.28752237 -0.28424647 -0.37043942
  0.16574474  0.50761487 -1.2318897   1.07646275  1.67919968  0.58182432
 -0.2240606   0.85545783  0.42243091]
[ 1.          0.18276255 -0.72246629 -0.71644655  0.16185383  0.47262726
  1.26767149 -0.98922175 -2.03584621  1.92816049  3.06500188  0.78640815
 -0.60914689  0.40978711 -1.32117002  1.00428687  0.61081177 -0.495981
  0.99037537 -2.64147499 -1.20346155]
[ 1.          0.40540737  0.82954464  0.22138954 -0.02336392  0.72799835
 -0.36389324 -2.27091223  1.76536953 -1.11391667  0.36792139 -0.09434346
  0.14917954  0.85647612 -1.70080515 -0.613962   -0.67128216  0.63961491
 -1.07260137 -0.98593488 -0.81328372]
[ 1.         -0.69760133  0.18586671 -0.16550799  0.22568738  0.80776192
  0.52159872 -0.2467632  -1.00224529  1.66713181 -0.19038818  0.20069815
 -0.76119433  0.14502355 -0.21263187 -0.89304141  0.31444274  1.11592889
 -1.06057735  0.03828606  1.42271107]
[ 1.          0.39797329  0.29370767 -0.51032358  0.36461207 -0.81371964
  1.05419824 -0.56275856 -1.18243521 -1.03996376  1.57618802 -1.06459653
 -1.97007769 -1.69336588  1.14186259 -1.39201971  0.31848302 -0.96006073
 -1.32052989  0.27478199  0.3336802 ]
[ 1.          0.73632377 -3.00919101  2.53964241 -0.77629399 -0.7672657
 -2.25011988 -0.42117427 -0.11211459  1.34817933  0.03631546  1.0467214
  0.02974125 -0.3434443   1.14450681 -1.69756474  0.30600162  0.53049263
 -1.07518017 -0.78172108 -0.25906009]
[ 1.         -1.97217387 -0.37403498 -0.72851172  1.03289722 -0.94947812
  0.82369711  1.10747603  1.23349893 -0.45825383 -0.3363335   1.98429391
  0.32931031 -1.82843785 -0.132313   -0.87059386 -0.84865479 -0.88808503
 -2.77031343  0.64953217 -0.55037601]
[ 1.          0.57130138  0.54772866  1.31535391 -3.18204597 -1.86900112
  0.48390638  0.96573822 -0.29853729 -0.12595687  0.09424231 -1.08506354
  0.91165115  1.0286961   0.04135413  1.93086224 -2.30403243 -2.0361652
 -3.17866369 -0.94479803  1.40721007]
[ 1.          0.47391512 -1.16803697 -0.52509086  0.33172945 -1.24470984
 -1.33493419 -0.61344525  0.26040401  0.75898062 -0.77145695 -1.03745598
  0.50090476 -1.01179798 -0.45474335  0.65062341  0.28030476 -0.33361121
  0.73010712 -0.33519824 -0.25836546]
[  1.00000000e+00   7.41449143e-02   1.70458631e-01  -1.13333633e+00
  -4.24341830e-01   1.36296614e+00  -2.08294646e+00   1.16728312e+00
  -7.34111241e-01  -9.92240200e-01   1.38616434e+00  -4.35089284e-01
   9.09106463e-01   4.38873283e-01   6.68426870e-01  -5.15754789e-01
  -1.47098340e-03   2.32085158e-01   2.89842085e-01  -2.15406990e-01
  -1.24712693e-01]
[ 1.          0.30102913  0.53947648  0.62891456  0.62500816 -1.45138314
  0.93848151  2.59790982 -0.29329767 -0.94535749  0.97819454 -0.29773761
 -1.29722761  0.9114598  -1.06703882  0.53015334 -1.86403889  1.90067993
  1.99558668  0.81004064 -1.74669277]
[ 1.          0.26445261 -0.45799898 -0.44024425 -0.05994707 -0.45154053
  1.20546985  0.49705389  0.05916432  0.71472216  1.38539125  1.47202627
  0.16700518  0.50403138 -0.5264366   0.50732167 -0.74923827 -0.70817352
  2.90477348 -0.45082964 -0.30790156]
[ 1.         -0.07796325  0.25855794 -1.11684549 -0.38874783  0.59780429
  0.221392    0.12410658  0.38949108  1.11045634 -0.38183314  0.10178132
 -0.91948338  0.78479305 -0.81156709 -1.64158337 -0.14926815  1.54216173
 -0.83184333  0.35807648  2.56446308]
[ 1.          0.24798436 -0.77179191 -0.19807074  0.41018412  1.2802179
  0.61816158  0.38219374  0.20203566  0.77466244 -1.16576874  0.12595944
 -0.58909968  0.15804669 -0.22907584  1.40922285 -1.01569476 -1.15102277
  0.01572336  1.03758939 -0.83543184]
[ 1.          0.6023887   1.09520376  1.49474896  1.79830038 -0.80253887
 -0.71161753  1.20910417  0.03666277  0.7883781   1.20508664  0.23414899
  0.34194761 -2.22830389 -0.99006047  1.10099617  0.40758524  2.94757876
  0.4732214   1.19424436  1.02456163]
[ 1.          0.48549182  0.92428684 -0.23149366 -0.08678138  0.58728038
 -0.35562035 -1.09692539  2.58447269  0.19409765 -0.24820032  0.00929575
 -0.87325325  0.44596481 -0.63620673  0.14359318 -0.51795859  0.96725226
 -0.97481965 -1.69683949  0.91628668]
[ 1.         -0.47330025 -0.25857136 -0.56872897  0.24000785  0.44684835
  0.48180481 -1.2716945  -1.1887623   1.13199662 -0.22908313 -0.2078387
  0.94435023  1.24573764 -1.61075775  1.10012394  1.38294277 -0.15153607
 -0.22141537  3.67492872 -0.04013735]
[ 1.          0.12648602  0.35920203  0.06582872  0.50534914  0.78203535
  0.17904505  0.25623892 -0.67292967  0.69593477 -1.89401418  0.15954174
 -1.3293136   0.58716732  0.01039067 -0.11575483 -0.50285874  0.1766527
  0.30214353 -0.36722351 -0.13859285]
[ 1.          0.31379147 -1.44045911  0.92581832  0.28718853  0.59780656
  0.92457738 -0.81472195 -0.99840037 -0.95703716 -0.2583023   1.93288762
  1.54558247  1.10912803  2.01292805  1.57390025 -2.39757327  0.64125156
  0.4896372   0.25896632  2.72978074]
[ 1.          0.49761352 -2.46929552  1.90698983 -0.14648376  1.46688728
  0.3740728  -0.30284035 -0.29579602 -0.22970071  0.43208599  0.80300378
  1.13732367 -0.20404601  1.38543503 -0.44879419 -0.34375123  1.37294991
 -0.34749241 -1.09984643  0.83152811]
[ 1.          0.61635292  0.45342427  0.62273927  1.34394253 -0.8145
 -1.0802777  -1.28063778  0.28142705  0.56168498 -0.25672801 -1.68084083
  2.7069067  -2.46871545 -3.73296125 -0.33825258 -0.87989746  0.38891747
  1.06147141 -0.83243208 -0.29233876]
[ 1.         -3.85538958  0.09018885  0.56315591  0.11815964  0.10754798
 -0.03084471 -0.39775852 -0.00609754  0.25038392 -0.35324289  0.12608423
 -0.13504491 -0.84639992  0.22686957 -0.36286785 -0.55278163 -0.51365042
 -0.0169332   0.49642651  0.0899602 ]
[ 1.          0.41219669  1.44667031  1.36572527  1.81338593 -0.15763443
  0.04750883  1.31458675 -1.57823634  0.14603132 -2.02144739 -0.82959702
 -0.55890087  0.96734797  0.19946823 -0.37754749 -0.57624371 -0.1792469
  0.65242035 -1.86616377 -0.64857343]
[ 1.          0.15887132  0.22377149 -0.43081624  0.4183075   0.58265195
  0.43544809 -0.49182991  0.57717644  1.67521591  0.80389884 -0.82120907
  0.25020023  0.543846    1.06818559  0.4550299  -0.94191776 -1.12390571
 -0.43658833  1.58441111 -1.05095489]
[ 1.         -0.404936   -0.90319486 -1.31302951  1.07698604 -0.63589453
  0.40478695  0.70535707  0.83187211 -0.80717986 -1.03331135  2.11050063
  0.03243765 -1.56853146 -0.21456828  1.35705743 -0.11847101 -1.20121052
 -1.91068881 -0.23995435 -0.63703278]
[  1.00000000e+00   8.26165660e-01  -4.40076175e+00   3.33816197e+00
  -8.75080050e-01   5.31491446e+00   3.64957592e+00   3.34878540e+00
   2.56146545e+00  -9.42301722e-01  -8.01017575e-01  -4.97705696e+00
  -1.68274646e-01  -3.29082920e+00  -1.18614556e+00  -8.82836306e-01
   2.81074579e+00  -9.81736195e-01   1.34510561e-01   3.57428281e-03
  -1.51576902e+00]
[ 1.          0.39740536  0.11600538 -0.61246986 -0.06769822 -0.26280815
  0.33155905 -0.60862113 -1.02546893 -1.08716665  0.46812738 -0.89874488
 -1.99761835 -1.34487544  0.26242248 -1.22909157  0.77381054 -0.40601769
 -0.28599773  1.18538269  2.85048703]
[ 1.          0.59172296  0.8341978   0.86763503 -2.24326836 -1.26728978
  1.04081706  0.34712174 -1.17563809 -0.44600867 -0.3234749  -0.88147183
  1.16131115 -0.24657581  0.75900535  1.36595587 -1.80476514 -0.36729552
 -2.05668252  0.02981244  0.02163011]
[ 1.          0.12602048  0.64721248  0.25512739 -0.21921945  0.71083425
 -0.30466246 -0.66604314  1.00947244 -0.50504297  0.34332773  0.38243459
  0.12546188  1.55889214  0.33900042 -0.11701535  0.71432106  0.52757894
 -0.74220705  0.19401682 -1.64773889]
[ 1.          0.49985439  1.09895725 -0.38279654 -1.44552111  0.63042245
  0.27249493 -0.89748337  0.77355903 -0.3142519  -1.18330677  1.22744462
 -0.88876457 -0.71698669  0.9944692  -0.50541592  0.80625557  1.03514748
  0.78752962 -0.13156712 -2.10595548]
[ 1.          0.07412952 -0.47701472  0.01402147 -0.21063238 -0.11025892
  0.7230083   0.20936884  0.09434497 -0.87958034  0.02141481 -1.31933404
 -1.11409613  1.18476637 -2.18460839 -0.65028103  0.78556528 -1.67066477
  0.14524455  2.86245505  3.4693542 ]
[ 1.          0.59029141  1.26304643  0.17869361 -1.53660296 -0.35537528
  0.86684143  0.48798303  1.0567659   1.29551581  0.50336041  1.73723705
  1.0269666  -1.18935102  0.3805668  -0.77262707  0.61152412 -1.85290916
  3.3019079  -0.50858411  1.1662875 ]
[ 1.          0.20120529  0.09150177 -2.28520989 -0.92745735  2.45313988
 -3.30933965  2.44083192 -1.91696272 -0.98054783  0.43173643  0.3822274
  1.03231611 -0.7866934  -0.66661789 -0.79597169 -0.90138292 -0.73786921
 -0.31263494 -0.49439469  0.35023689]
[ 1.         -0.45201709  0.93685268  0.19096122  1.22626052 -0.80865743
  0.52003472  1.58946113  1.45374768  0.23836949  1.22026152  1.42568519
  0.39297899 -2.49585596  0.30559948 -0.34984072 -0.39363219 -0.03112388
 -2.30729058  1.59945195 -0.48737611]
[ 1.          0.58457038  0.90807426  0.78692083 -2.63276752 -1.1438333
  0.4353246   1.04667891  1.4954843   1.36985881  0.78470809  1.36706923
  0.88149846 -0.03965251 -0.22559479 -0.26226278  0.18062702 -3.55762835
  2.94259797 -1.51491114  2.71081646]
[ 1.          0.53083244  1.18731344 -0.33513794 -2.10801731  0.15555877
  0.74709133 -0.45149246 -0.3149187  -0.11116184 -0.83220365  0.89899493
 -0.07405989 -1.38917722  0.74391759 -1.21866752  0.63151918  0.37374204
  1.24515398  0.48056489 -0.80254447]
[ 1.          0.32697491  1.08333463  0.32608629  1.02267231  0.76081802
 -0.97044916  0.20774236  0.56926229 -1.11047754  0.77086645  0.4447783
  0.68941045  1.05946968  1.38617535  0.3059684   2.3605806  -1.5558402
 -0.63508121  0.46842913 -0.31012825]
[ 1.         -4.97909132  0.20215007  0.79324116 -0.42440235  0.00658443
 -0.43406322 -0.24603546  0.24731122 -0.11489837  0.0662384  -0.53727878
 -0.20239492 -0.95237403  0.39865134  0.39215516 -0.16706218 -0.17609936
  0.77355347 -0.79188256  0.00607949]
[ 1.          0.14346845 -1.17181704  0.40090466  0.53435205  0.64628832
  0.66286534 -0.44219202 -0.37441468 -0.37480669  0.02660174  1.50799197
  0.76154167  0.7498281   0.73841186  0.73777386 -0.95759688  0.16903008
  0.59547575  0.23052955  0.49038718]
[ 1.         -0.13187697 -0.18230196  0.54009453  0.4328681  -0.07472479
 -0.11284266 -0.28778468 -0.80217843 -0.10990224 -1.18815736  0.21480096
 -0.14297129  1.34276298  0.08874381 -0.72285872 -0.18177213 -0.30278022
  0.70877396  0.58171396 -0.30801292]
[ 1.         -0.14131308  1.28682893  0.7682399   1.34575546  0.41418553
  0.28269195  0.65459533 -0.65787432  2.49192355 -0.16934447 -0.10972932
  0.64920179 -0.77924996 -0.80472839 -0.81974296  0.52470717  2.25182798
 -1.26235241 -0.20972897  2.18154395]
[ 1.          0.48911162  1.82483587  0.62360882  1.28547311  0.59351911
 -0.61557439  0.64335895  1.84352265  0.54143114  1.20762085  0.86091905
  1.96339057 -0.0623323   1.54620584  0.22293594  2.89153971 -2.06204585
 -0.68035294  0.57061364  0.82008957]
[ 1.          0.48420025  1.19754257  0.9338561   1.85354502  0.06339953
 -0.39336254  0.04974664 -1.11949166 -1.8429522  -0.7962604  -0.69035107
 -0.94669974  1.02873274  0.94715316 -0.38927639  1.47428483 -2.78725189
  0.19851093 -1.2019276   0.60048098]
[ 1.          0.31866153  0.68796826  0.51687153  0.78150112 -1.00967762
  0.18720357  1.49606476 -0.37690036 -1.0447957   1.94639017 -0.04731698
 -1.46955543 -1.40570543  0.25865433  0.37899396 -0.67322601  1.60677916
 -0.63897135  1.61313451 -1.33507099]
[ 1.          0.27161891 -1.40550403 -1.11800002  0.64651237 -1.55398205
  0.42692639  0.14010899  0.44622597  0.30315853 -0.16553219  0.8242457
  1.36025951 -0.38214207 -0.42017663  0.51887982  0.05728677 -0.83114614
  2.17765056 -1.57573898 -0.8988646 ]
[ 1.          0.17205204  0.17028371 -2.324499   -0.94325546  2.73138084
 -4.01516261  2.78724646 -2.0896423  -1.58038556  1.45816737 -0.027675
  1.71097262 -0.33919122 -0.02941386 -1.25157373 -0.89406741 -0.52681177
 -0.03971068 -0.79224885  0.26639124]
[ 1.          0.1502694   0.4327765  -0.75828138 -0.93462306  0.78748719
 -0.13135107  0.33956876 -0.84472614  0.25039038 -0.5871658   0.26719553
 -0.66684749 -0.04237173 -0.25790703 -1.37436329  0.37039904  0.6085676
  0.44519053  0.6683964   0.95777687]
[ 1.         -0.03438287 -0.61356668 -1.73904749  0.24498236 -0.19524761
  0.7195144   0.76755471  0.73333207  1.09570194 -0.28051826  0.85139035
 -0.19074367  0.42486144 -1.05707897 -0.57693543 -1.07918941  0.07929087
 -0.24273986  0.41402926  0.91403135]
[ 1.          0.01467325 -1.51885081 -1.68891961  0.84740172 -1.99149405
  1.00950444 -0.08258217 -0.2234521  -0.76872192 -1.38217492 -0.0690697
  2.26291057  0.3284218  -0.06005226  0.45104517  2.80928687  0.46039289
  0.20191313 -1.66655193 -0.47312634]
[ 1.          0.79651806 -4.36807332  3.43598498 -0.65372132  4.53446144
  2.7262859   2.04088084  1.53393343 -0.87952322 -0.19543279 -3.06065478
  0.97237682 -2.84245511  0.43242841 -1.22084448  2.06564193  0.63254248
 -0.2754035  -1.33871568 -0.49315575]
[ 1.         -0.19984552 -0.02896289 -0.71035679 -1.35093778 -0.90766323
  0.46728714 -0.08363258 -1.12392189 -0.04069843 -0.47387138 -1.17764847
  1.20921641  0.69554599 -0.43951746  1.78371753  2.54475746  1.45205337
 -0.46428338  0.10746943 -0.20935969]
[ 1.          0.30922315 -0.28330601  0.38327099 -1.1827391   0.00871899
  0.56548857  1.62726288  1.2314441  -0.40608362  0.44656134 -0.59614048
 -1.62517723  1.54038531 -1.7776024   0.01394309 -0.29137914 -0.48418708
  0.62518126  0.61238123  0.37295032]
[ 1.          0.57414471  0.52078271  0.67952075  0.90005766 -0.20395871
 -0.69391973 -3.18130491  0.12836944 -1.30372133  0.38655941 -1.63252712
  2.78277093 -2.20177105 -5.27120013 -1.33135554 -2.03406615 -0.24346395
  0.97677842 -0.58834321 -0.70614651]
[ 1.          0.20513895  0.65292227 -0.18271407  0.01450488  0.59269919
 -1.12264273  0.91718774  0.01022631 -1.33129473  1.909181   -0.03769656
 -0.15214771  0.52854923  0.78888019 -0.19638602  0.11224326  1.4908803
 -0.75939676  1.06044637 -2.33343418]
[ 1.          0.5231454   0.34057739  0.09024544  1.30293822 -0.52707263
  0.04065425 -0.64908189 -0.79155947 -2.29396825  0.36837248 -0.53308679
 -2.18735308 -0.96234765  1.34853309  0.41032372  1.41457266 -2.10071129
 -0.35329031 -0.33057641  2.05551072]
[ 1.         -4.30970112  0.25654841  0.62823138 -0.98475288 -0.15945228
 -0.71132886  0.21735788  0.42129235 -0.58522844  0.6689058  -1.01434723
 -0.08306969 -0.02967932  0.19708614  1.11455829  0.65700962  0.58905032
  0.98602046 -1.7209083  -0.13639968]
[ 1.          0.32320269 -0.17257997 -0.08573085  0.88661644 -0.16568757
 -0.15686248 -0.09845897  0.37413755 -1.4903727   0.22998024  1.10558056
 -1.26529047 -0.65109204  0.68415063  1.70248481  0.61969984 -0.30475804
  0.04467661  0.30231692  0.74647439]
[ 1.         -2.64637872 -0.04609108  0.74510797  0.36356573  0.03366243
 -0.10153782 -0.53163563 -0.58051042  0.13559184 -1.19877508  0.28604366
 -0.24406802  0.28813558  0.30227546 -1.00313466 -0.73820969 -0.82794818
  0.66328935  1.18406475 -0.20897737]
[ 1.          0.37224355  0.36343574  0.43138371  0.22806264  0.26601758
 -0.09532645 -2.56368029 -0.03916024 -1.65294864  0.53958483 -0.50807479
  0.89434209 -0.47235177 -2.30790299 -0.92306973 -1.15830374 -0.43464718
  0.10381326  0.07943788 -0.32842494]
[ 1.          0.03194642 -0.91878272  0.78895309  0.1563921   1.26854068
  0.47194023 -0.64360689 -0.24033483  0.16473388  0.24503738  1.29307979
  0.58825679  1.05484203  1.05064302 -0.25799235 -0.18582472  1.5149722
 -0.72938655 -0.29910552  0.56027499]
[ 1.          0.11391811 -0.97965693 -1.73570736  0.81918468 -1.77539463
  1.04985323  0.37434555  0.3814477  -0.76911011  0.20188589 -1.30019681
  0.5075744   0.18362934  1.16258196 -1.9108751   0.20903643  0.15244038
  0.11927815 -0.50261876 -0.48847024]
[ 1.          0.76462165 -1.95160055  2.00878511 -0.36166237 -2.42092098
 -3.2941745  -0.01096954  0.02002752  1.21500379  0.7675629   0.97050173
 -1.93411595 -1.25965901 -0.246781   -0.52431371  0.79995226  0.69954517
 -0.26280219  1.61048591 -0.89551611]
[  1.00000000e+00   2.90365318e-01   5.25295163e-01   7.99640635e-01
   1.04489455e+00   1.13707426e-01  -2.15470221e-01  -1.42111758e+00
  -9.20880702e-01  -1.91442068e+00  -6.83218227e-01  -6.61092684e-01
  -1.53873160e-01   1.12216581e+00  -1.08710251e+00  -1.30244774e+00
   7.61138954e-02  -2.32422604e+00   6.69688774e-01   9.85708405e-04
   3.70801844e-01]
