Cluster centers 

[-1.11227701  1.29489056  0.015562   -0.60103634]
[ 1.07034992 -0.53685951 -1.03413255 -0.73106295]
[ 0.9828219   0.99656859  0.2456266   0.80942715]
[-1.10861763 -0.51234836 -1.14580564  0.43767062]
[-0.98931059 -0.32235171  0.97885938 -0.59514853]
[ 1.01614679  0.27722256  0.39301403 -1.21650938]
[ 0.94304087  0.54793175  0.2320166   2.1005986 ]
[ 1.00011145  1.71608264 -0.4086246  -0.79131105]
[-0.9163884  -0.99083148  0.80182407 -0.41587646]
[-1.19304673  1.41853968  0.23972802  2.35773974]
[ 0.95663738 -2.43981091 -1.17021429  0.66360851]
[-1.10255592 -0.94309882 -1.89074167  1.2797726 ]
[-1.10821436  0.69848281  1.17866036 -0.07747265]
[-1.00804656  0.55905602 -1.70804444  0.08679283]
[-1.10428467 -0.38547107 -0.52128978 -0.01085441]
[ 0.85298812 -0.14008539  1.00835993  1.85847059]
[ 0.84340531 -0.49346893  0.64288291  3.34206092]
[ 1.05462958  0.7731081  -0.99429468 -1.26416257]
[-0.30043319 -2.3072236   1.11456842 -0.26492344]
[-1.09463702  0.35723568  1.54883191  1.17759493]
[ 1.02601755 -0.98554186 -0.58625161 -0.70937823]
[-1.07957204  0.6489615  -0.88859695 -0.33718984]
[ 1.02340224 -0.01386871  0.14171524 -1.27925216]
[-1.05954198  0.24408158  0.97487104 -0.57741981]
[-1.03637093  1.86964628 -0.50275118 -0.6454903 ]
[ 0.87093454  0.0363049   1.09832103  1.09013082]
[ 0.98500724  0.58365871  0.70991606 -0.44871352]
[-0.200948   -0.95930971  2.50130481  0.51967428]
[ 0.88970875 -0.22079373 -0.27713227  4.39739694]
[ 0.93524778  1.12711931 -0.20665929  1.87316304]
[ 1.07404124 -0.22673689 -0.90843737 -0.94577635]
[-0.75226839 -0.61582172  1.8327825  -0.52860521]
[ 0.8763622  -1.68780475 -0.05076265 -0.55108475]
[-0.62986819  2.88906225 -1.32499279  2.34387343]
[-0.82280426  0.52350213 -2.74071961  0.6917077 ]
[ 1.06404997 -1.24212448 -1.52535458  0.00393516]
[-1.00096326  0.17261992  1.70726806  0.19160404]
[ 1.03083985  1.01802936  0.24030441 -0.71320693]
[ 0.94648968  0.48697147  0.50825162  1.53263545]
[-1.09535703 -0.25555041 -0.17517114 -0.24939247]
[-1.05063342 -0.14375572  1.76369168  2.07206817]
[ 1.01331022 -0.39793939 -0.00308078 -1.17633486]
[ 0.97428538  0.69765049  0.57649013  0.55740559]
[ 0.95916683  0.06227968  0.75485155 -1.1246831 ]
[ 0.98087084 -2.04980322 -1.05714521  0.27369113]
[-0.75164309  2.72673554 -1.2744958  -0.58960733]
[ 0.75933024  1.6468085  -1.08544043  2.92167591]
[ 1.04172512  1.29831299 -0.38606747 -1.18578789]
[-1.05468063 -0.06151151 -1.78727347  0.54736188]
[-1.12070114  0.84632682  0.38558237 -0.58203037]
[ 1.01724159 -2.5906586  -1.97393573  1.42866657]
[-1.10755418 -0.81196873 -1.38492669  0.80170052]
[ 1.0613276   0.81904239 -0.25181448 -1.29237085]
[-0.91905878 -1.87423517  0.06540852  0.41707671]
[-1.04421178 -0.43974855  0.37614279 -0.41372664]
[-1.06659231 -1.22145248 -2.73480023  2.21041208]
[-1.08776925  2.14518708 -0.02580656  0.49905588]
[ 1.06883616  0.15387315 -0.46807995 -1.23389603]
[ 0.56761436 -2.40587405  0.40109356 -0.23538825]
[-1.05293469 -0.94513442 -0.10564468  0.03920837]
[-0.04164384 -0.99609861  2.15754483 -0.60350057]
[ 1.06023036  0.09275121 -1.4921709  -0.80471013]
[ 0.84812222 -0.06645214  1.29129323 -0.55591068]
[ 0.97863053  1.48900408 -0.11574635  0.36501435]
[ 0.64010436 -0.86818399  1.46995871 -1.0743262 ]
[ 0.92531576  0.27407628  0.19695511  2.7436733 ]
[ 1.03220432 -1.42548134 -1.01387571 -0.20443845]
[-1.10674441 -0.00220091 -0.69575412 -0.11470256]
[ 1.07090542 -0.72107119 -1.42651298 -0.40005357]
[-0.90899876  1.4854576  -1.61665307 -0.4678312 ]
[-0.68240683 -1.5307696   1.17552454 -0.45696522]
[ 0.98346885 -1.65015873 -0.7028505  -0.23928966]
[ 0.9408251   1.69414695 -0.33580497  0.62870838]
[-1.10344332 -0.79265677 -0.70920212  0.33086041]
[ 0.98417872  0.35242302  0.70064788 -0.95855506]
[-1.158388    1.27065571  0.75666037  0.18581635]
[ 1.0159103   1.33436775  0.04563399 -0.3609632 ]
[-1.05063342 -0.14375572  1.76369168  2.07206817]
[-1.10931456  0.36860527 -0.15412823 -0.48637399]
[-1.08799763  0.81801803 -0.66291286 -0.48947159]
[-1.03751928  0.9152486  -1.18749207 -0.34384805]
[ 0.8685791  -0.16331424  0.81191958  2.3602158 ]
[ 0.98275869  1.79610369 -0.77514571 -1.14283858]
[ 0.93815063  2.0343283  -0.56516141 -0.35912966]
[ 0.74758286 -0.35000659  1.54326872  0.94804976]
[ 0.94122648  0.39362761  0.92982732  0.08145321]
[ 0.99000275  0.9051585  -1.68310045 -1.05758336]
[-1.08281377  0.12660017 -1.27526881  0.11967572]
[ 1.07258681  0.28234789 -0.96882206 -1.12520869]
[-0.94418856 -0.21635727  1.99619286  1.27134206]
[-1.08349722  1.19592616 -0.44488042 -0.62822531]
[ 1.04185569  0.80824101  0.19538611 -1.06525261]
[ 0.97120386  1.08302069  0.08449452  1.12753727]
[ 0.9648665  -0.84216688  0.07134586 -1.03466878]
[ 1.00486049  0.90872457  0.44546694 -0.11730971]
[-1.09654407  0.26447636  0.32217919 -0.57554655]
[-0.30732488 -2.80604171  0.80579145  0.1926254 ]
[-1.11570132  0.74755608  0.65264559 -0.52646191]
[-1.0098939   0.19744079  1.54320405 -0.20209262]
[-1.1806828   1.0805306   0.9493375   1.00772204]

Populations

0.0136077497274
0.0103706403727
0.00721041660113
0.0176065116647
0.0147842791711
0.00786660796367
0.0104436973567
0.00347339323513
0.0249819828466
0.00481205424102
0.00803995220115
0.0123103270796
0.00978944024788
0.0109027722427
0.0178846933088
0.0101883701769
0.00587950289216
0.0103415486496
0.00841356712536
0.00747630504954
0.0151320471116
0.0146030069149
0.0130853738189
0.0143882070203
0.00859019571686
0.0139931629233
0.00923343032529
0.00715614204487
0.00112431763223
0.0139343216277
0.00927360790291
0.0179002765976
0.0130359802904
0.00124975563299
0.00245851935801
0.00966329847203
0.00986576537863
0.0110250469574
0.0201603585734
0.0195493440287
0.00238212789885
0.0203977853303
0.0188305928319
0.00554567609811
0.00714047819418
0.00362106595587
0.00233450222523
0.00856323173114
0.0157212546767
0.00479368250907
0.00599568343287
0.00580031978954
0.0127515578423
0.00871997456086
0.0197649791344
0.00509673781718
0.00482660010932
0.0101115106376
0.00593230003215
0.010897373521
0.00780104139358
0.00704007480765
0.0078891107836
0.00523871791794
0.0115704278824
0.00675630161623
0.00710429524399
0.0261542308565
0.00798459762698
0.0037091311676
0.0107223702445
0.0119428844602
0.00612863824817
0.0162409283497
0.0128996035758
0.00847122245486
0.00950343696496
0.0208317941373
0.00739151054127
0.0144385419111
0.0103555542646
0.00232289926678
0.00578813872586
0.00585745427514
0.00921806075928
0.00418821486087
0.0155124359025
0.00705499794139
0.00658361590094
0.0121903811071
0.0089002306451
0.0141539296506
0.010333284494
0.0103021874115
0.0194254053003
0.00223204146181
0.0100298780743
0.00854496864614
0.00615405631701

State labels

0
1
2
3
4
5
6
7
8
9
10
11
12
13
14
15
16
17
18
19
20
21
22
23
24
25
26
27
28
29
30
31
32
33
34
35
36
37
38
39
40
41
42
43
44
45
46
47
48
49
50
51
52
53
54
55
56
57
58
59
60
61
62
63
64
65
66
67
68
69
70
71
72
73
74
75
76
78
79
80
81
82
83
84
85
86
87
88
89
90
91
92
93
94
95
96
97
98
99

Eigen values

1.0
0.519751437089
0.46989174817
0.44235676981
0.418315865794
0.405943835164
0.391451707157
0.38155457261
0.373996395793
0.355095526066
0.353816524828
0.335429957059
0.319405592476
0.307844277087
0.298773949896
0.279844349147
0.270380137549
0.263646769478
0.263150920328
0.253156603582
0.242978563712

Left eigenvectors

[ 0.01360775  0.01328045  0.001802    0.0241185   0.01554444  0.00258056
  0.01743613 -0.00526875 -0.02484955 -0.00161283 -0.00326506 -0.01117314
  0.02001535  0.00994616 -0.00433859  0.00303299  0.00475989 -0.02944749
  0.00790524  0.00207674 -0.00959601]
[ 0.01037064 -0.01226125  0.00550291  0.00648098 -0.01165201  0.00685679
  0.01352393 -0.00024911 -0.01297292 -0.01273198 -0.00054608 -0.00376581
 -0.00520243 -0.00062611  0.01481534  0.00913471 -0.01462649  0.00219487
 -0.0034641  -0.00636893  0.00436395]
[  7.21041660e-03  -2.00985785e-05  -1.12621404e-03   1.24124956e-02
  -1.85513937e-03   5.41259274e-03   8.14967231e-03  -6.17944551e-03
  -2.08932421e-03   1.55816449e-03   4.77772124e-04  -1.45658385e-03
  -3.33658456e-03  -8.59428463e-03  -9.01531343e-03  -7.24833172e-04
   2.07102709e-03  -1.28586904e-03   2.76196544e-03   8.10081738e-04
   2.02159052e-02]
[ 0.01760651  0.02322079  0.00302561  0.0011515   0.01846887 -0.00730404
 -0.0289838  -0.00564219  0.01154464  0.00013457  0.01688543 -0.01426405
  0.01775389  0.00678115 -0.00604009  0.02064095 -0.02204175 -0.00591709
 -0.0059414  -0.00935642  0.0226487 ]
[ 0.01478428  0.00573478  0.00217676 -0.02385455  0.02466243 -0.00367658
  0.01750065 -0.00656897 -0.00462008  0.01807264 -0.01516385  0.01369326
  0.01476006  0.01877418  0.01283743 -0.00121829  0.02160848  0.02301858
 -0.0026707   0.00419901 -0.01290288]
[ 0.00786661 -0.01149634  0.00158367  0.00352279 -0.00384629 -0.00358572
  0.00749603 -0.01347062 -0.0074773   0.00799549  0.00402467 -0.00487908
  0.00015574 -0.00858098  0.00962055  0.00502483 -0.01504266 -0.01505172
 -0.01336678 -0.00596662 -0.01303704]
[ 0.0104437  -0.01236044  0.01061356 -0.01431552 -0.01296354  0.00717839
 -0.00752055  0.0014651   0.01302187  0.0024434   0.00060955 -0.00973492
  0.02330733 -0.00942183 -0.01448046 -0.02814817  0.00604684 -0.00724812
  0.00277875 -0.00335    -0.0020117 ]
[ 0.00347339 -0.00240298  0.00426525 -0.01284054 -0.00616323  0.00416609
 -0.006309   -0.00263902 -0.01337194  0.00793602 -0.00288252 -0.00685606
 -0.00770412 -0.00078096  0.00653077  0.00040167  0.00109774 -0.00544315
  0.01326503  0.0040372   0.00586786]
[ 0.02498198  0.02324475 -0.01507725  0.02271574  0.03264247 -0.0112595
 -0.00390923  0.00957872 -0.01611176  0.00642668 -0.03510818 -0.00128043
  0.03236585 -0.00705777  0.01440554 -0.01402834 -0.0271857   0.00776261
  0.01790741 -0.01560976  0.01084992]
[ 0.00481205  0.00202479  0.00071182  0.00768693 -0.00293744  0.00827111
 -0.01028794 -0.00222138  0.00696913  0.00331992 -0.00149051  0.0068591
 -0.00530098  0.01185614  0.00145058  0.00087936  0.00894664 -0.00390125
  0.00311976  0.00194145 -0.00594691]
[ 0.00803995 -0.00836189 -0.00242664  0.01379988 -0.00360592 -0.00275372
  0.00054383 -0.00190275 -0.00286892  0.00195483  0.00910893  0.00646496
  0.00374658  0.00697347 -0.00893984  0.00503094 -0.01258442  0.01748736
  0.01559755 -0.0016321  -0.00191853]
[  1.23103271e-02   1.77102266e-02  -3.26467231e-03   8.85371649e-04
  -9.76323809e-05  -4.27993098e-03  -2.58871017e-03   3.32524284e-03
   3.07482574e-03   1.23444047e-02   2.10573683e-03   3.42335861e-03
  -1.56702240e-03  -2.59484784e-02   7.16309935e-03  -7.88931637e-03
   5.30884476e-03   1.03334116e-02   5.04376496e-03  -2.01215932e-02
   1.12487522e-02]
[ 0.00978944  0.01064527 -0.00698763 -0.00334845 -0.0159688  -0.00726841
  0.01539694 -0.015338    0.0060862  -0.01534164 -0.00685872  0.0043721
  0.00822472  0.00455433 -0.00605269  0.00145742  0.00482693 -0.00653643
  0.00462056  0.00690947  0.00756053]
[ 0.01090277  0.00974076  0.00735233  0.00901883  0.00368484  0.00822582
 -0.0024307   0.00731437 -0.00848885 -0.00782871  0.00855332 -0.01015517
  0.01005832  0.00518005 -0.00248851 -0.00692791 -0.02826585  0.00147698
  0.00620901  0.00604836 -0.0151419 ]
[  1.78846933e-02   1.08192909e-02  -2.12573330e-02  -2.21412960e-02
  -1.52723521e-02   9.35366480e-05   9.64794508e-03   1.32221441e-02
  -5.95476466e-03  -7.36196619e-03  -4.34509669e-03   4.56562763e-03
   7.58275135e-03  -8.27109978e-03  -1.05436261e-02   3.30822822e-02
   3.78158115e-03   7.57683863e-03  -1.64954351e-02   3.54652741e-02
  -8.77947757e-03]
[ 0.01018837 -0.00162774  0.00167708  0.00966892  0.00046434  0.01642487
 -0.00169803 -0.00158422  0.01214143  0.00565338 -0.01169493 -0.00409012
 -0.01229906 -0.00355788 -0.00692991  0.01330807  0.00021282  0.00173605
 -0.00268919 -0.01280097  0.00401568]
[ 0.0058795  -0.0055818  -0.00124646 -0.00751688 -0.00254882  0.00746415
  0.00085291  0.00047949 -0.00123524 -0.00425     0.00621477  0.0061856
  0.01001402 -0.01102467 -0.01598159 -0.00918979  0.00692383  0.00210668
 -0.01209983  0.0024938  -0.0055037 ]
[ 0.01034155 -0.00903723  0.00486882  0.00888361 -0.00258239 -0.01554001
 -0.01900012  0.00457809 -0.00835722  0.00723454 -0.00367616  0.01596406
 -0.00194104 -0.00164159  0.00418534 -0.00266992  0.01064094  0.01066515
  0.00671617 -0.0004766  -0.01141328]
[ 0.00841357  0.00443985 -0.00199244 -0.00742807 -0.00158782 -0.01120694
  0.01328141 -0.00372194  0.01985995  0.01046865 -0.01881669 -0.00426349
  0.0040538   0.00094027  0.00548551 -0.0185596   0.00311827  0.00249899
  0.00136532  0.01147828 -0.01010297]
[ 0.00747631  0.00453222 -0.00427309  0.00579967  0.00744848  0.00557151
  0.01066779  0.00092353 -0.00283468  0.00377635 -0.00521639 -0.00443329
  0.0037704  -0.01869977  0.00157315  0.00371432  0.00105034 -0.00326878
  0.01056139 -0.01806191 -0.00300365]
[ 0.01513205 -0.00873619  0.00450107  0.00247463 -0.00640023 -0.01775771
 -0.01040975  0.01502308 -0.00871811 -0.00752261  0.00443467  0.02291018
 -0.01012478  0.00168968  0.01144566 -0.01159734  0.0026174   0.00378701
  0.00970974 -0.00328731 -0.0013922 ]
[ 0.01460301  0.0225548   0.00367347  0.00828597  0.00172449  0.00954236
 -0.01180281 -0.00167433 -0.0041866   0.01636753 -0.00328458 -0.00837578
 -0.02272366 -0.00418846 -0.01263549  0.00248563  0.00892736  0.00956319
 -0.01545358 -0.02052391  0.00746906]
[  1.30853738e-02  -1.09214639e-02  -3.06338901e-03   1.55930417e-02
  -1.41093494e-02  -2.41826879e-03  -6.70587446e-03   9.78194377e-05
  -7.20360688e-03  -8.00143697e-04   1.14877056e-02   1.01338106e-02
   5.41637740e-03  -7.32002773e-03  -1.14275023e-03   1.86076293e-02
  -9.09674199e-03   1.42874998e-02   1.24144986e-02   1.64305432e-02
  -1.61383439e-02]
[ 0.01438821  0.00906073  0.00116991 -0.0078439  -0.01626241  0.00573218
  0.00025508  0.02128909 -0.02087467  0.01203092  0.00421771 -0.01955531
 -0.00563714 -0.0086978  -0.0057681   0.02017465  0.01215172  0.00282036
 -0.00277465  0.04143059 -0.00317508]
[ 0.0085902   0.00598077  0.00836456  0.0003531   0.01091329  0.01971533
  0.01145776  0.00739205 -0.01123407 -0.00982295 -0.00226435 -0.01478812
 -0.00014268  0.00329231 -0.0028784   0.00110282 -0.00160151 -0.00148139
  0.01234333 -0.00088873 -0.00964217]
[ 0.01399316 -0.00049293  0.00592157  0.00949814 -0.01332147 -0.01431032
 -0.01183265  0.00186921 -0.00989918  0.00464684  0.00329145  0.01428299
  0.0084462   0.00012203 -0.01589616 -0.01270651  0.01688545  0.01135794
 -0.00140392 -0.00970501  0.01125914]
[  9.23343033e-03  -1.19034817e-02   1.84022739e-03   7.88687991e-04
  -3.00014658e-03  -2.75718032e-04  -2.54962704e-03  -2.12549599e-03
   1.10175895e-02   8.99654980e-03   1.17560763e-02  -6.21112297e-03
   8.59917309e-03  -2.22300737e-03   1.58965305e-03  -9.28770864e-05
  -2.63115145e-02  -2.07672797e-03   8.53067553e-03  -1.90950715e-03
  -1.58468214e-02]
[ 0.00715614  0.00296575  0.00906357 -0.01850514 -0.00991679  0.00265566
 -0.01139793  0.00161881 -0.0067557   0.00219737  0.00301888 -0.00321874
 -0.00185229  0.00544903  0.00478697 -0.01062069  0.00623207 -0.01233643
  0.01859305 -0.00956104  0.00301943]
[  1.12431763e-03  -2.14318657e-03   5.76348965e-04   6.02135105e-05
   6.41859673e-03   1.03800548e-03   2.91116997e-03   1.77797704e-03
  -8.17498883e-04  -2.82558797e-03  -4.28702521e-04   6.01640535e-03
  -2.33521785e-03  -2.17810898e-03  -5.06393518e-03   7.33066521e-04
   4.88117595e-03  -7.60296237e-03   4.00155671e-03   1.09994523e-03
   9.78031316e-04]
[ 0.01393432 -0.0242458   0.01181508 -0.00412705  0.01377802 -0.01208661
 -0.00839923 -0.01211697  0.00160963 -0.02145724 -0.0146586  -0.01117216
 -0.01425317 -0.01322937 -0.00027371 -0.00364329 -0.00150057  0.00303059
 -0.00644614 -0.00612826 -0.01444226]
[ 0.00927361 -0.01951963 -0.00066131  0.00384261  0.00172475 -0.0076398
 -0.00133331  0.0001183   0.01259663  0.00404327  0.00360257 -0.00858484
 -0.00548152  0.00487478 -0.01240857  0.01204566 -0.00447317  0.01574437
  0.02153145  0.00451647 -0.003542  ]
[ 0.01790028  0.0085301  -0.00456464  0.00839965  0.00278827 -0.00429736
  0.02489522  0.00563455  0.0061837   0.02439353 -0.02029976 -0.01454492
 -0.0030269   0.00267533 -0.00279782 -0.00152075 -0.01147616 -0.00516437
 -0.01078482 -0.01061585 -0.01078384]
[ 0.01303598 -0.00737654  0.00707091  0.01663364  0.00420264 -0.02348456
 -0.01261014 -0.00850866 -0.00349309 -0.02215809 -0.00672487 -0.00144799
 -0.01642834 -0.0069515   0.00512605 -0.01813263  0.00704314 -0.00780867
 -0.00545561  0.01495625 -0.00193212]
[  1.24975563e-03   1.69695372e-03  -7.76335841e-05   4.05635875e-03
  -5.73275738e-04   1.08126882e-02  -4.56330026e-03  -5.24621338e-03
   4.29064655e-03   8.20744673e-04  -2.84298439e-03   3.36665471e-03
  -2.66326557e-03   4.41429471e-03   4.13564796e-03  -2.22922102e-03
   2.50376279e-03   2.45771989e-03   1.40412055e-04   3.69985680e-03
  -4.46402439e-03]
[  2.45851936e-03   1.03211989e-03   3.28532636e-03  -2.46627521e-03
   1.08383209e-03  -7.78234036e-05  -3.22345551e-03   2.89700626e-03
   3.83957502e-03  -2.51419770e-03   5.82946567e-03   3.05235263e-03
   5.02210522e-03   5.62840278e-04   3.91558966e-03  -3.84365909e-03
  -2.74668587e-04  -5.71728391e-03  -4.99228768e-03   5.83098831e-04
   3.75423250e-03]
[ 0.0096633  -0.00726549  0.0064283   0.00046976 -0.00357637 -0.0012367
  0.0169678   0.01133454  0.00935809  0.02965479 -0.00815579 -0.00398447
 -0.00592115  0.00512982 -0.00546337 -0.00946252 -0.0133659  -0.01575132
 -0.01439616  0.02198815  0.0175614 ]
[ 0.00986577  0.02004171 -0.00585639 -0.0204136  -0.01712935 -0.01746847
  0.00678111 -0.02052879  0.00313073 -0.00965219 -0.01104677  0.01718886
 -0.00589573  0.01425608 -0.01821945 -0.00111993 -0.01086188 -0.00738779
  0.00887231 -0.00117963 -0.00622126]
[ 0.01102505 -0.01872938  0.00737912 -0.00925344 -0.01237635  0.00352929
  0.00375361  0.00195523 -0.0074686   0.01094468 -0.00311325 -0.00558129
  0.00626169  0.00329869  0.00257877 -0.00050598  0.00206295  0.00727537
  0.01090175  0.00041964  0.0034754 ]
[ 0.02016036 -0.01146218 -0.03402587 -0.01305397 -0.01631345 -0.00573202
  0.00827975  0.00254795  0.02006876 -0.00594295  0.02402394 -0.01415381
 -0.00314448  0.00279695  0.01066478  0.01602956  0.0119706  -0.00286996
 -0.01035607  0.00618654 -0.0030976 ]
[ 0.01954934  0.0217926   0.00219339  0.01888918  0.00559608  0.02307247
 -0.01525614 -0.00530427  0.01763495 -0.00668442 -0.00969155 -0.00593005
  0.01664755  0.00525669  0.02096952  0.00433941  0.00075374  0.00589821
  0.0150716   0.01544087 -0.00997652]
[ 0.00238213 -0.00411373 -0.01667245 -0.00096562 -0.00136016  0.00015493
  0.00089616  0.00543203  0.00217012 -0.00096291  0.00875535 -0.00676621
 -0.00541475  0.00581448  0.00467961 -0.00440711  0.00610258 -0.00512986
  0.00464246 -0.00548571 -0.00288814]
[ 0.02039779 -0.01806836  0.01263257 -0.01718059 -0.00132824  0.01252145
  0.01929893  0.0197508   0.00998315 -0.01641251  0.00198552  0.03094853
 -0.00608224  0.00428622  0.00133988  0.00456431 -0.02397873 -0.00097384
 -0.01751009  0.00266107  0.01387812]
[ 0.01883059 -0.02797863 -0.02861608  0.01705296  0.0019952  -0.00058015
  0.00042155  0.00721755  0.00212262  0.01252654  0.00481578 -0.00646093
 -0.01188794  0.01336561 -0.01624883 -0.00443179 -0.00450833 -0.00250523
  0.03813401 -0.01218435  0.00017933]
[ 0.00554568 -0.00481251  0.00968207 -0.00731742 -0.00247786  0.00750665
 -0.00322332  0.00913725  0.00378617 -0.0076304   0.00356688 -0.00392705
  0.00901869 -0.00364192  0.00558082 -0.00855483 -0.01220796 -0.00590871
 -0.00139298 -0.00671657 -0.0096407 ]
[ 0.00714048 -0.00317906 -0.0010386   0.0009019   0.00280808 -0.01585445
  0.00065912 -0.00404197  0.0164029  -0.00610244 -0.02086736 -0.01303924
 -0.00324606 -0.00117897  0.00892926 -0.01091545  0.00207643  0.00254545
 -0.0028076   0.00967376 -0.00961123]
[ 0.00362107  0.00045133  0.00028358 -0.00467964  0.01003033 -0.00051409
  0.00566526  0.00342311  0.0064085   0.00286348  0.00467004  0.00768058
 -0.0034535  -0.00108306  0.00630761  0.00064473  0.01007489 -0.00263067
  0.00136577  0.00093791 -0.00431651]
[ 0.0023345  -0.00551548 -0.02042623 -0.00149056  0.00034657  0.00135127
 -0.00253183  0.0059771  -0.00063541 -0.00118639  0.00519807 -0.00609554
 -0.00232664  0.00923521  0.00143617 -0.0051222   0.00360739 -0.00472022
  0.00084257 -0.00564077 -0.00095921]
[ 0.00856323 -0.00838535  0.00229429 -0.00832797  0.03123377  0.01139337
  0.01615369  0.00093474 -0.00227148 -0.00877055 -0.00099684  0.01402175
 -0.00026284 -0.00738093 -0.0207091   0.00444303  0.01581774 -0.01176125
  0.01427489 -0.00335105 -0.01164876]
[ 0.01572125  0.00128374 -0.00363933  0.02650683 -0.00534419  0.00222557
  0.01100078 -0.02051551 -0.00716211  0.00150593  0.01288218 -0.00314589
  0.01330645  0.00510861  0.00457636 -0.00364727  0.01598707 -0.02489989
 -0.00455036 -0.0031821  -0.00313824]
[ 0.00479368  0.00133839 -0.00084672  0.00922983 -0.00331007  0.02849363
 -0.0100958  -0.01432847  0.00806435  0.00399295 -0.00540363  0.01036506
 -0.01092252  0.00930384  0.00431979 -0.00599782  0.00511177  0.00356905
 -0.00356448  0.00339082 -0.00594796]
[ 0.00599568 -0.0039049  -0.00712805 -0.0140331   0.01197044  0.00594587
  0.00182431  0.00068251 -0.01199247 -0.00055378 -0.01523928  0.01173426
  0.00693593  0.00336451  0.00194847  0.00359564 -0.00278015  0.00215525
 -0.00485414  0.00273914 -0.00174476]
[ 0.00580032 -0.00579764 -0.01207785 -0.00588686 -0.00166202  0.01642274
 -0.00972861 -0.01563459  0.00160608  0.00049194  0.00326274  0.007186
  0.00529273 -0.01341073 -0.0038337  -0.00757772 -0.00491853  0.00317406
 -0.00795962  0.00979031  0.00207115]
[ 0.01275156 -0.01496425  0.00559277  0.00550384 -0.01295167  0.00038216
  0.01157013 -0.02213962 -0.00620518 -0.0047603   0.01032606 -0.00630906
  0.02200065  0.00664143 -0.01525171 -0.01888067  0.01908084  0.01143978
 -0.00474868 -0.0126284   0.02340991]
[ 0.00871997  0.01507669 -0.01656641  0.00180531 -0.00549272  0.01049111
  0.01206478 -0.01072061  0.00722445 -0.00743512 -0.00018319  0.00634989
  0.0049164  -0.04404593  0.0158727  -0.00505891  0.00120598  0.00985388
  0.018953    0.00601806  0.01174301]
[ 0.01976498  0.0174333  -0.00333461 -0.00748714  0.00295009 -0.01832364
 -0.00711634  0.01017068 -0.00236124  0.00471999  0.00243004  0.01507777
  0.02433956  0.00702773  0.01423991  0.00401366  0.00402132  0.02579003
  0.01276538 -0.00566981  0.004628  ]
[  5.09673782e-03   1.01473925e-05   5.82337850e-03  -4.33469648e-03
   8.78112370e-03   1.76170148e-03   4.77259775e-03  -4.28933952e-03
  -2.38378773e-03  -4.83413013e-03   1.69368168e-03  -1.14715827e-02
  -3.49429528e-04   4.48895839e-03  -8.95085032e-03  -6.21830157e-03
   7.40334127e-03   1.20481310e-02  -4.28993737e-03  -2.91236461e-03
  -9.31546989e-03]
[ 0.0048266   0.00181556  0.00348408 -0.00059984  0.00227957  0.00144009
  0.00134709  0.00908209 -0.00379725 -0.00707557  0.00180585  0.00221469
 -0.0034279   0.00744839  0.0081825  -0.00039385 -0.0044286   0.00518974
  0.00259509  0.00388498  0.01010538]
[ 0.01011151 -0.00842087 -0.00153535 -0.00050896 -0.0082763   0.001957
  0.01254245  0.00764228  0.01479953  0.02288593 -0.00689452 -0.00986661
  0.00183693 -0.0014753  -0.01582944 -0.01499124 -0.01027978 -0.0065505
 -0.00138034  0.00539712  0.01028788]
[ 0.0059323  -0.00675244 -0.03645324 -0.00558746  0.00904749  0.00700677
 -0.01479255  0.00649409 -0.01436056 -0.00390845 -0.01183569  0.00239794
  0.01056048  0.00926617 -0.00554285 -0.00682295 -0.00754245  0.00185916
 -0.01790568  0.00117775  0.00571309]
[ 0.01089737  0.01324904  0.00657508 -0.00358134 -0.00203625  0.00193358
 -0.00011967  0.00365895 -0.01872664 -0.00255862  0.01763637 -0.01329617
 -0.02209973 -0.0041931  -0.02090013 -0.01663896  0.00483944  0.02158094
 -0.02587889 -0.00182828 -0.02352837]
[ 0.00780104 -0.00597174  0.00563111 -0.00450301  0.00767028 -0.00531761
  0.01039898 -0.01236887 -0.01058108  0.02495908 -0.00044149  0.00169661
  0.01004694  0.01228044  0.01016702  0.00084922  0.0145645   0.0074843
 -0.00589666  0.00479396  0.00166941]
[ 0.00704007 -0.00849768  0.00076986  0.00331252 -0.00764273 -0.00862805
  0.0071741  -0.00893286  0.00727741 -0.01683285 -0.00887578 -0.01154283
 -0.00175959  0.00595436  0.00446818  0.00630719  0.01136419  0.01131655
 -0.00829645 -0.00895591  0.01085886]
[ 0.00788911 -0.00151499 -0.00065917  0.00223568 -0.01048789  0.00580393
 -0.0020933   0.00949258  0.00119955 -0.00338982 -0.01728029 -0.01076737
  0.00065216 -0.01093645 -0.00120275  0.0261009   0.0125209  -0.0016065
 -0.0123475  -0.01679717 -0.00212518]
[ 0.00523872 -0.00540327  0.00725435 -0.00222968 -0.01021956  0.00825161
 -0.00533309  0.01151903  0.00693931 -0.00415168 -0.01162379 -0.00669748
  0.00844107 -0.00603615  0.00178974  0.0083743   0.00692027 -0.00375023
 -0.00169246 -0.00533051 -0.00461081]
[ 0.01157043 -0.01346136  0.0036877   0.00100472 -0.00399867 -0.00015579
 -0.00588883  0.01262585 -0.00907912 -0.00252412 -0.01137819  0.01708546
  0.00304692 -0.00839292  0.00027997  0.00298231 -0.00140792  0.00095763
 -0.00470711 -0.01038007 -0.00532328]
[ 0.0067563  -0.0065976   0.00377165  0.00406053  0.00309644 -0.00360614
 -0.00299815 -0.00200997  0.00237484  0.00197031 -0.00132855 -0.00645006
 -0.00777708 -0.00077928 -0.0092813   0.00348102  0.00411673  0.00402571
  0.00701471  0.0118746   0.01299654]
[ 0.0071043  -0.00747663  0.00120045 -0.01080114  0.01039547  0.00056253
 -0.00689207 -0.02044361  0.00503758  0.00555355  0.01860861 -0.00171632
  0.00831533 -0.00319945  0.00398137  0.0069127  -0.00326666 -0.00076458
 -0.00722942  0.00049186  0.00896994]
[ 0.02615423  0.01749888 -0.01148382  0.01394643 -0.00572364 -0.013856
 -0.00141951  0.00144299 -0.01475114 -0.00230136  0.01101449 -0.00026337
 -0.00077846  0.00136743 -0.00787757  0.01671125  0.00147975  0.02105902
 -0.0044838   0.00957067 -0.00177115]
[ 0.0079846  -0.00184041  0.00753685  0.00205668 -0.01039655 -0.00589528
 -0.01079361  0.01328977  0.00431881  0.0039822  -0.00141031  0.00930223
  0.00423524 -0.00679418 -0.00232434 -0.00354459  0.01296028 -0.00550865
 -0.00212359 -0.00322705 -0.00430846]
[ 0.00370913  0.00502569  0.00228612  0.00056724 -0.00029461 -0.00591304
 -0.00351988 -0.00098843 -0.00014    -0.00694594  0.00076372  0.00084292
 -0.00482635  0.00452782 -0.00283158 -0.00905197 -0.00752876 -0.00163548
  0.00249034  0.00397001 -0.00231983]
[ 0.01072237  0.00152484  0.00790302  0.00165743 -0.00804301 -0.0019404
 -0.01411347  0.01392114 -0.00084983  0.00550343  0.00733128  0.00801514
  0.02651757 -0.01129425 -0.00564424 -0.01189385  0.00059336 -0.00859683
 -0.00548797 -0.00260203 -0.00365468]
[  1.19428845e-02  -1.20265104e-02   1.10018133e-02  -1.68609791e-02
   3.01414665e-02   8.91375037e-04  -2.12093652e-03  -1.10826150e-02
   1.46565730e-02  -8.48905855e-03   1.40359433e-02  -1.09579235e-02
  -9.58260838e-04  -2.35538209e-04  -1.94140326e-02   1.36581871e-02
   3.69410799e-03   1.22357275e-02   6.13028051e-03  -2.28614471e-03
  -3.29698589e-05]
[ 0.00612864  0.00196729 -0.00089113 -0.0078032   0.00575106 -0.00157862
 -0.01100074 -0.00698902  0.00962914  0.00236207  0.00593215 -0.00503796
  0.00069901 -0.00148043 -0.00154713  0.02305556 -0.00348789 -0.00882928
 -0.00228813 -0.0042432   0.00359914]
[ 0.01624093  0.02108533  0.00393916  0.00904613  0.01582597  0.00526043
  0.00104501  0.01040149  0.00682431  0.0172823   0.00399431 -0.01209366
 -0.02042674 -0.00664733 -0.00996539 -0.00951231 -0.01145632  0.00687763
 -0.01110806 -0.01205907  0.0159578 ]
[ 0.0128996  -0.00827738  0.01545575 -0.01571484 -0.01121352  0.02618928
  0.00988623  0.00842935 -0.01461573 -0.01259101 -0.01418962  0.00192641
 -0.00605278  0.01850618  0.02390169 -0.00450835 -0.01112683 -0.00035081
  0.00815567 -0.00944026  0.01148805]
[ 0.00847122  0.00925624  0.00269887  0.00283961 -0.01212235  0.00022159
 -0.01286321 -0.00138985  0.00079317  0.00184461 -0.00269265  0.00447366
  0.00634851  0.00441629 -0.00955492  0.01504955  0.01400906 -0.01558772
  0.00568143 -0.01258011 -0.00648766]
[ 0.00950344 -0.00638403  0.00470306 -0.00158001  0.00887401 -0.00353492
  0.00370097  0.00213156  0.01035148 -0.00575267  0.00374913  0.00620888
 -0.00406743  0.00972542  0.01167632  0.01121329 -0.00073593  0.01369022
 -0.00275218 -0.00411326  0.01198184]
[ 0.02083179  0.02236743  0.00345403 -0.00694643  0.01135719 -0.00733694
  0.00253899  0.01572464 -0.00500032  0.00800778  0.00590427  0.00775023
 -0.01436258  0.00745753  0.00969916 -0.00339269 -0.01151956  0.00736901
 -0.01858992 -0.01713851 -0.00145656]
[ 0.00739151  0.01706058 -0.00212126 -0.01316681 -0.01367599 -0.00839246
  0.00115568 -0.00998598  0.00188217 -0.00127771 -0.00604859  0.01015036
 -0.00782983  0.01271028 -0.0163254   0.00675486 -0.00859653 -0.01338123
  0.00354124 -0.01500593 -0.00623271]
[  1.44385419e-02   1.02959791e-02  -1.85213811e-02  -4.29437091e-03
  -5.46736417e-03  -2.12025056e-03   1.69545548e-02   6.20072935e-03
   7.30296126e-03  -5.75632399e-03   2.15096399e-02  -2.68693886e-03
  -1.58840253e-02  -2.38615981e-02   2.81253526e-02  -6.41024405e-03
   1.21075819e-02   1.03976985e-05   3.51179538e-03   5.19557027e-03
  -8.64067009e-03]
[ 0.01035555 -0.00540103  0.00092954  0.00028773  0.00406591 -0.01350919
  0.00027251  0.00652778  0.02019381  0.01090052 -0.00037326  0.00408705
 -0.00328797  0.00344729  0.00737634  0.00416752 -0.00533694  0.00587857
  0.0080186  -0.00273354 -0.01604048]
[ 0.0023229  -0.00469457  0.00280975  0.00038091 -0.00567472  0.00209339
  0.00589592 -0.00374203 -0.00277788 -0.00806734 -0.00258438 -0.00408292
  0.00110885  0.0052439   0.00504508 -0.0003517   0.00212916  0.0060066
 -0.00276754 -0.00832677  0.01138528]
[ 0.00578814 -0.00582548 -0.0019228  -0.0173373   0.00304283 -0.00066861
 -0.01287352 -0.02157145 -0.01030657  0.00581282 -0.00672001 -0.00378145
 -0.007962   -0.00991911  0.00381541  0.00638207 -0.01045896 -0.01112605
  0.00196062  0.00549621  0.00249381]
[  5.85745428e-03  -2.78719978e-03  -5.41841069e-03   3.44196297e-03
   6.23450594e-03  -5.36116003e-03  -1.58533516e-02   2.52993045e-03
  -4.34737639e-03  -5.42855980e-03  -1.31205580e-02   4.95718767e-04
  -5.82053953e-04  -2.91425323e-03  -5.11396271e-04   1.59447101e-03
  -9.55699693e-05  -7.45257006e-04  -1.00585048e-02  -4.11777818e-03
   5.04022325e-03]
[ 0.00921806 -0.01127343  0.00365585  0.01127398 -0.00637468 -0.00713806
  0.00083437 -0.00604518 -0.01233448  0.00383808  0.01363946  0.0191869
  0.00085695  0.00061705  0.00708818  0.00865847 -0.00792014  0.00643111
 -0.00289576  0.00259831 -0.00599344]
[ 0.00418821 -0.00555695 -0.00214623  0.00111452  0.00663789 -0.00917673
 -0.00957998 -0.00688443 -0.00108192 -0.00459956 -0.01444583 -0.00695986
 -0.0070731  -0.00632045  0.00226501 -0.00468444 -0.00436146 -0.00323549
  0.00133271  0.00434517  0.00060485]
[ 0.01551244  0.01558275  0.00593322  0.01373992 -0.0001484   0.00197655
  0.00320165 -0.00057733 -0.01183884 -0.02180069  0.00581156 -0.01782241
  0.01350796  0.01501466 -0.00382987  0.00294845  0.00646195 -0.01215982
  0.00792142  0.03628656  0.01634721]
[ 0.007055   -0.0030825   0.00328551  0.01200394  0.00115858 -0.0066373
  0.00332092 -0.00690368 -0.01252421 -0.00813511  0.00523555 -0.00230546
 -0.01400376 -0.00895023  0.0058986  -0.00574195  0.00171735 -0.01185527
 -0.01425206  0.0008626  -0.01112883]
[ 0.00658362  0.00138877  0.00362241 -0.01062557 -0.00297014 -0.0006865
 -0.01058411 -0.00357652 -0.01789674  0.01824174  0.00055387 -0.0078756
 -0.01583975 -0.00429607  0.00215948 -0.00252921  0.00869936  0.00236682
  0.0107563   0.00036968  0.00405366]
[ 0.01219038  0.00561283  0.00722896 -0.00984762  0.01496367 -0.0021543
 -0.00632352 -0.00299102  0.01438436  0.00052911  0.02246239  0.0054957
  0.00151603 -0.00064173  0.02641582 -0.00256089  0.00693078 -0.01776459
 -0.0108137  -0.00831275  0.01012078]
[ 0.00890023 -0.00578904  0.00481705  0.00241295 -0.00716084  0.00325983
 -0.00504349  0.01205761  0.01448569 -0.00599435 -0.01093806 -0.00069956
  0.00295079 -0.00274535 -0.00200127  0.01163137  0.0040895  -0.00224447
 -0.00269935  0.01021854 -0.00486328]
[ 0.01415393  0.00102954  0.00327978  0.01038491 -0.01095935  0.00017572
  0.01177176 -0.00433348  0.0083831   0.00513612 -0.00143847  0.0030822
 -0.00362462  0.01627165  0.00412949  0.00932717 -0.0020505  -0.01719526
 -0.014265   -0.00956696 -0.01367918]
[ 0.01033328 -0.01036739  0.00218495  0.01144545  0.01051842 -0.0068726
  0.00066026  0.01179162 -0.00288504 -0.00773969 -0.00160208  0.02031846
 -0.0139689  -0.00317687 -0.00184481 -0.00189665  0.00455934 -0.02302568
  0.00146573  0.00974361  0.01985485]
[ 0.01030219 -0.00610787 -0.00081518  0.00939303  0.00088503  0.016441
  0.00500886 -0.0083065   0.00555373  0.00077112  0.00532852  0.0153015
 -0.01073475 -0.00131976 -0.01509246 -0.00787694 -0.0168557   0.00633184
  0.00057401 -0.00031092  0.00549274]
[ 0.01942541  0.02059048  0.01101774 -0.00576429  0.00579063 -0.00524224
 -0.02103623 -0.00300702  0.01410059 -0.022514    0.01381912 -0.0178508
  0.00618508  0.02142395  0.0036751  -0.01215577  0.00707586 -0.00304516
  0.00134238  0.01892113  0.00623127]
[ 0.00223204 -0.0035612   0.00126133  0.00352806 -0.0006984  -0.00238145
  0.00442291 -0.00773312 -0.00606321  0.0074097   0.00429814  0.00229405
  0.00397656  0.0015961   0.00666442  0.00280648  0.00037596 -0.00410803
 -0.00649327 -0.00019345 -0.00523405]
[ 0.01002988  0.0029878   0.00475623  0.00285855  0.0038963   0.00177525
 -0.00154754  0.01762334  0.00979772  0.00862123  0.00545848  0.01086797
 -0.01540137  0.00503751 -0.00232413  0.00147034  0.00246049 -0.00449029
 -0.0106337   0.01116187  0.01895387]
[  8.54496865e-03   1.38897610e-02  -6.96307746e-03  -1.13280842e-02
  -1.38668358e-02  -2.40802939e-03   1.26305435e-02  -8.89112314e-03
   2.44212563e-03  -9.98458848e-03   1.60622291e-03   1.39493648e-02
  -1.29526475e-02  -4.55350051e-03  -5.79407405e-03  -4.40850325e-03
  -1.00562530e-02   3.56547674e-03   3.60562975e-03  -7.66477169e-03
  -7.62502719e-05]
[ 0.00615406  0.00286643  0.00587172 -0.01159052  0.00254519  0.00721042
  0.00340912  0.01096046 -0.00407136 -0.01015266  0.00975973 -0.00511564
 -0.00620557  0.00012525  0.00267687 -0.00391333 -0.00496737  0.0044918
  0.0004773  -0.00125309 -0.00767293]

Right eigenvectors

[ 1.          0.97594763  0.13242483  1.77240881  1.14232279  0.18963934
  1.2813379  -0.38718745 -1.82613186 -0.11852313 -0.23994129 -0.82108688
  1.47087903  0.73091898 -0.31883205  0.22288676  0.34979229 -2.16402358
  0.58093639  0.15261445 -0.70518707]
[ 1.         -1.18230381  0.53062417  0.62493525 -1.1235576   0.66117333
  1.30405939 -0.02402073 -1.25092721 -1.22769423 -0.05265612 -0.36312254
 -0.50165005 -0.06037291  1.42858481  0.88082366 -1.41037498  0.21164261
 -0.33402987 -0.61413055  0.42079887]
[  1.00000000e+00  -2.78743651e-03  -1.56192645e-01   1.72146720e+00
  -2.57286018e-01   7.50662971e-01   1.13026372e+00  -8.57016432e-01
  -2.89764701e-01   2.16099093e-01   6.62613758e-02  -2.02011053e-01
  -4.62745046e-01  -1.19192622e+00  -1.25031797e+00  -1.00525838e-01
   2.87227105e-01  -1.78334917e-01   3.83052130e-01   1.12348812e-01
   2.80370835e+00]
[ 1.          1.31887513  0.17184621  0.06540218  1.04897932 -0.41484892
 -1.64619781 -0.32046063  0.65570276  0.00764308  0.95904482 -0.81015775
  1.00837085  0.38514988 -0.3430601   1.17234756 -1.25190874 -0.3360742
 -0.3374549  -0.53141826  1.28638173]
[ 1.          0.38789728  0.14723453 -1.61350769  1.66815231 -0.24868187
  1.18373365 -0.44432153 -0.31249932  1.22242268 -1.02567411  0.92620434
  0.99836186  1.2698743   0.8683164  -0.08240425  1.46158491  1.55696332
 -0.18064427  0.28401843 -0.87274324]
[ 1.         -1.46141004  0.20131567  0.44781547 -0.48893907 -0.45581543
  0.95289239 -1.71238001 -0.95051158  1.01638374  0.51161497 -0.62022626
  0.01979787 -1.09081062  1.22296086  0.63875466 -1.91221714 -1.91336818
 -1.69917915 -0.75847448 -1.65726293]
[ 1.         -1.18353148  1.01626467 -1.37073252 -1.24127925  0.68734172
 -0.72010423  0.14028598  1.24686436  0.23395888  0.05836565 -0.93213355
  2.23171257 -0.90215439 -1.38652608 -2.6952307   0.57899452 -0.69401826
  0.26606909 -0.32076738 -0.19262294]
[ 1.         -0.69182416  1.22797687 -3.69682989 -1.77441311  1.19943027
 -1.81638046 -0.75978073 -3.84982161  2.28480332 -0.82988604 -1.97387884
 -2.2180381  -0.22484172  1.88022694  0.11564187  0.31604213 -1.56710002
  3.81904158  1.16232129  1.68937535]
[ 1.          0.93046067 -0.60352498  0.90928473  1.30664055 -0.45070473
 -0.15648214  0.38342521 -0.64493537  0.25725243 -1.40533988 -0.0512541
  1.29556761 -0.2825144   0.57663713 -0.56153816 -1.08821243  0.31072822
  0.71681297 -0.62484089  0.43430977]
[ 1.          0.42077444  0.14792363  1.59743248 -0.61043379  1.71883076
 -2.13795083 -0.4616286   1.44826423  0.68991769 -0.30974441  1.42539915
 -1.10160426  2.46384089  0.30144805  0.18274044  1.85921376 -0.81072365
  0.64832278  0.40345571 -1.2358354 ]
[ 1.         -1.04004208 -0.30182231  1.71641298 -0.44850013 -0.34250509
  0.06764088 -0.23666184 -0.35683249  0.24313973  1.13295769  0.80410464
  0.4659959   0.86735185 -1.11192722  0.62574304 -1.56523523  2.17505723
  1.94000475 -0.20299899 -0.23862459]
[ 1.          1.43864793 -0.26519785  0.07192105 -0.00793093 -0.34766996
 -0.21028768  0.27011815  0.24977612  1.00276821  0.1710545   0.27808836
 -0.12729332 -2.10786263  0.58187726 -0.64086976  0.43125132  0.83940999
  0.40971819 -1.63452954  0.9137655 ]
[ 1.          1.08742375 -0.71379261 -0.34204726 -1.63122678 -0.74247445
  1.57281085 -1.56679078  0.62171079 -1.56716167 -0.70062477  0.44661403
  0.84016207  0.46522861 -0.61828741  0.1488769   0.49307468 -0.66770247
  0.47199425  0.7058082   0.77231532]
[ 1.          0.89342027  0.67435436  0.82720496  0.3379731   0.75447017
 -0.22294307  0.67087226 -0.77859567 -0.71804733  0.78450864 -0.93142966
  0.92254698  0.47511357 -0.22824588 -0.63542642 -2.59253762  0.13546845
  0.56948952  0.55475439 -1.38881212]
[ 1.          0.60494696 -1.18857688 -1.23800255 -0.85393424  0.00522998
  0.53945264  0.73929946 -0.33295313 -0.41163503 -0.24295058  0.25528129
  0.42397995 -0.46246808 -0.58953351  1.84975396  0.21144233  0.42364935
 -0.92232139  1.98299593 -0.49089338]
[ 1.         -0.1597647   0.16460748  0.94901559  0.04557504  1.61211982
 -0.1666635  -0.15549294  1.19169535  0.55488555 -1.14787013 -0.4014495
 -1.20716649 -0.34920948 -0.68017892  1.30620208  0.02088861  0.17039482
 -0.26394666 -1.25642999  0.39414382]
[ 1.         -0.94936546 -0.21200084 -1.27848927 -0.43350913  1.26951981
  0.14506557  0.08155205 -0.21009227 -0.7228501   1.05702351  1.05206251
  1.70320851 -1.87510162 -2.71818743 -1.56302239  1.17762086  0.35830896
 -2.05796845  0.42415224 -0.93608322]
[ 1.         -0.87387557  0.47080136  0.85902085 -0.24970987 -1.50267757
 -1.83726067  0.44268902 -0.80812058  0.69956014 -0.35547508  1.54368152
 -0.18769309 -0.15873743  0.40471144 -0.25817438  1.0289499   1.03129161
  0.6494352  -0.04608588 -1.10363379]
[ 1.          0.52770122 -0.23681246 -0.88286832 -0.18872175 -1.33200756
  1.57857004 -0.44237303  2.36046696  1.24425781 -2.23646954 -0.50674032
  0.48181758  0.11175639  0.65198357 -2.20591325  0.37062415  0.29701849
  0.16227604  1.36425846 -1.20079494]
[ 1.          0.6062111  -0.57155079  0.77574066  0.99627805  0.74522247
  1.42688002  0.12352805 -0.37915492  0.50510892 -0.69772347 -0.59297846
  0.50431315 -2.50120493  0.2104184   0.49681289  0.14048954 -0.43721911
  1.41264879 -2.41588738 -0.40175563]
[ 1.         -0.57733021  0.2974531   0.1635356  -0.42295845 -1.17351656
 -0.68792722  0.99279861 -0.57613567 -0.49713094  0.29306467  1.51401694
 -0.66909506  0.11166217  0.75638534 -0.76640945  0.17297072  0.25026445
  0.64166721 -0.21724152 -0.09200337]
[ 1.          1.54453155  0.25155598  0.56741565  0.11809121  0.65345189
 -0.80824521 -0.11465633 -0.28669407  1.12083319 -0.22492467 -0.57356571
 -1.55609436 -0.28682163 -0.8652665   0.17021386  0.6113372   0.65487788
 -1.05824623 -1.40545809  0.51147428]
[ 1.         -0.8346314  -0.23410787  1.19163899 -1.07825345 -0.18480701
 -0.51247099  0.00747548 -0.5505083  -0.06114794  0.87790427  0.77443799
  0.41392607 -0.55940532 -0.08733035  1.4220174  -0.69518396  1.09186792
  0.94873091  1.25564187 -1.23331164]
[ 1.          0.62973289  0.08131024 -0.54516159 -1.13025959  0.39839422
  0.0177284   1.47962077 -1.45081834  0.83616517  0.29313636 -1.35912087
 -0.39178884 -0.60450878 -0.40089061  1.40216546  0.84456079  0.1960192
 -0.19284171  2.87948226 -0.22067241]
[ 1.          0.69623157  0.97373286  0.04110523  1.27043515  2.29509705
  1.33381788  0.86052179 -1.3077785  -1.14350684 -0.2635967  -1.72151106
 -0.01660982  0.38326335 -0.33508002  0.12838153 -0.18643515 -0.17245102
  1.43690904 -0.10345891 -1.12246258]
[ 1.         -0.03522639  0.42317578  0.67876991 -0.95199855 -1.02266491
 -0.84560254  0.13357991 -0.70742988  0.33207901  0.23521876  1.02071233
  0.60359495  0.0087208  -1.13599465 -0.90805146  1.20669296  0.81167765
 -0.1003293  -0.69355384  0.80461693]
[ 1.         -1.28917221  0.19930051  0.08541657 -0.32492221 -0.02986084
 -0.27612999 -0.2301957   1.19322821  0.97434534  1.27320789 -0.67267773
  0.9313086  -0.24075639  0.17216278 -0.01005878 -2.84959258 -0.22491402
  0.92389017 -0.20680366 -1.71624422]
[ 1.          0.41443371  1.26654471 -2.58591075 -1.38577392  0.37110208
 -1.59274793  0.22621215 -0.94404283  0.30706035  0.42185882 -0.44978666
 -0.2588391   0.76144784  0.66893231 -1.48413583  0.87087061 -1.72389383
  2.59819514 -1.33606098  0.42193583]
[ 1.         -1.90621094  0.51262112  0.0535556   5.70888204  0.92323153
  2.58927716  1.58138322 -0.7271067  -2.51315811 -0.38130018  5.35116161
 -2.07700901 -1.93727192 -4.50400762  0.65201016  4.34145637 -6.76229044
  3.55909807  0.97832249  0.8698888 ]
[ 1.         -1.74000601  0.847912   -0.29617864  0.98878311 -0.86739829
 -0.60277257 -0.86957731  0.11551517 -1.53988402 -1.05197833 -0.80177248
 -1.02288241 -0.94940905 -0.01964291 -0.26146143 -0.10768907  0.21749071
 -0.4626087  -0.43979598 -1.03645197]
[ 1.         -2.1048586  -0.07131078  0.41435948  0.18598474 -0.82382221
 -0.14377487  0.01275694  1.358331    0.43599791  0.38847537 -0.92572831
 -0.5910879   0.52566114 -1.33805245  1.29891843 -0.48235449  1.69776147
  2.32179837  0.48702443 -0.38194416]
[ 1.          0.47653438 -0.25500385  0.46924696  0.15576695 -0.24007215
  1.39077264  0.31477427  0.34545297  1.36274589 -1.13404719 -0.81255264
 -0.1690978   0.1494574  -0.15630017 -0.08495672 -0.64111639 -0.28850793
 -0.60249481 -0.5930551  -0.60244011]
[ 1.         -0.56586028  0.54241463  1.27597928  0.3223875  -1.80151858
 -0.96733342 -0.65270616 -0.26795759 -1.69976429 -0.51586974 -0.11107628
 -1.26023027 -0.53325472  0.39322314 -1.39096779  0.54028478 -0.59900892
 -0.41850414  1.14730506 -0.14821413]
[ 1.          1.35782843 -0.06211901  3.24572152 -0.45871027  8.65184192
 -3.65135402 -4.19779134  3.4331884   0.65672412 -2.27483223  2.6938504
 -2.13102906  3.53212628  3.30916529 -1.78372552  2.00340188  1.96656036
  0.11235161  2.96046419 -3.5719178 ]
[ 1.          0.41981361  1.33630282 -1.00315468  0.44084749 -0.03165458
 -1.31113693  1.17835406  1.56174285 -1.0226471   2.37112864  1.24154102
  2.04273568  0.22893465  1.59266172 -1.56340404 -0.11172114 -2.32549884
 -2.03060743  0.2371748   1.52702987]
[ 1.         -0.75186417  0.66522821  0.04861271 -0.37009871 -0.12797919
  1.75590131  1.1729472   0.96841542  3.06880627 -0.84399626 -0.41232991
 -0.61274648  0.53085559 -0.56537286 -0.97922266 -1.38316105 -1.63001534
 -1.48977652  2.27542889  1.81733014]
[ 1.          2.03143964 -0.5936074  -2.06913507 -1.73624169 -1.77061499
  0.68733704 -2.08081081  0.31733309 -0.97835183 -1.11970762  1.74227346
 -0.59759523  1.4450045  -1.84673431 -0.11351666 -1.10096721 -0.74883089
  0.89930292 -0.11956833 -0.63059114]
[ 1.         -1.6988029   0.66930477 -0.83931079 -1.12256658  0.32011601
  0.34046209  0.1773445  -0.67742075  0.99271027 -0.28237932 -0.50623709
  0.56795113  0.2991997   0.23390117 -0.04589411  0.18711513  0.65989442
  0.98881628  0.03806216  0.31522794]
[ 1.         -0.56855032 -1.68776125 -0.64750704 -0.80918452 -0.28432129
  0.41069469  0.12638409  0.99545673 -0.29478376  1.19164239 -0.70206141
 -0.15597361  0.13873532  0.52899749  0.79510272  0.59376898 -0.14235661
 -0.51368472  0.30686643 -0.15364825]
[ 1.          1.11474844  0.1121977   0.96623069  0.28625433  1.18021731
 -0.78039157 -0.27132718  0.90207398 -0.34192547 -0.49574824 -0.30333773
  0.85156568  0.26889339  1.07264558  0.2219722   0.03855558  0.30170883
  0.77095167  0.78984075 -0.5103248 ]
[ 1.         -1.72691402 -6.99897383 -0.40536225 -0.57098355  0.06503928
  0.37620069  2.28032703  0.91100017 -0.40422104  3.67543446 -2.84040647
 -2.27307205  2.44087542  1.96446818 -1.85007345  2.56182061 -2.15347632
  1.94887094 -2.30286244 -1.21241934]
[ 1.         -0.88580001  0.61931092 -0.84227724 -0.06511697  0.61386303
  0.94612877  0.96828138  0.48942345 -0.804622    0.0973398   1.51724973
 -0.29818118  0.21013166  0.06568775  0.2237648  -1.1755557  -0.04774237
 -0.85843102  0.13045897  0.68037406]
[ 1.         -1.48580737 -1.51965915  0.90559874  0.10595528 -0.03080882
  0.02238657  0.3832886   0.11272184  0.66522307  0.25574233 -0.343108
 -0.63130977  0.70978165 -0.86289543 -0.23535075 -0.23941511 -0.13304048
  2.02510927 -0.64705094  0.00952323]
[ 1.         -0.8677946   1.74587647 -1.31948217 -0.44680917  1.35360501
 -0.58123133  1.64763449  0.68272519 -1.37591799  0.64318156 -0.7081287
  1.62625623 -0.65671272  1.00633691 -1.54261303 -2.20134693 -1.06546307
 -0.25118339 -1.21113647 -1.73841664]
[ 1.         -0.44521691 -0.14545212  0.12630769  0.39326242 -2.22036281
  0.09230746 -0.56606411  2.29717103 -0.85462656 -2.9224042  -1.82610175
 -0.45459925 -0.16511129  1.25051339 -1.52867226  0.29079678  0.35648129
 -0.39319554  1.35477698 -1.34602004]
[ 1.          0.12463927  0.07831303 -1.29233704  2.76999484 -0.14197182
  1.56452831  0.94533256  1.76978206  0.79078459  1.28968631  2.1210834
 -0.95372471 -0.29909892  1.74191942  0.17805032  2.78229953 -0.72648977
  0.37717222  0.25901486 -1.19205479]
[ 1.         -2.36259558 -8.74971454 -0.63849342  0.14845428  0.57882381
 -1.08452753  2.56033103 -0.27218217 -0.50819964  2.2266284  -2.61106677
 -0.996632    3.95596606  0.61519522 -2.1941297   1.54525097 -2.02193742
  0.36091966 -2.41626442 -0.41088558]
[ 1.         -0.97922671  0.26792358 -0.97252688  3.64742748  1.33049869
  1.8864013   0.10915696 -0.26525963 -1.02421077 -0.11640895  1.63743691
 -0.0306945  -0.86193254 -2.41837429  0.51884954  1.84716922 -1.37345915
  1.66699757 -0.39133004 -1.36032335]
[ 1.          0.08165613 -0.23149089  1.68605058 -0.33993437  0.1415645
  0.69973904 -1.30495366 -0.45556889  0.09578964  0.81941157 -0.20010394
  0.84639863  0.32494906  0.29109393 -0.23199643  1.01690772 -1.58383612
 -0.28944019 -0.20240721 -0.19961793]
[ 1.          0.27919772 -0.1766325   1.92541593 -0.69050729  5.9439966
 -2.10606354 -2.98903246  1.68228621  0.83296087 -1.12723977  2.16223373
 -2.27852472  1.94085515  0.90114301 -1.25119355  1.06635619  0.74453114
 -0.7435785   0.70735168 -1.24079102]
[ 1.         -0.65128493 -1.18886442 -2.34053355  1.99650999  0.99169161
  0.30427052  0.11383338 -2.00018319 -0.09236341 -2.54170881  1.95711783
  1.15682034  0.56115513  0.32497901  0.59970548 -0.4636924   0.3594664
 -0.80960571  0.45685212 -0.29100233]
[ 1.         -0.99953771 -2.08227301 -1.01492065 -0.28653991  2.831351
 -1.67725334 -2.69547029  0.27689578  0.08481171  0.56251015  1.23889701
  0.91248996 -2.31206724 -0.66094656 -1.30643149 -0.84797508  0.54722095
 -1.3722723   1.68789128  0.35707578]
[ 1.         -1.17352332  0.43859465  0.43162133 -1.01569344  0.02996961
  0.90735053 -1.73622881 -0.48662137 -0.37331121  0.80978781 -0.49476762
  1.72533052  0.52083293 -1.19606617 -1.48065556  1.49635352  0.89712785
 -0.37240036 -0.99034205  1.83584689]
[ 1.          1.72898366 -1.89982319  0.20703103 -0.62990116  1.20311227
  1.3835801  -1.22943081  0.82849481 -0.85265432 -0.02100814  0.72820105
  0.56380951 -5.05115328  1.82026908 -0.58015161  0.13830082  1.13003506
  2.17351586  0.69014598  1.3466789 ]
[ 1.          0.88202976 -0.16871284 -0.37880838  0.14925849 -0.92707614
 -0.36004796  0.51458109 -0.11946564  0.23880557  0.12294686  0.76285282
  1.23144878  0.35556455  0.72046187  0.20306908  0.20345693  1.3048346
  0.64585857 -0.28686127  0.23415177]
[  1.00000000e+00   1.99095831e-03   1.14256976e+00  -8.50484492e-01
   1.72289100e+00   3.45652758e-01   9.36402444e-01  -8.41585279e-01
  -4.67708526e-01  -9.48475338e-01   3.32307006e-01  -2.25076963e+00
  -6.85594473e-02   8.80751288e-01  -1.75619203e+00  -1.22005522e+00
   1.45256467e+00   2.36389067e+00  -8.41702579e-01  -5.71417389e-01
  -1.82773182e+00]
[ 1.          0.37615814  0.72185    -0.12427734  0.47229352  0.29836499
  0.2790965   1.88167422 -0.78673405 -1.46595392  0.3741448   0.45885111
 -0.7102105   1.5431954   1.6952937  -0.08159996 -0.91753944  1.07523795
  0.53766489  0.80491045  2.09368538]
[ 1.         -0.83280027 -0.15184197 -0.05033464 -0.81850331  0.19354138
  1.24041344  0.75580051  1.46363219  2.26335412 -0.68184904 -0.97578005
  0.1816677  -0.1459026  -1.56548722 -1.48259167 -1.01664092 -0.64782587
 -0.1365117   0.5337596   1.01744247]
[ 1.         -1.13825064 -6.14487425 -0.94187157  1.52512311  1.18112162
 -2.49356018  1.09469963 -2.42074102 -0.65884199 -1.99512631  0.40421826
  1.78016554  1.5619856  -0.93435172 -1.15013547 -1.27142092  0.31339591
 -3.0183364   0.19853101  0.96304881]
[ 1.          1.21580129  0.6033637  -0.32864216 -0.18685737  0.17743526
 -0.01098111  0.33576435 -1.71845464 -0.23479276  1.61840593 -1.22012642
 -2.02798666 -0.38478039 -1.91790524 -1.52687775  0.44409262  1.98038036
 -2.37478263 -0.16777273 -2.15908588]
[ 1.         -0.7655061   0.72184056 -0.57723136  0.98323786 -0.68165366
  1.33302503 -1.58554053 -1.35636823  3.19945438 -0.05659336  0.21748483
  1.28789729  1.57420527  1.30329028  0.10885998  1.86699404  0.9593978
 -0.75588071  0.61452808  0.21399862]
[ 1.         -1.20704444  0.10935353  0.47052329 -1.08560339 -1.22556189
  1.01903779 -1.2688589   1.03371144 -2.39100377 -1.26075048 -1.63958854
 -0.24993944  0.84578085  0.63467835  0.89589826  1.61421474  1.60744728
 -1.17845994 -1.27213277  1.54243582]
[ 1.         -0.19203572 -0.08355432  0.28338842 -1.32941283  0.73568869
 -0.26534086  1.2032512   0.15205155 -0.42968372 -2.19039778 -1.36483917
  0.08266596 -1.3862722  -0.1524572   3.30847187  1.58711119 -0.20363515
 -1.56513226 -2.12915825 -0.26938126]
[ 1.         -1.03141137  1.38475726 -0.42561611 -1.95077568  1.57512004
 -1.01801409  2.19882705  1.32462025 -0.7924983  -2.21882356 -1.27845719
  1.61128637 -1.15221827  0.34163731  1.59854087  1.32098603 -0.71586721
 -0.32306785 -1.01752192 -0.88014172]
[ 1.         -1.16342786  0.31871804  0.08683518 -0.34559398 -0.01346417
 -0.50895546  1.0912173  -0.78468354 -0.21815273 -0.98338526  1.47664874
  0.2633367  -0.72537648  0.02419662  0.25775286 -0.12168304  0.08276564
 -0.40682239 -0.89712095 -0.4600764 ]
[ 1.         -0.97651128  0.55824164  0.60099928  0.45830379 -0.53374421
 -0.44375558 -0.29749625  0.35149933  0.29162527 -0.196638   -0.95467327
 -1.15108506 -0.11534092 -1.37372459  0.51522523  0.6093167   0.59584466
  1.03824703  1.75755964  1.92361767]
[ 1.         -1.05240911  0.16897488 -1.52036824  1.46326572  0.07918139
 -0.97012679 -2.87764055  0.70908901  0.78171653  2.61934687 -0.24158912
  1.17046533 -0.45035389  0.5604175   0.97303153 -0.45981412 -0.1076218
 -1.01761235  0.0692345   1.26260808]
[ 1.          0.669065   -0.43908078  0.53323796 -0.21884195 -0.52978053
 -0.05427451  0.05517238 -0.56400577 -0.0879919   0.42113592 -0.01006979
 -0.02976404  0.05228323 -0.30119675  0.63895028  0.05657783  0.80518604
 -0.17143678  0.36593183 -0.06771957]
[ 1.         -0.23049477  0.94392368  0.25758056 -1.30207594 -0.73833106
 -1.3518042   1.66442637  0.54089202  0.49873518 -0.17662841  1.16502171
  0.53042585 -0.85091137 -0.29110322 -0.44392873  1.62315945 -0.68990941
 -0.26596127 -0.40415931 -0.53959588]
[ 1.          1.3549514   0.6163484   0.15292978 -0.07942873 -1.59418479
 -0.94897585 -0.26648525 -0.03774557 -1.87266091  0.20590365  0.227255
 -1.30120829  1.22072238 -0.76340745 -2.44045588 -2.02979152 -0.44093362
  0.67140844  1.07033505 -0.62543695]
[ 1.          0.14221136  0.73705865  0.15457711 -0.75011516 -0.18096721
 -1.31626427  1.29832708 -0.07925791  0.51326621  0.6837367   0.74751566
  2.47310681 -1.05333506 -0.52639876 -1.1092554   0.05533865 -0.80176584
 -0.51182394 -0.24267281 -0.34084665]
[ 1.         -1.00700216  0.92120235 -1.41180124  2.52380123  0.0746365
 -0.17758997 -0.92796803  1.22722221 -0.71080471  1.17525572 -0.91752739
 -0.08023697 -0.01972205 -1.62557317  1.14362549  0.30931456  1.02452029
  0.51329983 -0.19142316 -0.00276063]
[ 1.          0.32099989 -0.14540436 -1.2732359   0.93839113 -0.25758042
 -1.79497273 -1.14038764  1.57117159  0.38541519  0.96793921 -0.82203555
  0.11405581 -0.24155993 -0.25244309  3.7619386  -0.56911307 -1.44065888
 -0.37335028 -0.69235637  0.58726648]
[ 1.          1.29828324  0.24254551  0.55699604  0.97444977  0.32389972
  0.06434417  0.64044946  0.42019202  1.06412028  0.24594101 -0.74464065
 -1.25773252 -0.40929514 -0.61359747 -0.58569962 -0.70539795  0.42347529
 -0.68395489 -0.742511    0.98256719]
[ 1.         -0.64167708  1.19815705 -1.21824208 -0.86929217  2.03023884
  0.76639804  0.6534579  -1.13303681 -0.97607761 -1.10000461  0.14933869
 -0.46922251  1.43463165  1.85290147 -0.34949537 -0.86257151 -0.02719532
  0.63224174 -0.73182577  0.89057373]
[ 1.          1.09266831  0.31859294  0.33520699 -1.43100382  0.02615761
 -1.51845931 -0.16406753  0.09363098  0.21775072 -0.31785859  0.52810126
  0.74942086  0.52132886 -1.12792652  1.77655006  1.65372327 -1.8400796
  0.67067381 -1.48504106 -0.76584718]
[ 1.         -0.67176003  0.49487992 -0.16625719  0.93376844 -0.37196181
  0.38943539  0.22429307  1.08923546 -0.60532496  0.3945025   0.65332949
 -0.42799535  1.02335808  1.22864136  1.17991968 -0.07743778  1.44055479
 -0.28959853 -0.43281849  1.26079032]
[ 1.          1.07371613  0.16580585 -0.33345333  0.54518562 -0.35219897
  0.12188046  0.75483855 -0.24003289  0.38440174  0.28342598  0.37203876
 -0.68945459  0.35798782  0.46559399 -0.16286131 -0.55297977  0.35373855
 -0.89238197 -0.82270937 -0.06991983]
[ 1.          2.30813217 -0.28698546 -1.78134204 -1.850229   -1.13541933
  0.15635233 -1.35100717  0.25463986 -0.1728615  -0.818316    1.37324529
 -1.05930047  1.71957771 -2.208669    0.91386787 -1.16302693 -1.81035095
  0.47909553 -2.03015809 -0.84322562]
[  1.00000000e+00   7.13089945e-01  -1.28277365e+00  -2.97424140e-01
  -3.78664564e-01  -1.46846584e-01   1.17425672e+00   4.29456755e-01
   5.05796312e-01  -3.98677652e-01   1.48973767e+00  -1.86094889e-01
  -1.10011284e+00  -1.65263212e+00   1.94793579e+00  -4.43967548e-01
   8.38559873e-01   7.20134938e-04   2.43223686e-01   3.59840370e-01
  -5.98444784e-01]
[ 1.         -0.52155904  0.08976284  0.0277854   0.39263078 -1.30453546
  0.02631551  0.63036462  1.9500459   1.05262527 -0.03604405  0.3946719
 -0.31750827  0.33289308  0.71230716  0.40244277 -0.5153696   0.5676727
  0.77432811 -0.26396869 -1.5489737 ]
[ 1.         -2.02099547  1.20958885  0.16398124 -2.44294767  0.90119898
  2.53817473 -1.61093071 -1.19586621 -3.47296109 -1.11256562 -1.75768368
  0.47735626  2.25748239  2.17188906 -0.15140375  0.9165944   2.58582034
 -1.191415   -3.58464561  4.90132445]
[ 1.         -1.00645215 -0.3321958  -2.9953145   0.52570066 -0.11551445
 -2.22412    -3.7268367  -1.78063606  1.00426479 -1.16099607 -0.65331073
 -1.37557157 -1.71369656  0.65917797  1.10261212 -1.80696501 -1.92221564
  0.33873011  0.94956486  0.43084892]
[ 1.         -0.47583808 -0.92504533  0.58762097  1.06437125 -0.91527134
 -2.70652588  0.43191638 -0.74219553 -0.92677801 -2.23997618  0.08463041
 -0.09936978 -0.49752898 -0.08730692  0.27221228 -0.01631596 -0.12723224
 -1.7172144  -0.70299792  0.86048017]
[ 1.         -1.22297234  0.3965968   1.22303187 -0.69154267 -0.77435554
  0.09051504 -0.65579687 -1.33807706  0.41636488  1.47964516  2.08144651
  0.09296456  0.06693936  0.76894472  0.93929457 -0.85919773  0.6976642
 -0.31414024  0.28187137 -0.65018475]
[ 1.         -1.3268057  -0.51244405  0.26610858  1.58489798 -2.19108385
 -2.28736544 -1.64376316 -0.25832559 -1.09821415 -3.44916266 -1.66177147
 -1.68880958 -1.50910285  0.54080558 -1.11848243 -1.04136465 -0.77252254
  0.31820467  1.03747429  0.14441772]
[ 1.          1.00453257  0.38248142  0.88573581 -0.00956674  0.12741737
  0.20639267 -0.03721699 -0.76318399 -1.40536853  0.37463866 -1.14891104
  0.87078277  0.96791125 -0.2468906   0.19006994  0.41656566 -0.78387534
  0.5106496   2.33919158  1.05381325]
[ 1.         -0.43692426  0.4656999   1.70148072  0.16422145 -0.94079396
  0.47071935 -0.97855199 -1.77522492 -1.15309928  0.74210464 -0.32678345
 -1.98494186 -1.26863749  0.83608759 -0.81388406  0.24342359 -1.68040738
 -2.02013687  0.12226734 -1.57743925]
[ 1.          0.21094317  0.5502152  -1.61394115 -0.45114115 -0.1042743
 -1.60764339 -0.54324629 -2.71837616  2.77077767  0.08412854 -1.19624309
 -2.40593424 -0.65254015  0.3280078  -0.38416717  1.32136496  0.35950214
  1.63379801  0.05615112  0.61571921]
[ 1.          0.46043144  0.59300499 -0.80781896  1.22749826 -0.17672125
 -0.51873064 -0.24535941  1.1799761   0.04340413  1.84263222  0.45082247
  0.12436264 -0.05264204  2.16693999 -0.21007447  0.56854527 -1.45726312
 -0.8870683  -0.68191028  0.83022694]
[ 1.         -0.65043671  0.5412275   0.2711105  -0.80456783  0.36626344
 -0.5666695   1.35475294  1.62756373 -0.67350489 -1.228964   -0.07860051
  0.33154032 -0.30845872 -0.2248565   1.30686187  0.4594825  -0.25218113
 -0.30329002  1.14812099 -0.54642219]
[ 1.          0.07273877  0.23172224  0.73371183 -0.77429711  0.01241461
  0.83169559 -0.30616785  0.59228095  0.36287563 -0.10163055  0.21776283
 -0.25608543  1.14962085  0.29175585  0.65898075 -0.14487145 -1.21487549
 -1.00784754 -0.67592278 -0.96645818]
[ 1.         -1.00330023  0.21144766  1.10762966  1.01791638 -0.66509368
  0.06389655  1.14112993 -0.27919876 -0.74900609 -0.15504079  1.96631174
 -1.35183536 -0.30744035 -0.1785305  -0.1835473   0.44122859 -2.22830213
  0.14184576  0.94293433  1.92144613]
[ 1.         -0.59287081 -0.0791267   0.91175057  0.08590746  1.5958747
  0.48619386 -0.80628478  0.53908218  0.07485019  0.5172225   1.48526678
 -1.04198722 -0.1281052  -1.46497673 -0.76458864 -1.63612855  0.61461144
  0.05571689 -0.03018004  0.5331629 ]
[ 1.          1.05997697  0.56718202 -0.29673974  0.29809571 -0.26986513
 -1.08292368 -0.15479851  0.72588411 -1.15899786  0.71139408 -0.91894073
  0.3184016   1.10288319  0.18919057 -0.62576677  0.36425791 -0.15676184
  0.06910415  0.9740404   0.32077941]
[ 1.         -1.5954918   0.56510353  1.58064329 -0.31289571 -1.06693792
  1.98155292 -3.46459487 -2.71644001  3.31969424  1.92565612  1.02778006
  1.78158008  0.71508748  2.98579638  1.25736     0.1684393  -1.84047905
 -2.90911599 -0.08667039 -2.34496042]
[ 1.          0.29789013  0.47420649  0.28500393  0.38846901  0.17699591
 -0.15429295  1.75708406  0.97685315  0.85955468  0.54422244  1.08355932
 -1.53554913  0.50224996 -0.23172079  0.14659571  0.24531597 -0.44769111
 -1.06020244  1.11286217  1.88974044]
[ 1.          1.62549    -0.81487455 -1.32570226 -1.6228071  -0.2818067
  1.47812638 -1.04050974  0.28579691 -1.16847573  0.18797294  1.6324653
 -1.51582154 -0.53288674 -0.6780685  -0.51591801 -1.17686248  0.41726037
  0.42195939 -0.89699237 -0.00892341]
[ 1.          0.46577913  0.95412245 -1.88339475  0.41357993  1.17165317
  0.55396364  1.78101326 -0.66157405 -1.64975047  1.58590212 -0.83126282
 -1.00837132  0.02035269  0.43497637 -0.63589448 -0.80716983  0.72989256
  0.07755932 -0.2036205  -1.24680857]
