Cluster centers 

[-1.34722946  1.09548328  0.95804637  0.57446968]
[ 1.07634015  0.61658277  0.17349735 -0.31715508]
[-0.73844363 -0.5618177  -1.86697244 -0.28767421]
[-0.79325948 -1.04611723  0.83638742  0.20476043]
[-1.38824916  0.39856529  0.34487023  1.87477627]
[ 1.15604034 -0.36887041  0.52469672 -0.20645548]
[ 0.86428825  1.4149899  -2.113351    1.05087533]
[-0.79585055 -0.38446392  0.17154389 -1.35418667]
[-0.33719142 -1.66773329 -0.12902108 -0.84582852]
[ 0.93447136 -0.50705757  1.2039663   1.09400043]
[ 0.7866387   1.83571991 -1.23023927  0.26071693]
[-1.01453927  0.99358451 -1.17951351 -1.01439464]
[ 0.89731116  0.23054878  1.35272942  0.99065644]
[ 0.86020617 -2.0545686  -0.35115868  0.02210582]
[ 1.15332318 -0.42913912 -0.39609663  0.06582022]
[ 0.90173853  1.19307851  1.30791908 -0.44405145]
[-1.52006769  0.59327123 -0.11646872  2.78801045]
[-1.1074031  -0.07729812  0.93851163  0.21760542]
[-0.79840813 -0.29489019 -0.82107028 -1.0255274 ]
[ 0.40644293 -1.02161909 -0.02660398  3.89011747]
[ 0.8073587   1.79989995  0.09558137 -0.55830641]
[-1.06555014  1.20035789  1.16821227 -1.45580358]
[ 1.04226491  0.56617564 -1.42047246  0.60210794]
[ 0.80423239 -1.8655459  -1.37373755  0.47919132]
[-0.76561946 -0.57988344 -3.87603264  1.50696413]
[-1.40069907  0.77660499  0.61141459  1.35258415]
[ 0.99880165 -0.07192446  1.32431821  0.49444116]
[ 0.69020734  2.03318393  0.92731972 -0.86684699]
[-0.64894961 -0.87186426 -0.28811627 -1.10740615]
[ 0.68080251 -1.19309847  0.7294567   2.26637825]
[ 1.10673834 -1.1496702  -0.62197584  0.20301921]
[-0.57786835 -1.29199539  0.61669154 -0.84831721]
[ 1.03950595 -0.66462882  1.18463096  0.4168578 ]
[-1.58696903  1.36290798  0.20245973  2.27823306]
[-1.07058462  0.18396822  1.10238782 -0.59060773]
[-0.33563705 -1.81799466  0.15402969  2.55089565]
[ 1.05328163  0.6975343  -0.70836453  0.10902438]
[-1.22127863 -0.4449517  -0.11163807  2.77107204]
[ 0.99415946  1.03841569  0.60963501 -0.52660621]
[ 1.10528098  0.02344557  0.99905442 -0.20208818]
[-0.8765921  -0.08339677 -2.09304662 -0.21371389]
[-0.92681775  0.34917505 -0.87710231 -1.11959905]
[ 0.90698698 -1.51647943  1.00042612  0.74317424]
[-0.5128844  -1.16750382 -2.30708996  0.22700463]
[ 0.97164587  1.19210566 -0.18391197 -0.27442272]
[-0.90035718  0.22444992 -0.2673887  -1.39060691]
[-1.27530485  0.23576634  0.67167564  1.10833174]
[-1.20134861  0.81410549  1.18035151 -0.35472804]
[-0.97066861  0.19526978 -2.75063172  0.28591222]
[ 0.74375396  1.25385979  1.52402156  0.60432717]
[ 0.69826569  2.07502963 -1.92757615  0.781766  ]
[-1.09569767 -0.49866717  0.53751962  1.34635785]
[-0.65549669 -0.80620933 -1.1460448  -0.71332635]
[-0.86026567 -0.0870411  -1.55670092 -0.61326133]
[ 1.11955522  0.27393495 -0.1775117  -0.11358326]
[-1.09126487 -0.30909878  0.79216234  0.65654213]
[ 0.94404645  1.19642366 -1.37275825  0.48852333]
[ 0.95427256 -1.75816392  0.75749272  0.17934626]
[-0.97574382  0.8258195   0.28914414 -1.64828772]
[-0.83287015 -0.2960393   0.47123372 -1.38479668]
[-0.91680916 -0.23327652  0.92504549 -1.03119301]
[ 1.13397584 -1.0785574   0.11017634 -0.05378408]
[-0.89765037 -0.55198467  0.95908683 -0.49915408]
[-1.02367466  0.31070502  1.06440377 -1.1015806 ]
[-0.72850408 -0.69737998  0.32474855 -1.25327149]
[ 0.72633031 -0.22597619  0.7947061   2.52465852]
[ 1.09888894  0.3692023   0.66400551 -0.35861642]
[ 0.1214638  -2.06557371  0.69126047  1.20269553]
[ 0.23936155 -2.38607335  0.34743486 -0.27026882]
[-1.60818665  0.59299668 -0.85948374  4.07586148]
[-1.21332753  0.51642582  1.04206768  0.07523266]
[-0.89964639  0.09870861  0.39101112 -1.48986046]
[-0.53879854 -1.11957742 -1.50510616 -0.39128801]
[-0.79101375 -0.3535363  -1.38837261 -0.67369813]
[-1.02314779  0.80359976 -1.79977411 -0.55893104]
[-0.54496652 -1.16118794 -0.44180437 -0.96325814]
[ 0.37122804 -2.31768142 -0.72302677 -0.14337386]
[ 0.73415987  2.03472015 -0.68980977 -0.16771331]
[ 1.1593389  -0.27215982  0.08578196 -0.13966275]
[ 1.12516815  0.09548344 -0.61375545  0.12888104]
[ 0.95785824 -0.78737427  1.17500699  0.91191115]
[ 1.0956415  -1.06815936  0.84987832  0.05167794]
[-1.60727506  0.79850757 -0.38229354  3.26531839]
[-1.42780886  2.38666012  0.92534287  1.10647663]
[-0.36321686 -1.77215298  0.58266454 -0.59553284]
[  9.70112543e-01   6.19283615e-01   1.39413496e+00   1.26516015e-03]
[-1.16253707  2.25505358  1.47382516 -0.56484241]
[-0.69075536 -0.72610603 -2.21017268  0.01636659]
[-0.81641962 -0.23154022 -0.24274415 -1.30187341]
[ 0.91858824  1.3938632  -0.77060174  0.03020828]
[-1.07927161  0.01213654  1.03948236 -0.22018739]
[ 1.1301131  -0.48815484 -0.95834077  0.37170817]
[ 1.0229488   0.59329135 -1.74315846  0.84326533]
[ 0.63017319  1.93075247  1.64117947 -0.38040825]
[-0.94454642  0.36340798 -1.41881002 -0.78068212]
[ 1.10648109  0.13462549 -0.99925507  0.35501751]
[-0.99338746  1.05524042 -0.43093096 -1.45049454]
[-1.5357461   0.81751358  0.04097035  2.51393034]
[-0.28986308 -1.58756599 -2.15988779  0.26536822]
[ 1.10920144 -0.54290223  1.01977043  0.01247328]

Populations

0.0137095509719
0.0112876889485
0.00675819712673
0.00887132801905
0.00971820738636
0.0202937314995
0.00436356660748
0.00981929120014
0.00963028706707
0.00405105056311
0.0124857043853
0.00638486634244
0.00552031618087
0.0103080219681
0.0126946441201
0.00977439301812
0.00406000104969
0.0151058591389
0.0151257471736
0.0026345379011
0.0144827882322
0.0054670784309
0.00729189834457
0.0114638087371
0.00416027213131
0.0166198966076
0.0141361007391
0.00682233489898
0.01557439936
0.00987936871411
0.0145150219267
0.010908658544
0.00665597210071
0.00488718902465
0.00943503947521
0.00407727000461
0.0288438511304
0.00542072295825
0.0223019420154
0.0208216140202
0.010619056094
0.0139818106482
0.00939339534558
0.00544623376956
0.0232214393703
0.011098900276
0.0145483225709
0.00984253875023
0.00249577468513
0.00573297043063
0.0105845497501
0.0205182595714
0.012171945085
0.00727787052627
0.0273041443668
0.0112605787756
0.00841735453008
0.00926620336015
0.00482602107614
0.00494327075992
0.00481377379249
0.0165830624517
0.0191034097038
0.0185004084519
0.0165337266287
0.00427151233908
0.0228949510445
0.00565414505837
0.00704047347642
0.00237732985903
0.0109749187616
0.0141611753237
0.0102443061127
0.0115788810821
0.0055495063254
0.00415751386916
0.00576461728227
0.00464033921737
0.0153317184951
0.00719278427886
0.00569644988243
0.00870145434031
0.00127869449589
0.00257775295893
0.00339679909447
0.00606750619995
0.00136219773
0.00698581243314
0.0177290755528
0.0148181049942
0.00900651813482
0.0110760261565
0.00147039092852
0.00440903823555
0.00712714448814
0.011059256151
0.00376151765453
0.0068774967697
0.00418785500405
0.0157294974345

State labels

0
1
2
3
4
5
6
7
8
9
10
11
12
13
14
15
16
17
18
19
20
21
22
23
24
25
26
27
28
29
30
31
32
33
34
35
36
37
38
39
40
41
42
43
44
45
46
47
48
49
50
51
52
53
54
55
56
57
58
59
60
61
62
63
64
65
66
67
68
69
70
71
72
73
74
75
76
77
78
79
80
81
82
83
84
85
86
87
88
89
90
91
92
93
94
95
96
97
98
99

Eigen values

1.0
0.491856441346
0.477987604042
0.451410519111
0.409196235165
0.393556591167
0.38974633145
0.379479549876
0.36810328072
0.362718611788
0.35004885226
0.339044434747
0.32637413542
0.322250913433
0.305289237533
0.293410808244
0.285609947001
0.28108104435
0.26587174911
0.264979716481
0.255380541831

Left eigenvectors

[  1.37095510e-02   1.62452352e-02   1.14868856e-02   7.58215203e-03
   3.76240767e-04  -5.63290037e-03  -7.68276132e-04  -9.52671600e-05
   6.78745337e-03  -1.58794108e-02  -1.11599357e-02   9.25387280e-03
  -2.69267752e-02   4.05808579e-03   2.06545140e-03  -1.68043536e-02
  -1.15522631e-02  -2.96232461e-03  -2.88383684e-03  -3.78069531e-03
   3.43715200e-04]
[ 0.01128769 -0.00666752 -0.00713209 -0.01112543 -0.01137478 -0.00906706
  0.0154932  -0.00765967  0.00129858 -0.01853919  0.00733924 -0.0125386
 -0.01058971  0.0028136  -0.00189253  0.00287547 -0.00737462  0.0001252
  0.00295541  0.01198838 -0.00377604]
[ 0.0067582   0.01376716 -0.00074936  0.00938314  0.01081757 -0.0119977
 -0.00733188  0.00188273 -0.01073141 -0.00018772  0.00735962 -0.00516509
  0.00327615  0.00625529 -0.0058506   0.00891753  0.00379455 -0.01036718
  0.0089326  -0.00993406 -0.01524629]
[ 0.00887133  0.00512784 -0.00099476 -0.00310293 -0.00619901  0.01014697
  0.0135739  -0.012087   -0.01914762  0.01293433 -0.01313227  0.00566881
  0.01414702 -0.01046771  0.01001378  0.00213319  0.00319784  0.00489686
  0.0114555   0.00167767 -0.01222516]
[ 0.00971821  0.00365206  0.01010434 -0.02134426 -0.01189712 -0.0021148
  0.00361413 -0.00089925 -0.01224456 -0.01644627 -0.01141224  0.00352801
 -0.00365852 -0.01098253  0.00329843 -0.00502867  0.00473247 -0.01915211
  0.01442547  0.00910019  0.00264137]
[ 0.02029373 -0.02559232 -0.02421823 -0.02560223 -0.01427102 -0.03222952
 -0.02154147  0.00082845  0.00995599 -0.01119394 -0.01342434  0.00142605
 -0.00512438 -0.00303155  0.03893855  0.02187976 -0.00785859  0.00017595
  0.01471972  0.01115142  0.00732024]
[ 0.00436357 -0.00861603 -0.00256725 -0.0096484  -0.00435376 -0.00978567
 -0.00811987 -0.00425611  0.00399964 -0.00773345 -0.00910409  0.0041597
  0.00320176 -0.00308942  0.01469296  0.00384334 -0.00406767 -0.00577621
  0.01255369 -0.00088506  0.0002624 ]
[ 0.00981929 -0.0059193  -0.00213289  0.00074057  0.0086953   0.0143252
 -0.00469378  0.01623844  0.01291749 -0.008004    0.00479043  0.00466992
  0.0076561   0.00579801  0.01635832 -0.00158702 -0.00274839 -0.01856655
  0.00099702  0.01425674 -0.00780385]
[ 0.00963029  0.00108384  0.01489333  0.00078964  0.00193669  0.0042342
  0.01058551  0.00663151 -0.00017684 -0.01994814 -0.00406508  0.01102308
  0.00771897  0.00291701  0.01145203 -0.00836299  0.00257538  0.00500584
  0.01166334  0.01528912 -0.00526501]
[ 0.00405105 -0.00239286 -0.00690912 -0.00166918  0.01035394  0.00344454
  0.00560176 -0.01321484  0.00168925  0.00133332  0.0094636   0.00452793
 -0.00069426 -0.00393672 -0.0021327  -0.00678531  0.00057226  0.00030437
  0.00265108  0.00235363  0.00174053]
[ 0.0124857  -0.00237056 -0.02307579  0.00993666  0.0065472  -0.01660216
  0.01410188  0.01078179 -0.01812178 -0.00175147  0.00075156  0.01728894
 -0.00047991 -0.00542282  0.00127505  0.00110797 -0.00853274 -0.00808811
 -0.00138437  0.00854519 -0.01278565]
[ 0.00638487  0.00209532 -0.00038171 -0.01538928  0.00335439  0.01001323
  0.0011585   0.0079969  -0.00515015  0.00736599 -0.00681785 -0.00509877
  0.00447028  0.00452218 -0.00373787 -0.00858153  0.00893268 -0.00449224
  0.00500409 -0.0099525  -0.00116953]
[ 0.00552032 -0.00394435 -0.007759   -0.0045723   0.0062465  -0.00495262
 -0.00479685 -0.01168163  0.01421302 -0.01029105 -0.01302404  0.00420203
 -0.0023793   0.00115467  0.00461309  0.00664756  0.01989769  0.00702061
 -0.00783131 -0.01658634 -0.01171382]
[ 0.01030802 -0.00896409 -0.00373854  0.01317494  0.01682478 -0.01351146
  0.01973058  0.01551899 -0.02020973 -0.01197592  0.00194541  0.0189697
 -0.00757193 -0.00823107  0.00564944 -0.00561803  0.00518809  0.00627689
  0.00465066 -0.00154459  0.00477662]
[ 0.01269464  0.00244082 -0.01933351  0.0020022   0.02827104  0.00202608
  0.00291382 -0.01268285 -0.00474766 -0.00541419  0.00417865  0.00010591
 -0.01036502 -0.00660178 -0.00215656  0.0065586   0.01988382 -0.0027097
 -0.01144507 -0.01501432 -0.00076812]
[ 0.00977439 -0.00399893  0.00158365 -0.00559835 -0.00507369  0.00455655
 -0.00576783  0.00267627 -0.01287419 -0.00324041 -0.00287155 -0.00415183
 -0.00824733  0.00956649 -0.00183712 -0.00987062 -0.01419588  0.00168007
 -0.01089341 -0.01747263 -0.00296377]
[ 0.00406     0.00358412 -0.00584986 -0.00130687 -0.00375903  0.00393708
  0.00098896  0.00017308  0.00257414  0.00915217 -0.01134233  0.00314283
  0.0088496  -0.01025111 -0.00818953  0.00327361 -0.00371498  0.00818752
  0.00897145 -0.00555865 -0.01266308]
[ 0.01510586  0.00484111  0.00936612 -0.01317135  0.01388911  0.01571318
  0.01104211  0.0280409   0.01118354 -0.00074537 -0.00170373 -0.00061093
  0.02288841  0.00204411 -0.00769457  0.02096264 -0.01256872 -0.01599799
  0.00167217 -0.00643313 -0.00099674]
[ 0.01512575  0.0315239   0.00233397 -0.00371955  0.01375654 -0.01473525
 -0.0250492  -0.01271272 -0.00621835 -0.00232535  0.00292563 -0.01199994
 -0.00891068  0.00911912 -0.00799965 -0.00015404  0.00344645  0.01380191
  0.00989255  0.02059857  0.01565153]
[  2.63453790e-03   2.36903076e-03  -4.78838796e-05  -4.03985941e-03
  -4.57432661e-03   4.92720550e-03   7.50835189e-03  -6.75489435e-03
  -4.12251786e-03   4.74758713e-03   3.51863748e-03   4.76266043e-03
   2.93809520e-03   2.03107327e-03   4.90169283e-03  -2.08542412e-04
   3.50171022e-03   5.61539448e-03   7.87124178e-03   1.72507671e-03
  -2.84861809e-03]
[ 0.01448279 -0.00193812 -0.00964131  0.01042831  0.01620446  0.00774287
  0.02114041 -0.00138148  0.00322999  0.00278969 -0.00044131 -0.01076705
 -0.01546864 -0.01474394  0.00421119  0.01053917  0.00919265 -0.01078451
 -0.00173662 -0.0095031   0.02180577]
[ 0.00546708  0.01672669  0.00482354  0.00231074  0.01497456 -0.01011538
 -0.01293567 -0.00406557 -0.00379918  0.00298156  0.00419416 -0.00769761
  0.00417022  0.00409192 -0.00113754  0.00616137 -0.00118329  0.00659955
  0.00790805  0.00876201  0.00273687]
[ 0.0072919  -0.00893028 -0.00054431  0.01763    -0.00597909 -0.00885052
 -0.00165369  0.00305912 -0.00720026  0.00186477  0.01274355 -0.00445579
  0.00384766  0.00202324 -0.00442317  0.00719839  0.01503555 -0.00826838
  0.01118122 -0.00710734  0.0047748 ]
[ 0.01146381 -0.01392246 -0.00176681  0.00186958  0.01429225  0.01713715
 -0.01008071  0.00803336  0.00601952  0.01687897 -0.00755594 -0.00622831
 -0.00658729  0.01307922 -0.00969156 -0.02850639  0.00560863  0.01491094
  0.00983223  0.0139149   0.00928218]
[ 0.00416027 -0.00457277  0.00251691  0.00118241  0.00115758  0.00194375
 -0.00962698 -0.00292751 -0.00333983  0.00510728  0.00290151  0.00238227
 -0.00140341 -0.00012796  0.00505476 -0.01040257 -0.00570122 -0.01513856
 -0.00332625 -0.00540952  0.00033959]
[ 0.0166199   0.00673079  0.01182657 -0.01507105  0.01939257 -0.02934717
 -0.01610329  0.00048511  0.00281073  0.02556711  0.00266123 -0.00284707
  0.01463114 -0.01336599  0.00749858  0.00768504 -0.00438998  0.01709089
 -0.01659141  0.01209571  0.02356991]
[ 0.0141361  -0.00317538  0.0086219   0.00069266 -0.00309848  0.01413279
 -0.01922708 -0.01173808 -0.02482424 -0.00207583 -0.00027368 -0.0028815
  0.01148757 -0.01051579  0.00194424 -0.00831735 -0.0191389  -0.00285296
 -0.04567362 -0.00942871  0.00677796]
[ 0.00682233 -0.00571777  0.00045795 -0.00824327 -0.00838834 -0.00068174
  0.00255748 -0.0063759  -0.00286783  0.00494941  0.01562809  0.00596767
  0.01089974  0.01495319 -0.00229834 -0.00120015  0.00436824 -0.00316754
  0.00176818 -0.00872344  0.00249907]
[ 0.0155744  -0.003823    0.00203671 -0.00171861  0.0129136   0.00249901
  0.01190268  0.01369152  0.01427654 -0.0039454  -0.02001104  0.01283245
  0.00102814  0.02700343 -0.01058545  0.00508463 -0.02889194 -0.00553259
 -0.00061507 -0.00435812  0.0136219 ]
[ 0.00987937  0.00152312  0.01258234 -0.00086081 -0.00274533  0.00450736
  0.00261833  0.01166614  0.0117234   0.00361524  0.00606698 -0.00287607
 -0.00250644 -0.02420346 -0.01093478  0.02327518 -0.00028839 -0.00350046
 -0.00338547 -0.00396839  0.00021988]
[ 0.01451502 -0.01149803  0.00394663  0.02172004 -0.02120803 -0.01724536
  0.00330326 -0.00533141  0.00299379 -0.01297741 -0.00713263 -0.01883873
 -0.00108362 -0.00142094 -0.00737662 -0.00905031  0.01082845  0.00152413
  0.01451916 -0.01530331  0.01999309]
[ 0.01090866  0.0087788   0.01135579 -0.02197867 -0.00919309  0.00409813
  0.00102362 -0.00444455 -0.01643724  0.01534079  0.00289094  0.00636619
 -0.007711    0.01653873  0.00553695 -0.00096069 -0.00149642 -0.00272354
  0.00407928 -0.02780152  0.00639099]
[ 0.00665597 -0.00363646 -0.00474615 -0.00235545  0.00508515  0.00505464
 -0.00277143 -0.01254167  0.00630632 -0.01507566  0.00912126 -0.00227012
 -0.00382651 -0.00533675 -0.00143896 -0.00130722 -0.01505629  0.00067744
 -0.00468243  0.0019467  -0.01130885]
[ 0.00488719  0.01006953  0.00475447 -0.00781842 -0.00780958 -0.00981765
 -0.0021089   0.00890809  0.00965808  0.00985377  0.0015907   0.00461901
 -0.01046456 -0.02081581 -0.00111971 -0.01331383  0.00094715 -0.00385511
 -0.00416666 -0.00461548 -0.0021535 ]
[ 0.00943504  0.01284439  0.00285671  0.00784883 -0.01196485  0.00929173
 -0.00976868 -0.01278306 -0.0019362  -0.01067661  0.00160837  0.00510876
 -0.00573872 -0.00713957 -0.00273066  0.0078465  -0.00793428 -0.00515999
  0.00931263  0.0024485   0.0267328 ]
[ 0.00407727  0.00339875  0.0024822  -0.00086804 -0.00501189  0.00428689
  0.00787358  0.00528394  0.00259098 -0.00139326  0.00079391  0.00097939
  0.00215321  0.00713071  0.01204668 -0.00042259 -0.00491428  0.00593015
 -0.00028616  0.00016327  0.00481232]
[ 0.02884385 -0.01769635 -0.01319971  0.00594632 -0.00331379  0.05060771
 -0.03571368  0.02845886  0.00878554 -0.00185614  0.02016809 -0.012776
 -0.04567023 -0.01963457  0.00704704  0.02849806 -0.0015725  -0.00624126
  0.00459773  0.0082462  -0.00157524]
[  5.42072296e-03   6.67369255e-03   8.30950609e-03   3.13435144e-03
   1.12131975e-02  -3.67392394e-03   1.06553579e-03  -2.58676920e-03
   7.13568504e-03   6.19484374e-03  -3.55453127e-03   1.45109217e-03
  -7.33925943e-04   8.19524929e-04   4.18066252e-05   7.82227854e-03
  -9.29178843e-03  -3.33000447e-03   1.63441685e-03   5.93641296e-03
   6.99971516e-03]
[ 0.02230194 -0.00570804 -0.01289356  0.00859495  0.03889823  0.01237449
  0.02574747 -0.02185585  0.00622504  0.01231801 -0.00141314  0.00799738
 -0.01047012 -0.01431432  0.00581469 -0.02176235 -0.01113144 -0.00804323
  0.01213795 -0.00535542  0.02847114]
[ 0.02082161 -0.0232572   0.01438061  0.01021241 -0.01663084 -0.02211457
  0.00772053  0.00199934  0.01521905  0.02076846 -0.01541919 -0.0130274
  0.0201998  -0.00253792 -0.01597223 -0.01161021  0.0057186   0.0250043
 -0.00071938  0.01114382  0.00876062]
[  1.06190561e-02   1.94437527e-02   5.61519726e-03  -6.39479028e-03
   1.64271385e-02  -7.45414213e-03  -1.73877878e-02  -4.40211865e-04
  -3.88212655e-03   5.87754754e-03   7.24604814e-03  -5.65273827e-03
  -2.85206774e-03   8.05568637e-03  -8.22941530e-05  -1.08455178e-02
   1.30664630e-02   1.05449287e-02   1.10139048e-02   2.62942950e-03
  -5.18989281e-03]
[ 0.01398181  0.01438891  0.01306754  0.01123339  0.00541728  0.00488972
 -0.01851269 -0.01149939 -0.00880736 -0.01975195  0.00453966 -0.01022639
  0.0201979  -0.01089394 -0.00415939  0.0046741  -0.01075177  0.0115991
  0.00884608 -0.00310983 -0.00757769]
[ 0.0093934  -0.004715   -0.01338412 -0.00451419 -0.00437327 -0.0006285
  0.01142308 -0.0018726  -0.0146706   0.00844033 -0.02715289 -0.01436624
 -0.01124803  0.00292313 -0.00893142  0.00406712 -0.00677281 -0.01227525
  0.00444038  0.01894049 -0.00294577]
[  5.44623377e-03   3.51200143e-03   1.63770300e-03  -1.33425811e-02
  -4.43329915e-03  -3.33537206e-03  -8.80405405e-05  -1.59507165e-03
  -6.51325002e-03  -8.48784248e-03   7.34208711e-03  -4.32753043e-03
   1.03479845e-04  -2.33775769e-03  -9.86768659e-03  -2.78508494e-03
   6.97102517e-03  -7.54146551e-03  -1.34925476e-02   8.13603633e-03
   1.89566076e-03]
[ 0.02322144 -0.04235375  0.00536857  0.00548866 -0.00949849 -0.01212872
 -0.03526846  0.00045801 -0.00614939  0.0153901   0.00522358  0.01166981
  0.03093187  0.02233024  0.01726183 -0.0238144  -0.00852317 -0.0287325
  0.00611112 -0.01632179  0.00092626]
[ 0.0110989   0.00608137 -0.01361008  0.01367769 -0.00968143  0.00960233
 -0.01105456  0.00264014  0.01355794 -0.00608724 -0.00025097 -0.00137669
  0.0175446   0.00960127  0.01242697  0.00032437  0.01302596 -0.01273369
 -0.00986328 -0.00029089  0.0052675 ]
[ 0.01454832 -0.00185061  0.01384035 -0.00586532  0.01042864 -0.01160313
 -0.005924    0.02228871  0.00181896  0.01278458  0.01018727  0.00716955
  0.00722231 -0.00129908 -0.00117702  0.0232911   0.00461936 -0.00288388
  0.0055056  -0.01108252 -0.02120893]
[ 0.00984254  0.01345002  0.00329846  0.01324102 -0.00842846  0.00696549
  0.01466005 -0.00071629  0.00359804 -0.00074284 -0.00273233 -0.01098733
  0.01060641  0.00850804  0.02705594  0.00370453  0.00403773  0.0068204
 -0.02077544  0.00611075  0.00668129]
[ 0.00249577  0.00535485 -0.00747013  0.00468486  0.00186831 -0.00591357
 -0.00237366  0.00301631 -0.00687434  0.00091644 -0.00319375  0.00405222
  0.00104233  0.00485291 -0.00762565  0.0065713  -0.00336068 -0.00550219
  0.00317123 -0.00356382 -0.00728555]
[ 0.00573297 -0.00380938 -0.0078034  -0.01015535 -0.00551651 -0.00789372
 -0.0036294  -0.00630039 -0.00834453  0.00209251 -0.00435916 -0.00415645
 -0.0117873   0.00811854  0.00617467  0.00942939 -0.00767607  0.00286046
 -0.00042326  0.00751606  0.00478233]
[ 0.01058455 -0.00863487 -0.00178455 -0.00516551  0.01148213 -0.00412536
 -0.00288699 -0.02092305  0.02415055 -0.01211884 -0.01519929  0.00689377
  0.00852005 -0.00774933  0.00074191  0.00640432 -0.0070717   0.01427917
  0.00679623 -0.01820344 -0.01098577]
[ 0.02051826  0.02776098 -0.01096192  0.01552351  0.00819826  0.0140418
  0.01550003  0.00963634 -0.00259113  0.00236695  0.00345422 -0.00609817
  0.01525216  0.01023809  0.02584905  0.00245275  0.00057382  0.00345546
 -0.01039801  0.00584878 -0.01011647]
[ 0.01217195  0.00217407  0.00702242 -0.01255866 -0.02056198  0.00942965
  0.01247547 -0.01584835 -0.00557696  0.02055252  0.01504182  0.01366958
 -0.01968837  0.01773783  0.01152479  0.01061684 -0.00881358  0.01565808
  0.01114884 -0.01288058  0.0076593 ]
[ 0.00727787 -0.00481995  0.01424265  0.00903963 -0.00650014  0.00862829
 -0.00990126 -0.00874193 -0.02492067 -0.00848765 -0.01067158  0.00723076
  0.01193877 -0.0156886   0.00117734 -0.00499197 -0.00393493  0.00335704
 -0.01075613  0.00154414 -0.00622564]
[ 0.02730414 -0.00565134 -0.03094899 -0.01316069  0.0023925   0.00450868
 -0.00576593 -0.01022203 -0.02665991  0.01318132 -0.03070902 -0.02220155
 -0.01379809  0.00644345 -0.00427497  0.02189727  0.01685576 -0.00433331
 -0.02061439 -0.01820019  0.00557608]
[ 0.01126058 -0.00610981  0.017046   -0.01261628  0.0001629   0.00693185
  0.00535163  0.0106816   0.00957246 -0.016884   -0.01046594  0.0149929
 -0.00471161  0.01010136 -0.02559706  0.01480554  0.00727231  0.01097643
 -0.00704645  0.00200113  0.00170538]
[ 0.00841735 -0.01053792  0.00735627  0.01060815 -0.0129972  -0.00975808
  0.00143012 -0.00558667  0.00404535 -0.00095512  0.00687522 -0.01106993
  0.01645538  0.00686247 -0.01300473 -0.0021371   0.00243665  0.00216461
  0.0112058  -0.01415337  0.00919123]
[ 0.0092662  -0.01141142 -0.00835569  0.00165431 -0.00482664  0.0048198
 -0.00413794  0.00264552 -0.00386109  0.01372605 -0.01042319 -0.01811421
 -0.00253913  0.0003447  -0.01566758 -0.00854761 -0.00265283  0.01372998
 -0.00612386  0.01350108 -0.00323301]
[ 0.00482602  0.00737523 -0.00547264 -0.0028514  -0.01554311 -0.0080603
 -0.00097654  0.0066716   0.01038811  0.01200404 -0.00122344  0.01098977
 -0.00711441 -0.01453456  0.00064646 -0.01230254 -0.0013833   0.00811518
 -0.00187851 -0.00322401 -0.00315958]
[ 0.00494327  0.00115256 -0.00377771 -0.00373911  0.00475669  0.00937876
 -0.00456016  0.00382385 -0.00027695 -0.00035853 -0.00683473 -0.00179462
  0.00743343 -0.0049642  -0.00180694  0.00273475  0.00684354 -0.00203025
 -0.00955235 -0.00566791  0.00623863]
[ 0.00481377  0.00179534 -0.0064478  -0.0050563   0.00217657  0.00787216
  0.00961799  0.0007091  -0.00882458  0.01038519 -0.01760385 -0.00599078
  0.00397239 -0.00171134 -0.00297936  0.00305553 -0.00175071 -0.00616517
  0.00747362  0.0018063  -0.00639396]
[ 0.01658306  0.00287795 -0.00217555  0.00648465  0.01274614 -0.01166966
  0.01600045  0.00961705 -0.00266206 -0.01014393  0.0059675  -0.00790489
 -0.00334073 -0.00345468 -0.00383761 -0.02623849 -0.01743661  0.00250883
 -0.01101785 -0.00682263 -0.00458957]
[ 0.01910341  0.00942512  0.01424508 -0.00513836 -0.00603854 -0.00426676
  0.03249558 -0.00122703  0.00053014 -0.01797637  0.01155218 -0.00208364
  0.00591939  0.02329781  0.00806274 -0.01041203  0.01443995  0.00463335
 -0.00358393  0.02479161 -0.00415592]
[ 0.01850041 -0.00291289  0.03482197  0.02490126 -0.00132594 -0.00432772
  0.01293813 -0.02775637  0.02645909  0.03199747 -0.0059801   0.00884577
 -0.02210615 -0.00220858  0.00016183  0.00952104  0.00731553 -0.02688899
 -0.01137778  0.01801436 -0.03071206]
[ 0.01653373  0.00997857  0.00585959 -0.03136476 -0.00440415  0.00691263
  0.00787611  0.02289578  0.00878012 -0.00152232  0.00733529 -0.0119198
  0.01493823 -0.02546986  0.00748301 -0.00281595  0.00607788 -0.01900626
  0.00041599 -0.00335162  0.02168712]
[ 0.00427151 -0.00555002 -0.00258902  0.01166508  0.00494324 -0.00546484
  0.01026998  0.00106901 -0.00504032 -0.00260417  0.00289127 -0.00109344
 -0.00512365 -0.0063345   0.00018155 -0.00137835  0.00995075 -0.00442703
  0.0105102  -0.00981735  0.01785538]
[ 0.02289495 -0.0028645  -0.01511125  0.00155578 -0.01026451  0.0027432
  0.00705181  0.00876586  0.01971059 -0.02151925  0.01875119 -0.04060731
  0.00590639 -0.01900436 -0.01489513 -0.01090822 -0.03287987  0.0201841
  0.01654606 -0.01716543 -0.02149084]
[ 0.00565415 -0.00394614 -0.002082    0.00505705 -0.00274743  0.01398427
 -0.00642285  0.0118199  -0.00307565  0.0079828   0.01080739  0.00178204
 -0.01612058  0.00443345  0.00787777  0.00388273  0.00078242  0.01536618
  0.00662459 -0.00190853 -0.00272143]
[ 0.00704047 -0.00558597  0.00225375 -0.00419211  0.01086741  0.01047599
 -0.01180061  0.00676546  0.00140964 -0.00401638 -0.01185511  0.00422987
 -0.00594228  0.0027514  -0.00484074 -0.00827264  0.01318086  0.01425159
  0.0049306   0.01122749  0.01162536]
[ 0.00237733  0.00821313 -0.00884126  0.00575013 -0.00864989  0.00200629
 -0.00538191  0.00029568  0.00357557 -0.00180141 -0.00080565  0.01449424
  0.00608909  0.00098864 -0.00753633  0.00125893 -0.00061207 -0.00412159
  0.00015906  0.004819    0.01093148]
[ 0.01097492  0.01943298  0.00054465  0.00457698 -0.00965495 -0.0014123
 -0.00068902  0.00234995 -0.00372232 -0.00889022  0.00296364 -0.01761559
  0.00375325  0.01271288  0.00597568 -0.00101176  0.00766171 -0.00227189
 -0.00344042 -0.008853    0.00634457]
[ 0.01416118  0.00743868 -0.01816687 -0.01585439 -0.00176853  0.01811977
  0.00247954 -0.01677807  0.0035616   0.00618238  0.02083432  0.01143424
  0.01741339 -0.00811725 -0.00320531 -0.00942342  0.01617928  0.00436863
  0.01681748  0.0037261  -0.00242485]
[ 0.01024431 -0.00680316  0.02183743  0.00934279 -0.00277276  0.0059429
 -0.00597711  0.00239236 -0.02499833 -0.02389965 -0.0154631   0.01892677
 -0.00478998 -0.01322006 -0.00217665 -0.00958594  0.00500016  0.01185047
  0.0006825   0.00346539 -0.00489657]
[ 0.01157888 -0.00169693  0.0139423  -0.00813823 -0.01019596 -0.00106275
  0.01432458  0.00358708  0.0062026  -0.01132689  0.00672489 -0.00568037
 -0.00146654  0.020739   -0.02321341  0.01062585 -0.00225103 -0.00241766
 -0.00393698  0.00271432 -0.00635416]
[ 0.00554951  0.00668481  0.00126667  0.00544134 -0.00127554  0.00172187
  0.00276038 -0.00411544 -0.00334849  0.00741555 -0.00368063 -0.00572652
  0.00788717 -0.0013479   0.01311111  0.00515856  0.00051796  0.00751694
 -0.00848571  0.00329044 -0.00771374]
[ 0.00415751 -0.00074333 -0.00184243 -0.00018425  0.01033936 -0.00363347
  0.0054905   0.00257263  0.00016578  0.0037848   0.00149088  0.00357991
  0.00536117 -0.00235667 -0.00087706 -0.00303739 -0.01055479 -0.00310886
 -0.00567547 -0.00146231  0.00469709]
[ 0.00576462 -0.00531952 -0.00749789  0.00125528  0.00455217 -0.01059312
  0.00393166  0.01242572 -0.00429354 -0.00517618  0.00803692  0.00726109
 -0.00077557 -0.00016765  0.00977114  0.00118019 -0.00600264 -0.0008099
 -0.00245454  0.00686337 -0.01167466]
[  4.64033922e-03   1.55607277e-03  -3.28927417e-03  -7.91254764e-05
  -2.50765728e-04   1.15828369e-02  -9.21602042e-03  -6.92956994e-03
   4.93911027e-04  -7.43757134e-03   7.06214010e-03  -2.84979483e-03
  -5.60348684e-03  -6.90612630e-03  -3.07713523e-03   6.54833035e-03
  -6.58944286e-03  -8.08743890e-04   5.72697455e-03   2.24867062e-03
   3.12705747e-04]
[ 0.01533172 -0.01495431 -0.00060469  0.00124152  0.01502319  0.00218203
  0.00119005 -0.01419283  0.00786669  0.01054439  0.00534068  0.01061147
  0.01295312  0.01314071 -0.0070779  -0.01008944 -0.01565327 -0.00575054
 -0.01622528 -0.01369695  0.00611081]
[  7.19278428e-03  -7.58662793e-03   1.08233513e-02  -1.00292624e-03
  -1.67936731e-03  -2.00264141e-03  -5.71408663e-06  -1.71653993e-03
   1.73681513e-04   1.07017584e-02   8.83843623e-03   9.80752601e-03
  -3.91282673e-03  -2.87754224e-03  -7.45220303e-03   1.46516352e-02
  -2.95297596e-03   9.94265995e-03  -1.91355098e-02   5.06966489e-04
   2.70500692e-03]
[ 0.00569645 -0.00863201  0.00052194  0.00776085 -0.0006837   0.00936904
 -0.00934361  0.00438063  0.00947106  0.00702384  0.0003523  -0.00164035
  0.00087419  0.00636018  0.00407109 -0.00536167  0.00633104 -0.01598709
  0.00034555  0.01488579 -0.00501845]
[ 0.00870145 -0.00728005  0.00151805  0.00055117  0.00581897  0.00814303
 -0.00019984 -0.01998035  0.0105072  -0.00062462  0.00994939  0.00391443
  0.00400816  0.00050065 -0.00524595 -0.01260936 -0.01066737  0.00500355
  0.01392804  0.00436538 -0.01287275]
[ 0.00127869  0.00126439  0.00124978 -0.00066798  0.00082454  0.00065058
 -0.00137132 -0.00241067  0.00133358 -0.00118094  0.00154362 -0.00010553
 -0.0023881   0.00187493 -0.00310886 -0.00048157 -0.0030561  -0.00171537
  0.0031052   0.00185373 -0.00152164]
[  2.57775296e-03   1.48358577e-03   4.77876958e-03  -3.83968437e-03
   9.01947215e-05   1.25079851e-03   2.14776064e-03   2.49764384e-03
   1.45939154e-03  -2.83439279e-03  -5.16061483e-03   6.55036295e-03
  -5.89769711e-03   8.87310306e-03  -5.09813645e-03   9.00003127e-04
  -4.84835711e-03   4.74024175e-04  -1.30233322e-03  -6.89897157e-03
   4.10894578e-03]
[ 0.0033968   0.01061066 -0.01014     0.00686389 -0.0045613  -0.0027893
 -0.00550272  0.00438875  0.00081903  0.00075331 -0.00735439  0.01019598
  0.00266791  0.0073072  -0.01160367  0.00312276 -0.00872421 -0.00011424
  0.00386705  0.00010869  0.0009149 ]
[  6.06750620e-03  -1.07364142e-02   5.79525128e-03   8.81652851e-03
   9.96475051e-05   2.09966105e-03  -6.43308383e-03   1.34902708e-02
  -1.19641290e-02   2.33591585e-03   1.10075852e-02   1.22383657e-02
  -9.68342687e-03  -2.92408674e-03   2.96187052e-03   9.58030205e-03
   6.68219911e-03   9.57373555e-03   3.96754585e-03  -6.17265569e-03
  -3.42367797e-03]
[ 0.0013622   0.00066823 -0.00042726 -0.00277663 -0.00118789  0.00093386
  0.0013724   0.00318289  0.00257205 -0.00192875  0.00245264 -0.00499925
  0.00243152 -0.00501886 -0.0004277  -0.00149729 -0.00252359 -0.00067732
  0.00190564 -0.00244018  0.00102904]
[ 0.00698581 -0.00198819  0.00653037 -0.00935059  0.01084475  0.00092661
 -0.0067511   0.00825271  0.00663019 -0.0051567  -0.00639277  0.00708234
  0.00653444  0.0100531   0.00349029 -0.00300591  0.02021066  0.00674518
  0.00292427  0.00251832 -0.0064876 ]
[ 0.01772908  0.00999345  0.02402603  0.02238084 -0.01090363  0.00664155
  0.01151362 -0.01630637  0.00952071  0.00510331 -0.00393387  0.00084088
 -0.00030385 -0.01576399  0.0093974   0.03019331  0.00227666 -0.00278908
  0.00715225  0.00333977  0.00520564]
[ 0.0148181   0.00611784 -0.01802294  0.01517836 -0.017952   -0.00044422
 -0.00526189  0.02050515  0.00114683  0.00108527  0.01029669 -0.01082145
 -0.00340556  0.00894658  0.01017837 -0.01055442 -0.00873948  0.02152839
 -0.001254   -0.0094055  -0.01688804]
[ 0.00900652  0.01627745 -0.00967004  0.01160533 -0.00733657 -0.00264781
  0.00079     0.0041476   0.00774718 -0.00047317 -0.01230102 -0.00394652
 -0.01421581  0.00646045  0.00721979 -0.01171298 -0.00455555  0.00486808
 -0.00958306 -0.00151154 -0.00080671]
[ 0.01107603 -0.00250626 -0.01811928 -0.01146927 -0.0062655   0.00102308
  0.00225392 -0.00912671  0.00037553 -0.00804562  0.01288222  0.0071027
 -0.00081428  0.00131269 -0.01745256  0.00359764  0.02632702  0.00259259
 -0.01889778  0.00240185 -0.0076397 ]
[ 0.00147039 -0.00135414 -0.00082868 -0.00354886  0.00073246 -0.0062555
 -0.00383525  0.00013631  0.00133682  0.00187335 -0.00110464 -0.00020342
  0.00133793 -0.0021309   0.00581295  0.00390629 -0.00168622  0.00263263
 -0.00061223  0.00352908  0.00503006]
[ 0.00440904 -0.00401857  0.00397624  0.0021861   0.00476781 -0.01247243
  0.0042053   0.00754345 -0.00070365  0.00539746 -0.00013282  0.00102156
  0.00539361 -0.00483508 -0.00208441 -0.00269271  0.00029219  0.01035899
 -0.00230533  0.00120968  0.00256386]
[  7.12714449e-03   1.23272718e-02   1.30733420e-02  -2.77856289e-03
   8.46867795e-04  -9.13662058e-03  -6.38321371e-03  -6.39303549e-03
  -3.77285534e-04   7.53971869e-03   2.89516208e-03   3.35838749e-03
  -1.63796601e-02   4.79601414e-04   4.29986146e-04  -1.34338533e-02
   2.51227354e-03  -2.17807303e-02   5.71610315e-03  -5.33042793e-05
  -1.28586279e-02]
[ 0.01105926 -0.01235571 -0.01175657 -0.01123741 -0.00069135 -0.01561715
  0.00551571 -0.01156173 -0.00729169 -0.00357923  0.02368363  0.0034677
 -0.00206991  0.00503753 -0.00570146  0.00595398 -0.00310784  0.0024616
 -0.02005055  0.0205757  -0.00315078]
[  3.76151765e-03   7.90143134e-03  -1.32758453e-02   1.72852483e-03
  -9.33889808e-03   1.25975531e-04  -2.20137588e-05   1.08318410e-03
   3.35566922e-03   1.86539431e-03   4.29800005e-03   1.95092833e-02
   5.98266293e-03  -5.07210334e-03  -7.04390866e-03  -3.88351780e-03
   5.40754110e-03  -3.81793824e-04  -3.55163999e-03   6.86692491e-03
   3.48174181e-03]
[ 0.0068775   0.00895418  0.00336209 -0.01302845 -0.00233571 -0.00559914
  0.00121983  0.00802649 -0.00378785 -0.00263419  0.00309141 -0.00939401
 -0.00242067 -0.00517748 -0.00494529 -0.01288467  0.00978126 -0.00695124
 -0.00196768 -0.00450448 -0.00649287]
[  4.18785500e-03   2.63942550e-03  -1.11652022e-03   7.95770626e-03
  -3.62423501e-03  -3.84721678e-03  -1.57734471e-03  -6.04290805e-03
   1.28756158e-02  -5.22008849e-03  -1.07253305e-02  -5.06105149e-05
  -7.74962116e-03   4.05596850e-03   5.51136351e-03  -3.31527628e-03
   1.12282242e-02  -2.19350236e-03  -8.39720256e-03  -9.32300635e-03
  -5.40504564e-03]
[ 0.0157295  -0.02073992  0.00361427  0.0166438  -0.01589242 -0.00428624
 -0.00085    -0.00075753 -0.00343766  0.01047467 -0.00403178 -0.01612099
  0.00062508 -0.00362499 -0.02173598  0.00346509  0.01385714 -0.01414029
  0.00337586  0.02612177 -0.00616718]

Right eigenvectors

[ 1.          1.1849575   0.83787468  0.55305619  0.0274437  -0.41087417
 -0.05603948 -0.00694896  0.4950894  -1.15827359 -0.81402635  0.67499459
 -1.96408878  0.29600428  0.15065784 -1.22574063 -0.84264343 -0.21607744
 -0.21035239 -0.27577091  0.02507122]
[ 1.         -0.5906894  -0.63184688 -0.98562554 -1.00771582 -0.80326983
  1.37257521 -0.67858647  0.11504422 -1.6424256   0.65019865 -1.1108208
 -0.93816447  0.24926275 -0.16766292  0.25474378 -0.65333329  0.01109162
  0.26182561  1.06207531 -0.33452725]
[ 1.          2.03710485 -0.11088147  1.38840915  1.6006595  -1.77528142
 -1.08488636  0.27858433 -1.5879097  -0.0277768   1.08899196 -0.7642704
  0.48476655  0.92558559 -0.86570433  1.31951308  0.56147316 -1.5340163
  1.3217432  -1.4699269  -2.25597021]
[ 1.          0.57802428 -0.11213238 -0.34977051 -0.69876941  1.14379431
  1.53008686 -1.36247904 -2.15837085  1.457992   -1.48030521  0.63900381
  1.59469071 -1.17994847  1.1287808   0.24045912  0.36046958  0.55198759
  1.29129508  0.18911095 -1.37805295]
[ 1.          0.37579537  1.0397332  -2.19631612 -1.22420948 -0.21761237
  0.37189228 -0.09253295 -1.25996076 -1.69231523 -1.17431499  0.36303058
 -0.37646003 -1.13009856  0.33940744 -0.51744875  0.48696946 -1.97074489
  1.48437609  0.93640668  0.27179589]
[ 1.         -1.26109498 -1.19338482 -1.26158339 -0.70322314 -1.58815166
 -1.0614837   0.04082313  0.49059429 -0.5515958  -0.66150163  0.07027062
 -0.2525106  -0.14938359  1.9187476   1.07815376 -0.38724223  0.00867001
  0.72533331  0.54950091  0.36071452]
[ 1.         -1.97453858 -0.58833741 -2.2111275  -0.99775189 -2.24258533
 -1.86083294 -0.97537413  0.91659877 -1.77227765 -2.08638747  0.95328011
  0.73374891 -0.70800316  3.36718998  0.88077974 -0.93218928 -1.32373501
  2.87693275 -0.20282877  0.06013543]
[ 1.         -0.60282393 -0.21721455  0.07542038  0.88553239  1.45888358
 -0.47801662  1.65372849  1.31552126 -0.81512981  0.48785881  0.47558652
  0.77969995  0.59047148  1.66593651 -0.16162241 -0.27989681 -1.89082375
  0.1015371   1.45191161 -0.79474638]
[ 1.          0.1125447   1.54650922  0.08199557  0.20110419  0.43967549
  1.09918979  0.68861012 -0.01836307 -2.07139612 -0.42211425  1.14462663
  0.80153077  0.30289931  1.18916853 -0.86840549  0.26742455  0.51980126
  1.21111013  1.58760843 -0.54671338]
[ 1.         -0.59067636 -1.70551287 -0.41203661  2.55586663  0.85028219
  1.38279292 -3.26207636  0.4169897   0.32912902  2.33608627  1.11771688
 -0.17137691 -0.97177755 -0.52645559 -1.67494947  0.14126267  0.07513433
  0.65441779  0.58099179  0.42964919]
[ 1.         -0.189862   -1.84817721  0.79584296  0.5243758  -1.32969384
  1.12944234  0.863531   -1.45140238 -0.14027783  0.06019389  1.38469865
 -0.03843683 -0.43432217  0.10212066  0.08873891 -0.68340058 -0.6477893
 -0.11087612  0.68439764 -1.02402304]
[ 1.          0.32816967 -0.05978372 -2.41027407  0.52536615  1.56827578
  0.18144432  1.25247722 -0.80661828  1.15366445 -1.06781336 -0.79857112
  0.70013726  0.70826534 -0.58542692 -1.3440416   1.39903986 -0.70357568
  0.78374305 -1.55876452 -0.18317153]
[ 1.         -0.71451568 -1.40553523 -0.82826793  1.13154797 -0.89716304
 -0.86894478 -2.11611695  2.57467431 -1.86421322 -2.35929248  0.76119293
 -0.43100845  0.20916765  0.83565646  1.20419826  3.60444794  1.27177684
 -1.41863507 -3.0045993  -2.12194657]
[ 1.         -0.86962313 -0.36268275  1.27812512  1.63220223 -1.31077169
  1.91409932  1.5055252  -1.96058241 -1.1618062   0.18872784  1.84028498
 -0.73456711 -0.79851116  0.54806277 -0.54501517  0.50330606  0.60893302
  0.45116903 -0.14984388  0.46338819]
[ 1.          0.19227172 -1.52296558  0.15771986  2.22700559  0.15960123
  0.22953158 -0.99907087 -0.37398939 -0.42649366  0.32916657  0.00834296
 -0.81648803 -0.52004443 -0.16987969  0.51664305  1.56631543 -0.21345222
 -0.90156652 -1.18272834 -0.06050728]
[ 1.         -0.40912312  0.16202008 -0.57275708 -0.51907946  0.46617184
 -0.59009556  0.27380413 -1.31713442 -0.3315199  -0.29378318 -0.42476568
 -0.84376952  0.9787299  -0.18795192 -1.00984516 -1.45235372  0.17188495
 -1.11448497 -1.78759198 -0.30321816]
[ 1.          0.88278784 -1.44085145 -0.32188928 -0.92587042  0.96972496
  0.24358528  0.04263146  0.63402476  2.25422837 -2.79367643  0.77409669
  2.17970398 -2.52490362 -2.01712595  0.80630783 -0.91502041  2.01663034
  2.20971596 -1.36912512 -3.11898354]
[ 1.          0.32047874  0.62003218 -0.87193629  0.91945192  1.04020455
  0.73098199  1.85629309  0.74034448 -0.04934314 -0.11278605 -0.04044313
  1.51520076  0.13531899 -0.50937633  1.38771573 -0.83204261 -1.05905833
  0.11069662 -0.42586961 -0.06598361]
[ 1.          2.08412199  0.15430434 -0.24590833  0.90947822 -0.97418305
 -1.65606371 -0.84046904 -0.41111042 -0.15373484  0.19342077 -0.79334533
 -0.58910647  0.6028873  -0.52887605 -0.01018412  0.22785338  0.91247777
  0.6540209   1.36182179  1.03476057]
[ 1.          0.8992206  -0.01817544 -1.53342239 -1.73629182  1.87023519
  2.8499692  -2.56397691 -1.56479732  1.80205687  1.33558051  1.80777829
  1.11522222  0.77094099  1.86055127 -0.07915711  1.32915538  2.13145329
  2.98771249  0.6547929  -1.0812591 ]
[ 1.         -0.13382238 -0.66570831  0.72004835  1.11887691  0.53462549
  1.45969221 -0.09538781  0.22302243  0.19262128 -0.03047152 -0.74343792
 -1.06807079 -1.01803179  0.29077224  0.72770335  0.63472935 -0.74464349
 -0.11990905 -0.65616535  1.5056337 ]
[ 1.          3.05953034  0.88228821  0.42266361  2.73904309 -1.85023587
 -2.36610333 -0.74364546 -0.69492041  0.54536629  0.76716578 -1.40799292
  0.76278706  0.74846476 -0.20807041  1.12699492 -0.21643921  1.2071445
  1.44648537  1.60268514  0.50060834]
[ 1.         -1.22468533 -0.07464624  2.41775192 -0.81996339 -1.21374642
 -0.22678443  0.41952274 -0.98743299  0.25573147  1.74763154 -0.61106017
  0.52766175  0.27746435 -0.60658646  0.98717606  2.06195264 -1.13391277
  1.5333763  -0.97469009  0.65480903]
[ 1.         -1.21447074 -0.15412041  0.16308562  1.2467282   1.49489153
 -0.87935081  0.70075827  0.52508859  1.47236991 -0.65911234 -0.54330228
 -0.57461597  1.14091405 -0.84540477 -2.48664241  0.48924678  1.30069729
  0.8576761   1.21381135  0.80969468]
[ 1.         -1.099151    0.60498698  0.28421403  0.27824655  0.46721769
 -2.31402603 -0.70368282 -0.80279046  1.2276307   0.6974317   0.57262459
 -0.3373366  -0.0307577   1.21500605 -2.50045429 -1.37039601 -3.63883813
 -0.79952784 -1.30027966  0.08162723]
[ 1.          0.40498364  0.71159135 -0.90680761  1.16682864 -1.76578563
 -0.96891637  0.02918844  0.16911812  1.53834346  0.16012306 -0.17130494
  0.88033871 -0.80421645  0.45118063  0.46239978 -0.26414018  1.02833906
 -0.99828607  0.72778519  1.41817412]
[ 1.         -0.22462945  0.60992068  0.04899942 -0.219189    0.99976561
 -1.36014011 -0.83036206 -1.75608811 -0.14684591 -0.01936006 -0.20383966
  0.81264067 -0.7438958   0.13753741 -0.58837655 -1.3539023  -0.20182116
 -3.23099173 -0.66699515  0.47947867]
[ 1.         -0.83809597  0.06712547 -1.20827623 -1.22954125 -0.09992775
  0.37486923 -0.93456276 -0.42035869  0.72547144  2.29072396  0.87472562
  1.59765595  2.19179943 -0.33688441 -0.17591428  0.64028566 -0.46429012
  0.25917458 -1.2786589   0.36630734]
[ 1.         -0.24546689  0.13077302 -0.11034855  0.82915577  0.16045613
  0.76424677  0.8791045   0.91666713 -0.25332601 -1.28486769  0.82394514
  0.06601492  1.73383425 -0.67966967  0.3264733  -1.85509149 -0.35523644
 -0.03949268 -0.27982575  0.87463392]
[ 1.          0.15417151  1.27359806 -0.08713228 -0.27788537  0.45623955
  0.26502996  1.18085854  1.18665477  0.36593796  0.61410643 -0.2911187
 -0.25370473 -2.4498994  -1.10682946  2.35593796 -0.02919108 -0.35432061
 -0.34268098 -0.40168416  0.02225603]
[ 1.         -0.7921468   0.27189952  1.49638359 -1.46110903 -1.18810422
  0.22757503 -0.36730311  0.20625491 -0.89406723 -0.49139654 -1.2978779
 -0.07465488 -0.09789424 -0.50820616 -0.62351333  0.74601646  0.10500393
  1.00028527 -1.05430822  1.37740707]
[ 1.          0.80475518  1.04098864 -2.01479093 -0.8427329   0.37567687
  0.09383596 -0.4074334  -1.50680678  1.40629462  0.26501308  0.58359014
 -0.70686958  1.51611014  0.50757374 -0.08806647 -0.13717712 -0.24966742
  0.37394862 -2.54857388  0.58586367]
[ 1.         -0.54634508 -0.71306588 -0.3538858   0.76399777  0.75941413
 -0.41638213 -1.88427352  0.94746767 -2.26498249  1.3703878  -0.34106519
 -0.57489939 -0.80179909 -0.21619067 -0.19639836 -2.26207155  0.10177934
 -0.70349291  0.29247472 -1.6990525 ]
[ 1.          2.06039308  0.97284352 -1.59977756 -1.59797033 -2.00885463
 -0.43151515  1.82274297  1.976204    2.01624483  0.32548294  0.94512542
 -2.141223   -4.25925986 -0.2291113  -2.72423162  0.19380341 -0.78881943
 -0.85256874 -0.94440458 -0.44064151]
[ 1.          1.36135004  0.30277632  0.8318805  -1.26812889  0.98481136
 -1.03536161 -1.35484925 -0.20521343 -1.13159132  0.1704677   0.5414669
 -0.60823496 -0.75670849 -0.28941697  0.83163449 -0.84093796 -0.54689699
  0.98702594  0.25951126  2.8333532 ]
[ 1.          0.8335851   0.60879071 -0.21289735 -1.22922702  1.0514127
  1.93109062  1.29595063  0.63546934 -0.34171433  0.19471664  0.24020794
  0.52810142  1.74889439  2.95459456 -0.10364472 -1.20528804  1.45444136
 -0.07018529  0.04004294  1.18028062]
[ 1.         -0.61352239 -0.45762651  0.20615563 -0.11488714  1.75454069
 -1.23817316  0.98665242  0.30458965 -0.06435149  0.69921626 -0.44293658
 -1.58336086 -0.68071956  0.2443169   0.98801157 -0.05451766 -0.21638079
  0.15940073  0.28589103 -0.05461282]
[ 1.          1.23114437  1.53291473  0.5782165   2.0685797  -0.67775534
  0.1965671  -0.47720004  1.31637147  1.14280766 -0.65573011  0.26769348
 -0.13539263  0.1511837   0.00771237  1.44303234 -1.71412347 -0.61431003
  0.30151271  1.09513307  1.29128812]
[ 1.         -0.2559437  -0.5781361   0.38539025  1.74416315  0.55486135
  1.15449435 -0.97999774  0.2791256   0.55232885 -0.06336386  0.35859575
 -0.46947106 -0.64184208  0.26072591 -0.97580535 -0.49912429 -0.3606515
  0.54425542 -0.24013234  1.2766216 ]
[ 1.         -1.11697373  0.69065803  0.49047166 -0.79872951 -1.06209661
  0.37079409  0.09602237  0.73092572  0.99744706 -0.74053789 -0.62566722
  0.970136   -0.12188858 -0.76709846 -0.55760372  0.27464714  1.20088179
 -0.03454967  0.53520438  0.42074654]
[ 1.          1.83102458  0.52878497 -0.6021995   1.54694903 -0.70195901
 -1.63741369 -0.0414549  -0.36558113  0.55349058  0.68236273 -0.53232022
 -0.26858016  0.75860663 -0.00774967 -1.02132597  1.23047311  0.9930194
  1.03718303  0.24761424 -0.48873391]
[ 1.          1.02911636  0.93461003  0.80342898  0.38745229  0.34972005
 -1.32405549 -0.82245351 -0.62991567 -1.41268871  0.32468319 -0.73140693
  1.44458382 -0.77915078 -0.29748596  0.33429891 -0.76898256  0.8295849
  0.63268498 -0.22241958 -0.54196738]
[ 1.         -0.50194802 -1.42484324 -0.48057114 -0.46556882 -0.06690867
  1.21607543 -0.19935319 -1.56179973  0.89853927 -2.89063604 -1.52939842
 -1.19744048  0.31118976 -0.95081929  0.43297685 -0.72101861 -1.30679575
  0.47271272  2.01636253 -0.31360035]
[ 1.          0.64484956  0.30070377 -2.44987301 -0.81401191 -0.61241809
 -0.0161654  -0.29287609 -1.19591819 -1.55847928  1.34810356 -0.79459138
  0.01900026 -0.42924299 -1.81183677 -0.51137815  1.27997171 -1.38471205
 -2.47740883  1.49388305  0.3480682 ]
[ 1.         -1.82390711  0.23119037  0.23636177 -0.4090395  -0.52230697
 -1.5187885   0.01972349 -0.26481535  0.66275375  0.22494645  0.50254461
  1.33203912  0.96162178  0.74335746 -1.02553511 -0.367039   -1.23732647
  0.26316698 -0.70287601  0.03988796]
[ 1.          0.54792548 -1.22625462  1.23234643 -0.87228749  0.86516018
 -0.99600484  0.23787392  1.2215574  -0.5484541  -0.02261201 -0.12403868
  1.58075111  0.86506476  1.11965774  0.02922561  1.17362661 -1.14729329
 -0.88867227 -0.02620911  0.47459684]
[ 1.         -0.12720411  0.95133614 -0.40316119  0.71682778 -0.79755769
 -0.40719452  1.53204673  0.12502872  0.87876634  0.70023707  0.49280911
  0.49643606 -0.08929395 -0.08090409  1.60094744  0.3175187  -0.19822761
  0.37843504 -0.7617731  -1.45782671]
[ 1.          1.36651958  0.33512294  1.34528492 -0.85633012  0.7076929
  1.48945837 -0.07277523  0.36556031 -0.07547193 -0.27760437 -1.11631046
  1.07760955  0.86441549  2.74887846  0.3763793   0.41023211  0.69295156
 -2.11078085  0.62085072  0.67881814]
[ 1.          2.14556724 -2.99310967  1.87711515  0.74858905 -2.36943276
 -0.95106991  1.20856779 -2.75439269  0.36719578 -1.27966189  1.62363188
  0.41763831  1.94445076 -3.05542365  2.6329685  -1.34654879 -2.20460132
  1.27063869 -1.42794184 -2.91915443]
[ 1.         -0.66446967 -1.36114403 -1.77139336 -0.96224256 -1.3768983
 -0.63307539 -1.0989756  -1.45553257  0.36499618 -0.76036755 -0.72500878
 -2.05605491  1.41611412  1.07704486  1.64476545 -1.33893494  0.49894863
 -0.07382954  1.31102431  0.83417983]
[ 1.         -0.81579961 -0.16859939 -0.4880237   1.0848006  -0.38975258
 -0.27275548 -1.9767541   2.28167954 -1.14495551 -1.4359883   0.65130543
  0.80495134 -0.73213564  0.07009321  0.60506291 -0.66811567  1.34905747
  0.64209007 -1.71981263 -1.03790608]
[ 1.          1.35298882 -0.53425178  0.75657055  0.39955911  0.68435612
  0.75542621  0.46964692 -0.12628397  0.11535819  0.16834858 -0.29720717
  0.74334572  0.49897459  1.25980692  0.11953972  0.02796638  0.16840897
 -0.50676883  0.28505224 -0.49304706]
[ 1.          0.17861351  0.57693476 -1.03177089 -1.68929322  0.7747038
  1.02493606 -1.30203949 -0.45818147  1.68851577  1.23577813  1.12304014
 -1.6175203   1.45727125  0.94683191  0.87223884 -0.72408972  1.28640716
  0.91594527 -1.05821895  0.62925821]
[ 1.         -0.66227511  1.9569808   1.24207047 -0.89313774  1.18555187
 -1.36046114 -1.20116629 -3.42416994 -1.16622703 -1.46630486  0.99352745
  1.64042074 -2.15565819  0.1617704  -0.68591094 -0.54067097  0.46126691
 -1.47792293  0.21216963 -0.8554205 ]
[ 1.         -0.20697724 -1.13349061 -0.48200337  0.08762413  0.16512794
 -0.2111742  -0.37437663 -0.97640516  0.48275877 -1.12470179 -0.81312003
 -0.5053477   0.23598794 -0.15656853  0.80197606  0.61733328 -0.15870534
 -0.75499136 -0.66657226  0.20422091]
[ 1.         -0.54258366  1.51377692 -1.12039351  0.01446611  0.61558527
  0.47525392  0.94858347  0.85008563 -1.49939019 -0.92943156  1.33145032
 -0.41841675  0.8970547  -2.27315697  1.31481203  0.64582057  0.97476577
 -0.62576285  0.17771081  0.15144668]
[ 1.         -1.2519273   0.87394129  1.26027113 -1.54409504 -1.15928165
  0.1699019  -0.66370844  0.48059592 -0.11347012  0.81679166 -1.31513213
  1.95493502  0.81527628 -1.54498962 -0.25389192  0.28947972  0.25716029
  1.33127336 -1.68145096  1.09193761]
[ 1.         -1.23150927 -0.9017383   0.17853124 -0.5208862   0.5201482
 -0.44656222  0.28550229 -0.4166857   1.4813024  -1.12486088 -1.95486894
 -0.27402015  0.03719968 -1.69083058 -0.92244964 -0.28629114  1.48172648
 -0.66088135  1.45702408 -0.34890303]
[ 1.          1.52822156 -1.1339866  -0.59083952 -3.22068778 -1.67017608
 -0.20234829  1.38242255  2.15252132  2.48735823 -0.25350949  2.27719125
 -1.4741763  -3.01170605  0.13395268 -2.54920923 -0.28663463  1.68154597
 -0.38924666 -0.66804707 -0.65469742]
[ 1.          0.23315833 -0.76421245 -0.75640441  0.9622564   1.89727919
 -0.92249922  0.77354647 -0.05602639 -0.07252974 -1.38263226 -0.36304401
  1.50374816 -1.00423452 -0.36553617  0.55322674  1.38441568 -0.41071065
 -1.93239501 -1.14659029  1.26204524]
[ 1.          0.37295978 -1.33944861 -1.05038239  0.45215524  1.63533985
  1.99801413  0.14730632 -1.8331938   2.15738981 -3.65697595 -1.2445088
  0.82521245 -0.35550802 -0.6189243   0.63474807 -0.36368745 -1.28073445
  1.55254853  0.37523497 -1.32826308]
[ 1.          0.17354757 -0.13119118  0.39104035  0.76862373 -0.70370986
  0.96486687  0.57993205 -0.16052866 -0.61170417  0.35985487 -0.47668479
 -0.20145414 -0.20832572 -0.23141759 -1.58224624 -1.0514712   0.15128861
 -0.66440368 -0.41142145 -0.27676243]
[ 1.          0.49337362  0.74568268 -0.26897627 -0.31609744 -0.22335047
  1.70103577 -0.06423088  0.02775107 -0.94100312  0.60471844 -0.10907187
  0.30986055  1.2195628   0.42205777 -0.54503523  0.75588353  0.24254069
 -0.18760678  1.2977583  -0.21754874]
[ 1.         -0.15744998  1.88222698  1.34598453 -0.07167079 -0.23392559
  0.69934285 -1.5003112   1.43018946  1.72955472 -0.32324135  0.4781394
 -1.19490062 -0.11937981  0.00874743  0.5146397   0.39542531 -1.45342669
 -0.61500131  0.97372768 -1.66007493]
[ 1.          0.60352843  0.35440239 -1.89701674 -0.26637362  0.41809273
  0.47636603  1.38479221  0.53104276 -0.0920738   0.44365629 -0.72093857
  0.90350043 -1.54047905  0.45259065 -0.17031548  0.36760477 -1.14954486
  0.02516002 -0.2027144   1.31169007]
[ 1.         -1.29931017 -0.60611277  2.7309016   1.15725845 -1.27936909
  2.40429636  0.25026562 -1.17998409 -0.6096599   0.67687197 -0.2559854
 -1.1994937  -1.48296412  0.04250306 -0.32268447  2.32956208 -1.0364092
  2.46053485 -2.29833069  4.18010752]
[ 1.         -0.12511507 -0.66002561  0.06795295 -0.44833076  0.11981675
  0.308007    0.38287314  0.86091441 -0.93991235  0.81900974 -1.77363596
  0.25797781 -0.83006755 -0.65058569 -0.47644658 -1.43611888  0.8815961
  0.72269462 -0.7497476  -0.93867152]
[ 1.         -0.69791914 -0.36822528  0.89439666 -0.48591485  2.47327673
 -1.13595486  2.09048403 -0.54396299  1.41184968  1.91140979  0.31517467
 -2.85110811  0.78410636  1.39327282  0.68670482  0.13837921  2.71768396
  1.17163399 -0.33754557 -0.4813152 ]
[ 1.         -0.79340816  0.32011324 -0.59542998  1.54356299  1.48796701
 -1.67611034  0.96093751  0.20021926 -0.57047012 -1.68385128  0.60079302
 -0.84401656  0.39079748 -0.68755896 -1.17501246  1.87215598  2.02423772
  0.7003226   1.59470603  1.65121779]
[ 1.          3.45477074 -3.71898743  2.41873627 -3.63848816  0.84392515
 -2.26384487  0.12437322  1.50402756 -0.75774571 -0.33888949  6.09685497
  2.56131379  0.4158617  -3.17008383  0.52955763 -0.2574624  -1.73370502
  0.06690743  2.02706276  4.59821691]
[ 1.          1.77067167  0.04962704  0.4170399  -0.87972876 -0.12868422
 -0.06278136  0.21411999 -0.33916651 -0.81004927  0.27003769 -1.60507682
  0.34198469  1.15835735  0.54448537 -0.0921882   0.6981107  -0.20700767
 -0.31348036 -0.80665709  0.57809726]
[ 1.          0.52528659 -1.28286459 -1.11956753 -0.12488571  1.27953852
  0.17509444 -1.18479353  0.25150477  0.43657219  1.47122846  0.80743603
  1.22965703 -0.57320428 -0.22634476 -0.66544079  1.14251003  0.30849321
  1.1875764   0.26312077 -0.17123236]
[ 1.         -0.66409189  2.13166536  0.91199855 -0.27066392  0.58011718
 -0.58345661  0.23353031 -2.44021657 -2.33296884 -1.50943319  1.84754035
 -0.46757484 -1.29047891 -0.21247443 -0.93573373  0.48809182  1.15678568
  0.06662239  0.33827429 -0.47797982]
[ 1.         -0.1465543   1.2041143  -0.70285159 -0.88056535 -0.09178316
  1.2371303   0.30979502  0.53568239 -0.97823742  0.58078948 -0.49058065
 -0.12665659  1.79110582 -2.00480585  0.91769244 -0.19440841 -0.20879875
 -0.34001354  0.23442021 -0.54877186]
[ 1.          1.20457812  0.22824851  0.98050861 -0.22984671  0.31027418
  0.49740956 -0.74158697 -0.60338483  1.33625335 -0.66323511 -1.03189789
  1.42123812 -0.24288558  2.36257251  0.92955245  0.09333433  1.35452433
 -1.52909296  0.5929255  -1.38998746]
[ 1.         -0.17879228 -0.44315583 -0.04431626  2.48691023 -0.87395281
  1.32062061  0.61879132  0.03987379  0.91035134  0.35860005  0.86106966
  1.28951421 -0.56684698 -0.21095809 -0.73057913 -2.53872753 -0.74777006
 -1.36511252 -0.35172668  1.12978387]
[ 1.         -0.92278738 -1.30067373  0.21775641  0.78967384 -1.83761096
  0.68203385  2.15551486 -0.74481    -0.89792188  1.39418126  1.25959544
 -0.13454058 -0.029082    1.69502047  0.20472938 -1.04129099 -0.1404957
 -0.42579389  1.1906035  -2.02522663]
[ 1.          0.33533599 -0.70884347 -0.01705166 -0.05404039  2.49611857
 -1.9860661  -1.49333262  0.10643856 -1.60280768  1.52190169 -0.61413502
 -1.20755974 -1.48828049 -0.66312722  1.41117493 -1.42003473 -0.17428551
  1.23417153  0.48459186  0.06738855]
[ 1.         -0.97538366 -0.03944024  0.08097742  0.97987677  0.14232136
  0.07762027 -0.92571712  0.51309886  0.6877502   0.34834173  0.6921252
  0.8448577   0.85709331 -0.46165061 -0.65807633 -1.02097297 -0.37507491
 -1.05828161 -0.89337358  0.39857314]
[  1.00000000e+00  -1.05475538e+00   1.50475127e+00  -1.39435051e-01
  -2.33479450e-01  -2.78423672e-01  -7.94419297e-04  -2.38647492e-01
   2.41466317e-02   1.48784643e+00   1.22879206e+00   1.36352289e+00
  -5.43993338e-01  -4.00059578e-01  -1.03606653e+00   2.03699077e+00
  -4.10546994e-01   1.38231032e+00  -2.66037588e+00   7.04826490e-02
   3.76072299e-01]
[ 1.         -1.51533104  0.09162563  1.36240129 -0.12002193  1.64471631
 -1.64025187  0.76901033  1.66262532  1.23302118  0.06184493 -0.28795925
  0.15346234  1.11651582  0.71467088 -0.94122967  1.1114016  -2.80650022
  0.06066111  2.6131688  -0.88097776]
[ 1.         -0.83664785  0.17445906  0.0633418   0.66873574  0.93582442
 -0.02296674 -2.2962079   1.20752257 -0.07178353  1.14341647  0.44985932
  0.46063157  0.0575359  -0.60288165 -1.449109   -1.22592914  0.57502497
  1.60065647  0.50168397 -1.47937864]
[ 1.          0.98881422  0.9773856  -0.52239367  0.64482993  0.50878401
 -1.0724352  -1.88526178  1.04292254 -0.92355203  1.20718763 -0.08252845
 -1.86760494  1.46628581 -2.43127323 -0.37661054 -2.39001237 -1.341502
  2.42841234  1.4497026  -1.18999882]
[ 1.          0.5755345   1.85385088 -1.48954707  0.03498967  0.48522823
  0.83319103  0.96892289  0.56614872 -1.09955951 -2.00198193  2.54111354
 -2.28792177  3.44218519 -1.97774439  0.34914251 -1.8808463   0.18389046
 -0.50522034 -2.67635094  1.59400294]
[ 1.          3.12372352 -2.98516271  2.02069401 -1.34282392 -0.8211552
 -1.61997244  1.29202431  0.2411185   0.22177101 -2.1650938   3.0016449
  0.78541821  2.15120297 -3.41606056  0.9193249  -2.56836068 -0.03363114
  1.13843822  0.03199895  0.26934245]
[ 1.         -1.76949374  0.95512902  1.45307285  0.01642314  0.34605009
 -1.06025171  2.22336334 -1.97183631  0.3849878   1.81418606  2.0170339
 -1.59594841 -0.48192563  0.48815286  1.57895216  1.10130899  1.57786992
  0.65390058 -1.01732994 -0.56426444]
[ 1.          0.49055497 -0.31365136 -2.03834458 -0.87203585  0.68555463
  1.00749165  2.33658754  1.88816237 -1.41591174  1.80050188 -3.66998528
  1.78500126 -3.68438768 -0.31397936 -1.09917166 -1.85259011 -0.49722739
  1.39894521 -1.791354    0.75542426]
[ 1.         -0.28460423  0.93480511 -1.338512    1.55239611  0.13264233
 -0.9664015   1.18135292  0.94909355 -0.73816728 -0.91510715  1.01381818
  0.9353869   1.43907436  0.49962599 -0.43028754  2.89310144  0.96555449
  0.41860125  0.36049007 -0.92868215]
[ 1.          0.56367595  1.35517644  1.2623808  -0.61501408  0.37461331
  0.64942018 -0.91975322  0.5370109   0.28784972 -0.22188829  0.04742953
 -0.01713859 -0.88916036  0.53005563  1.70303937  0.12841398 -0.157317
  0.40341933  0.18837829  0.29362191]
[ 1.          0.41286246 -1.21627846  1.02431179 -1.21149116 -0.02997817
 -0.35509881  1.38379052  0.07739359  0.07323916  0.69487196 -0.73028541
 -0.229824    0.60376022  0.68688775 -0.71226532 -0.58978414  1.45284399
 -0.08462654 -0.63473021 -1.1396898 ]
[ 1.          1.80729693 -1.07367157  1.28854792 -0.81458442 -0.29398869
  0.08771426  0.46051055  0.86017508 -0.0525369  -1.36579062 -0.43818495
 -1.57839095  0.71730799  0.80161852 -1.30049986 -0.50580601  0.54050635
 -1.06401434 -0.16782685 -0.0895692 ]
[ 1.         -0.2262777  -1.63590049 -1.03550406 -0.56568111  0.09236846
  0.20349498 -0.8240059   0.03390508 -0.7263995   1.16307195  0.64126773
 -0.07351729  0.11851609 -1.57570619  0.32481291  2.37693717  0.23407253
 -1.70618799  0.21685139 -0.6897512 ]
[ 1.         -0.92094034 -0.56357948 -2.4135478   0.49814178 -4.25431137
 -2.60832294  0.09270532  0.90915681  1.2740471  -0.75125506 -0.13834353
  0.9099167  -1.44920477  3.95333395  2.656633   -1.1467811   1.79043119
 -0.41637045  2.40009677  3.42089855]
[ 1.         -0.91144004  0.90183797  0.49582344  1.08137212 -2.82883191
  0.95379008  1.71090584 -0.15959335  1.22418054 -0.03012358  0.23169788
  1.22330713 -1.09662861 -0.47275828 -0.61072454  0.06627158  2.34948955
 -0.5228637   0.27436473  0.58150133]
[ 1.          1.72962282  1.83430293 -0.3898564   0.11882287 -1.28194687
 -0.89562008 -0.89699816 -0.05293642  1.05788773  0.40621627  0.4712108
 -2.29820795  0.06729223  0.06033077 -1.88488578  0.3524937  -3.0560248
  0.8020187  -0.00747905 -1.80417668]
[ 1.         -1.11722763 -1.06305271 -1.01610925 -0.06251336 -1.41213421
  0.49874146 -1.0454351  -0.65932911 -0.32364084  2.14152124  0.31355609
 -0.18716553  0.4555037  -0.515537    0.53837116 -0.28101688  0.22258246
 -1.81301041  1.86049622 -0.28489974]
[ 1.          2.10059664 -3.52938534  0.45952857 -2.48274737  0.03349061
 -0.00585236  0.28796465  0.89210514  0.49591534  1.14262392  5.18654572
  1.59049179 -1.34841939 -1.87262411 -1.03243376  1.43759557 -0.10149994
 -0.94420399  1.82557296  0.92562155]
[ 1.          1.30195405  0.48885432 -1.89435988 -0.33961595 -0.81412503
  0.17736552  1.16706622 -0.55075942 -0.38301607  0.44949615 -1.36590564
 -0.35197013 -0.75281501 -0.71905367 -1.87345404  1.42221167 -1.0107218
 -0.28610367 -0.65495859 -0.94407481]
[ 1.          0.63025714 -0.26660909  1.90018667 -0.86541559 -0.91866045
 -0.3766474  -1.44296019  3.07451327 -1.24648262 -2.56105584 -0.01208507
 -1.85049892  0.96850739  1.31603494 -0.79164066  2.68113968 -0.52377706
 -2.00513212 -2.22620085 -1.29064775]
[ 1.         -1.31853692  0.22977646  1.05812669 -1.01035791 -0.27249692
 -0.05403866 -0.04816    -0.21854837  0.66592559 -0.25631938 -1.02488926
  0.03973931 -0.23045792 -1.38186083  0.22029255  0.88096529 -0.89896619
  0.21461982  1.66068701 -0.39207713]
