Cluster centers 

[-1.56973123  0.33417448  1.55085495  1.53600853]
[-0.16917603 -1.08979423 -0.77876995  0.3884336 ]
[ 0.66253342  0.51478336  1.01938392  0.76312289]
[-0.74283306  0.63920429  1.00708457 -1.51538568]
[-0.67650033  0.02584745 -1.40229274 -0.0523498 ]
[ 0.95047101 -0.72341165  0.87340526 -0.78900154]
[ 0.62333019  0.32836677 -0.10367883 -1.53130705]
[ 0.83821098  2.51027887 -0.25658453  1.86835376]
[-1.31954103 -0.5871744   0.3528925   0.10910773]
[-0.40269107  2.41622189 -0.83999258 -1.76836432]
[-0.67857661 -0.89415442  0.40697781  1.32908247]
[-0.82582147 -0.11787023  1.801109   -1.03886113]
[ 0.52107721  1.88235089  0.44179952  1.51855541]
[ 1.50141012  0.49135595  0.158422    1.00001115]
[ 1.06322701 -1.0394381  -2.10960808  0.12173542]
[-0.74771069 -0.98027893 -0.04700214  0.42048746]
[-1.13419463  1.98532429  0.19426056 -1.72220205]
[-0.31676128 -1.21136762 -0.04819476  1.05785635]
[ 1.56841778 -0.78346795 -0.05408928 -0.97663769]
[-0.13299016 -0.11990088  1.22940556 -1.25123759]
[-0.38984153  0.11818901 -1.83108394 -0.0640909 ]
[-1.15256102  4.0586174  -1.38613867 -1.69701409]
[-1.6939619  -0.36618278  2.12488085 -0.11840377]
[-1.65789013  0.26931363 -0.19786314 -0.24321556]
[-0.13702635 -0.68781198 -1.30801219  0.14711004]
[-0.45011342  0.40033549 -0.38864706  2.55949526]
[-1.29741286  0.48300131  1.50875355 -1.31155018]
[ 1.68127679 -0.13910647 -1.19099702 -1.28183369]
[ 0.06369846  0.05322535  1.68740567  0.29586553]
[ 0.78565141 -0.18249421  1.17210532  0.21956482]
[-2.07941091  3.46421124 -0.24031854 -1.63515064]
[-2.0513853   0.0780899   1.26333742 -0.47837699]
[-0.98418713 -0.9575137   0.37983594  0.4711067 ]
[-0.16859187  1.4813126  -0.28373176 -1.73141601]
[-0.69878473 -0.64774918 -0.6229038   0.15080009]
[ 0.64997409 -1.08379788 -0.89382222  1.81733001]
[-1.35221604 -0.45208382  1.31216054  1.15541568]
[ 0.61880694  0.93049562 -0.71037538 -1.63140365]
[ 1.26148998  1.30922601 -0.01043383  1.40265707]
[ 1.0242027  -0.31032359  0.08880617 -1.29821851]
[ 2.01285629 -1.11464633 -0.06073178 -0.38198999]
[ 0.4314942   1.42105532  0.77900235  1.27117092]
[-1.05461725  0.17511636 -1.05897953 -0.10929365]
[-0.64935602  0.871901    1.82674076  0.93488489]
[ 0.12512763  0.24105908 -2.4643348  -0.1041476 ]
[ 1.34357355 -0.44966254  0.71766874  0.1709044 ]
[-1.08189465 -0.85478073  0.85674359  0.9331563 ]
[ 0.18319772 -1.38022471 -0.50307922  1.13806474]
[-0.56383432 -1.14476558 -0.02557915  0.63180762]
[-1.14927663  0.08308193  0.76314707  1.90171003]
[-1.67943473 -0.54783164  1.34317931  0.09222603]
[-0.70208229  0.74695286 -2.06187909 -0.14313834]
[ 0.37552856 -1.20610544 -1.29324713  0.37308621]
[ 1.11242814  0.72771107  0.47186922  1.01708686]
[ 0.17158971  0.15230987  0.61783994 -1.45687465]
[ 1.10229    -1.63910739 -1.4386602   0.68273699]
[ 0.6780106   0.92745609  0.80584258  1.0328856 ]
[ 0.92544235  1.7782155   0.09188288  1.5490062 ]
[-0.44342585 -0.39718981 -1.25312645  0.05306389]
[-0.59202966  1.37828379  0.22872647 -1.70561008]
[ 0.1308201  -0.43050507  1.38960873 -0.95992066]
[ 1.1711347   0.67948281 -1.25854513 -1.51101316]
[ 0.70636291 -0.5915438   0.94415507 -0.95490224]
[ 0.11370434  0.86541531 -0.02831401 -1.65254888]
[-1.1291598  -0.33833853 -0.35295124  0.00266589]
[ 0.44532882  0.24013427  1.32391883  0.51536386]
[ 1.21123733  2.49842287 -0.6836615   1.96800444]
[-2.09693639  0.57720179  0.35387377 -0.46989069]
[-0.37204181 -0.73405848  0.02568823  1.72862133]
[ 0.46309009  0.63910397 -0.21917902 -1.60409642]
[ 0.92681819  2.15378454 -0.13505843  1.73010837]
[-0.07605725 -0.97447934 -1.05035896  0.28655895]
[ 1.88175016 -0.00466576 -0.06239033  0.83093838]
[ 0.5974305  -0.25190472  0.58389809 -1.29658534]
[-0.27405213  0.47814657 -2.28426386 -0.11377419]
[ 0.96268903  0.3032351   0.82850083  0.68714231]
[-2.27389192  0.72419505  1.20713561 -0.85763237]
[ 1.48902146 -0.90310261  0.44746832 -0.59191914]
[-0.1495454   1.91018153  1.00598625  1.47156123]
[-0.15793236 -0.17594331 -1.80564343 -0.01139135]
[-1.20502591 -0.84374057  0.6239906   0.37253353]
[ 1.19347915 -0.74938876  0.50785581 -0.92051463]
[ 0.88075415 -0.04673328 -0.02730644 -1.41226118]
[-1.78595491  0.66727198 -0.44610252 -0.31968475]
[ 0.16703195  2.21207239  0.58105371  1.62810365]
[ 0.72134413 -0.49028234  1.27506342 -0.18459084]
[-0.46582665 -1.02220343 -0.45510273  0.38190067]
[ 0.0242714   0.61784479 -2.69045739 -0.14215472]
[-0.7018695   0.00742033  1.5775639  -1.19727102]
[-1.337529    0.51658642 -1.01273079 -0.19339256]
[-1.02521132 -0.74809688  0.0427577   0.21717957]
[-0.52037827 -0.17157198  1.63850561 -1.08936106]
[-0.78919455 -1.01129578  0.48790034  1.00689609]
[ 0.74223024 -0.72242149 -2.15062437  0.05095425]
[ 1.99217731 -1.04419106 -0.41025681 -0.79240873]
[-1.57409192  0.25979306  1.7860213  -1.07308181]
[-0.95906617 -0.65819198  0.73476171  1.3771791 ]
[ 0.88691252  0.61543635  0.75881128  0.88243655]
[ 0.45386289 -0.38517372  0.93191933 -1.16268058]
[ 1.10490017 -0.43459694  0.94663561  0.07620817]

Populations

0.0159667302263
0.0259927944091
0.000752595106484
0.0479059884749
0.0159012347082
0.0276914648243
0.0043600655905
0.0116342898999
0.0118627542626
0.00514103124603
0.00510419185245
0.00780312979772
0.0113909586831
0.0170052178896
0.00702523952969
0.0250709349441
0.0182600301008
0.00405667947271
0.0121650571973
0.0128119395622
0.0325494069178
0.0097441323398
0.00479739449626
0.00703910309679
0.00469379684857
0.0116312237819
0.0116887810232
0.00910971324813
0.0122669777086
0.020605515923
0.0179333278394
0.0100148016641
0.00671681790775
0.00242336348788
0.0181261926453
0.00984277426203
0.0246020088454
0.00219204084451
0.00522518084092
0.00895740811211
0.0228159537014
0.00667090902397
0.0148486537436
0.00416527356394
0.0132973933267
0.00724985086498
0.00445236544389
0.0160225195098
0.00431877069985
0.00580601401534
0.0313133704393
0.00430610610464
0.0207604988409
0.00103924930823
0.0190937221688
0.00699798597572
0.022066497796
0.00532251392051
0.0247974606144
0.0106312546021
0.00131193834097
0.00359772253684
0.00788873683205
0.0134014876326
0.00495600437574
0.0057235803834
0.00762369222035
0.00224872953104
0.00643712935756
0.00197481038655
0.00884428934918
0.0148375845725
0.0228205202349
0.0103577936293
0.00433397526875
0.00318911817196
0.0123097366743
0.0123279180352
0.0046030650584
0.00665894501545
0.00221935956617
0.0299642666145
0.00409971440802
0.0122120715474
0.0020878924104
0.00205574193002
0.0141697873682
0.00590991516958
0.00359332939263
0.00420249071066

State labels

1
2
3
4
5
6
7
8
9
10
11
12
13
15
16
17
18
19
20
23
24
25
26
27
28
29
30
31
32
33
34
35
36
38
39
40
41
42
43
45
46
47
48
49
50
51
52
53
54
55
56
57
58
59
60
61
62
63
64
65
66
67
69
71
73
74
75
76
77
78
79
80
81
82
83
84
85
86
87
88
89
90
91
92
93
94
95
97
98
99

Eigen values

1.0
0.866743411088
0.843621409081
0.768047295036
0.756201926238
0.722212725358
0.707078531723
0.695216299719
0.676931715969
0.661846782827
0.645895203993
0.625500145813
0.587989089733
0.577486404317
0.560867800364
0.543167790012
0.498944203166
0.490335412331
0.472711286258
0.467431247443
0.461044437938

Left eigenvectors

[ 0.01596673 -0.0128611   0.00406353 -0.00316543 -0.00062469 -0.02113107
 -0.01051468  0.01640835  0.00350658  0.00280797  0.01111535  0.01313759
  0.00062933  0.01391584  0.00051555 -0.01369587  0.00010127 -0.00939409
 -0.00829695  0.01474842  0.0053406 ]
[ 0.02599279  0.00196241 -0.01514191 -0.02236758 -0.01180676  0.03988479
  0.00376402  0.01299337  0.01377772 -0.01068853  0.0037656   0.02738921
  0.02104359  0.02363093  0.00382965  0.02658333  0.00896533 -0.01927076
 -0.01034245  0.02197354  0.01710292]
[ 0.0007526  -0.00078259  0.00097465 -0.00019752 -0.00154352 -0.00082861
 -0.0037483  -0.00026689  0.00087096  0.00255386 -0.00159302 -0.0015385
  0.00524593 -0.00158115  0.00084349  0.00418829  0.00453869  0.00416599
 -0.00425232 -0.00538464 -0.00522456]
[ 0.04790599 -0.00578086 -0.09481482  0.00847129  0.01750108 -0.01536006
  0.00054077  0.00769279  0.01768238 -0.01364074 -0.02134362 -0.02099969
  0.00218365 -0.06240282  0.00140841 -0.00321193 -0.0104776   0.01404495
 -0.00333986  0.03196743 -0.01489078]
[ 0.01590123  0.00277523  0.00315181 -0.0193643  -0.00261466  0.01916363
 -0.01056208  0.01334787 -0.01877251 -0.00950567 -0.0102041  -0.00849526
 -0.02322735 -0.00521212  0.00296687 -0.01691441  0.01998868 -0.01956843
 -0.00608673 -0.02478164 -0.01249326]
[ 0.02769146 -0.01021613 -0.02005286 -0.00576827 -0.00782156 -0.00129816
  0.01587989  0.02951225  0.00622064  0.04056735  0.02251466  0.03810193
  0.00578608  0.02708937 -0.01338444 -0.01586028 -0.00587497  0.00515873
  0.00836317 -0.01108743 -0.01252753]
[ 0.00436007 -0.00373912  0.00473408 -0.00480131 -0.00256958 -0.00204253
 -0.01221806 -0.00175842 -0.00114892  0.00824507 -0.00642263 -0.00534304
  0.01432092 -0.00368055 -0.00200342  0.01780165  0.00430105  0.01004312
 -0.00233882  0.00056193 -0.0153036 ]
[ 0.01163429 -0.01042731  0.00674546 -0.02165596 -0.00056727 -0.00107996
  0.00395401 -0.02854511 -0.00837689  0.00977799 -0.01394399  0.0026419
 -0.009936   -0.00224097 -0.02770872 -0.00076403  0.00661604  0.01612105
 -0.0166057   0.01373747  0.01745497]
[ 0.01186275 -0.00235646  0.01284679  0.01453482  0.02196109  0.0046469
 -0.00798878 -0.00361062 -0.00844961 -0.00650864 -0.00110968  0.02718847
  0.00376333 -0.01699728  0.00454099  0.0031195  -0.00686447 -0.01514445
 -0.00653592  0.00067426 -0.00684884]
[ 0.00514103  0.0067353   0.00543413 -0.00518963 -0.00045318  0.00233425
 -0.00433352  0.01729808 -0.0096029   0.00297168 -0.01302487 -0.01471471
  0.00010188  0.00125168 -0.00245369 -0.00115359 -0.00998961 -0.00252056
  0.01004712  0.00766399 -0.00135051]
[ 0.00510419 -0.00408903 -0.00547678 -0.00313762  0.00116918 -0.01223429
  0.00017973 -0.00453265 -0.01433525  0.0015953  -0.00339642  0.00456718
 -0.00679697  0.01287653  0.03259888  0.00533793  0.00460398  0.01228258
  0.00854163  0.00742504  0.00496316]
[ 0.00780313 -0.00380159  0.01045334  0.00571822  0.00729775 -0.00424125
 -0.00299147  0.01788994  0.0015104  -0.00308277 -0.01108305 -0.01050187
  0.00931239  0.010339   -0.00210424 -0.00463842 -0.00567793  0.01679812
 -0.00836892  0.00408768  0.0128538 ]
[ 0.01139096 -0.00726224  0.00498295  0.00092295 -0.01017988 -0.00165318
  0.00974236  0.00288334  0.01235545  0.01810355  0.00225088  0.0005551
  0.01945646 -0.00314006  0.01473558 -0.02309442 -0.00726004 -0.00542227
 -0.00710388 -0.01470639  0.00568887]
[ 0.01700522  0.00178902 -0.00082433  0.03640996 -0.00065142  0.00122834
 -0.00804544 -0.01225858  0.0119679   0.00247194 -0.01529965 -0.01347225
 -0.01650401  0.02705431 -0.01298977  0.004205    0.0267643  -0.00279877
  0.01757234 -0.01663357  0.01390695]
[ 0.00702524 -0.00038799  0.00375641  0.01269479 -0.01469233  0.00629245
  0.00980565  0.00024093  0.00264903 -0.00062529 -0.00281939 -0.00238056
 -0.01164801  0.00816761  0.00048077  0.0115262  -0.00677557  0.00322825
 -0.00375245  0.0025347  -0.00588109]
[ 0.02507093 -0.00725513  0.00303012  0.00086127  0.01841049  0.00517319
 -0.00960339 -0.03166196  0.00273398  0.00182316  0.00904894 -0.02117726
  0.01717343  0.01578501 -0.00240323 -0.01112667 -0.05410852 -0.0134783
 -0.00502276 -0.01990152  0.01278844]
[ 0.01826003 -0.011154   -0.00157529 -0.00951217 -0.00137154 -0.00447749
  0.00452361  0.0214502  -0.00203529  0.03196902  0.02498116  0.02931697
 -0.00622311  0.0240229  -0.02300542 -0.0247803  -0.00081996  0.01582443
  0.01073616 -0.00234882 -0.02061909]
[ 0.00405668 -0.00026042  0.00221195  0.00049446  0.00482228  0.00049768
 -0.00265378 -0.00749676 -0.00250639  0.00148903  0.00546457 -0.00155098
 -0.00188718  0.00028165  0.00315636  0.00484635 -0.01121774 -0.00274795
  0.00233876 -0.0132739   0.0022836 ]
[ 0.01216506 -0.00244796  0.01175836  0.03071234  0.00709775  0.00868782
  0.0056337   0.00297502 -0.00061241 -0.00332523 -0.02716136  0.00149775
  0.00109271  0.01443802 -0.00572638 -0.00695832  0.00851462  0.01871763
  0.00756644 -0.00170952  0.01200389]
[ 0.01281194  0.00220588 -0.00997352  0.00076398  0.00841829  0.0149506
 -0.00714731 -0.01133935  0.01016033 -0.01022011  0.01351457 -0.01222689
  0.01616787  0.00880983  0.00139896 -0.01326712 -0.01346422  0.01456778
  0.01986965 -0.0046691   0.00625793]
[ 0.03254941 -0.01998301  0.02411989 -0.02257374  0.00700249 -0.00031084
 -0.02147567 -0.00248364 -0.00171719  0.00358772 -0.00207599  0.01071824
  0.01419229 -0.00861777  0.00572358  0.01592073 -0.00408972 -0.05022577
  0.03214348 -0.00283034  0.00187931]
[ 0.00974413  0.03460583  0.00756246 -0.01216819 -0.00631049 -0.01076921
 -0.00200565  0.00942605 -0.00700643 -0.00053915 -0.01373444  0.00155215
 -0.00485683 -0.00585557 -0.00048977 -0.01329533 -0.00987622 -0.00299789
  0.00327341 -0.01012197  0.01214866]
[ 0.00479739 -0.00446345  0.00573545 -0.00625637  0.00106433 -0.0029824
  0.00252056 -0.0023943   0.00403789 -0.00245446 -0.00140317  0.00099338
  0.00073615 -0.00552771  0.00066994  0.00365922  0.00311193 -0.01138535
  0.01943255 -0.00395747 -0.00419519]
[ 0.0070391   0.00225152 -0.00787339  0.0056928   0.00480435 -0.00297703
 -0.00314683 -0.01158636  0.00408398 -0.00217597 -0.00134748 -0.01323662
  0.0020632   0.00996307 -0.00367389 -0.01064848 -0.00031875 -0.00991186
 -0.00083771  0.00696058 -0.01681105]
[  4.69379685e-03  -3.27948301e-03   4.88739079e-03   3.78021087e-04
  -4.75308838e-06  -1.83700186e-03  -1.68955908e-03   5.68391414e-03
   3.51713094e-03   3.98526410e-03  -3.62954134e-03  -2.92929049e-03
   1.16387065e-02   1.53321367e-03   4.70109919e-03  -6.20888781e-03
  -2.18866238e-03   1.90716041e-03  -6.26570611e-03  -9.14656972e-03
   7.11175643e-03]
[ 0.01163122 -0.01034723  0.00855812  0.00712058 -0.02452789 -0.01248603
 -0.02951339  0.00265357  0.01349507  0.00696754  0.00603894  0.0062549
  0.002178   -0.00746045  0.00877352 -0.01091383  0.00331444 -0.01912739
  0.0040529   0.01604464  0.01229612]
[ 0.01168878 -0.00302935 -0.02849423  0.00361583  0.00422644 -0.0109871
  0.00401907  0.00844268  0.00473279  0.0035403  -0.00993338 -0.00109341
 -0.00438372 -0.02816931 -0.00292095  0.00897422 -0.0100099   0.00354816
 -0.00375077  0.0011566   0.00276251]
[ 0.00910971  0.00044511 -0.00720998 -0.01208864 -0.00294718  0.02073742
 -0.00581126  0.00712379 -0.00121329 -0.0161872  -0.00321026  0.00109512
 -0.00359328 -0.00124641  0.00702991 -0.00671255  0.01640976 -0.00178934
 -0.00598429 -0.01154259  0.00295751]
[  1.22669777e-02   8.25852871e-04  -6.56593024e-03   4.32821063e-03
   9.68637552e-03   7.69648045e-03  -2.53300860e-03   3.00940193e-03
   5.63296407e-04   6.71274866e-03   1.96275963e-02  -4.29677888e-03
   2.39339259e-03  -5.68556848e-03  -3.45271889e-03  -7.05908115e-03
   1.53601137e-03   1.29347207e-02   2.20429246e-02   5.45523621e-05
  -3.25793633e-03]
[ 0.02060552  0.06669838  0.00848315 -0.00467141 -0.00217252 -0.02456588
  0.00022213 -0.0176796   0.00997675 -0.00077814  0.01241554  0.01679983
  0.00731901 -0.00420487 -0.00104588  0.00315932  0.01108513  0.018369
 -0.00614434  0.00265143 -0.0020147 ]
[ 0.01793333 -0.0025821   0.01670266  0.01822457 -0.01506686  0.01452615
  0.04074965 -0.00084948 -0.00283954  0.0028721  -0.00123383 -0.01488319
  0.00233512 -0.00755936  0.01332167  0.00294672 -0.00058831  0.00314742
 -0.00988818  0.01277708 -0.00309168]
[ 0.0100148   0.00053256 -0.01208697 -0.00688302  0.00104172  0.02237634
 -0.00590737 -0.00170932  0.00948807 -0.01866704  0.00650661 -0.00176397
  0.01340265  0.00534727  0.00703427 -0.00760801  0.0002215   0.01608129
  0.00934864 -0.00343916  0.013332  ]
[ 0.00671682  0.00190291  0.00452989  0.00607541 -0.01055848  0.00773001
  0.01682367  0.00123543  0.00337375  0.00286898 -0.00157978 -0.00366982
 -0.0010888   0.00367092  0.01016504  0.008396   -0.00658211 -0.00482239
 -0.0115573   0.00864861 -0.01171099]
[ 0.00242336 -0.00148969  0.00059436  0.00494989 -0.00978489 -0.00267513
  0.00604472 -0.00065775 -0.01272859 -0.00986335  0.00549534 -0.001562
  0.00795259 -0.00184406 -0.00669899  0.00213059 -0.00284445  0.00163877
  0.00130155 -0.00219422 -0.00062543]
[ 0.01812619 -0.00291892 -0.02116195  0.01090267  0.00896167 -0.01152804
 -0.00561483 -0.01979635 -0.00076404 -0.0018509  -0.01179256 -0.02437692
 -0.00418347  0.01805837 -0.00569005 -0.0231227   0.00525824 -0.02562734
 -0.01291848  0.01003169 -0.02508101]
[ 0.00984277 -0.00534388 -0.00232499 -0.01097732  0.00136427 -0.00407318
 -0.00212853 -0.01216416 -0.01397962  0.00144444 -0.01094866 -0.00417867
 -0.01397854  0.00531443 -0.00480524 -0.01100639  0.01283623 -0.00875944
 -0.01912035  0.00091839 -0.00699093]
[ 0.02460201  0.01607564 -0.01848714  0.01569677  0.01315639 -0.00053434
 -0.00791045 -0.02925473  0.01884618 -0.00719756  0.0080857  -0.0253763
  0.01275322  0.0163312  -0.00675446 -0.01062846 -0.00715889 -0.00171055
  0.01247822  0.00944514 -0.02112099]
[  2.19204084e-03  -1.06171918e-03   1.47206413e-03  -1.00031998e-04
  -2.95007987e-03   2.16306254e-03   4.11288790e-03  -5.38356278e-04
   8.05522358e-06   7.51161765e-04   3.47123290e-04  -2.09744660e-05
  -1.62992731e-03  -8.27633601e-04   3.41558805e-03  -1.84500596e-03
  -3.14708118e-03   3.33935546e-03  -3.20576433e-03  -1.97610060e-03
  -7.15584948e-03]
[ 0.00522518 -0.00141152  0.0078794   0.0161568   0.01411733  0.00588586
 -0.00315584 -0.00131236 -0.00667726 -0.00699342 -0.01621398  0.02898791
  0.00642113 -0.01110501  0.00086767 -0.00562213 -0.00327754 -0.00286674
  0.00041584  0.00286043 -0.01074571]
[ 0.00895741 -0.00206175  0.0068212   0.01008348  0.00426528  0.00761303
  0.00563821  0.00012475 -0.00406435  0.00313714 -0.00128435 -0.00890235
  0.00072963  0.00297095 -0.00088671 -0.00489293 -0.00305563  0.00601145
  0.00249941 -0.00076433  0.00677334]
[  2.28159537e-02  -7.55552018e-03  -4.87298730e-02   6.84117856e-03
   4.09027371e-03  -2.38633142e-02   1.09667710e-02   1.94419528e-02
   4.03237885e-03   1.59164769e-02  -1.49399983e-02   7.54475304e-03
  -1.12520592e-02  -3.38361412e-02  -7.16164571e-03   2.08312189e-02
  -1.46246224e-02   2.17936402e-05  -5.37712921e-03  -1.34631785e-02
   1.22998870e-02]
[ 0.00667091 -0.00581959  0.00519522  0.01115648 -0.02686132 -0.00583911
 -0.02269774 -0.00141373  0.00813696 -0.00310106  0.00563899  0.0032466
 -0.010734   -0.00853901  0.00258188 -0.00671184 -0.00355765 -0.00408066
  0.00372687  0.01134477  0.00767028]
[ 0.01484865 -0.01474434  0.01882671 -0.01930704  0.00180943 -0.01299108
  0.02035877 -0.00904755  0.01741961 -0.01148779 -0.00460609 -0.00095194
 -0.00363705 -0.01564632 -0.00024053  0.00507497  0.01127215 -0.01181898
  0.04177726 -0.01002359 -0.01262   ]
[ 0.00416527 -0.0024168   0.0017182  -0.00247116  0.0031035  -0.00032435
 -0.00219181 -0.00767971 -0.00180531  0.00050502  0.00063182 -0.00254648
  0.00033397  0.00296648  0.00280506  0.00076045 -0.01303452 -0.00107535
 -0.00047042 -0.00710723  0.00163864]
[ 0.01329739 -0.00242206  0.01332883  0.00989305  0.01551349  0.00959359
  0.0038501   0.00775876 -0.01470095  0.00713252  0.02872328 -0.01299338
 -0.01357299 -0.01874985  0.00509549  0.005921    0.01160106 -0.00060293
 -0.01832949  0.00719203  0.01189952]
[  7.24985086e-03  -6.00323662e-05   2.86976178e-03   2.05475229e-02
  -2.65607599e-03   4.04842705e-03   1.44355153e-03  -3.31416738e-03
   4.71854277e-03  -1.22318843e-04  -1.29511048e-02  -5.35035797e-03
  -1.01783939e-02   1.75783880e-02  -6.76232198e-03   4.06327408e-03
   1.22788477e-02   6.02568214e-03   9.46508895e-03  -7.66604275e-03
   8.45443591e-03]
[  4.45236544e-03  -1.65949364e-03  -4.07637754e-03  -7.35422799e-04
   2.02218705e-03  -3.33972509e-03  -1.70072097e-03  -7.38484360e-03
  -4.12290780e-03   2.33490667e-05  -5.83515243e-03  -6.79348358e-03
  -5.56863113e-03   6.18841495e-03  -3.07893598e-03  -9.90906662e-03
   6.42770077e-03  -1.08196757e-02  -1.16273530e-02   3.41212448e-03
  -1.06033377e-02]
[ 0.01602252 -0.00826116  0.01606538  0.00552421  0.02424123 -0.00385726
 -0.00531812  0.00072707 -0.0059499  -0.00900955  0.01560095  0.00228833
 -0.00451855 -0.00659381  0.00746999  0.00449298 -0.01978941 -0.00582015
 -0.03405587  0.00025856  0.0122444 ]
[ 0.00431877 -0.00227213  0.00517485 -0.00396289  0.0003884  -0.00043219
 -0.00931804  0.00486965 -0.00350834  0.00621861 -0.00667909 -0.00826831
  0.0115312  -0.00222976 -0.00245936  0.01341731 -0.00022957  0.0063943
  0.0057475   0.00535276 -0.01165384]
[ 0.00580601 -0.00330069 -0.00273696 -0.00278419 -0.00135388 -0.00119289
  0.00333995  0.0093662   0.00045135  0.01413454  0.00986208  0.01386245
 -0.00071506  0.01157117 -0.00911762 -0.01041306 -0.0014727   0.00632875
  0.00550692 -0.0032457  -0.01005919]
[ 0.03131337 -0.00108212 -0.03668401 -0.02829663 -0.00912222  0.059477
 -0.01024034  0.01163512  0.0170435  -0.04736139  0.00041738  0.01345833
  0.01512548  0.00205827  0.01803931 -0.00044454  0.02161593  0.01765064
 -0.00840732 -0.00094207  0.0217287 ]
[ 0.00430611  0.00017076 -0.00434526  0.00709496 -0.00205276 -0.00113783
  0.00313679  0.00253168  0.00404411  0.00542465 -0.00519897  0.00084528
 -0.0089036   0.0051334  -0.00612347  0.01511543  0.00055568 -0.00559546
  0.00157666 -0.0156342   0.00918388]
[ 0.0207605  -0.01577685  0.01290116 -0.02170613  0.00742619 -0.00772991
 -0.00745005 -0.02708343 -0.01614879  0.00185406 -0.00453775  0.00361441
 -0.01496216  0.00308193  0.01967667  0.01562852 -0.01749823  0.00764391
  0.00256428 -0.01665246 -0.00444962]
[  1.03924931e-03  -1.00243822e-03   1.14558225e-03   1.14462250e-03
  -3.05914095e-03  -1.31809982e-03  -4.74256211e-03  -2.02625763e-05
   2.38993584e-03   2.86820486e-03  -1.26143952e-03  -1.40901053e-03
   5.48462503e-03  -1.81646525e-03   2.29106906e-03   1.54581517e-03
   6.17137512e-03   3.43914719e-03  -5.98857421e-03  -8.70351851e-03
  -2.86059582e-03]
[ 0.01909372  0.01284499  0.0080851   0.01994049  0.02104874  0.00666805
 -0.00696508 -0.01099671 -0.00476854  0.00646421  0.02954845  0.00155441
 -0.0085598  -0.01131304  0.00023846  0.01525429  0.0177515  -0.00399108
  0.00845303 -0.00643008 -0.0012415 ]
[ 0.00699799 -0.00041449 -0.01200019  0.00220262  0.0048289   0.00028119
 -0.0006832   0.001931    0.00258354  0.00023363  0.00334674 -0.00454077
  0.00119883 -0.01203479 -0.00106368 -0.00327957 -0.0012885   0.00819113
  0.00915953  0.00633025 -0.0044647 ]
[ 0.0220665  -0.0034583   0.01389543  0.0023785   0.0171385   0.01675557
 -0.00552047  0.02364055 -0.02309201  0.01934496  0.0286134  -0.01945407
 -0.01465769 -0.01303374 -0.00667993 -0.00640726  0.0192539   0.00531501
  0.01276508  0.00357667  0.00142378]
[ 0.00532251 -0.00693214  0.00979916 -0.00778794  0.00666439 -0.01574113
  0.00916491  0.00671855  0.01756017 -0.02109873  0.00174163 -0.00259721
 -0.00555627  0.00047435 -0.00353348  0.00575339  0.0072881   0.00035548
  0.00916189 -0.00496754 -0.00949795]
[  2.47974606e-02  -1.29620068e-02  -3.34772415e-02   1.65357541e-04
   7.90152842e-05  -3.63538202e-02   5.24710730e-03   3.68896264e-03
  -2.89093104e-02   2.82109544e-03  -4.77683400e-03   6.72175029e-03
   1.25714240e-03   1.45843972e-02   1.88748047e-02  -8.65303364e-03
   1.56797246e-02  -8.52587208e-03  -6.28206953e-03   1.17172418e-02
   9.39610932e-04]
[ 0.01063125 -0.00538228  0.00038478 -0.00987738 -0.01365313  0.01243788
 -0.00535564 -0.00495248 -0.00429073 -0.01389905 -0.00022638  0.00544579
 -0.01923692 -0.00488827 -0.00094069 -0.00329661 -0.00592271  0.01925196
 -0.00563538 -0.01410624 -0.01583004]
[ 0.00131194 -0.00111058  0.00127573  0.00052328 -0.00173125 -0.00088936
 -0.00151622  0.0010703   0.0023686   0.00308977 -0.00100283 -0.0011003
  0.00624391 -0.00083071  0.00322988 -0.00235562  0.00232113  0.00188721
 -0.00565414 -0.00873887  0.00050547]
[  3.59772254e-03  -2.56258018e-03  -5.16099040e-03   2.80438916e-03
  -5.75447646e-03  -1.01858231e-02   5.79537495e-03   4.13473942e-04
  -1.92366553e-02  -8.76769143e-03   4.42037784e-03   4.61213383e-04
   1.46434600e-02   3.99554329e-03  -4.49228010e-03  -7.88807578e-05
   8.97496707e-03  -6.91343918e-03   1.35211228e-03  -4.57771762e-03
   4.31338400e-03]
[ 0.00788874  0.00100826  0.0096099  -0.00240641  0.00469377  0.00215178
 -0.00879599  0.02307794 -0.01082793  0.00686081 -0.0117919  -0.02194613
  0.00779461  0.00184131 -0.00550051  0.00368339 -0.00767931  0.01172297
  0.01152034  0.01381398 -0.00210915]
[ 0.01340149  0.02557913  0.00859365 -0.01522555 -0.00769652  0.00496161
 -0.00265122  0.02532116 -0.01583339  0.0001183  -0.02338599 -0.01379671
 -0.00988342  0.00092997  0.00082945 -0.00768746 -0.01295223 -0.02097315
  0.0068639  -0.00150169 -0.00011934]
[ 0.004956   -0.00125136 -0.01054241  0.00456879 -0.00012713 -0.00555271
  0.00389503  0.00550414  0.00298447  0.00649864 -0.00630841  0.00229759
 -0.00817605 -0.00577411 -0.00573923  0.01550765 -0.00405039 -0.00397097
 -0.00055993 -0.0160202   0.01098332]
[ 0.00572358 -0.00718439  0.01040803 -0.00549311  0.00981041 -0.01893687
  0.00615132  0.01293675  0.01842572 -0.02486268  0.00398564 -0.0030303
 -0.00547653  0.00617693 -0.00402675  0.00466647  0.00350621  0.00459827
 -0.00598689 -0.00122597 -0.00456427]
[ 0.00762369  0.00208689 -0.00223626  0.00557097 -0.0080844   0.00419282
  0.0094998   0.00622445  0.00458703  0.00783672 -0.00089508  0.00534788
 -0.00760161  0.01351641 -0.00334963  0.01750995 -0.00413065 -0.00723513
 -0.00311401 -0.00586244 -0.00144654]
[ 0.00224873 -0.00190669  0.00228282 -0.00085007 -0.00253617 -0.00028577
  0.00637114 -0.00186935  0.00336847  0.00407419 -0.00122269 -0.0013137
  0.00435346 -0.0050167   0.00331712 -0.00763946  0.00158045 -0.00031821
  0.00074505 -0.00131093  0.00535673]
[ 0.00643713 -0.00431425  0.00371042  0.00935676 -0.02702941  0.0010298
 -0.0087023  -0.00262689 -0.00225195 -0.01280857  0.00623396  0.00224586
 -0.01598452 -0.00694048 -0.00430449  0.00082715 -0.017123    0.01196265
  0.00055311  0.00483769 -0.00686427]
[  1.97481039e-03  -1.47895348e-03   1.05453788e-03   4.31329539e-03
  -1.08054575e-02  -8.76689930e-04   3.09078169e-04  -1.01157648e-03
  -6.45913439e-03  -8.29745292e-03   4.47147133e-03  -9.11586503e-05
  -9.77596003e-04  -3.27453811e-03  -5.16027894e-03   1.50501212e-03
  -8.29145655e-03   5.67416411e-03   1.07565750e-03   5.13127643e-04
  -3.25107562e-03]
[ 0.00884429 -0.00533456  0.01021878  0.00085627 -0.00869144  0.00228387
  0.0263543  -0.00406869  0.00815025  0.0053881  -0.00289812 -0.00720298
  0.00672764 -0.01279618  0.01364947 -0.00877562  0.001406   -0.00354235
  0.00395934  0.00055025 -0.00408843]
[ 0.01483758 -0.00631995  0.00293568 -0.01819137 -0.00167925  0.0137947
 -0.0059443  -0.00494902  0.00314772  0.00097514 -0.00260912  0.01435741
  0.01538522  0.00842556 -0.00965051  0.02278627 -0.00120306 -0.02367707
  0.00184838  0.01615717  0.01628616]
[ 0.02282052  0.02397059  0.00324637 -0.00125077 -0.01605099  0.01975488
  0.02152636  0.00954717  0.00681855  0.00246986 -0.00153249  0.00413298
  0.00277326  0.02040061  0.00961519  0.03230122 -0.0032393  -0.02558493
 -0.01692098  0.02368766 -0.01227222]
[ 0.01035779 -0.00897081  0.00564642 -0.01662538 -0.00289458  0.00040136
  0.00333116 -0.01245682 -0.00079496  0.00512334 -0.00258751  0.00873498
 -0.00854609  0.00048346 -0.02301687 -0.00102576  0.00094154  0.01517492
  0.00289446  0.00143178 -0.00291333]
[ 0.00433398 -0.00065866  0.00064386 -0.00613895 -0.00382946  0.00713706
 -0.00362889  0.00157257 -0.00532071 -0.00600477 -0.00243321 -0.00043992
 -0.01192312 -0.00290567  0.00048562 -0.00578244  0.00383035  0.00121605
 -0.00411697 -0.01348398 -0.01035982]
[ 0.00318912 -0.00074266  0.0010806   0.00028394  0.00384188  0.00076754
 -0.00220305 -0.00683664 -0.00081755  0.00090177  0.00367498 -0.00339022
  0.00129001  0.00227433  0.00138676  0.00113413 -0.01530314 -0.00385
  0.00068592 -0.01198926  0.00367045]
[ 0.01230974 -0.01093756  0.01536991 -0.00076212  0.01645949 -0.02291237
 -0.00165769  0.02288117  0.0140048  -0.02292389  0.00693946 -0.00228164
 -0.00141595  0.01378579 -0.00177478 -0.00185316 -0.0084133   0.00859404
 -0.03145132  0.00830513  0.01169283]
[ 0.01232792  0.00166114  0.01008364  0.01042632  0.01669713  0.01035147
 -0.00174529  0.00602076 -0.01449441  0.01069579  0.03215321 -0.01157272
 -0.01500384 -0.01875095  0.00098744  0.00767737  0.02203868 -0.00031665
 -0.00399986  0.00329519  0.00832493]
[  4.60306506e-03  -1.26324123e-03   6.84441866e-03   1.69387718e-02
   1.04068764e-02   5.94876154e-03  -6.78363124e-04  -1.25746490e-04
  -4.78013794e-03  -5.83920404e-03  -1.92094121e-02   2.21293809e-02
   5.44395290e-03  -4.57566286e-03  -1.08481124e-03  -7.11798120e-03
  -5.23282147e-05   4.02670128e-03   3.24860837e-03   2.21792772e-03
  -6.30193433e-03]
[ 0.00665895 -0.00555053  0.00852921 -0.00443866 -0.0054038  -0.00025125
  0.02108477 -0.00945483  0.00627549  0.00535267 -0.00604078 -0.00522718
  0.00373652 -0.01541041  0.00236359 -0.0110586   0.00900042  0.00228117
  0.0063067   0.00505688  0.01135315]
[  2.21935957e-03  -1.64434883e-03   8.73654097e-04  -1.80655357e-03
  -4.79873376e-04  -1.49864213e-04   1.07151441e-03  -1.46397344e-04
  -1.11763979e-03   2.82425329e-03   1.81167283e-03   2.63622760e-03
  -2.13101319e-03   2.06613415e-03   5.35541478e-04  -1.86318475e-03
  -2.77157646e-03   3.65854857e-03   2.38946634e-05  -2.54980964e-03
  -5.80889427e-03]
[ 0.02996427  0.06187774  0.00388114  0.00844981  0.0048609  -0.01053833
  0.00264343 -0.02677912  0.01676003  0.00013463  0.02661303  0.00773677
  0.01030333  0.007092    0.00041773  0.02185606  0.01746514  0.00517536
 -0.00539312  0.01833922 -0.02239515]
[ 0.00409971 -0.00152005  0.0036619   0.00173331 -0.00645121  0.00297989
  0.01233921 -0.00026077  0.00432237  0.00480438 -0.00061478 -0.00261037
  0.00366653 -0.00269192  0.01074694 -0.00414162 -0.00504311 -0.00222541
 -0.0065783  -0.00035175 -0.00867141]
[ 0.01221207 -0.00876468  0.00584294 -0.01837855  0.0004444   0.00423379
 -0.00461976 -0.02147375 -0.00228556  0.00870901 -0.00786365  0.00370634
  0.00685885  0.00412788 -0.02650076  0.01341016 -0.00682789  0.00543448
 -0.0090249   0.01155962  0.01232747]
[  2.08789241e-03  -1.62950241e-03  -2.02364254e-03   3.37990317e-03
  -6.88837441e-03  -6.35111494e-03   5.71460966e-03  -8.09366236e-05
  -1.63847095e-02  -9.57978574e-03   5.20506590e-03  -5.19310548e-04
   1.34246198e-02   1.53045857e-03  -6.72021671e-03   1.18770912e-03
   4.80188047e-03  -4.12022136e-03   1.92151610e-03  -5.08154346e-03
   3.00643336e-03]
[  2.05574193e-03  -2.08365239e-03   2.08849636e-03   4.95101945e-05
  -4.30150100e-03  -2.45889834e-03  -7.64405427e-03   2.76336677e-05
   2.02530387e-03   3.25119059e-03  -5.44650328e-04  -2.40552495e-04
   4.40693362e-03  -2.53338920e-03   1.22318511e-03   3.03362920e-03
   2.17559850e-03  -1.15930966e-03   1.81956081e-04   4.16099610e-03
  -2.34249621e-03]
[ 0.01416979  0.05501338  0.00940897 -0.01186581 -0.00611531 -0.02269539
 -0.00155274 -0.00232821 -0.00012755 -0.00096175 -0.00476732  0.01241419
  0.0001776  -0.00897504 -0.00127725 -0.01213363 -0.00267598  0.01164186
 -0.00119315 -0.01051969  0.01383285]
[ 0.00590992 -0.0040625   0.00383027  0.01128921 -0.0173892  -0.00557619
 -0.01989057 -0.00189395  0.00987785  0.00230506  0.00076931 -0.00013079
 -0.00398105 -0.00293664  0.00303115 -0.00468637  0.0095274  -0.00578138
  0.00208014  0.00083369  0.00940612]
[ 0.00359333 -0.00361641  0.00360982 -0.00657406 -0.00161566 -0.00035718
  0.00721202 -0.0106414  -0.00045242  0.00448708 -0.00604886 -0.00091555
 -0.00191684 -0.00623945 -0.00856383 -0.00446366  0.0062486   0.00723566
 -0.00395777  0.00784022  0.01230223]
[ 0.00420249 -0.00379414 -0.00153365 -0.004428    0.00159581 -0.00862771
 -0.00084832 -0.00650498 -0.01174312  0.00134449 -0.00301668  0.00382529
 -0.00754583  0.01055642  0.02945225  0.00706768  0.00096101  0.01273615
  0.00865522  0.00391644  0.00397883]

Right eigenvectors

[ 1.         -0.80549351  0.25449989 -0.19825144 -0.03912448 -1.32344398
 -0.65853664  1.02765851  0.21961792  0.17586404  0.69615678  0.82281047
  0.03941496  0.87155237  0.03228903 -0.85777576  0.00634268 -0.5883542
 -0.51964012  0.92369701  0.33448327]
[ 1.          0.07549839 -0.5825427  -0.86052993 -0.45423187  1.53445559
  0.14481032  0.49988364  0.53005924 -0.41121134  0.14487089  1.05372309
  0.80959337  0.90913382  0.14733496  1.02271908  0.34491579 -0.74138856
 -0.39789666  0.84537059  0.65798699]
[ 1.         -1.03985161  1.29505481 -0.26245108 -2.05093077 -1.10099917
 -4.98049701 -0.35462337  1.15727391  3.39339972 -2.11670047 -2.04426436
  6.97045791 -2.10093682  1.1207696   5.56513446  6.03071336  5.53550153
 -5.65020615 -7.15476814 -6.9420638 ]
[ 1.         -0.120671   -1.97918512  0.17683162  0.36532126 -0.32062919
  0.01128807  0.16058101  0.36910582 -0.28473981 -0.44553137 -0.43835206
  0.04558191 -1.30261002  0.02939944 -0.06704663 -0.21871169  0.29317743
 -0.06971697  0.66729499 -0.31083335]
[ 1.          0.17452923  0.19821186 -1.21778598 -0.16443099  1.20516616
 -0.66422988  0.83942322 -1.1805692  -0.59779454 -0.64171734 -0.53425141
 -1.46072628 -0.32778108  0.18658092 -1.06371658  1.25705215 -1.23062338
 -0.38278378 -1.55847276 -0.78567869]
[ 1.         -0.36892687 -0.72415315 -0.20830502 -0.28245372 -0.04687953
  0.57345783  1.06575246  0.22464115  1.46497661  0.81305412  1.3759449
  0.20894801  0.9782572  -0.48334169 -0.57274969 -0.21215825  0.18629313
  0.3020124  -0.40039174 -0.45239697]
[ 1.         -0.85758315  1.08578265 -1.10120135 -0.58934451 -0.46846275
 -2.80226543 -0.40330013 -0.26351061  1.89104277 -1.47305862 -1.22544836
  3.28456542 -0.84415091 -0.4594936   4.08288674  0.98646443  2.30343243
 -0.53641763  0.12888149 -3.50994647]
[ 1.         -0.89625668  0.57979171 -1.86139045 -0.0487582  -0.09282538
  0.33985808 -2.4535326  -0.72001744  0.84044592 -1.19852509  0.22707849
 -0.85402684 -0.19261752 -2.38164289 -0.0656702   0.56866719  1.38564996
 -1.42730654  1.18077407  1.50030361]
[ 1.         -0.19864378  1.08295177  1.2252486   1.85126411  0.39172143
 -0.67343415 -0.30436627 -0.7122806  -0.54866212 -0.09354282  2.29191898
  0.3172391  -1.43282732  0.38279358  0.26296578 -0.57865776 -1.27663858
 -0.55096116  0.0568382  -0.57733942]
[ 1.          1.31010608  1.05701172 -1.00945247 -0.08815053  0.45404263
 -0.84292751  3.36471037 -1.86789409  0.57803133 -2.53351284 -2.86220992
  0.01981642  0.24346932 -0.47727679 -0.22438965 -1.9431139  -0.4902829
  1.95430111  1.49075015 -0.26269167]
[ 1.         -0.80111261 -1.07299736 -0.61471413  0.22906214 -2.39691076
  0.03521272 -0.8880257  -2.80852447  0.31254747 -0.66541727  0.8947893
 -1.33164492  2.52273668  6.38668731  1.04579426  0.90199952  2.40637084
  1.67345391  1.45469446  0.97236969]
[ 1.         -0.48718777  1.33963402  0.7328107   0.93523337 -0.54353187
 -0.38336847  2.29266273  0.19356379 -0.39506847 -1.42033362 -1.34585327
  1.19341707  1.32498111 -0.26966641 -0.59443009 -0.72764717  2.15274192
 -1.07250759  0.52385162  1.64726232]
[ 1.         -0.63754425  0.43744795  0.08102476 -0.89368045 -0.14513061
  0.85527093  0.25312525  1.08467174  1.58929076  0.19760191  0.0487315
  1.70806155 -0.27566222  1.29362083 -2.02743413 -0.63735079 -0.47601517
 -0.62364156 -1.29105837  0.49941975]
[ 1.          0.1052039  -0.04847538  2.14110506 -0.03830685  0.0722331
 -0.47311579 -0.72087194  0.70377804  0.14536382 -0.89970324 -0.79224226
 -0.97052595  1.59094145 -0.76386967  0.24727698  1.57388757 -0.16458312
  1.03334989 -0.97814533  0.817805  ]
[ 1.         -0.05522836  0.53470168  1.80702594 -2.09136287  0.89569198
  1.3957743   0.0342946   0.37707326 -0.08900591 -0.40132255 -0.33885878
 -1.65802301  1.16260945  0.06843471  1.64068469 -0.96446162  0.45952231
 -0.53413897  0.36079975 -0.83713709]
[ 1.         -0.28938414  0.12086177  0.03435315  0.73433602  0.2063421
 -0.3830488  -1.26289523  0.10904984  0.0727199   0.36093332 -0.84469367
  0.68499342  0.62961397 -0.09585728 -0.44380774 -2.15821707 -0.53760652
 -0.20034212 -0.79380849  0.51009035]
[ 1.         -0.61084215 -0.08626965 -0.52092863 -0.07511162 -0.24520738
  0.24773302  1.17470805 -0.11146122  1.75076481  1.36807892  1.60552708
 -0.34080508  1.31560004 -1.25987863 -1.35707904 -0.04490477  0.86661595
  0.58795955 -0.1286317  -1.12919253]
[ 1.         -0.06419611  0.54526156  0.12188688  1.18872679  0.12268189
 -0.65417558 -1.8480047  -0.61784154  0.36705759  1.34705518 -0.38232668
 -0.46520307  0.06942757  0.77806595  1.19466    -2.76525192 -0.67738921
  0.57652195 -3.27211003  0.56292319]
[ 1.         -0.20122898  0.9665686   2.5246358   0.5834539   0.71416191
  0.46310492  0.24455429 -0.05034181 -0.27334276 -2.2327361   0.12311928
  0.08982346  1.18684339 -0.47072374 -0.5719926   0.69992406  1.53863908
  0.62198107 -0.14052726  0.98675122]
[ 1.          0.17217371 -0.77845529  0.0596307   0.65706606  1.16692685
 -0.55786323 -0.88506106  0.79303587 -0.79770208  1.05484159 -0.9543354
  1.26193792  0.68762652  0.10919207 -1.03552781 -1.05091213  1.13704743
  1.55086988 -0.36443368  0.48844532]
[ 1.         -0.61392841  0.74102387 -0.69352218  0.2151341  -0.00954967
 -0.65978668 -0.07630364 -0.05275639  0.11022386 -0.06377964  0.32929146
  0.43602309 -0.26475969  0.17584273  0.48912516 -0.12564639 -1.54306259
  0.98752892 -0.08695533  0.05773712]
[ 1.          3.55145286  0.77610433 -1.24877094 -0.64761992 -1.10519999
 -0.20583204  0.9673561  -0.71904094 -0.05533042 -1.40950898  0.15929089
 -0.49843587 -0.60093334 -0.05026328 -1.36444424 -1.01355583 -0.30766066
  0.33593604 -1.03877615  1.24676627]
[ 1.         -0.93039115  1.1955339  -1.30411826  0.22185633 -0.62167112
  0.52540267 -0.49908377  0.84168395 -0.51162349 -0.29248502  0.207067
  0.15344809 -1.15223094  0.13964609  0.76275199  0.64867144 -2.37323593
  4.05064657 -0.8249198  -0.87447196]
[ 1.          0.31985957 -1.1185219   0.80873945  0.68252291 -0.42292802
 -0.44704918 -1.64599979  0.58018483 -0.30912574 -0.19142711 -1.88044138
  0.29310582  1.41538884 -0.52192522 -1.51276093 -0.04528242 -1.40811376
 -0.11900865  0.98884412 -2.38823703]
[  1.00000000e+00  -6.98684481e-01   1.04124464e+00   8.05363120e-02
  -1.01263189e-03  -3.91367994e-01  -3.59955732e-01   1.21094166e+00
   7.49314692e-01   8.49049124e-01  -7.73263406e-01  -6.24076966e-01
   2.47959314e+00   3.26646789e-01   1.00155574e+00  -1.32278580e+00
  -4.66288263e-01   4.06315074e-01  -1.33489077e+00  -1.94865053e+00
   1.51513938e+00]
[ 1.         -0.88960763  0.73578886  0.61219568 -2.10879711 -1.07349253
 -2.53742803  0.22814225  1.16024527  0.59903745  0.51920083  0.53776778
  0.18725428 -0.64141566  0.75430798 -0.93832139  0.28496082 -1.64448625
  0.34844998  1.37944529  1.05716504]
[ 1.         -0.25916713 -2.43774157  0.30934161  0.36158049 -0.93996975
  0.34384013  0.72228919  0.40490027  0.30287984 -0.84982206 -0.09354346
 -0.37503623 -2.40994455 -0.24989364  0.76776385 -0.85636844  0.30355281
 -0.32088657  0.09894973  0.23633839]
[ 1.          0.04886083 -0.7914604  -1.32700606 -0.3235209   2.27640803
 -0.63791962  0.78199905 -0.13318682 -1.77691619 -0.35240017  0.12021429
 -0.39444508 -0.13682163  0.77169403 -0.73685669  1.80134812 -0.19642099
 -0.65691258 -1.26706387  0.32465499]
[ 1.          0.06732326 -0.53525248  0.35283431  0.78963016  0.62741456
 -0.20649003  0.24532546  0.04591974  0.54722107  1.60003521 -0.35027201
  0.19510858 -0.46348568 -0.28146451 -0.57545398  0.12521514  1.05443419
  1.79693199  0.00444709 -0.2655859 ]
[ 1.          3.23691861  0.4116931  -0.22670684 -0.10543399 -1.19219912
  0.01078004 -0.8580035   0.48417882 -0.0377638   0.60253494  0.81530762
  0.35519675 -0.20406508 -0.0507573   0.15332422  0.53796919  0.89146031
 -0.29818912  0.12867579 -0.0977747 ]
[ 1.         -0.14398353  0.93137561  1.01624025 -0.84015971  0.81000849
  2.27228589 -0.04736897 -0.15833874  0.16015409 -0.06880119 -0.82991787
  0.13021139 -0.42152595  0.74284451  0.16431518 -0.0328053   0.17550671
 -0.55138595  0.71247687 -0.1723986 ]
[ 1.          0.0531773  -1.20691041 -0.68728431  0.10401767  2.23432728
 -0.58986352 -0.17067926  0.94740439 -1.86394468  0.64969923 -0.1761366
  1.33828394  0.53393669  0.70238725 -0.75967687  0.02211705  1.60575187
  0.93348225 -0.34340721  1.33123005]
[ 1.          0.28330527  0.6744099   0.90450783 -1.57194746  1.150844
  2.50470909  0.18393068  0.50228399  0.42713451 -0.2351979  -0.54636328
 -0.16210093  0.54652714  1.51337179  1.24999674 -0.9799449  -0.71795741
 -1.72065146  1.28760534 -1.74353171]
[ 1.         -0.61472011  0.24526401  2.04257122 -4.03772928 -1.10389291
  2.49435275 -0.27142232 -5.25244651 -4.07010666  2.26764885 -0.64455737
  3.28163247 -0.76095105 -2.76433616  0.87918552 -1.17376073  0.67623867
  0.5370837  -0.90544492 -0.25808174]
[ 1.         -0.16103345 -1.16747928  0.60148711  0.4944047  -0.63598775
 -0.3097635  -1.0921405  -0.04215129 -0.10211207 -0.65058126 -1.34484492
 -0.230797    0.99625852 -0.31391319 -1.27565148  0.29009093 -1.41382919
 -0.71269673  0.55343634 -1.38368904]
[ 1.         -0.5429237  -0.23621286 -1.11526702  0.13860646 -0.41382427
 -0.21625331 -1.23584657 -1.42029275  0.14675173 -1.11235464 -0.42454166
 -1.42018255  0.53993255 -0.48819946 -1.11822054  1.30412679 -0.88993558
 -1.94257703  0.09330631 -0.71026059]
[ 1.          0.65342803 -0.75144839  0.63802805  0.53476904 -0.02171941
 -0.32153689 -1.18911957  0.76604227 -0.29255986  0.32866034 -1.03147283
  0.51838114  0.6638157  -0.27454921 -0.43201595 -0.29098822 -0.06952868
  0.5072032   0.38391756 -0.85850683]
[ 1.         -0.48435191  0.67154959 -0.04563419 -1.34581428  0.98678022
  1.87628251 -0.24559592  0.00367476  0.3426769   0.15835621 -0.00956846
 -0.74356612 -0.37756304  1.55817719 -0.84168412 -1.43568547  1.5234002
 -1.46245647 -0.90148895 -3.26446904]
[ 1.         -0.27013825  1.50796731  3.09210293  2.70178849  1.12644153
 -0.60396776 -0.25116001 -1.27789978 -1.33840738 -3.10304629  5.54773288
  1.22888143 -2.12528686  0.16605531 -1.0759688  -0.62725913 -0.54863893
  0.07958305  0.54743178 -2.05652316]
[ 1.         -0.23017218  0.76151471  1.12571397  0.47617372  0.84991478
  0.62944651  0.01392691 -0.45374138  0.35022875 -0.14338414 -0.99385332
  0.08145545  0.3316754  -0.09899174 -0.54624343 -0.34112905  0.67111519
  0.27903278 -0.08532981  0.75617198]
[  1.00000000e+00  -3.31150750e-01  -2.13578067e+00   2.99841885e-01
   1.79272529e-01  -1.04590475e+00   4.80662396e-01   8.52120977e-01
   1.76735056e-01   6.97602961e-01  -6.54804903e-01   3.30678837e-01
  -4.93166288e-01  -1.48300359e+00  -3.13887634e-01   9.13011097e-01
  -6.40982298e-01   9.55193040e-04  -2.35674094e-01  -5.90077394e-01
   5.39091511e-01]
[ 1.         -0.87238324  0.7787879   1.6724082  -4.02663541 -0.87530955
 -3.40249593 -0.21192425  1.21976726 -0.46486277  0.8453111   0.48668075
 -1.60907547 -1.28003664  0.38703566 -1.00613541 -0.53330824 -0.61171025
  0.55867524  1.70063303  1.14981017]
[ 1.         -0.9929752   1.2679071  -1.3002553   0.12185836 -0.87489919
  1.37108522 -0.60931797  1.17314432 -0.77365855 -0.31020286 -0.06410932
 -0.24494115 -1.05371948 -0.01619883  0.34177963  0.75913602 -0.7959634
  2.81353848 -0.67505067 -0.84990898]
[ 1.         -0.58022493  0.41250605 -0.59327568  0.74508821 -0.07787115
 -0.52620948 -1.84374793 -0.43341916  0.12124647  0.15168871 -0.61135958
  0.08017895  0.71219296  0.67343845  0.18256881 -3.12933028 -0.25816989
 -0.11293902 -1.70630669  0.39340409]
[ 1.         -0.1821453   1.00236441  0.74398412  1.16665629  0.72146379
  0.28953826  0.58347998 -1.10555099  0.53638513  2.16006875 -0.97713709
 -1.02072576 -1.41003936  0.38319431  0.44527528  0.87243084 -0.04534215
 -1.37842725  0.54086031  0.8948759 ]
[ 1.         -0.0082805   0.39583735  2.83419939 -0.36636285  0.55841522
  0.19911465 -0.45713594  0.65084687 -0.01687191 -1.78639602 -0.73799559
 -1.40394527  2.42465512 -0.93275325  0.56046313  1.69366901  0.83114567
  1.30555637 -1.05740696  1.16615308]
[ 1.         -0.3727218  -0.91555323 -0.16517575  0.45418263 -0.7501013
 -0.38198144 -1.65863375 -0.92600391  0.00524419 -1.31057356 -1.52581446
 -1.25071295  1.38991622 -0.69152814 -2.22557352  1.44365975 -2.43009606
 -2.61150015  0.76636218 -2.3815066 ]
[ 1.         -0.5155969   1.00267499  0.34477781  1.51294762 -0.24073994
 -0.33191506  0.04537783 -0.37134593 -0.56230556  0.97368874  0.14281979
 -0.28201248 -0.41153376  0.46621841  0.28041661 -1.2350999  -0.36324834
 -2.12550013  0.01613735  0.76419959]
[ 1.         -0.5261066   1.19822396 -0.91759632  0.08993346 -0.10007268
 -2.15756801  1.12755528 -0.81234614  1.43990325 -1.54652604 -1.91450612
  2.67001867 -0.51629522 -0.56945758  3.1067421  -0.05315611  1.48058421
  1.33081878  1.23941658 -2.69841685]
[ 1.         -0.56849473 -0.47140163 -0.47953521 -0.2331865  -0.20545703
  0.57525709  1.61318989  0.07773904  2.43446519  1.69859707  2.38760138
 -0.12315791  1.99296328 -1.57037566 -1.79349606 -0.25365152  1.09003388
  0.94848612 -0.55902341 -1.73254623]
[ 1.         -0.03455771 -1.17151251 -0.90365978 -0.29132023  1.89941228
 -0.3270277   0.37157022  0.54428816 -1.51249726  0.01332928  0.42979487
  0.48303593  0.06573124  0.57608955 -0.01419659  0.69030997  0.56367746
 -0.26848971 -0.03008537  0.69391134]
[ 1.          0.03965587 -1.00909329  1.64765117 -0.47670869 -0.26423604
  0.72845079  0.58792839  0.93915818  1.25975749 -1.20734893  0.19629879
 -2.06766855  1.19212084 -1.42204418  3.51023134  0.12904521 -1.29942393
  0.3661449  -3.63070408  2.13275651]
[ 1.         -0.75994549  0.62142833 -1.04554976  0.3577078  -0.37233725
 -0.35885679 -1.30456565 -0.77786145  0.08930726 -0.21857614  0.1741004
 -0.72070306  0.14845182  0.94779365  0.75280068 -0.84286172  0.36819507
  0.12351745 -0.80212252 -0.21433106]
[ 1.         -0.96457915  1.10231707  1.10139356 -2.94360643 -1.26831917
 -4.56344986 -0.01949732  2.29967518  2.75988142 -1.21379875 -1.35579646
  5.2774873  -1.74786284  2.2045423   1.4874344   5.93830092  3.30926099
 -5.76240384 -8.3748129  -2.75255975]
[ 1.          0.67273357  0.42344265  1.04434802  1.10239069  0.34922735
 -0.36478377 -0.57593329 -0.24974387  0.33855139  1.5475479   0.08140924
 -0.44830452 -0.59250044  0.01248891  0.79891644  0.92970326 -0.20902595
  0.44271227 -0.33676388 -0.06502127]
[ 1.         -0.05922949 -1.71480689  0.31475045  0.69004159  0.04018092
 -0.09762812  0.27593663  0.36918265  0.03338535  0.47824288 -0.64886831
  0.17131082 -1.71975004 -0.15199732 -0.46864437 -0.18412462  1.1704984
  1.30888033  0.90458183 -0.63799842]
[ 1.         -0.15672175  0.62970731  0.10778771  0.77667524  0.75932145
 -0.25017436  1.07133215 -1.04647379  0.8766665   1.29668959 -0.88161128
 -0.66425101 -0.59065732 -0.30271823 -0.29036126  0.87254007  0.24086336
  0.57848236  0.16208606  0.06452203]
[ 1.         -1.30241795  1.84107697 -1.46320681  1.252114   -2.95746105
  1.72191428  1.26228854  3.29922486 -3.9640536   0.32721851 -0.48796701
 -1.04391801  0.08912062 -0.66387443  1.08095437  1.36929637  0.06678773
  1.72134669 -0.93330763 -1.78448553]
[ 1.         -0.52271509 -1.350027    0.00666833  0.00318643 -1.46602996
  0.21159857  0.14876373 -1.16581737  0.1137655  -0.192634    0.27106607
  0.05069642  0.58814075  0.76115877 -0.34894838  0.6323117  -0.34382037
 -0.2533352   0.47251781  0.03789142]
[ 1.         -0.50626906  0.03619375 -0.92908845 -1.28424461  1.16993531
 -0.50376373 -0.46584137 -0.40359552 -1.30737657 -0.02129407  0.51224369
 -1.80946842 -0.45980212 -0.08848342 -0.31008695 -0.55710321  1.81088299
 -0.5300764  -1.32686462 -1.4890099 ]
[ 1.         -0.84651674  0.97239928  0.39885653 -1.31960966 -0.67789558
 -1.15570771  0.81581245  1.80541732  2.35511992 -0.76439029 -0.83867926
  4.75930485 -0.6331892   2.46191189 -1.79552283  1.76923486  1.43849317
 -4.30976366 -6.66103565  0.38528714]
[ 1.         -0.71227844 -1.43451596  0.77949012 -1.59947756 -2.83118638
  1.61084544  0.11492658 -5.34689796 -2.43701157  1.22866002  0.12819593
  4.07020271  1.11057572 -1.24864551 -0.02192519  2.49462458 -1.92161544
  0.3758245  -1.27239318  1.19892069]
[ 1.          0.12781052  1.21817923 -0.30504353  0.59499613  0.27276574
 -1.11500565  2.92542866 -1.37258125  0.86969654 -1.49477655 -2.78195698
  0.98806786  0.23341058 -0.69726128  0.46691816 -0.97345252  1.48603932
  1.46035283  1.75110138 -0.26736174]
[ 1.          1.90867816  0.6412457  -1.13610904 -0.57430365  0.37022798
 -0.19782996  1.8894287  -1.18146474  0.00882726 -1.74502953 -1.0294906
 -0.73748668  0.06939306  0.06189267 -0.5736275  -0.96647707 -1.56498651
  0.51217468 -0.11205372 -0.00890532]
[ 1.         -0.25249462 -2.12720006  0.92187051 -0.02565228 -1.12040137
  0.7859208   1.11060035  0.60219212  1.31126632 -1.27288248  0.46359769
 -1.64972604 -1.16507319 -1.15803499  3.12906377 -0.81726842 -0.80124408
 -0.11297988 -3.23248238  2.21616332]
[ 1.         -1.2552272   1.81844753 -0.95973262  1.71403425 -3.30857003
  1.07473214  2.26025537  3.21926415 -4.34390366  0.69635408 -0.52944204
 -0.95683587  1.0792081  -0.70353659  0.81530653  0.61258982  0.80339014
 -1.04600447 -0.21419653 -0.79744998]
[ 1.          0.27373771 -0.2933304   0.73074448 -1.0604307   0.54997177
  1.24608908  0.81646152  0.60168119  1.02794262 -0.11740818  0.70148198
 -0.99710309  1.77294829 -0.43937051  2.29678138 -0.54181746 -0.94903256
 -0.40846517 -0.768976   -0.18974296]
[ 1.         -0.84789439  1.01516119 -0.37802381 -1.12782366 -0.12708211
  2.83321606 -0.83129204  1.49794421  1.81177503 -0.54372261 -0.58419558
  1.93596562 -2.23090615  1.47510689 -3.3972325   0.70281731 -0.14150548
  0.33131986 -0.58296416  2.3821143 ]
[ 1.         -0.67021384  0.57640893  1.4535613  -4.19898569  0.15997749
 -1.35189096 -0.40808374 -0.34983743 -1.98979522  0.96843827  0.34889077
 -2.48317454 -1.07819456 -0.66869715  0.12849717 -2.66003634  1.85838348
  0.08592496  0.75152966 -1.0663553 ]
[ 1.         -0.74890911  0.5339945   2.18415673 -5.47164306 -0.44393626
  0.1565103  -0.5122398  -3.27076181 -4.20164537  2.2642535  -0.04616071
 -0.49503284 -1.65815317 -2.61305033  0.76210462 -4.19860894  2.87327034
  0.544689    0.25983641 -1.64627229]
[ 1.         -0.60316456  1.15540994  0.09681567 -0.9827172   0.25823058
  2.97980953 -0.46003613  0.92152643  0.60921837 -0.32768219 -0.81442204
  0.76067591 -1.44682986  1.54330905 -0.99223526  0.15897241 -0.40052361
  0.44767248  0.06221547 -0.46226821]
[ 1.         -0.42594183  0.19785412 -1.2260334  -0.11317563  0.92971339
 -0.4006247  -0.3335461   0.21214533  0.06572104 -0.17584525  0.96763771
  1.03690888  0.56785249 -0.65040973  1.53571313 -0.08108175 -1.59574962
  0.12457431  1.0889355   1.09762885]
[ 1.          1.05039619  0.14225673 -0.05480915 -0.70335759  0.86566312
  0.94328965  0.41835918  0.29879024  0.10822996 -0.06715401  0.18110788
  0.12152466  0.89395892  0.42133966  1.41544622 -0.14194678 -1.12113685
 -0.74148095  1.03799842 -0.53777137]
[ 1.         -0.86609261  0.5451369  -1.60510825 -0.27945869  0.03874955
  0.32160893 -1.20265232 -0.07675031  0.49463631 -0.24981284  0.8433245
 -0.82508748  0.04667565 -2.22217848 -0.09903284  0.09090125  1.46507266
  0.27944763  0.13823208 -0.28126891]
[ 1.         -0.15197587  0.14856061 -1.41647137 -0.8835906   1.64676932
 -0.83731163  0.36284709 -1.22767467 -1.3855111  -0.56142759 -0.10150504
 -2.75108164 -0.67044004  0.11204914 -1.33421109  0.88379515  0.28058615
 -0.94992982 -3.11122787 -2.39037331]
[ 1.         -0.23287169  0.3388386   0.08903459  1.20468491  0.24067472
 -0.69080316 -2.14373927 -0.25635756  0.28276434  1.15235134 -1.0630594
  0.40450216  0.71315241  0.43484266  0.3556235  -4.79854865 -1.20723171
  0.21508197 -3.75942641  1.15092951]
[ 1.         -0.8885295   1.24859756 -0.0619121   1.33711187 -1.86132084
 -0.13466474  1.8587863   1.13770072 -1.8622567   0.56373738 -0.1853526
 -0.11502668  1.11990907 -0.14417701 -0.15054409 -0.68346744  0.69814977
 -2.55499561  0.67467981  0.94988504]
[ 1.          0.13474643  0.8179519   0.84574863  1.35441643  0.83967686
 -0.1415718   0.48838389 -1.17573905  0.86760676  2.60816257 -0.93874123
 -1.21706203 -1.52101543  0.0800977   0.62276255  1.7877053  -0.02568525
 -0.32445547  0.26729461  0.67529071]
[ 1.         -0.2744348   1.48692633  3.67988972  2.260858    1.29234792
 -0.14737205 -0.02731799 -1.03846847 -1.26854693 -4.17317849  4.80753164
  1.18267998 -0.99404697 -0.2356715  -1.54635685 -0.01136812  0.87478696
  0.70574896  0.48183714 -1.36907349]
[ 1.         -0.83354511  1.28086462 -0.66657061 -0.81150962 -0.03773105
  3.16638279 -1.41986902  0.94241431  0.80383225 -0.90716765 -0.78498636
  0.56112727 -2.31424124  0.35495001 -1.66071371  1.35162876  0.34257243
  0.94710158  0.75941196  1.70494719]
[ 1.         -0.74091141  0.39365144 -0.81399769 -0.21622155 -0.06752588
  0.48280343 -0.06596378 -0.50358662  1.27255328  0.81630433  1.18783258
 -0.96019285  0.93095963  0.24130451 -0.8395146  -1.24881813  1.64847041
  0.01076647 -1.14889434 -2.61737411]
[ 1.          2.06505121  0.12952573  0.2819961   0.16222324 -0.35169659
  0.08821936 -0.89370181  0.55933399  0.00449293  0.88815904  0.25820004
  0.34385384  0.23668195  0.01394097  0.72940411  0.5828655   0.17271763
 -0.1799851   0.61203633 -0.74739521]
[ 1.         -0.37077087  0.89320843  0.42278912 -1.57357564  0.72685232
  3.00977332 -0.06360572  1.05431059  1.1718823  -0.1499566  -0.63672073
  0.89433762 -0.65661061  2.6213881  -1.01022188 -1.23011183 -0.54281964
 -1.6045756  -0.08579899 -2.11512456]
[ 1.         -0.71770631  0.4784558  -1.50494948  0.03639039  0.34668892
 -0.37829463 -1.75840344 -0.187156    0.71314774 -0.64392441  0.30349812
  0.56164474  0.33801598 -2.17004639  1.09810678 -0.55910979  0.4450085
 -0.73901459  0.9465731   1.00944933]
[ 1.         -0.78045325 -0.9692274   1.61881099 -3.29919989 -3.04187845
  2.73702306 -0.03876475 -7.84748746 -4.58825641  2.49297611 -0.24872476
  6.42974693  0.73301601 -3.21866044  0.56885552  2.29986969 -1.97338777
  0.92031375 -2.43381481  1.43993692]
[ 1.         -1.01357683  1.01593314  0.02408386 -2.09243239 -1.19611236
 -3.71839196  0.01344219  0.98519364  1.58151689 -0.264941   -0.11701493
  2.14371929 -1.23234788  0.59500908  1.47568581  1.05830331 -0.56393735
  0.08851115  2.02408485 -1.13948943]
[ 1.          3.88244189  0.66401662 -0.83740181 -0.43157368 -1.6016747
 -0.1095808  -0.16430823 -0.00900163 -0.06787314 -0.33644234  0.87610287
  0.01253366 -0.6333929  -0.0901389  -0.85630316 -0.18885078  0.82159705
 -0.08420375 -0.7424029   0.97622115]
[ 1.         -0.68740384  0.64810933  1.91021587 -2.94237646 -0.94353139
 -3.36562631 -0.32046971  1.67140307  0.39003261  0.13017219 -0.02213081
 -0.67362153 -0.49690127  0.51289228 -0.7929667   1.61210514 -0.97825096
  0.35197404  0.14106587  1.5915821 ]
[ 1.         -1.00642319  1.00458796 -1.82951773 -0.44962851 -0.09940003
  2.00705917 -2.96143053 -0.12590416  1.2487259  -1.68335685 -0.25479129
 -0.53344409 -1.73639751 -2.38325753 -1.24220796  1.73894405  2.0136369
 -1.10142071  2.18188162  3.42362975]
[ 1.         -0.9028316  -0.36493721 -1.05365993  0.37973044 -2.0529989
 -0.20186136 -1.54788793 -2.79432303  0.31992594 -0.71783063  0.91024395
 -1.79556104  2.51194399  7.00828407  1.68178451  0.2286759   3.03061902
  2.05954551  0.93193308  0.94677977]
