Cluster centers 

[-1.19802872  2.04249344  0.20842667 -0.8795247 ]
[ 0.83122348 -0.08588798 -0.30998871  0.82923529]
[-0.32729815 -1.37369859  0.63373044 -0.80816381]
[ 0.14078922  0.45427579 -0.12449159 -1.72585705]
[-1.03935825 -1.24243036 -1.36154484  0.31763863]
[-0.35017741  0.29656183  0.6617589   1.9603326 ]
[-1.60483757 -0.63563096  2.12151749  0.17187268]
[ 1.24690807 -0.27008636  1.15397528 -0.22263889]
[ 1.20582375  0.58526549 -0.86229539  0.19788871]
[ 1.79184786 -0.02053454  0.01687171 -1.04274163]
[-0.73057295 -0.14149847 -1.3374451  -0.48609383]
[ 0.99535727  2.67881759  0.61764713 -0.6505694 ]
[-1.57495272  1.68060728 -0.75416966 -0.04197163]
[-0.24178895 -1.08038955 -0.90881084 -0.82982236]
[-1.40150887  2.53341777  0.6009409  -0.85227843]
[ 0.53322104  0.07252966  0.98629569  0.90799454]
[-0.91021665 -1.17101899  1.10633741 -0.31775723]
[-1.63980926  0.68173722 -2.12239487  0.96512278]
[-0.90940186  0.31678506 -1.24893751 -0.42162234]
[ 0.04055274  0.04241702 -0.10527366  1.70876511]
[ 0.98282361 -0.14151332  0.17637901  0.52248054]
[ 0.50171562 -0.02232932 -0.82486659  1.30582655]
[ 0.36883956 -1.1067533  -0.37446494 -1.45550327]
[ 0.71396898  2.23704134 -0.36740496  0.22415906]
[ 1.5329981  -0.06268568 -0.2084296  -0.31148734]
[ 0.3391828  -1.35668451  0.802525   -1.37300221]
[-1.03812687 -1.34725351 -0.34247757  0.12354295]
[ 1.44456988  1.95699959  0.94546214 -1.70980272]
[-0.88952636  1.06293338 -0.54550021 -0.81861208]
[ 0.29628556  0.24765803  1.37529203  1.09785265]
[ 1.66056353 -0.57661136  0.922052   -1.10581328]
[ 0.73962007  1.34220804 -1.09297642  0.62419156]
[ 1.08821883 -0.05335684 -0.48692688  0.49679504]
[-1.13980946 -0.65802627  2.57475872 -0.39116802]
[-0.6669062   0.52481589  1.13132204  2.16719825]
[-0.49549695 -1.08856748  1.7751477  -0.81334637]
[ 1.48196644  0.6025296  -0.50235657 -0.35954545]
[-0.51784978  1.54855544  0.32581591 -1.47977672]
[-1.11132854 -0.18627718  3.76737415 -0.63626925]
[-0.87176155  0.99786024  2.26478808  2.12223454]
[ 0.41215256  0.009563    0.24267217  1.23862044]
[-0.94011862  0.17398704 -0.13636254  2.56603141]
[-1.3550693  -1.17046892  0.39294664  0.34150758]
[-0.71097249 -1.3180674  -0.966847   -0.19606285]
[ 0.76381697 -0.04193261  0.82042664  0.65312728]
[ 1.71622219 -0.31210794  0.25030641 -0.84140514]
[-0.05790014 -0.48955586 -0.81596368 -1.2182002 ]
[ 0.91925547 -0.06360437  1.37040979  0.24641741]
[-0.58021165  2.27798542  1.07628941 -1.69021624]
[ 0.0181501   0.14780391  0.44864575  1.63227206]
[ 0.84328629 -0.0209564  -0.68447508  0.86530836]
[-1.3011193  -1.2900688  -0.73710681  0.57045008]
[ 0.78170077 -0.34941236 -0.11452207 -1.96697269]
[-0.03252969  0.38741229  1.39043381  1.47460616]
[-1.1471161  -1.14288263  0.90931537 -0.02746402]
[-0.02565564  0.12618074 -0.4844473  -1.46252786]
[-1.18737288  0.89526429 -1.08737947 -0.2669279 ]
[-1.2329336   1.77602118 -0.15915324 -0.68776471]
[ 0.03333546 -1.15902016  1.75568687 -1.21364476]
[-0.33632232  0.13221003  0.01536497  2.05388905]
[ 0.75565787  0.54898894 -1.34983632  0.90410978]
[-1.57697081 -0.89420298  1.25972206  0.37285651]
[ 0.65775064  0.18138458  2.03794072  0.39145779]
[ 1.35266721  1.17672975 -0.39749272 -0.37915349]
[-0.4005234  -0.00594125 -0.9051684  -0.99581994]
[ 1.23010428 -0.17714425  0.01685118  0.18959256]
[-0.64256028 -1.31986838  0.68774885 -0.51024722]
[-0.57742778 -1.34381761 -0.80154421 -0.37976765]
[-0.18228152 -1.42528448  0.11576903 -0.89259111]
[-0.96353656 -1.01313329  1.64628503 -0.36931129]
[-0.82614919 -1.15708623 -1.37986531 -0.01439975]
[-1.19356302  1.16841075 -0.80706474 -0.41256089]
[-0.47142741  0.71620577 -0.43774196 -1.19959935]
[-1.33227558 -0.70276145  2.25248483 -0.14028479]
[ 0.38534636 -0.46639685 -0.43450492 -1.65167212]
[ 0.20637912 -1.38430083  0.06539145 -1.25540965]
[-1.55962014  2.85257722  0.84660281 -0.79970888]
[-1.48531472 -1.19828145 -0.22103433  0.68508378]
[ 0.3270063  -0.03526946 -0.54425871  1.47133094]
[ 0.34121959  0.08058825 -1.33753725  1.51321836]
[-0.92816104 -1.33271545 -0.97596549  0.09908512]
[-1.51719794  0.70655904 -1.81479407  0.55503383]
[ 1.00060816 -0.1342713   1.01199232  0.24839035]
[ 1.5503577  -0.59144925  1.2813826  -1.08687655]
[-0.79989446  0.7658345  -0.7343358  -0.80151978]
[-1.10321691  2.2670503   0.58945608 -1.11597409]
[ 1.03113062  0.19720556 -0.93923039  0.5942819 ]
[ 1.40984012  1.93644157  0.57725948 -1.23142071]
[ 0.76149124 -0.08938588  0.11540515  0.83748578]
[-0.50216492 -1.41517984 -0.34969456 -0.51176756]
[ 0.66048316  1.9142824  -0.74492721  0.4771986 ]
[-1.24712909  0.69715854 -1.3698834  -0.04086698]
[ 0.13265446 -1.24489457 -0.43540267 -1.20448689]
[ 1.51334038  1.1006462  -0.17047296 -0.73698566]
[ 0.41806638  0.57738932  0.15769942 -1.97704013]
[ 1.01967578  0.88601059 -1.0079679   0.39342474]
[ 1.42626948  0.07629244 -0.45200466 -0.08599868]
[-1.5368665   2.06253189 -0.19740766 -0.36889448]
[-0.56142437  1.25985836 -0.01012585 -1.31776606]
[ 0.86942176 -0.10414617  0.51909651  0.59269043]

Populations

0.010112382688
0.0138135563529
0.0119532467993
0.00507096232174
0.0178784430839
0.00458418664633
0.012960845357
0.00510450616009
0.00504905367353
0.0105471106586
0.0175902430113
0.00900173431262
0.0142700438153
0.0254542937206
0.00529372136099
0.00468430328242
0.00677007484651
0.03932459696
0.01348534773
0.0216125967699
0.00371389638315
0.00302410726823
0.0177248056749
0.0122836564078
0.00265901685737
0.00250453793333
0.0173563084668
0.00752227612467
0.00869214961504
0.0152524493344
0.00251348440891
0.017726297805
0.00509879984264
0.062442576802
0.00959766329245
0.0176770873389
0.0349257263432
0.0191683205366
0.00899081911471
0.0107777014234
0.00315620168144
0.0119830826388
0.0147226017474
0.00263845760648
0.00581567329221
0.0116448119639
0.0269284544596
0.00182582670867
0.00718786868992
0.00168070752287
0.0184758057072
0.00315022832257
0.00509879984246
0.0233087377856
0.0204922726161
0.0644950808543
0.00188584380944
0.00870013452555
0.00669995451446
0.00583240100609
0.00752439708394
0.0029574651171
0.00588414906462
0.0259217303396
0.00306214425955
0.0122108476346
0.0121517321793
0.0211612992559
0.0129134468562
0.0062776027982
0.00845592120986
0.00295579922951
0.0239093370096
0.00789296874682
0.00184864783647
0.00358689787111
0.00284500641939
0.00356839543505
0.0292321488739
0.00356667318861
0.00873899966867
0.0133985141023

State labels

0
1
2
3
4
5
6
7
8
9
10
12
13
15
16
17
18
19
20
21
22
23
24
25
26
27
28
29
31
32
34
36
37
40
41
43
44
45
46
47
48
49
50
51
53
54
55
56
57
58
59
61
63
64
65
66
67
68
69
70
71
73
77
78
79
80
81
82
83
85
86
87
88
89
90
92
94
95
96
97
98
99

Eigen values

1.0
0.873262488418
0.834675736754
0.785942901343
0.754105889633
0.734933455469
0.712102492896
0.683906282044
0.640451760806
0.624322042174
0.615066987661
0.595297691243
0.57191543834
0.556960695751
0.534103637614
0.520784139728
0.503167095407
0.489848271001
0.453923922413
0.424972036953
0.388315667932

Left eigenvectors

[ 0.01011238 -0.00661677  0.01301543 -0.00356017  0.00855294 -0.01791448
 -0.00051963 -0.01027851  0.00201442  0.01340424 -0.0043316  -0.00100621
 -0.00240556 -0.00338871  0.00248935 -0.00833936  0.00256595 -0.00188896
  0.00835868 -0.00804777  0.01054583]
[  1.38135564e-02  -1.19208634e-02   8.54413067e-03   3.59852939e-03
  -3.91166381e-03  -1.82117297e-03   1.48280688e-02   8.61266773e-05
  -8.51336588e-03  -8.73077521e-03   6.90275127e-03   4.30781813e-04
  -4.68913827e-03  -1.69698011e-03   1.07191363e-02   5.37924144e-03
  -4.47430266e-03  -2.73833538e-02   7.21295017e-03   3.46116597e-02
  -4.36881182e-03]
[ 0.01195325 -0.0174128  -0.01164806  0.00732513 -0.00611347  0.00026471
 -0.01173164 -0.00326991  0.01522226 -0.00224933 -0.0039089   0.01364124
 -0.01347814  0.00517722 -0.01408452 -0.01161208  0.0008781   0.0096448
 -0.00111982  0.01326437  0.02251283]
[ 0.00507096 -0.0024266  -0.00250997 -0.00226385 -0.00052058  0.00353897
 -0.00014321 -0.00330453  0.00092765  0.01590041 -0.00070678 -0.00109753
 -0.0044547  -0.01007904 -0.00519664  0.00057172 -0.00101775  0.00902429
  0.00056585  0.01702985  0.01114868]
[ 0.01787844 -0.01721389 -0.04347854 -0.00519646  0.01026804 -0.00619573
 -0.00693227 -0.00099226  0.00472163  0.01054137  0.00056894  0.00336155
 -0.0055846   0.00118148 -0.00516933  0.00095167 -0.00775744  0.00377476
 -0.01131429  0.01744344  0.02168507]
[ 0.00458419 -0.00555701  0.0039939   0.00388189 -0.00883369 -0.00145423
 -0.00285342  0.00542634  0.00246415  0.00465938  0.0089499  -0.0022159
  0.03148865 -0.00289732 -0.00348641  0.00235744  0.00208611 -0.00780746
 -0.00211802  0.0033135  -0.00342392]
[ 0.01296085 -0.007258    0.00357627  0.00084512  0.00303592 -0.01130674
  0.00592428 -0.00218822 -0.0130679  -0.01137779  0.00062039 -0.00658621
  0.00246847  0.00300877 -0.0308327   0.00348439 -0.03366342  0.01647834
 -0.00450302 -0.0119722   0.00077033]
[ 0.00510451  0.00274471 -0.00060889  0.00349634  0.00197191  0.00193044
  0.00556844 -0.00219726 -0.01056082 -0.00383379  0.00773972  0.01383728
 -0.00107884  0.00465674 -0.00765329  0.00079054  0.00637435 -0.00652432
  0.01339859  0.0015651  -0.00325457]
[ 0.00504905  0.00353176  0.00062069  0.00063444  0.00037839 -0.00163059
  0.00192395 -0.00190167 -0.00589436 -0.00472118  0.00784803  0.00342041
 -0.00255977  0.001213   -0.00786551  0.01014412  0.00981732  0.00156919
 -0.00265645 -0.00382294  0.00213397]
[  1.05471107e-02  -1.26347091e-02   1.14711574e-02   5.39877116e-03
  -1.34403168e-03   9.12897339e-03  -3.85964355e-02  -5.38215663e-03
  -2.82036520e-02  -1.80676762e-03   1.55541147e-03  -1.28341434e-02
  -9.43737034e-03  -6.82698037e-03   6.74510747e-03   2.60351388e-05
  -9.17436702e-03  -2.66191069e-02  -1.05512699e-02   1.74809826e-02
   6.52481970e-03]
[ 0.01759024 -0.01199805  0.0191184   0.00336746  0.00247053 -0.04289694
  0.01033457 -0.02929818  0.01200688  0.00230836 -0.00439602  0.00307401
  0.00600454 -0.00999485  0.00652462  0.00631474 -0.02770144 -0.01563646
  0.0188381  -0.0075676   0.0059229 ]
[  9.00173431e-03  -2.20157864e-03   6.03426536e-03   4.09234384e-04
  -7.81633985e-03  -9.93419521e-03   3.36047545e-03  -6.53409985e-05
   4.21077537e-03   3.39177861e-03   5.39975078e-03  -2.64040928e-03
   2.36393046e-02  -1.32014968e-02   5.72545220e-03   7.50632460e-03
  -1.03069130e-02  -7.78839688e-03   6.88129019e-03  -4.49793385e-03
   6.75211021e-03]
[ 0.01427004  0.00905761  0.00072986  0.00493865 -0.00269269 -0.00073315
  0.0035652  -0.00306874 -0.01368107 -0.00246682  0.00920918 -0.00166562
 -0.00028684  0.01145695 -0.01600158  0.02373734  0.02617355 -0.0072183
  0.01338806 -0.00306777  0.00434925]
[ 0.02545429  0.00329913 -0.00059086 -0.00074122  0.00301103  0.00236246
  0.02027622 -0.00419913 -0.02469361 -0.03369198  0.02554601  0.02427454
 -0.00761722  0.0015828  -0.01292693  0.0045183   0.02134317 -0.00994448
  0.0177021   0.03036267  0.00222172]
[ 0.00529372 -0.0053513   0.00282571 -0.00065069  0.00363201 -0.00017439
 -0.00891074 -0.00219168  0.00128507  0.00916398  0.00272733 -0.00119164
 -0.00646666 -0.00259549 -0.00468674 -0.00644455 -0.00180784  0.00380833
  0.00280573  0.01146217  0.01410029]
[ 0.0046843  -0.00832608  0.00178698  0.00513034 -0.01122366 -0.0013407
  0.01336202  0.01619516 -0.00425889  0.00577113  0.00705978 -0.01222551
 -0.01134493  0.01709965  0.01692879  0.00257642 -0.0023428   0.00317042
  0.00381443 -0.00694781  0.00959037]
[ 0.00677007 -0.00500092  0.00338285  0.00941584 -0.00486464 -0.01395448
 -0.00216154 -0.00999211  0.02468488 -0.00739925 -0.00503256  0.00143779
 -0.01150915 -0.00323223 -0.00962007  0.0008341  -0.00761091 -0.0135511
  0.01761042 -0.00466996 -0.00405332]
[  3.93245970e-02   4.18401584e-02  -1.53141217e-02  -2.96366200e-02
  -3.06829611e-02   6.92960761e-03  -1.09792651e-02  -6.59591786e-03
   8.05186097e-03   2.67080358e-02  -3.09339360e-03  -6.11557160e-03
   3.49108340e-05   1.73033762e-02   1.13832489e-02   2.04379296e-03
  -2.12520582e-03  -2.11921361e-02   6.91605046e-04  -2.08713102e-02
  -1.41808804e-02]
[ 0.01348535 -0.00965063  0.00578374 -0.00151984  0.01645897  0.03910274
  0.01824575 -0.0250843   0.00792607 -0.01857105 -0.01520256 -0.02278265
  0.01463339  0.01198692  0.0024013  -0.01057179 -0.0078318  -0.00171925
 -0.00500841 -0.01183988  0.00490041]
[ 0.0216126   0.01245656  0.01223148 -0.02884692  0.0005505  -0.00728015
 -0.01114623  0.02757456 -0.00409053  0.00572332 -0.05472949  0.00592979
  0.00243141  0.0150841  -0.00468032 -0.0037933   0.01637415 -0.02091142
  0.00501481 -0.01271176  0.00372074]
[ 0.0037139  -0.00605684  0.00199415  0.00405632 -0.00944046 -0.00088061
  0.01033233  0.01271888 -0.00502864  0.00582278  0.00597574 -0.01163064
 -0.00467622  0.01321275  0.01293411  0.00717183 -0.00413401  0.00552008
  0.009221   -0.00541004  0.01318976]
[ 0.00302411 -0.00142339  0.00439607 -0.00114896  0.00755806  0.00176244
 -0.00524405  0.00078663  0.00261128  0.0020719   0.00644779 -0.00773926
 -0.00085727  0.00550682 -0.00582721 -0.00498435 -0.00245065  0.00592617
  0.00336577 -0.00556878 -0.00013   ]
[ 0.01772481 -0.02640622  0.00257288  0.01200503 -0.02169602 -0.0033522
  0.02545319  0.02701135  0.00052393  0.00240996  0.00684575 -0.00536291
 -0.02632183  0.01461307  0.01239689 -0.01803496  0.00764562 -0.01035175
 -0.02314506  0.00044066 -0.02464462]
[ 0.01228366  0.01097362 -0.00239224  0.0153024   0.00622806  0.00624907
  0.00923978 -0.00559811 -0.0217116   0.00732897  0.01036835  0.02993066
  0.00124679  0.01307002 -0.01432265 -0.00049243  0.00450016 -0.01129588
  0.02223187 -0.01467049 -0.00816925]
[ 0.00265902 -0.00165966  0.00425415  0.00021463  0.00205177 -0.01276216
  0.00214988 -0.01276328 -0.00225031  0.00287724 -0.00226352  0.00141936
  0.00378618  0.00808866  0.00906249 -0.00090741  0.002028    0.00901025
 -0.00711782  0.00609706 -0.00769428]
[ 0.00250454 -0.00467635  0.00223253  0.00353823 -0.0040967   0.00539985
 -0.0155736  -0.00323231 -0.00852163 -0.00405284 -0.0037568   0.00292761
 -0.00468304 -0.00343018  0.01215535  0.00845576 -0.00393417  0.0047821
  0.00548975 -0.00407036 -0.00913998]
[ 0.01735631 -0.00145379  0.0214627  -0.02428272  0.03124435  0.00785132
 -0.00349412  0.03168211  0.0248234  -0.00406168 -0.00413299  0.03042025
 -0.00023535  0.01283882  0.0187616   0.02551388  0.00104214  0.00158004
  0.00044529  0.01612584 -0.00051101]
[ 0.00752228 -0.00284452  0.00976355 -0.00031468  0.00552738 -0.02434819
  0.00283533 -0.02352822 -0.00822358  0.00523339 -0.00325177  0.00174898
  0.00461166  0.01494751  0.01057508 -0.00273479  0.00916615  0.01302842
 -0.00981258  0.00502943 -0.00341925]
[ 0.00869215 -0.01612861  0.00172036  0.01241278 -0.01999     0.00328963
 -0.0070258   0.00666813  0.01465504 -0.00324131  0.00120106  0.01354037
  0.01553019  0.00801998 -0.0043436  -0.01012716  0.01936722  0.00292035
 -0.0178101  -0.00861201  0.00488693]
[ 0.01525245 -0.02385425  0.00135281  0.01609765 -0.02183106  0.01677477
 -0.0252528  -0.0064925   0.00597222 -0.00859217 -0.01066316  0.01898358
  0.002322    0.00246129  0.00298317  0.00428517  0.00722111  0.02232331
  0.00476007 -0.00840085  0.01038092]
[ 0.00251348 -0.00236529  0.00343503  0.00017396  0.00215296  0.00117392
 -0.00653846 -0.0006419  -0.00696602  0.00148148  0.00626084 -0.0023562
 -0.00574415 -0.00724958  0.00070148 -0.0055005   0.00172897 -0.00542908
 -0.00723325 -0.0075485   0.00144435]
[ 0.0177263   0.02190961 -0.00340445 -0.01327578 -0.01652981 -0.00448389
 -0.00327451  0.00347811 -0.00236547 -0.02527845  0.00917287 -0.00519111
  0.00629169 -0.0117042   0.01698557 -0.0401952  -0.00227254  0.01867663
  0.01998187  0.01328803  0.00835474]
[ 0.0050988  -0.00158999  0.00836179 -0.00762267  0.01376127  0.0024334
 -0.00529831  0.01110514  0.01041741  0.00277628  0.00576777  0.00744397
 -0.00117619  0.00735022  0.00390746  0.00439761 -0.00059062  0.00560527
  0.00502579  0.00457188 -0.00349931]
[ 0.06244258  0.05520038 -0.04256122 -0.03922885 -0.04211034  0.02833785
 -0.00814555 -0.03617761  0.01781809  0.07105463  0.02110543  0.01037732
 -0.01234406  0.02347165  0.0058795   0.02566057 -0.03538014 -0.0228172
 -0.03388176 -0.01940237 -0.02150207]
[ 0.00959766 -0.0072764   0.00589995 -0.00279811  0.01381718  0.02972661
  0.01803319 -0.01713133  0.00704781 -0.01808867 -0.01150862 -0.01329592
  0.01146783  0.00706118  0.00916744 -0.00705174 -0.0037697  -0.00863953
 -0.00495937 -0.00287004  0.00436272]
[ 0.01767709 -0.03035236 -0.07627252 -0.00829328  0.03903282 -0.02580764
 -0.00977789  0.01463108 -0.00886767 -0.01009923 -0.0040488  -0.01344435
  0.02010701 -0.00871705  0.02035534  0.00590349  0.01186618 -0.00968812
  0.01263432 -0.01873568 -0.01289974]
[ 0.03492573  0.04494032 -0.00101558  0.0458836   0.01004915 -0.0073395
 -0.01230863  0.00544294  0.0341979  -0.02468042  0.00159659 -0.05809348
 -0.01387194 -0.01561155 -0.00504204  0.03815244  0.02868511  0.01513998
 -0.02031127  0.00948877 -0.01438674]
[  1.91683205e-02   7.20823769e-03   5.66540762e-03  -6.14394167e-05
   5.00144912e-03  -1.08355617e-02   7.86871415e-03  -9.79626163e-03
  -2.66061079e-02  -1.74895519e-02   2.61763712e-02   1.71769107e-02
  -6.83087992e-03  -1.15740458e-03  -1.91217835e-02  -2.90656600e-03
   1.26916400e-02   1.42099538e-02  -4.67520143e-03  -1.42383942e-02
   2.32524038e-03]
[ 0.00899082 -0.00385462  0.00944391 -0.00298523  0.00187699 -0.01145935
  0.00791828 -0.00021618  0.0059476   0.00153234  0.0016236   0.00764287
  0.00648723 -0.02395865  0.01087658  0.01138107 -0.00934869 -0.00807884
 -0.00752206 -0.01393944  0.01222452]
[ 0.0107777   0.0120382   0.00010398 -0.01081067 -0.00734721 -0.00237842
 -0.00544614  0.00687614  0.002344   -0.00163546 -0.01302548 -0.00480875
  0.00340969  0.00187059  0.00737672 -0.01181903  0.00459109 -0.00475806
  0.00819592 -0.00493811 -0.00017124]
[  3.15620168e-03  -5.72821769e-03   1.81952109e-03   4.75278251e-03
  -8.96899515e-03   3.68409140e-04  -3.23600752e-03   4.34910481e-03
   5.92772574e-03   1.06961111e-03   4.62548868e-03   3.70633878e-03
   2.16596175e-02   1.52217175e-03  -3.60139156e-03  -2.77928922e-03
   9.29736582e-03  -3.36254934e-03  -9.60476452e-03  -2.00431252e-03
   9.32824390e-05]
[ 0.01198308 -0.00710876  0.01909973 -0.00950947  0.02918379  0.00213056
 -0.01985293  0.01099954  0.01319774  0.01577954  0.02738428 -0.00760644
 -0.00399509  0.0109095  -0.00879381 -0.01543786 -0.00311177  0.0155792
  0.01396359 -0.0066114  -0.00802838]
[ 0.0147226  -0.01440732  0.00783667  0.0082405  -0.01932429 -0.00048675
  0.01298602  0.01377451 -0.01198701  0.00970953  0.00496138 -0.01360107
  0.0209996  -0.00181893 -0.00518293  0.0232676  -0.0093591   0.01167103
  0.02239966  0.00693275  0.00789465]
[ 0.00263846 -0.00205321  0.00146311 -0.00125823 -0.00090653  0.00225952
  0.00379486  0.00146658 -0.00253154  0.00873254 -0.00878832 -0.00255619
 -0.00023784 -0.01072583 -0.00595924  0.00037061  0.00809645  0.00816949
  0.00789637  0.00717569 -0.00744157]
[ 0.00581567 -0.00566272  0.00322087  0.00056959 -0.00686691 -0.00262394
  0.00673935  0.01222022 -0.00766632  0.00131227 -0.00885851 -0.00468242
 -0.00140885  0.0013753  -0.0102865   0.00019382 -0.00716022  0.00415694
 -0.00669448  0.0014051  -0.01772997]
[ 0.01164481 -0.01027991  0.00365527 -0.0012286  -0.00249679  0.01245286
  0.01498106 -0.00264087 -0.00399658  0.0251472  -0.0111566  -0.0060666
 -0.00046723 -0.03447685 -0.00832961  0.00249423  0.01344496  0.02313234
  0.01448077  0.01656663 -0.00472946]
[ 0.02692845 -0.01800238 -0.00350369 -0.00018522  0.00502767  0.04840652
  0.0224414  -0.02880692  0.00466921  0.00050424 -0.01743961  0.00094397
  0.00824817 -0.00114694 -0.00391304 -0.00154639 -0.00179032  0.01326414
  0.00496672 -0.00418579 -0.01106915]
[  1.82582671e-03  -1.00736741e-03   3.11752861e-03   2.27755068e-05
   1.81665541e-03  -9.67722761e-03   1.43271087e-03  -1.02313417e-02
  -2.82000358e-03   2.51070288e-03  -1.80728943e-03   1.10247397e-03
   3.04790421e-03   7.97117547e-03   7.69002690e-03  -1.24166530e-03
   3.72469293e-03   9.05736059e-03  -7.57294221e-03   5.81311546e-03
  -6.96952170e-03]
[ 0.00718787 -0.00401591  0.00846612 -0.00190874  0.00853065 -0.0001583
 -0.00423128  0.00043184 -0.00823871  0.005356    0.01797266 -0.00069941
 -0.01146695 -0.01636839 -0.00139411 -0.01393345  0.00860046 -0.00023685
 -0.01092719 -0.02392131 -0.00038422]
[ 0.00168071 -0.00162578  0.00315115 -0.00077537  0.00339527  0.00057163
 -0.00541559  0.00235072  0.00118219  0.00389195  0.00744745 -0.00313245
  0.00513606  0.00145292 -0.0026978  -0.0039195  -0.00155214 -0.001401
  0.00301301  0.00348222 -0.00892329]
[ 0.01847581 -0.01753317  0.0167636  -0.00273638  0.00595185  0.00057858
  0.02466467  0.00203742 -0.00115347  0.02005903  0.00760394  0.00152576
 -0.01738019 -0.05680084  0.01910748 -0.01465472  0.02170523 -0.00519104
 -0.01925666 -0.03013723 -0.0014042 ]
[ 0.00315023 -0.00254578  0.0031771   0.00277376 -0.00091098 -0.00977787
  0.00092479 -0.00730746  0.00944157 -0.00191591 -0.00233481  0.00100787
 -0.00281275 -0.00299953 -0.00222338  0.00157625 -0.00868212 -0.00870332
  0.01186484 -0.0039922  -0.00043568]
[ 0.0050988  -0.00158999  0.00836179 -0.00762267  0.01376127  0.0024334
 -0.00529831  0.01110514  0.01041741  0.00277628  0.00576777  0.00744397
 -0.00117619  0.00735022  0.00390746  0.00439761 -0.00059062  0.00560527
  0.00502579  0.00457188 -0.00349931]
[ 0.02330874  0.01211155 -0.01272087 -0.00520403 -0.00798855  0.02650256
  0.00881826 -0.02376322 -0.00191115  0.02784682  0.00528964  0.0183626
 -0.00052411  0.01516469 -0.00701357  0.00954812 -0.01334848 -0.0099769
  0.00056678 -0.02191573 -0.02465926]
[ 0.02049227 -0.01202434  0.01293914 -0.00804791  0.01836404  0.02869813
  0.02698561 -0.00660608  0.00625565 -0.0183402  -0.00388994  0.00799924
  0.00243523 -0.00539821  0.02001637  0.00371372  0.00698168 -0.01806135
 -0.00086649  0.01901644 -0.00176352]
[ 0.06449508  0.07581028 -0.01751895 -0.0331783  -0.05060078 -0.00481271
 -0.01816722  0.00099668  0.01960671 -0.01773551  0.00990029 -0.03458945
  0.01388207 -0.01320621  0.04239873 -0.04962385 -0.00374216  0.01034459
  0.02592154  0.00016348 -0.00616374]
[ 0.00188584 -0.00243839  0.00285387  0.00076496 -0.00019275  0.00071395
 -0.00647106  0.00193371 -0.00133833  0.00315968  0.00661948 -0.00368812
  0.01029136 -0.00053383 -0.0020318  -0.00204225 -0.00156539 -0.00651278
  0.00035299  0.00647474 -0.00856602]
[ 0.00870013  0.00164366  0.00825903 -0.01035104  0.00269587 -0.00828482
 -0.0048488   0.00678477 -0.00645027  0.00921308 -0.03079141 -0.00263055
  0.00010918  0.00935725 -0.00758806 -0.00386585  0.01961412 -0.01263923
  0.00844779 -0.00930019  0.01012646]
[ 0.00669995 -0.00178337  0.00411514 -0.00374478 -0.00245181 -0.00525991
  0.00143266  0.01102743 -0.01182964 -0.00855237 -0.01256517 -0.00109034
  0.00028599 -0.00018892 -0.01894597 -0.00011481 -0.02388636  0.00692041
 -0.01758657 -0.00267069 -0.01180843]
[ 0.0058324  -0.0003457   0.00592792 -0.00100058  0.00387788 -0.00569684
 -0.00565476 -0.00649665 -0.01041607  0.00265295 -0.00811848 -0.00899814
 -0.00011902  0.01330622 -0.00544794  0.00162562  0.01544374 -0.0072902
 -0.00050918 -0.00163504  0.01687849]
[  7.52439708e-03  -1.25784017e-02  -7.06773938e-04   1.05725518e-02
  -1.29102261e-02   3.76305688e-04  -1.06155806e-02  -2.90193471e-03
   1.85088790e-02  -6.20804146e-03  -4.73823206e-03   1.40103918e-02
  -1.13264198e-03   4.26277039e-03  -9.11673634e-03  -6.62087495e-03
   8.09512085e-03   5.26693669e-03   6.79205433e-05  -4.74049074e-03
   1.39199668e-02]
[  2.95746512e-03  -4.49295669e-03  -6.98904970e-04   3.83145028e-03
  -3.72464539e-03  -3.40326455e-03  -3.39456270e-05  -2.86991319e-04
   9.98233560e-03  -2.32176446e-03  -1.39097910e-03   2.65920805e-03
  -1.17601501e-02   2.83435992e-03  -5.15255560e-03  -7.22599528e-03
  -1.28188036e-03  -6.46907143e-03   1.59191326e-03   3.78654440e-03
  -8.38164524e-03]
[ 0.00588415  0.01099383 -0.00140153  0.02582178  0.01168861  0.00272834
  0.00341391  0.00545533 -0.00981287  0.01088252 -0.00512681  0.01744657
  0.00510986  0.00376175  0.00279066 -0.01187205 -0.00862013 -0.00441353
  0.00680676 -0.00391545  0.00271009]
[ 0.02592173 -0.02803559 -0.03264601  0.0022317   0.00801848 -0.00116507
  0.01153882  0.00213675 -0.00523209 -0.01373393  0.00157269  0.0049874
 -0.01058789  0.00770613 -0.01764639 -0.00945913 -0.00586165  0.00948632
 -0.00672522  0.01301047  0.00093286]
[ 0.00306214 -0.00065547  0.00264846 -0.00224036 -0.00060791 -0.00070554
 -0.00475376  0.00414391 -0.00666621 -0.00186698 -0.00791959 -0.00141014
 -0.00096719  0.00049074 -0.00506732 -0.00043276 -0.00706378 -0.00435691
 -0.00727011  0.00055474 -0.00293676]
[  1.22108476e-02  -2.81500170e-03   1.02127735e-02   2.34114799e-03
   1.63524118e-02   8.26049679e-03  -9.97499494e-03  -6.77939519e-03
   1.19865858e-04  -5.53156614e-03   4.23332756e-03  -2.93532320e-02
   9.20239677e-05   1.36399999e-02  -1.61394435e-02  -5.28047960e-03
  -6.77016268e-03   7.60666940e-03  -1.81542630e-03  -1.23482250e-02
   7.69854353e-03]
[ 0.01215173  0.02280765 -0.00145416  0.04358559  0.01719848 -0.00052987
 -0.00230532  0.01178463  0.00642903  0.00421256 -0.01159661 -0.00915149
  0.00175112 -0.00697338  0.00964824 -0.00176358 -0.00321774  0.00651223
 -0.01323285  0.00870516  0.00223584]
[ 0.0211613   0.00459823 -0.02995262 -0.01369206 -0.0068013   0.00697504
 -0.00582221 -0.01335228  0.00885771  0.04029513  0.00674308  0.0046828
 -0.01126989  0.00117779 -0.00552289  0.01108505 -0.02052522  0.00152584
 -0.02328176  0.02309884  0.02126433]
[  1.29134469e-02   7.25947306e-03   6.69322322e-03  -1.43434678e-02
  -1.43014764e-03  -7.46584200e-03  -8.69183625e-05   1.85441955e-02
  -7.81185989e-03  -1.98687606e-02  -1.59832020e-02   1.19846275e-02
   3.00463686e-03  -6.32181316e-03  -6.66371804e-03  -2.75427786e-03
  -1.62614395e-02   8.04124858e-03  -1.78027027e-02   2.43091086e-04
   6.18208254e-03]
[ 0.0062776   0.00539989  0.00083286  0.01065611  0.00018016 -0.00597591
 -0.00302955 -0.0025301   0.01651011 -0.00813252 -0.00166299 -0.01231012
 -0.00814106 -0.00512885 -0.00566441  0.01007859  0.00382859 -0.00269657
  0.00359643  0.00025768 -0.00745773]
[ 0.00845592  0.01814046 -0.00170501  0.04212874  0.01849802  0.00189323
  0.00149858  0.01177417 -0.00491581  0.01304718 -0.01265156  0.01097369
  0.00652487 -0.00115482  0.01049332 -0.01483196 -0.01272613  0.00014214
 -0.00311963  0.00297232  0.00647795]
[  2.95579923e-03  -5.07579049e-03   6.35676974e-05   3.32251008e-03
  -4.84400130e-03  -2.05027427e-03   3.95712846e-03   4.25020590e-03
   5.28542004e-03  -8.10322218e-04   4.83446552e-04   4.87375271e-04
  -1.19686574e-02   4.61234338e-03  -6.35169972e-04  -8.47347245e-03
   8.39917882e-04  -6.75021060e-03  -4.49877326e-03   3.08473325e-03
  -1.42478843e-02]
[  2.39093370e-02   1.90056206e-02  -5.76633496e-04  -9.60930900e-05
   1.65710059e-03  -2.34129997e-03   4.01489758e-03  -1.71621510e-03
  -7.81361026e-04  -1.47569964e-02   2.01405866e-02   9.06673062e-03
  -1.05381600e-02  -5.13174861e-03  -1.11463292e-02   3.83408261e-02
   1.41344500e-02   3.62557949e-03  -2.73053502e-02  -9.80416329e-04
   2.21356370e-03]
[  7.89296875e-03   9.79569654e-03  -3.88206513e-05   1.01684684e-02
   1.45930141e-03  -1.72611700e-03  -1.82826891e-03   4.66131793e-04
   4.63285578e-03  -6.83316187e-03   2.98198206e-03  -1.56706259e-02
  -3.86153394e-03  -8.20902958e-04  -6.62770653e-03   1.92502946e-02
   1.78294151e-02   2.27338870e-03  -1.88621587e-03   2.23230708e-03
  -3.83802409e-03]
[ 0.00184865 -0.00130037  0.00232798  0.00038     0.00068322 -0.00019821
 -0.0059206  -0.00221568 -0.00640451  0.00044316 -0.00192846 -0.00429764
 -0.00144354  0.00283437 -0.00057833  0.00051142  0.00342903 -0.00706045
 -0.00216806  0.00288908  0.00849743]
[ 0.0035869  -0.00082887  0.00283925 -0.00347596 -0.00128305 -0.0012253
  0.00159757  0.00616765 -0.00435151  0.00667406 -0.01598118 -0.00251009
 -0.00027541 -0.00260781 -0.00821362 -0.000854    0.0086209   0.00172192
  0.0057828   0.00203316 -0.00938269]
[ 0.00284501 -0.00322826  0.00271889  0.0012905  -0.00084394  0.00096416
 -0.00293274 -0.00079468 -0.00622871 -0.00207836  0.00168919 -0.00212882
 -0.00274365 -0.00165059  0.00385583  0.00132006 -0.00301031 -0.01271441
 -0.00037171  0.01460551  0.00029874]
[ 0.0035684  -0.00690172  0.00179445  0.00546092 -0.0071718   0.007455
 -0.01772553 -0.00408213 -0.00653636 -0.00570631 -0.00597223  0.00727352
 -0.00425326 -0.00301132  0.01414044  0.01067161 -0.00262138  0.01200106
  0.00854788 -0.00834541 -0.01015539]
[ 0.02923215  0.02814484 -0.0007392  -0.01983662 -0.01767169 -0.00937952
  0.00147754  0.00813221 -0.01630594 -0.04784034  0.01514573  0.00773704
  0.00549966 -0.01652818  0.00979833 -0.0491084  -0.00211556  0.02769806
  0.01884917  0.02051666  0.01522681]
[ 0.00356667 -0.00306034  0.00167447  0.00131076 -0.00220053 -0.00239167
  0.00325195  0.00172423 -0.00512624 -0.00104333  0.00103576 -0.00417082
  0.00467327  0.00045654 -0.00976511  0.00590327 -0.01212283  0.00768113
  0.0039108  -0.00245943  0.00252635]
[ 0.008739   -0.01402119 -0.0292712  -0.00214713  0.01464904 -0.0089949
 -0.00069737  0.00584173 -0.00481116 -0.0077083  -0.00120778 -0.00420985
  0.00563657 -0.00157155  0.00393612 -0.00022646  0.00390978 -0.00167053
  0.00443571 -0.00582792 -0.00785525]
[ 0.01339851  0.00374633  0.01092319 -0.01253181  0.00962152 -0.00540985
  0.00308555  0.01651807  0.00793023 -0.01238381 -0.00230529  0.02241716
  0.00183697 -0.01214264  0.00739143  0.02707157 -0.00906036  0.00107411
 -0.02388766 -0.00175449  0.01405417]

Right eigenvectors

[ 1.         -0.65432369  1.2870786  -0.3520604   0.84578841 -1.77153932
 -0.05138521 -1.01642772  0.19920284  1.32552784 -0.42834658 -0.09950275
 -0.23788274 -0.33510455  0.24616827 -0.82466777  0.25374311 -0.186797
  0.82657887 -0.79583355  1.04286265]
[ 1.         -0.86298293  0.61853229  0.26050709 -0.28317572 -0.13183954
  1.07344325  0.00623494 -0.61630515 -0.63204399  0.49970848  0.03118544
 -0.33945916 -0.12284889  0.77598672  0.38941756 -0.32390664 -1.98235364
  0.5221646   2.50562989 -0.31626988]
[ 1.         -1.45674215 -0.97446796  0.61281504 -0.51144855  0.02214567
 -0.98146032 -0.27355794  1.27348308 -0.18817764 -0.32701537  1.14121623
 -1.1275714   0.4331226  -1.17830115 -0.97145802  0.07346125  0.80687662
 -0.09368338  1.10968731  1.88340744]
[ 1.         -0.47852869 -0.49497001 -0.44643327 -0.10265989  0.69788883
 -0.02824023 -0.65165798  0.18293324  3.13558013 -0.13937878 -0.21643519
 -0.87847226 -1.98759941 -1.02478465  0.11274366 -0.2007024   1.7796009
  0.11158554  3.35830717  2.1985326 ]
[ 1.         -0.96282952 -2.43189749 -0.29065534  0.57432502 -0.3465476
 -0.38774479 -0.05550031  0.26409631  0.58961335  0.03182256  0.18802246
 -0.31236488  0.06608386 -0.28913755  0.0532299  -0.4338993   0.21113499
 -0.63284555  0.97566864  1.21291725]
[ 1.         -1.21221393  0.87123338  0.84680101 -1.92699262 -0.3172266
 -0.62244823  1.18370885  0.53753175  1.01640214  1.95234238 -0.48337979
  6.8689729  -0.63202421 -0.7605304   0.51425521  0.45506551 -1.70312802
 -0.46202705  0.72281091 -0.74689913]
[ 1.         -0.55999426  0.27592898  0.06520595  0.23423794 -0.87237657
  0.45709071 -0.16883341 -1.00825966 -0.87785836  0.04786611 -0.50816196
  0.19045621  0.23214333 -2.37891103  0.26883996 -2.59731665  1.27139354
 -0.34743222 -0.92372054  0.05943528]
[ 1.          0.53770238 -0.11928541  0.68495207  0.3863077   0.37818358
  1.09088676 -0.43045426 -2.06892194 -0.75106007  1.51625328  2.71079752
 -0.21135047  0.9122802  -1.49931965  0.15487024  1.24876852 -1.27814893
  2.62485511  0.3066115  -0.63758685]
[ 1.          0.6994896   0.12293157  0.12565586  0.07494185 -0.3229492
  0.38105257 -0.37663939 -1.16741892 -0.93506182  1.5543557   0.67743567
 -0.50698094  0.24024354 -1.55781783  2.0091134   1.94438718  0.3107895
 -0.52612883 -0.75715956  0.42264794]
[  1.00000000e+00  -1.19793083e+00   1.08761136e+00   5.11872051e-01
  -1.27431267e-01   8.65542582e-01  -3.65943212e+00  -5.10296782e-01
  -2.67406429e+00  -1.71304510e-01   1.47472755e-01  -1.21683974e+00
  -8.94782528e-01  -6.47284417e-01   6.39521826e-01   2.46846171e-03
  -8.69846475e-01  -2.52382930e+00  -1.00039435e+00   1.65741910e+00
   6.18635749e-01]
[ 1.         -0.6820858   1.08687545  0.19143929  0.14044916 -2.43867817
  0.58751712 -1.66559251  0.68258722  0.13122963 -0.24991223  0.17475661
  0.34135653 -0.56820422  0.37092239  0.3589913  -1.57481827 -0.88892802
  1.07094048 -0.4302155   0.33671505]
[ 1.         -0.24457272  0.67034475  0.04546173 -0.86831488 -1.1035868
  0.37331422 -0.00725871  0.46777379  0.37679168  0.59985672 -0.29332228
  2.62608334 -1.46655037  0.63603879  0.83387538 -1.14499192 -0.8652107
  0.76444049 -0.49967414  0.75008992]
[ 1.          0.63472863  0.05114621  0.34608509 -0.18869542 -0.05137689
  0.24983833 -0.21504799 -0.95872669 -0.17286712  0.64535067 -0.11672137
 -0.02010051  0.80286688 -1.12134031  1.66343845  1.83416047 -0.50583568
  0.93819341 -0.21497971  0.30478174]
[ 1.          0.12960997 -0.02321244 -0.02911957  0.11829164  0.09281194
  0.79657365 -0.16496732 -0.97011586 -1.32362672  1.00360325  0.95365193
 -0.29925084  0.06218192 -0.50784856  0.17750658  0.83848984 -0.3906797
  0.69544648  1.19283092  0.08728261]
[ 1.         -1.01087667  0.53378551 -0.12291735  0.68609794 -0.03294227
 -1.68326583 -0.41401418  0.24275291  1.73110329  0.51520038 -0.22510377
 -1.221571   -0.49029621 -0.88534004 -1.21739483 -0.34150714  0.71940522
  0.53000996  2.16523807  2.66358768]
[ 1.         -1.77744182  0.38148291  1.09521941 -2.39601379 -0.2862112
  2.85250873  3.4573251  -0.90918384  1.23201535  1.50711392 -2.60988831
 -2.42190253  3.65041374  3.61393927  0.55001141 -0.50013738  0.67681797
  0.81430089 -1.48321041  2.0473412 ]
[ 1.         -0.73868025  0.49967622  1.39080248 -0.71855032 -2.06120098
 -0.31927862 -1.47592276  3.64617483 -1.09293532 -0.74335411  0.21237392
 -1.70000364 -0.477429   -1.42096954  0.12320385 -1.12419937 -2.00161806
  2.60121552 -0.68979476 -0.59871092]
[  1.00000000e+00   1.06396916e+00  -3.89428573e-01  -7.53640782e-01
  -7.80248584e-01   1.76215604e-01  -2.79195871e-01  -1.67730082e-01
   2.04753808e-01   6.79168710e-01  -7.86630720e-02  -1.55515176e-01
   8.87760757e-04   4.40014075e-01   2.89468928e-01   5.19723817e-02
  -5.40426599e-02  -5.38902817e-01   1.75870854e-02  -5.30744416e-01
  -3.60610954e-01]
[ 1.         -0.71563831  0.42889042 -0.11270283  1.22050737  2.89964629
  1.35300588 -1.86011506  0.58775443 -1.37712808 -1.12733929 -1.68943744
  1.08513234  0.88888501  0.17806715 -0.78394616 -0.58076387 -0.12749017
 -0.37139614 -0.87798079  0.36338747]
[ 1.          0.57635642  0.56594221 -1.33472738  0.02547127 -0.33684765
 -0.51572837  1.27585573 -0.18926596  0.26481407 -2.532296    0.27436744
  0.11249986  0.69793113 -0.21655506 -0.17551348  0.75762078 -0.96755714
  0.2320317  -0.58816449  0.17215598]
[ 1.         -1.6308581   0.5369426   1.09220028 -2.54192792 -0.23711247
  2.78207204  3.42467343 -1.35400608  1.56783484  1.60902123 -3.13165535
 -1.25911509  3.55765285  3.48262641  1.9310792  -1.11311929  1.4863311
  2.48283618 -1.45670092  3.55146159]
[ 1.         -0.47068251  1.45367467 -0.37993204  2.49926895  0.58279612
 -1.73408292  0.26011864  0.86348641  0.68512934  2.13212992 -2.55918787
 -0.28347988  1.82097325 -1.92691949 -1.64820439 -0.81037275  1.95964344
  1.11298068 -1.84146339 -0.04298938]
[ 1.         -1.4897889   0.14515704  0.67730092 -1.22404848 -0.18912485
  1.43602056  1.52392913  0.02955917  0.13596547  0.38622426 -0.30256527
 -1.48502773  0.82444196  0.69940891 -1.0174984   0.4313513  -0.58402633
 -1.30580023  0.02486139 -1.39040281]
[ 1.          0.89335091 -0.19474971  1.24575278  0.50702026  0.50873084
  0.75220109 -0.45573666 -1.76751958  0.59664436  0.84407725  2.43662498
  0.10149957  1.0640168  -1.16599247 -0.04008812  0.36635329 -0.91958646
  1.80987433 -1.19430972 -0.6650503 ]
[ 1.         -0.62416483  1.59989612  0.08071715  0.7716266  -4.79957753
  0.80852614 -4.79999974 -0.84629334  1.08206735 -0.85126205  0.53379176
  1.42390188  3.04197289  3.40820977 -0.34125872  0.76268822  3.3885653
 -2.67686199  2.2929755  -2.89365622]
[ 1.         -1.86714946  0.89139372  1.41272917 -1.63570967  2.15602603
 -6.21815233 -1.2905807  -3.40247409 -1.61819976 -1.4999972   1.16892395
 -1.86982164 -1.36958706  4.85333002  3.37617588 -1.57081744  1.90937281
  2.19192006 -1.62519336 -3.64936818]
[ 1.         -0.08376121  1.23659385 -1.39907153  1.80017238  0.45236127
 -0.20131687  1.82539446  1.43022333 -0.23401742 -0.23812589  1.75269114
 -0.01356015  0.73972078  1.08096721  1.47000588  0.06004409  0.09103523
  0.02565553  0.92910512 -0.02944233]
[ 1.         -0.37814668  1.29795144 -0.04183283  0.73480167 -3.23681098
  0.37692433 -3.12780655 -1.09323021  0.69571955 -0.4322855   0.23250636
  0.61306753  1.98709986  1.40583491 -0.36355885  1.21853473  1.73197845
 -1.30446943  0.66860435 -0.45454982]
[ 1.         -1.85553722  0.19792078  1.42804506 -2.29977669  0.37846043
 -0.80829307  0.76714362  1.68600859 -0.37290108  0.13817768  1.55777044
  1.78669104  0.92266896 -0.49971572 -1.16509253  2.228128    0.33597534
 -2.04898692 -0.99078054  0.5622237 ]
[ 1.         -1.5639617   0.08869452  1.05541385 -1.43131518  1.09980853
 -1.65565567 -0.42566963  0.39155787 -0.5633306  -0.69911133  1.24462484
  0.15223758  0.16136994  0.19558628  0.2809497   0.47343963  1.4635888
  0.31208576 -0.55078682  0.68060655]
[ 1.         -0.94104208  1.36664248  0.06921016  0.85656491  0.46705066
 -2.60135312 -0.25538191 -2.77145751  0.58941253  2.4909012  -0.93742194
 -2.2853321  -2.88427634  0.27908543 -2.18839733  0.68787764 -2.15998037
 -2.87777758 -3.00320264  0.57463997]
[ 1.          1.23599473 -0.19205625 -0.74893129 -0.93250213 -0.25295113
 -0.18472605  0.19621185 -0.13344388 -1.4260423   0.51747223 -0.29284781
  0.35493543 -0.66027309  0.95821286 -2.26754646 -0.12820157  1.0536113
  1.12724465  0.74962217  0.47131904]
[ 1.         -0.31183626  1.63995199 -1.4949933   2.69892305  0.47724867
 -1.03912859  2.1779919   2.04311079  0.5444962   1.13120082  1.45994618
 -0.23068011  1.44155918  0.766348    0.86247907 -0.11583546  1.09933135
  0.98568194  0.89665774 -0.68630102]
[ 1.          0.88401825 -0.68160573 -0.62823874 -0.67438499  0.45382258
 -0.13044873 -0.57937402  0.28535166  1.13791952  0.33799742  0.1661898
 -0.19768664  0.37589175  0.09415843  0.41094675 -0.56660286 -0.36541093
 -0.54260663 -0.31072338 -0.34434947]
[ 1.         -0.75814319  0.61472761 -0.29154097  1.43963981  3.09727535
  1.87891484 -1.78494822  0.73432522 -1.88469527 -1.19910689 -1.38532857
  1.19485675  0.73571885  0.95517388 -0.73473506 -0.39277228 -0.90016986
 -0.51672732 -0.2990351   0.45456068]
[ 1.         -1.71704555 -4.3147675  -0.46915394  2.20810247 -1.45994887
 -0.553139    0.82768634 -0.50164767 -0.57131741 -0.22904222 -0.7605522
  1.13746155 -0.49312684  1.15150975  0.33396274  0.67127456 -0.54806073
  0.71472871 -1.0598851  -0.72974377]
[ 1.          1.28673988 -0.02907814  1.31374784  0.28772909 -0.21014582
 -0.35242291  0.15584318  0.97916078 -0.70665459  0.04571398 -1.6633435
 -0.39718387 -0.44699276 -0.14436461  1.09238801  0.82131739  0.43349069
 -0.58155602  0.27168424 -0.41192372]
[ 1.          0.37604952  0.29556098 -0.00320526  0.26092266 -0.56528488
  0.41050619 -0.5110652  -1.38802499 -0.91241963  1.36560588  0.89610932
 -0.35636298 -0.06038112 -0.99757219 -0.15163384  0.66211539  0.74132492
 -0.24390251 -0.74280865  0.12130642]
[ 1.         -0.4287288   1.05039537 -0.33203084  0.20876696 -1.27456083
  0.88070684 -0.02404455  0.66151905  0.17043398  0.18058407  0.85007537
  0.72153985 -2.66479097  1.20974347  1.26585439 -1.03980432 -0.89856567
 -0.83663776 -1.55040814  1.3596674 ]
[ 1.          1.11695445  0.00964755 -1.00305853 -0.68170492 -0.22067927
 -0.5053157   0.63799701  0.21748642 -0.15174442 -1.20855856 -0.44617612
  0.31636541  0.17356122  0.68444269 -1.09661889  0.42597999 -0.44147248
  0.76045154 -0.45817841 -0.0158883 ]
[ 1.         -1.81490863  0.57649076  1.50585514 -2.84170533  0.11672547
 -1.02528541  1.37795529  1.87812008  0.33889188  1.4655238   1.17430353
  6.86255811  0.48227962 -1.14105242 -0.88058036  2.94574516 -1.06537848
 -3.0431403  -0.63503943  0.02955528]
[ 1.         -0.59323319  1.59389081 -0.79357467  2.43541618  0.17779691
 -1.65674666  0.91792224  1.10136455  1.31681783  2.28524478 -0.63476458
 -0.33339411  0.91040885 -0.73385219 -1.28830441 -0.25967994  1.30009979
  1.16527534 -0.55172741 -0.66997589]
[ 1.         -0.97858518  0.53228851  0.55971783 -1.31255932 -0.03306124
  0.8820464   0.93560275 -0.81419094  0.65949837  0.33699073 -0.92382216
  1.42635121 -0.12354701 -0.35203877  1.58040023 -0.63569638  0.79272891
  1.52144688  0.47089138  0.5362268 ]
[ 1.         -0.77818428  0.55453054 -0.47688247 -0.34358153  0.85637971
  1.43828588  0.55584746 -0.95947549  3.3097148  -3.33085656 -0.9688182
 -0.09014479 -4.0651913  -2.25860776  0.14046466  3.06863058  3.09631164
  2.99279783  2.71965315 -2.82042566]
[ 1.         -0.97369943  0.55382636  0.09794006 -1.18076003 -0.45118454
  1.15882613  2.10125698 -1.31821716  0.2256432  -1.52321326 -0.80513883
 -0.24225047  0.236481   -1.76875406  0.03332782 -1.23119306  0.71478277
 -1.15111057  0.24160647 -3.04865352]
[ 1.         -0.88278913  0.31389662 -0.10550589 -0.2144118   1.06939082
  1.2865005  -0.22678544 -0.34320704  2.15951976 -0.95807494 -0.52096992
 -0.04012324 -2.9607046  -0.71530681  0.21419207  1.15458838  1.98649334
  1.24353812  1.42266165 -0.4061428 ]
[ 1.         -0.66852628 -0.13011102 -0.00687834  0.18670479  1.79759747
  0.83337139 -1.0697577   0.17339305  0.01872503 -0.64762741  0.03505466
  0.30629924 -0.04259227 -0.14531231 -0.05742597 -0.06648427  0.49256967
  0.18444124 -0.15544119 -0.41105768]
[ 1.         -0.55173221  1.70746139  0.01247408  0.99497691 -5.30018953
  0.78469159 -5.60367623 -1.5445078   1.3751047  -0.98984719  0.6038218
  1.66932831  4.36578971  4.21180546 -0.68005649  2.04000353  4.96069016
 -4.14767852  3.1838265  -3.81718685]
[ 1.         -0.55870644  1.17783417 -0.26554964  1.18681258 -0.02202301
 -0.58866974  0.06007838 -1.14619701  0.74514409  2.50041554 -0.09730491
 -1.5953203  -2.27722374 -0.19395262 -1.93846709  1.1965242  -0.03295165
 -1.52022732 -3.32801183 -0.05345436]
[ 1.         -0.96732161  1.87489771 -0.46133663  2.02014592  0.34011125
 -3.2222112   1.3986461   0.70338773  2.31566035  4.4311407  -1.86377057
  3.05588939  0.86447166 -1.60515588 -2.33205255 -0.92350482 -0.83358011
  1.79270229  2.07187778 -5.30924751]
[ 1.         -0.94898008  0.90732729 -0.14810608  0.3221429   0.03131576
  1.33497113  0.11027492 -0.06243157  1.08569174  0.41156208  0.0825816
 -0.94070002 -3.07433636  1.03418903 -0.79318445  1.17479214 -0.28096397
 -1.0422637  -1.63117247 -0.07600227]
[ 1.         -0.80812664  1.00852999  0.88049489 -0.28917997 -3.10385943
  0.29356289 -2.31965972  2.99710748 -0.60818184 -0.74115596  0.3199357
 -0.89287329 -0.95216283 -0.70578315  0.50036174 -2.7560288  -2.76275872
  3.76634239 -1.2672748  -0.13830148]
[ 1.         -0.31183626  1.63995199 -1.4949933   2.69892305  0.47724867
 -1.03912859  2.1779919   2.04311079  0.5444962   1.13120082  1.45994618
 -0.23068011  1.44155918  0.766348    0.86247907 -0.11583546  1.09933135
  0.98568194  0.89665774 -0.68630102]
[ 1.          0.51961415 -0.54575535 -0.22326514 -0.34272787  1.13702258
  0.37832434 -1.01949856 -0.08199307  1.1946944   0.22693823  0.78779888
 -0.02248552  0.65060121 -0.30089865  0.40963703 -0.57268142 -0.42803246
  0.02431631 -0.94023667 -1.05794053]
[ 1.         -0.58677417  0.63141572 -0.39272878  0.89614455  1.40043651
  1.31686751 -0.32236953  0.30526851 -0.89498146 -0.18982488  0.39035406
  0.11883629 -0.26342654  0.97677671  0.18122546  0.34069807 -0.88137361
 -0.04228394  0.92798122 -0.08605783]
[ 1.          1.17544282 -0.27163238 -0.51443154 -0.78456799 -0.07462132
 -0.28168386  0.01545361  0.30400321 -0.27499012  0.15350464 -0.53631151
  0.21524225 -0.20476308  0.6573948  -0.76942066 -0.05802247  0.1603935
  0.40191499  0.00253471 -0.09556909]
[ 1.         -1.2929975   1.51331344  0.40563296 -0.1022088   0.37858441
 -3.43138516  1.02538203 -0.70967021  1.67547506  3.51008753 -1.95568566
  5.4571669  -0.28307166 -1.0773936  -1.08293642 -0.83007389 -3.45350792
  0.18717627  3.43334074 -4.54227309]
[ 1.          0.18892339  0.94929854 -1.18975609  0.30986513 -0.95226375
 -0.55732457  0.77984606 -0.74139899  1.05895833 -3.53918789 -0.30235719
  0.01254961  1.07552894 -0.87217756 -0.44434338  2.25446214 -1.45276217
  0.97099549 -1.06897067  1.16394326]
[ 1.         -0.26617708  0.61420452 -0.55892604 -0.36594466 -0.78506706
  0.21383094  1.64589636 -1.76562959 -1.27648203 -1.87541123 -0.16273894
  0.04268475 -0.0281975  -2.82777578 -0.01713614 -3.56515188  1.03290407
 -2.62487842 -0.39861314 -1.7624649 ]
[ 1.         -0.05927314  1.01637751 -0.17155591  0.66488582 -0.97675743
 -0.96954274 -1.11388995 -1.78589668  0.45486442 -1.3919615  -1.54278532
 -0.02040738  2.2814308  -0.93408169  0.27872277  2.64792064 -1.24994776
 -0.08730118 -0.28033665  2.89391764]
[ 1.         -1.67168233 -0.09393097  1.40510285 -1.71578214  0.05001141
 -1.41082142 -0.38567006  2.45984879 -0.825055   -0.62971584  1.86199527
 -0.15052927  0.56652651 -1.2116235  -0.87992099  1.07584977  0.69998122
  0.00902671 -0.63001602  1.8499777 ]
[ 1.         -1.51919178 -0.23631892  1.29551833 -1.25940467 -1.150737
 -0.01147795 -0.09703963  3.37530121 -0.78505219 -0.47032815  0.89915111
 -3.976429    0.95837476 -1.74222025 -2.44330702 -0.43343888 -2.18737032
  0.5382695   1.28033442 -2.83406394]
[ 1.          1.86838108 -0.23818766  4.38836282  1.98645643  0.46367624
  0.58018775  0.92712353 -1.66767832  1.84946439 -0.87129132  2.96501169
  0.86841112  0.63930187  0.47426678 -2.01763244 -1.46497447 -0.75007093
  1.15679659 -0.66542375  0.46057457]
[ 1.         -1.08154794 -1.2594072   0.0860939   0.30933414 -0.04494555
  0.44514095  0.08243088 -0.2018417  -0.52982286  0.0606707   0.19240241
 -0.40845602  0.29728445 -0.68075662 -0.36491133 -0.22612865  0.36595996
 -0.2594435   0.50191349  0.03598741]
[ 1.         -0.21405468  0.86490338 -0.73163124 -0.19852521 -0.23040836
 -1.55242985  1.35327225 -2.17697312 -0.60969664 -2.58629062 -0.46050591
 -0.31585486  0.16026047 -1.65482734 -0.14132708 -2.30680831 -1.42283033
 -2.37418934  0.18115973 -0.95905263]
[ 1.         -0.23053287  0.83636892  0.1917269   1.3391709   0.6764884
 -0.81689619 -0.55519448  0.00981634 -0.45300427  0.34668581 -2.40386523
  0.00753625  1.11703956 -1.32172999 -0.43244169 -0.55443839  0.6229436
 -0.14867324 -1.01125044  0.63046758]
[ 1.          1.87690529 -0.11966688  3.5867796   1.41531071 -0.04360449
 -0.18971123  0.96978997  0.52906311  0.34666321 -0.95431708 -0.75310184
  0.14410486 -0.57385932  0.79398038 -0.14512966 -0.26479661  0.53590947
 -1.08896857  0.7163718   0.18399341]
[ 1.          0.21729442 -1.41544324 -0.64703295 -0.3214026   0.32961324
 -0.27513491 -0.63097637  0.41858081  1.9041896   0.31865174  0.22129091
 -0.53257103  0.05565776 -0.26099019  0.52383618 -0.96994119  0.07210522
 -1.10020459  1.09156064  1.00486904]
[ 1.          0.56216385  0.51831423 -1.1107389  -0.11074871 -0.57814479
 -0.00673084  1.43603762 -0.60493995 -1.53861016 -1.23771772  0.92807348
  0.23267505 -0.48955273 -0.51602938 -0.21328758 -1.25926406  0.6227035
 -1.37861741  0.01882465  0.47873218]
[ 1.          0.86018306  0.13267236  1.69748096  0.0286994  -0.95194119
 -0.48259723 -0.40303563  2.6300019  -1.29548103 -0.2649083  -1.9609593
 -1.29684144 -0.8170072  -0.90232017  1.60548335  0.60988022 -0.42955348
  0.5728986   0.04104726 -1.18799009]
[ 1.          2.14529719 -0.20163449  4.9821591   2.18758198  0.22389454
  0.17722277  1.39241693 -0.58134584  1.54296389 -1.49617718  1.29775168
  0.77163303 -0.1365696   1.24094373 -1.75403223 -1.50499624  0.01680971
 -0.36892884  0.35150734  0.76608478]
[ 1.         -1.71723114  0.02150609  1.12406487 -1.6388127  -0.69364463
  1.33876768  1.43792104  1.78815259 -0.27414657  0.16355866  0.16488781
 -4.0492119   1.56043866 -0.21488942 -2.86672801  0.28415931 -2.28371756
 -1.52201584  1.0436207  -4.82031532]
[ 1.          0.79490371 -0.0241175  -0.00401906  0.06930768 -0.09792409
  0.16792174 -0.07178012 -0.03268016 -0.61720642  0.84237328  0.37921297
 -0.44075501 -0.21463366 -0.46619148  1.60359219  0.59116863  0.15163865
 -1.14203711 -0.04100558  0.09258156]
[ 1.          1.24106618 -0.00491838  1.28829453  0.18488625 -0.21869046
 -0.2316326   0.05905659  0.58695985 -0.86572772  0.37780234 -1.98539059
 -0.4892372  -0.10400433 -0.83969755  2.43891686  2.25889848  0.28802707
 -0.2389742   0.28282224 -0.48625862]
[ 1.         -0.70341823  1.25928873  0.20555589  0.36957785 -0.10721787
 -3.20266754 -1.19854331 -3.46443013  0.23971934 -1.04317503 -2.32474525
 -0.7808645   1.53321301 -0.31283853  0.2766464   1.85488712 -3.81925022
 -1.1727822   1.56280652  4.59656336]
[ 1.         -0.23108215  0.79156251 -0.96907139 -0.35770543 -0.34160542
  0.44539172  1.71949461 -1.21316752  1.86067715 -4.45543227 -0.69979513
 -0.07678262 -0.72703656 -2.28989549 -0.23808836  2.40344139  0.48005883
  1.6121998   0.56682887 -2.61582389]
[ 1.         -1.13471152  0.9556713   0.45360099 -0.29663769  0.33889473
 -1.03083849 -0.27932306 -2.18934898 -0.73052932  0.59373713 -0.74826573
 -0.96437263 -0.58017222  1.3552991   0.46399262 -1.05810469 -4.46902787
 -0.13065483  5.13373651  0.10500397]
[ 1.         -1.9341256   0.50287269  1.53035829 -2.00980991  2.08917295
 -4.96736715 -1.14396892 -1.83173597 -1.59912518 -1.67364633  2.03831639
 -1.19192392 -0.84388703  3.96268783  2.99058966 -0.73461133  3.36315273
  2.3954412  -2.33870148 -2.84592678]
[ 1.          0.96280434 -0.02528706 -0.67858924 -0.60452917 -0.32086317
  0.05054509  0.27819401 -0.55780858 -1.6365659   0.51811887  0.26467567
  0.18813729 -0.56541118  0.33519014 -1.6799449  -0.07237099  0.94752037
  0.64480975  0.70185253  0.52089263]
[ 1.         -0.85803671  0.46947693  0.36750286 -0.616971   -0.67056103
  0.91175924  0.48342812 -1.43726213 -0.29252242  0.29039976 -1.16938742
  1.3102602   0.12800094 -2.7378769   1.65511851 -3.39891894  2.15358468
  1.09648427 -0.68955843  0.70832069]
[ 1.         -1.60443878 -3.34949093 -0.245695    1.67628288 -1.02928215
 -0.07979992  0.6684671  -0.55053889 -0.882057   -0.13820625 -0.48173083
  0.6449907  -0.1798319   0.45040838 -0.02591359  0.44739414 -0.19115817
  0.50757633 -0.66688657 -0.89887282]
[ 1.          0.27960822  0.81525383 -0.93531308  0.71810387 -0.40376459
  0.23029017  1.23282887  0.59187395 -0.92426705 -0.17205585  1.67310778
  0.13710237 -0.90626753  0.55166068  2.02049044 -0.67622133  0.08016661
 -1.78285897 -0.13094683  1.04893464]
